        TIME,  PDCSAP_FLUX
 131.5123804,2.2204930e+04
 131.5328149,2.2194848e+04
 131.5532494,2.2203791e+04
 131.5736838,2.2200318e+04
 131.5941183,2.2190768e+04
 131.6145529,2.2196137e+04
 131.6349873,2.2199016e+04
 131.6554218,2.2191166e+04
 131.6758564,2.2199100e+04
 131.6962909,2.2196943e+04
 131.7167253,2.2203014e+04
 131.7371597,2.2193172e+04
 131.7575943,2.2200027e+04
 131.7780287,2.2201141e+04
 131.7984632,2.2195447e+04
 131.8188978,2.2197723e+04
 131.8393322,2.2206895e+04
 131.8597667,2.2195783e+04
 131.8802012,2.2184213e+04
 131.9006357,2.2195910e+04
 131.9210701,2.2200184e+04
 131.9415046,2.2190562e+04
 131.9619391,2.2202354e+04
 131.9823736,2.2198309e+04
 132.0028081,2.2194154e+04
 132.0232425,2.2200715e+04
 132.0436771,2.2196977e+04
 132.0641116,2.2198910e+04
 132.0845460,2.2196596e+04
 132.1049804,2.2186967e+04
 132.1254150,2.2202404e+04
 132.1458494,2.2196078e+04
 132.1662839,2.2204359e+04
 132.1867185,2.2190422e+04
 132.2071530,2.2203678e+04
 132.2275874,2.2200033e+04
 132.2480219,2.2188623e+04
 132.2684565,2.2180711e+04
 132.2888908,2.2194424e+04
 132.3093253,2.2203279e+04
 132.3297599,2.2200678e+04
 132.3501943,2.2195598e+04
 132.3706288,2.2190232e+04
 132.3910633,2.2188734e+04
 132.4114978,2.2190252e+04
 132.4319323,2.2197812e+04
 132.4523667,2.2203992e+04
 132.4728013,2.2195545e+04
 132.4932357,2.2194533e+04
 132.5136702,2.2187602e+04
 132.5341046,2.2195283e+04
 132.5545392,2.2193719e+04
 132.5749737,2.2197205e+04
 132.5954081,2.2195662e+04
 132.6158426,2.2194350e+04
 132.6362771,2.2196193e+04
 132.6567116,2.2192826e+04
 132.6771460,2.2198102e+04
 132.6975806,2.2183900e+04
 132.7180151,2.2196412e+04
 132.7384495,2.2191885e+04
 132.7588840,2.2204285e+04
 132.7793185,2.2204561e+04
 132.7997529,2.2196449e+04
 132.8201874,2.2197250e+04
 132.8406220,2.2191840e+04
 132.8610564,2.2201504e+04
 132.8814909,2.2206266e+04
 132.9019254,2.2193730e+04
 132.9223598,2.2189574e+04
 132.9427943,2.2196971e+04
 132.9632288,2.2196086e+04
 132.9836634,2.2196938e+04
 133.0040978,2.2198211e+04
 133.0245323,2.2198943e+04
 133.0449667,2.2190051e+04
 133.0654012,2.2197875e+04
 133.0858357,2.2192406e+04
 133.1062702,2.2192965e+04
 133.1267047,2.2185139e+04
 133.1471392,2.2195746e+04
 133.1675736,2.2191615e+04
 133.1880081,2.2200984e+04
 133.2084427,2.2190543e+04
 133.2288771,2.2194004e+04
 133.2493116,2.2194336e+04
 133.2697461,2.2190541e+04
 133.2901806,2.2196342e+04
 133.3106150,2.2200582e+04
 133.3310494,2.2202533e+04
 133.3514840,2.2187939e+04
 133.3719185,2.2193996e+04
 133.3923530,2.2181031e+04
 133.4127875,2.2198748e+04
 133.4332219,2.2200139e+04
 133.4536564,2.2205426e+04
 133.4740908,2.2195729e+04
 133.4945254,2.2196361e+04
 133.5149599,2.2206230e+04
 133.5353943,2.2190373e+04
 133.5558288,2.2198219e+04
 133.5762633,2.2191801e+04
 133.5966977,2.2194482e+04
 133.6171322,2.2204568e+04
 133.6375668,2.2192404e+04
 133.6580013,2.2188660e+04
 133.6784356,2.2193408e+04
 133.6988702,2.2193787e+04
 133.7193047,2.2193021e+04
 133.7397391,2.2185062e+04
 133.7601736,2.2190494e+04
 133.7806081,2.2186674e+04
 133.8010425,2.2187344e+04
 133.8214770,2.2191109e+04
 133.8419115,2.2195178e+04
 133.8623460,2.2192340e+04
 133.8827805,2.2186340e+04
 133.9032149,2.2193080e+04
 133.9236494,2.2195877e+04
 133.9440839,2.2194652e+04
 133.9645184,2.2190303e+04
 133.9849528,2.2185586e+04
 134.0053873,2.2189096e+04
 134.0258218,2.2198037e+04
 134.0462562,2.2193516e+04
 134.0666908,2.2189348e+04
 134.0871253,2.2187283e+04
 134.1075597,2.2184930e+04
 134.1279941,2.2190375e+04
 134.1484287,2.2187525e+04
 134.1688632,2.2191348e+04
 134.1892976,2.2193775e+04
 134.2097322,2.2192520e+04
 134.2301666,2.2189949e+04
 134.2506010,2.2190598e+04
 134.2710355,2.2185850e+04
 134.2914701,2.2188785e+04
 134.3119045,2.2202951e+04
 134.3323389,2.2184609e+04
 134.3527735,2.2207471e+04
 134.3732079,2.2186385e+04
 134.3936424,         null
 134.4140769,2.2191629e+04
 134.4345113,2.2186721e+04
 134.4549458,2.2183479e+04
 134.4753803,2.2195055e+04
 134.4958149,2.2189105e+04
 134.5162493,2.2187252e+04
 134.5366837,2.2194006e+04
 134.5571181,2.2189793e+04
 134.5775527,2.2189387e+04
 134.5979872,2.2199305e+04
 134.6184215,2.2181432e+04
 134.6388560,2.2183258e+04
 134.6592906,2.2185988e+04
 134.6797251,2.2180736e+04
 134.7001596,2.2188367e+04
 134.7205940,2.2190436e+04
 134.7410285,2.2193928e+04
 134.7614629,2.2189461e+04
 134.7818974,2.2198826e+04
 134.8023320,2.2190051e+04
 134.8227664,2.2194385e+04
 134.8432008,2.2191590e+04
 134.8636354,2.2185885e+04
 134.8840699,2.2184104e+04
 134.9045043,2.2180334e+04
 134.9249387,2.2186734e+04
 134.9453733,2.2187023e+04
 134.9658078,2.2194602e+04
 134.9862422,2.2189561e+04
 135.0066767,2.2189211e+04
 135.0271112,2.2186188e+04
 135.0475456,2.2184438e+04
 135.0679801,2.2192219e+04
 135.0884146,2.2186461e+04
 135.1088490,2.2189320e+04
 135.1292835,2.2188021e+04
 135.1497181,2.2178666e+04
 135.1701525,2.2192963e+04
 135.1905869,2.2189604e+04
 135.2110214,2.2184615e+04
 135.2314560,2.2195709e+04
 135.2518903,2.2192123e+04
 135.2723248,2.2192342e+04
 135.2927592,2.2180262e+04
 135.3131938,2.2193352e+04
 135.3336283,2.2179529e+04
 135.3540626,2.2194426e+04
 135.3744972,2.2186342e+04
 135.3949317,2.2182680e+04
 135.4153662,2.2187104e+04
 135.4358005,2.2177777e+04
 135.4562351,2.2190363e+04
 135.4766696,2.2185146e+04
 135.4971040,2.2189199e+04
 135.5175385,2.2178398e+04
 135.5379730,2.2189857e+04
 135.5584074,2.2187883e+04
 135.5788419,2.2187049e+04
 135.5992764,2.2185447e+04
 135.6197108,2.2190080e+04
 135.6401453,2.2189928e+04
 135.6605799,2.2186426e+04
 135.6810143,2.2187596e+04
 135.7014487,2.2190088e+04
 135.7218832,2.2196283e+04
 135.7423177,2.2181570e+04
 135.7627521,2.2193193e+04
 135.7831866,2.2195389e+04
 135.8036212,2.2187219e+04
 135.8240555,2.2179461e+04
 135.8444900,2.2189098e+04
 135.8649245,2.2188773e+04
 135.8853590,2.2192803e+04
 135.9057934,2.2185703e+04
 135.9262279,2.2192949e+04
 135.9466623,2.2184162e+04
 135.9670969,2.2196170e+04
 135.9875313,2.2191973e+04
 136.0079657,2.2183777e+04
 136.0284003,2.2195529e+04
 136.0488347,2.2177910e+04
 136.0692691,2.2202154e+04
 136.0897036,2.2198934e+04
 136.1101382,2.2195656e+04
 136.1305726,2.2181838e+04
 136.1510070,2.2185584e+04
 136.1714416,2.2182381e+04
 136.1918761,2.2177918e+04
 136.2123104,2.2187588e+04
 136.2327449,2.2184912e+04
 136.2531795,2.2192631e+04
 136.2736138,2.2191572e+04
 136.2940483,2.2197234e+04
 136.3144829,2.2183697e+04
 136.3349173,2.2185650e+04
 136.3553517,2.2175416e+04
 136.3757862,2.2193885e+04
 136.3962207,2.2187193e+04
 136.4166551,2.2193504e+04
 136.4370896,2.2193611e+04
 136.4575242,2.2181711e+04
 136.4779585,2.2187104e+04
 136.4983930,2.2191543e+04
 136.5188275,2.2185582e+04
 136.5392620,2.2187848e+04
 136.5596964,2.2196047e+04
 136.5801309,2.2193088e+04
 136.6005654,2.2193561e+04
 136.6209998,2.2211854e+04
 136.6414343,2.2181203e+04
 136.6618688,2.2193846e+04
 136.6823032,2.2189504e+04
 136.7027377,2.2177248e+04
 136.7231722,2.2189355e+04
 136.7436066,2.2182686e+04
 136.7640411,2.2184768e+04
 136.7844756,2.2183113e+04
 136.8049100,2.2198533e+04
 136.8253445,2.2183293e+04
 136.8457790,2.2189578e+04
 136.8662135,2.2192947e+04
 136.8866478,2.2190891e+04
 136.9070824,2.2194281e+04
 136.9275169,2.2187719e+04
 136.9479512,2.2185164e+04
 136.9683858,2.2183703e+04
 136.9888203,2.2184463e+04
 137.0092547,2.2191381e+04
 137.0296891,2.2184246e+04
 137.0501237,2.2195277e+04
 137.0705581,2.2194988e+04
 137.0909925,2.2178322e+04
 137.1114271,2.2196465e+04
 137.1318615,2.2179354e+04
 137.1522959,2.2184033e+04
 137.1727304,2.2214375e+04
 137.1931650,2.2188533e+04
 137.2135993,2.2178629e+04
 137.2340338,2.2187393e+04
 137.2544682,2.2191277e+04
 137.2749027,2.2186283e+04
 137.2953372,2.2189176e+04
 137.3157716,2.2190805e+04
 137.3362061,2.2193109e+04
 137.3566406,2.2185740e+04
 137.3770751,         null
 137.3975094,2.2182424e+04
 137.4179440,2.2183898e+04
 137.4383785,2.2192926e+04
 137.4588128,2.2181248e+04
 137.4792474,2.2184127e+04
 137.4996819,2.2188934e+04
 137.5201162,2.2190227e+04
 137.5405507,2.2183746e+04
 137.5609853,2.2180584e+04
 137.5814196,2.2192766e+04
 137.6018541,2.2193133e+04
 137.6222887,2.2183271e+04
 137.6427231,2.2195842e+04
 137.6631575,2.2188377e+04
 137.6835919,2.2194211e+04
 137.7040265,2.2186660e+04
 137.7244609,2.2185055e+04
 137.7448953,2.2200980e+04
 137.7653299,2.2188564e+04
 137.7857643,2.2187811e+04
 137.8061987,2.2187129e+04
 137.8266331,2.2184561e+04
 137.8470677,2.2186756e+04
 137.8675021,2.2180826e+04
 137.8879366,2.2180537e+04
 137.9083710,2.2189881e+04
 137.9288055,2.2184041e+04
 137.9492400,2.2181355e+04
 137.9696743,2.2186168e+04
 137.9901089,2.2180492e+04
 138.0105434,2.2187039e+04
 138.0309777,2.2190666e+04
 138.0514122,2.2176262e+04
 138.0718468,2.2181934e+04
 138.0922812,2.2184506e+04
 138.1127156,2.2189295e+04
 138.1331501,2.2193639e+04
 138.1535846,2.2195178e+04
 138.1740190,2.2182883e+04
 138.1944534,2.2188543e+04
 138.2148880,2.2187051e+04
 138.2353225,2.2196059e+04
 138.2557568,2.2192617e+04
 138.2761914,2.2174682e+04
 138.2966258,2.2188863e+04
 138.3170602,2.2180947e+04
 138.3374947,2.2195635e+04
 138.3579292,2.2189199e+04
 138.3783637,2.2194078e+04
 138.3987981,2.2193184e+04
 138.4192326,2.2196551e+04
 138.4396671,2.2188885e+04
 138.4601014,2.2186848e+04
 138.4805359,2.2194188e+04
 138.5009705,2.2189457e+04
 138.5214048,2.2188117e+04
 138.5418393,2.2192076e+04
 138.5622737,2.2188965e+04
 138.5827082,2.2185848e+04
 138.6031427,2.2180592e+04
 138.6235771,2.2214135e+04
 138.6440116,2.2197084e+04
 138.6644460,2.2192793e+04
 138.6848805,2.2193996e+04
 138.7053149,2.2183375e+04
 138.7257494,2.2189664e+04
 138.7461839,2.2179480e+04
 138.7666182,2.2182695e+04
 138.7870528,2.2191385e+04
 138.8074873,2.2187520e+04
 138.8279216,2.2185365e+04
 138.8483561,2.2183076e+04
 138.8687906,2.2183500e+04
 138.8892251,2.2185031e+04
 138.9096595,2.2188955e+04
 138.9300940,2.2189662e+04
 138.9505285,2.2185242e+04
 138.9709628,2.2188033e+04
 138.9913973,2.2182486e+04
 139.0118318,2.2189281e+04
 139.0322662,2.2183754e+04
 139.0527007,2.2187805e+04
 139.0731352,2.2192299e+04
 139.0935696,2.2191271e+04
 139.1140040,2.2181182e+04
 139.1344385,2.2189824e+04
 139.1548730,2.2185498e+04
 139.1753074,2.2186559e+04
 139.1957419,2.2189736e+04
 139.2161762,2.2188971e+04
 139.2366108,2.2184203e+04
 139.2570452,2.2186512e+04
 139.2774796,2.2187984e+04
 139.2979142,2.2180461e+04
 139.3183486,2.2179270e+04
 139.3387831,2.2188934e+04
 139.3592174,2.2186906e+04
 139.3796520,2.2194514e+04
 139.4000864,2.2194693e+04
 139.4205208,2.2185355e+04
 139.4409553,2.2182750e+04
 139.4613898,2.2189021e+04
 139.4818242,2.2193002e+04
 139.5022586,2.2198301e+04
 139.5226932,2.2189064e+04
 139.5431275,2.2184289e+04
 139.5635620,2.2190418e+04
 139.5839965,2.2186768e+04
 139.6044309,2.2185939e+04
 139.6248653,2.2184412e+04
 139.6452998,2.2194174e+04
 139.6657344,2.2185934e+04
 139.6861687,2.2187729e+04
 139.7066032,2.2189197e+04
 139.7270376,2.2184277e+04
 139.7474721,2.2192959e+04
 139.7679065,2.2181141e+04
 139.7883410,2.2182514e+04
 139.8087754,2.2181324e+04
 139.8292099,2.2186604e+04
 139.8496443,2.2189707e+04
 139.8700788,2.2196086e+04
 139.8905133,2.2183447e+04
 139.9109477,2.2190502e+04
 139.9313822,2.2191023e+04
 139.9518167,2.2189928e+04
 139.9722511,2.2185283e+04
 139.9926855,2.2193541e+04
 140.0131199,2.2186236e+04
 140.0335544,2.2185336e+04
 140.0539889,2.2184139e+04
 140.0744233,2.2192059e+04
 140.0948578,2.2183568e+04
 140.1152922,2.2187795e+04
 140.1357267,2.2189447e+04
 140.1561610,2.2182846e+04
 140.1765956,2.2198699e+04
 140.1970300,2.2194393e+04
 140.2174644,2.2194773e+04
 140.2378989,2.2188689e+04
 140.2583334,2.2190994e+04
 140.2787677,2.2193047e+04
 140.2992022,2.2190139e+04
 140.3196368,2.2182383e+04
 140.3400711,2.2186943e+04
 140.3605056,         null
 140.3809400,2.2183781e+04
 140.4013746,2.2190754e+04
 140.4218089,2.2185383e+04
 140.4422434,2.2186980e+04
 140.4626779,2.2189139e+04
 140.4831123,2.2189785e+04
 140.5035467,2.2188889e+04
 140.5239811,2.2205115e+04
 140.5444156,2.2201131e+04
 140.5648501,2.2181787e+04
 140.5852845,2.2195693e+04
 140.6057190,2.2187180e+04
 140.6261534,2.2200443e+04
 140.6465879,2.2190635e+04
 140.6670222,2.2190551e+04
 140.6874568,2.2200373e+04
 140.7078912,2.2193195e+04
 140.7283256,2.2201521e+04
 140.7487601,2.2189344e+04
 140.7691946,2.2194074e+04
 140.7896289,2.2180625e+04
 140.8100633,2.2185074e+04
 140.8304979,2.2184275e+04
 140.8509323,2.2180451e+04
 140.8713667,2.2192148e+04
 140.8918011,2.2182184e+04
 140.9122357,2.2191400e+04
 140.9326700,2.2194584e+04
 140.9531045,2.2193801e+04
 140.9735390,2.2189633e+04
 140.9939734,2.2194750e+04
 141.0144078,2.2194611e+04
 141.0348423,2.2192451e+04
 141.0552767,2.2184285e+04
 141.0757112,2.2201385e+04
 141.0961456,2.2223758e+04
 141.1165801,2.2194111e+04
 141.1370145,2.2193842e+04
 141.1574490,2.2200762e+04
 141.1778833,2.2187643e+04
 141.1983179,2.2183541e+04
 141.2187523,2.2191008e+04
 141.2391866,2.2192484e+04
 141.2596212,2.2194234e+04
 141.2800556,2.2191762e+04
 141.3004900,2.2192172e+04
 141.3209244,2.2188992e+04
 141.3413590,2.2190475e+04
 141.3617934,2.2179609e+04
 141.3822278,2.2193408e+04
 141.4026622,2.2185727e+04
 141.4230968,2.2179107e+04
 141.4435312,2.2190629e+04
 141.4639655,2.2187375e+04
 141.4844001,2.2186355e+04
 141.5048345,2.2200379e+04
 141.5252689,2.2195291e+04
 141.5457033,2.2188062e+04
 141.5661378,2.2181564e+04
 141.5865723,2.2194555e+04
 141.6070067,2.2198656e+04
 141.6274412,2.2194895e+04
 141.6478756,2.2190863e+04
 141.6683100,2.2191271e+04
 141.6887444,2.2194082e+04
 141.7091790,2.2195199e+04
 141.7296133,2.2192264e+04
 141.7500478,2.2195906e+04
 141.7704823,2.2196447e+04
 141.7909166,2.2194979e+04
 141.8113511,2.2184910e+04
 141.8317855,2.2178629e+04
 141.8522200,2.2194301e+04
 141.8726544,2.2191523e+04
 141.8930889,2.2176506e+04
 141.9135234,2.2195590e+04
 141.9339577,2.2192098e+04
 141.9543922,2.2193109e+04
 141.9748265,2.2197031e+04
 141.9952611,2.2184369e+04
 142.0156955,2.2196898e+04
 142.0361299,2.2192330e+04
 142.0565643,2.2193252e+04
 142.0769988,2.2193219e+04
 142.0974333,2.2183879e+04
 142.1178676,2.2197330e+04
 142.1383022,2.2187189e+04
 142.1587366,2.2195176e+04
 142.1791709,2.2190861e+04
 142.1996054,2.2186512e+04
 142.2200399,2.2193037e+04
 142.2404743,2.2190873e+04
 142.2609087,2.2194510e+04
 142.2813432,2.2195701e+04
 142.3017776,2.2184207e+04
 142.3222120,2.2191137e+04
 142.3426465,2.2195102e+04
 142.3630810,2.2190957e+04
 142.3835153,2.2192674e+04
 142.4039498,2.2186463e+04
 142.4243843,2.2189631e+04
 142.4448187,2.2191387e+04
 142.4652531,2.2189654e+04
 142.4856874,2.2187709e+04
 142.5061220,2.2195008e+04
 142.5265564,2.2194795e+04
 142.5469909,2.2196564e+04
 142.5674252,2.2187682e+04
 142.5878597,2.2198518e+04
 142.6082942,2.2182602e+04
 142.6287285,2.2192305e+04
 142.6491630,2.2193459e+04
 142.6695975,2.2190316e+04
 142.6900318,2.2192217e+04
 142.7104663,2.2201729e+04
 142.7309008,2.2200592e+04
 142.7513351,2.2188973e+04
 142.7717696,2.2198719e+04
 142.7922041,2.2189252e+04
 142.8126384,2.2195389e+04
 142.8330729,2.2188492e+04
 142.8535073,2.2197785e+04
 142.8739419,2.2191998e+04
 142.8943762,2.2201016e+04
 142.9148106,2.2189555e+04
 142.9352452,2.2188281e+04
 142.9556795,2.2201352e+04
 142.9761139,2.2208764e+04
 142.9965483,2.2196525e+04
 143.0169828,2.2194846e+04
 143.0374172,2.2195441e+04
 143.0578517,2.2200215e+04
 143.0782861,2.2192844e+04
 143.0987206,2.2203383e+04
 143.1191550,2.2199705e+04
 143.1395894,2.2195182e+04
 143.1600239,2.2195209e+04
 143.1804583,2.2197080e+04
 143.2008926,2.2187910e+04
 143.2213271,2.2193139e+04
 143.2417616,2.2196467e+04
 143.2621960,2.2194393e+04
 143.2826305,2.2195150e+04
 143.3030649,2.2191650e+04
 143.3234993,2.2189262e+04
 143.3439338,         null
 143.3643681,2.2197961e+04
 143.3848026,2.2195910e+04
 143.4052371,2.2193295e+04
 143.4256714,2.2192678e+04
 143.4461059,2.2192219e+04
 143.4665404,2.2191799e+04
 143.4869747,2.2201969e+04
 143.5074091,2.2197082e+04
 143.5278437,2.2196031e+04
 143.5482781,2.2203318e+04
 143.5687124,2.2200756e+04
 143.5891470,2.2196521e+04
 143.6095814,2.2203311e+04
 143.6300157,2.2193057e+04
 143.6504502,2.2196818e+04
 143.6708847,2.2193252e+04
 143.6913190,2.2200641e+04
 143.7117535,2.2194025e+04
 143.7321879,2.2193629e+04
 143.7526223,2.2196549e+04
 143.7730567,2.2196959e+04
 143.7934912,2.2192824e+04
 143.8139256,2.2189816e+04
 143.8343600,2.2188926e+04
 143.8547945,2.2193223e+04
 143.8752288,2.2190684e+04
 143.8956633,2.2198418e+04
 143.9160978,2.2200621e+04
 143.9365321,2.2195791e+04
 143.9569666,2.2202682e+04
 143.9774011,2.2198949e+04
 143.9978354,2.2192910e+04
 144.0182698,2.2191670e+04
 144.0387043,2.2199861e+04
 144.0591388,2.2198928e+04
 144.0795731,2.2193242e+04
 144.1000076,2.2187010e+04
 144.1204421,2.2199779e+04
 144.1408764,2.2194883e+04
 144.1613108,2.2188123e+04
 144.1817453,2.2191992e+04
 144.2021797,2.2192139e+04
 144.2226141,2.2195074e+04
 144.2430486,2.2196342e+04
 144.2634830,2.2197949e+04
 144.2839174,2.2191574e+04
 144.3043518,2.2201842e+04
 144.3247862,2.2198010e+04
 144.3452207,2.2198594e+04
 144.3656551,2.2193924e+04
 144.3860894,2.2198354e+04
 144.4065240,2.2200906e+04
 144.4269584,2.2189334e+04
 144.4473927,2.2200859e+04
 144.4678272,2.2203010e+04
 144.4882617,2.2193221e+04
 144.5086960,2.2197877e+04
 144.5291304,2.2201379e+04
 144.5495649,2.2202549e+04
 144.5699994,2.2197830e+04
 144.5904337,2.2192330e+04
 144.6108682,2.2195834e+04
 144.6313026,2.2189518e+04
 144.6517370,2.2194846e+04
 144.6721714,2.2190465e+04
 144.6926059,2.2202119e+04
 144.7130402,2.2201125e+04
 144.7334747,2.2199316e+04
 144.7539092,2.2199215e+04
 144.7743435,2.2194725e+04
 144.7947779,2.2191979e+04
 144.8152124,2.2203945e+04
 144.8356469,2.2194602e+04
 144.8560812,2.2191273e+04
 144.8765156,2.2201039e+04
 144.8969501,2.2202750e+04
 144.9173845,2.2196221e+04
 144.9378189,2.2201154e+04
 144.9582533,2.2197377e+04
 144.9786879,2.2196867e+04
 144.9991222,2.2206004e+04
 145.0195566,2.2193182e+04
 145.0399910,2.2194457e+04
 145.0604255,2.2206303e+04
 145.0808599,2.2199738e+04
 145.1012943,2.2198057e+04
 145.1217288,2.2205189e+04
 145.1421631,2.2195680e+04
 145.1625976,2.2196729e+04
 145.1830319,2.2204729e+04
 145.2034664,2.2196672e+04
 145.2239008,2.2202705e+04
 145.2443352,2.2202289e+04
 145.2647697,2.2204787e+04
 145.2852041,2.2200375e+04
 145.3056385,2.2198352e+04
 145.3260728,2.2194939e+04
 145.3465074,2.2207531e+04
 145.3669418,2.2198723e+04
 145.3873761,2.2205373e+04
 145.4078106,2.2195152e+04
 145.4282450,2.2204893e+04
 145.4486794,2.2182463e+04
 145.4691138,2.2187951e+04
 145.4895483,2.2195475e+04
 145.5099826,2.2198916e+04
 145.5304170,2.2198721e+04
 145.5508515,2.2198852e+04
 145.5712860,2.2199871e+04
 145.5917203,2.2207574e+04
 145.6121547,2.2193535e+04
 145.6325892,2.2200033e+04
 145.6530236,2.2198256e+04
 145.6734580,2.2200832e+04
 145.6938923,2.2199711e+04
 145.7143268,2.2196402e+04
 145.7347612,2.2192314e+04
 145.7551957,2.2200148e+04
 145.7756301,2.2197281e+04
 145.7960645,2.2199475e+04
 145.8164989,2.2201018e+04
 145.8369332,2.2200283e+04
 145.8573677,2.2194695e+04
 145.8778022,2.2192881e+04
 145.8982365,2.2200941e+04
 145.9186710,2.2192508e+04
 145.9391054,2.2207719e+04
 145.9595397,2.2196975e+04
 145.9799741,2.2193031e+04
 146.0004087,2.2193346e+04
 146.0208431,2.2196674e+04
 146.0412774,2.2191508e+04
 146.0617119,2.2197590e+04
 146.0821463,2.2192008e+04
 146.1025806,2.2196996e+04
 146.1230151,2.2197033e+04
 146.1434496,2.2195797e+04
 146.1638839,2.2194451e+04
 146.1843183,2.2201492e+04
 146.2047527,2.2202227e+04
 146.2251871,2.2195295e+04
 146.2456216,2.2193428e+04
 146.2660560,2.2190682e+04
 146.2864904,2.2199531e+04
 146.3069248,2.2199256e+04
 146.3273592,         null
 146.3477935,2.2198893e+04
 146.3682280,2.2204635e+04
 146.3886625,2.2185809e+04
 146.4090968,2.2194633e+04
 146.4295313,2.2198684e+04
 146.4499657,2.2193621e+04
 146.4704000,2.2183416e+04
 146.4908345,2.2197803e+04
 146.5112689,2.2183418e+04
 146.5317034,2.2201588e+04
 146.5521377,2.2193883e+04
 146.5725722,2.2205223e+04
 146.5930066,2.2194283e+04
 146.6134410,2.2197215e+04
 146.6338753,2.2196020e+04
 146.6543098,2.2203982e+04
 146.6747442,2.2199078e+04
 146.6951786,2.2196799e+04
 146.7156131,2.2206785e+04
 146.7360475,2.2195688e+04
 146.7564819,2.2192379e+04
 146.7769162,2.2207994e+04
 146.7973507,2.2195252e+04
 146.8177851,2.2192670e+04
 146.8382194,2.2197273e+04
 146.8586538,2.2194215e+04
 146.8790884,2.2195074e+04
 146.8995227,2.2196709e+04
 146.9199571,2.2194176e+04
 146.9403916,2.2195217e+04
 146.9608259,2.2201564e+04
 146.9812603,2.2199299e+04
 147.0016947,2.2193928e+04
 147.0221291,2.2187930e+04
 147.0425635,2.2192180e+04
 147.0629979,2.2201740e+04
 147.0834325,2.2205170e+04
 147.1038668,2.2192635e+04
 147.1243012,2.2194148e+04
 147.1447355,2.2193080e+04
 147.1651700,2.2185902e+04
 147.1856044,2.2197230e+04
 147.2060387,2.2202619e+04
 147.2264732,2.2199318e+04
 147.2469076,2.2189971e+04
 147.2673420,2.2191273e+04
 147.2877763,2.2200805e+04
 147.3082109,2.2193854e+04
 147.3286453,2.2191561e+04
 147.3490796,2.2196887e+04
 147.3695140,2.2190039e+04
 147.3899485,2.2193238e+04
 147.4103828,2.2190152e+04
 147.4308172,2.2191355e+04
 147.4512517,2.2195457e+04
 147.4716860,2.2201969e+04
 147.4921204,2.2202469e+04
 147.5125548,2.2202824e+04
 147.5329893,2.2192451e+04
 147.5534236,2.2196246e+04
 147.5738580,2.2192682e+04
 147.5942925,2.2202180e+04
 147.6147269,2.2198787e+04
 147.6351613,2.2206148e+04
 147.6555956,2.2206666e+04
 147.6760301,2.2196590e+04
 147.6964645,2.2186863e+04
 147.7168988,2.2197018e+04
 147.7373333,2.2193814e+04
 147.7577677,2.2191102e+04
 147.7782021,2.2190184e+04
 147.7986364,2.2198164e+04
 147.8190709,2.2196791e+04
 147.8395053,2.2196562e+04
 147.8599396,2.2199758e+04
 147.8803740,2.2195527e+04
 147.9008085,         null
 147.9212428,2.2198621e+04
 147.9416772,2.2203748e+04
 147.9621117,2.2232203e+04
 147.9825460,2.2189020e+04
 148.0029804,2.2202883e+04
 148.0234148,2.2192385e+04
 148.0438493,2.2191744e+04
 148.0642836,2.2192369e+04
 148.0847180,2.2194857e+04
 148.1051526,2.2203461e+04
 148.1255869,2.2195473e+04
 148.1460213,2.2195074e+04
 148.1664557,2.2194762e+04
 148.1868901,2.2194328e+04
 148.2073245,2.2197400e+04
 148.2277589,2.2200111e+04
 148.2481934,2.2197549e+04
 148.2686277,2.2195102e+04
 148.2890621,2.2196033e+04
 148.3094965,2.2196588e+04
 148.3299309,2.2196221e+04
 148.3503653,2.2187230e+04
 148.3707997,2.2202105e+04
 148.3912340,2.2197510e+04
 148.4116685,2.2197959e+04
 148.4321029,2.2193801e+04
 148.4525373,2.2191980e+04
 148.4729717,2.2197809e+04
 148.4934061,2.2193883e+04
 148.5138405,2.2202695e+04
 148.5342748,2.2193889e+04
 148.5547093,2.2189342e+04
 148.5751437,2.2193117e+04
 148.5955780,2.2196057e+04
 148.6160125,2.2188885e+04
 148.6364469,2.2197195e+04
 148.6568812,2.2196275e+04
 148.6773156,2.2192365e+04
 148.6977501,2.2201750e+04
 148.7181844,2.2193361e+04
 148.7386187,2.2202873e+04
 148.7590532,2.2194246e+04
 148.7794876,2.2188623e+04
 148.7999219,2.2189062e+04
 148.8203563,2.2194898e+04
 148.8407908,2.2205209e+04
 148.8612251,2.2198285e+04
 148.8816595,2.2201098e+04
 148.9020940,2.2194857e+04
 148.9225283,2.2197615e+04
 148.9429627,2.2190023e+04
 148.9633971,2.2191412e+04
 148.9838315,2.2196814e+04
 149.0042659,2.2196748e+04
 149.0247003,2.2193959e+04
 149.0451346,2.2201117e+04
 149.0655691,2.2194016e+04
 149.0860035,2.2195211e+04
 149.1064378,2.2198656e+04
 149.1268723,2.2191779e+04
 149.1473067,2.2199025e+04
 149.1677410,2.2192688e+04
 149.1881754,2.2196445e+04
 149.2086099,2.2189176e+04
 149.2290443,2.2192320e+04
 149.2494785,2.2195861e+04
 149.2699130,2.2189811e+04
 149.2903474,2.2190252e+04
 149.3107817,         null
 149.3312161,2.2209016e+04
 149.3516506,2.2189029e+04
 149.3720849,2.2193984e+04
 149.3925193,2.2197961e+04
 149.4129538,2.2190467e+04
 149.4333881,2.2195277e+04
 149.4538225,2.2194727e+04
 149.4742569,2.2204949e+04
 149.4946913,2.2193340e+04
 149.5151257,2.2195123e+04
 149.5355600,2.2190902e+04
 149.5559945,2.2200121e+04
 149.5764288,2.2185320e+04
 149.5968632,2.2181684e+04
 149.6172975,2.2199123e+04
 149.6377320,2.2201115e+04
 149.6581664,2.2196600e+04
 149.6786007,2.2189857e+04
 149.6990351,2.2190805e+04
 149.7194696,2.2201068e+04
 149.7399040,2.2199844e+04
 149.7603382,2.2197203e+04
 149.7807727,2.2207291e+04
 149.8012071,2.2196559e+04
 149.8216414,2.2194670e+04
 149.8420758,2.2196930e+04
 149.8625103,2.2189168e+04
 149.8829447,2.2195920e+04
 149.9033790,2.2189377e+04
 149.9238135,2.2197672e+04
 149.9442479,2.2200066e+04
 149.9646822,2.2206611e+04
 149.9851165,2.2202213e+04
 150.0055510,2.2212953e+04
 150.0259854,2.2190713e+04
 150.0464197,2.2186680e+04
 150.0668542,2.2204682e+04
 150.0872886,2.2191516e+04
 150.1077229,2.2195242e+04
 150.1281572,2.2193020e+04
 150.1485917,2.2185457e+04
 150.1690260,2.2201131e+04
 150.1894604,2.2200861e+04
 150.2098949,2.2197779e+04
 150.2303292,2.2192871e+04
 150.2507636,2.2195332e+04
 150.2711980,2.2202855e+04
 150.2916324,2.2196516e+04
 150.3120667,2.2203166e+04
 150.3325011,2.2189711e+04
 150.3529354,2.2187162e+04
 150.3733699,2.2199965e+04
 150.3938043,2.2198168e+04
 150.4142386,2.2186773e+04
 150.4346730,2.2200943e+04
 150.4551074,2.2198504e+04
 150.4755418,2.2197023e+04
 150.4959761,2.2198490e+04
 150.5164106,2.2188850e+04
 150.5368450,2.2194473e+04
 150.5572792,2.2178799e+04
 150.5777137,2.2193098e+04
 150.5981481,2.2201826e+04
 150.6185824,2.2192088e+04
 150.6390168,2.2196322e+04
 150.6594513,2.2194873e+04
 150.6798855,2.2202506e+04
 150.7003199,2.2195896e+04
 150.7207544,2.2193686e+04
 150.7411888,2.2195930e+04
 150.7616231,2.2187041e+04
 150.7820575,2.2199379e+04
 150.8024919,2.2187795e+04
 150.8229262,2.2189369e+04
 150.8433606,2.2191590e+04
 150.8637951,2.2206754e+04
 150.8842294,2.2198094e+04
 150.9046638,2.2201295e+04
 150.9250981,2.2195322e+04
 150.9455325,2.2183662e+04
 150.9659669,2.2200803e+04
 150.9864013,2.2201463e+04
 151.0068356,2.2194457e+04
 151.0272700,2.2200023e+04
 151.0477044,2.2191191e+04
 151.0681387,2.2198740e+04
 151.0885732,2.2199789e+04
 151.1090076,2.2194072e+04
 151.1294418,2.2204826e+04
 151.1498762,2.2202227e+04
 151.1703107,2.2191992e+04
 151.1907450,2.2194898e+04
 151.2111794,2.2195115e+04
 151.2316138,2.2197406e+04
 151.2520482,2.2197281e+04
 151.2724825,2.2191932e+04
 151.2929169,2.2198898e+04
 151.3133514,2.2197195e+04
 151.3337856,2.2196986e+04
 151.3542200,2.2200436e+04
 151.3746545,2.2195461e+04
 151.3950888,2.2196637e+04
 151.4155231,2.2197119e+04
 151.4359575,2.2199631e+04
 151.4563919,2.2193494e+04
 151.4768263,2.2191227e+04
 151.4972607,2.2204908e+04
 151.5176950,2.2199656e+04
 151.5381294,2.2195604e+04
 151.5585638,2.2190781e+04
 151.5789982,2.2192354e+04
 151.5994326,2.2200613e+04
 151.6198669,2.2185846e+04
 151.6403013,2.2198957e+04
 151.6607357,         null
 151.6811700,2.2194764e+04
 151.7016044,2.2198756e+04
 151.7220388,2.2196328e+04
 151.7424732,2.2189627e+04
 151.7629075,2.2194766e+04
 151.7833419,2.2203334e+04
 151.8037762,2.2193586e+04
 151.8242107,2.2196645e+04
 151.8446450,2.2190373e+04
 151.8650793,2.2189389e+04
 151.8855138,2.2202180e+04
 151.9059482,2.2190496e+04
 151.9263824,2.2194062e+04
 151.9468168,2.2195643e+04
 151.9672513,2.2188766e+04
 151.9876857,2.2197629e+04
 152.0081199,2.2186803e+04
 152.0285544,2.2190814e+04
 152.0489888,2.2197875e+04
 152.0694230,2.2193770e+04
 152.0898574,2.2190631e+04
 152.1102919,2.2193721e+04
 152.1307262,2.2194510e+04
 152.1511605,2.2201975e+04
 152.1715949,2.2198846e+04
 152.1920293,2.2196457e+04
 152.2124636,2.2192463e+04
 152.2328980,2.2196012e+04
 152.2533325,2.2200951e+04
 152.2737668,2.2194176e+04
 152.2942011,         null
 152.3146354,2.2182520e+04
 152.3350699,2.2199611e+04
 152.3555042,2.2198891e+04
 152.3759385,2.2191619e+04
 152.3963730,2.2188393e+04
 152.4168074,2.2192256e+04
 152.4372417,2.2186871e+04
 152.4576760,2.2194268e+04
 152.4781105,2.2191381e+04
 152.4985448,2.2202209e+04
 152.5189791,2.2191918e+04
 152.5394136,2.2196586e+04
 152.5598479,2.2191672e+04
 152.5802822,2.2197311e+04
 152.6007166,2.2195844e+04
 152.6211510,2.2194369e+04
 152.6415853,2.2200559e+04
 152.6620197,         null
 152.6824540,2.2195590e+04
 152.7028884,2.2200566e+04
 152.7233228,2.2198559e+04
 152.7437571,2.2197010e+04
 152.7641916,2.2197406e+04
 152.7846259,2.2197355e+04
 152.8050602,2.2197404e+04
 152.8254945,2.2205107e+04
 152.8459290,2.2193697e+04
 152.8663633,2.2194877e+04
 152.8867976,2.2194543e+04
 152.9072321,2.2193324e+04
 152.9276664,2.2197367e+04
 152.9481008,2.2190918e+04
 152.9685351,2.2191354e+04
 152.9889695,2.2195596e+04
 153.0094039,2.2193588e+04
 153.0298382,2.2198074e+04
 153.0502726,2.2196668e+04
 153.0707070,2.2194672e+04
 153.0911413,2.2195730e+04
 153.1115756,2.2195604e+04
 153.1320101,2.2193020e+04
 153.1524444,2.2190656e+04
 153.1728787,2.2184748e+04
 153.1933131,2.2199002e+04
 153.2137475,2.2194027e+04
 153.2341819,2.2191023e+04
 153.2546162,2.2189436e+04
 153.2750506,2.2199775e+04
 153.2954850,2.2193521e+04
 153.3159193,2.2195723e+04
 153.3363536,2.2199338e+04
 153.3567880,2.2188836e+04
 153.3772223,2.2196049e+04
 153.3976567,2.2190105e+04
 153.4180912,2.2192168e+04
 153.4385255,2.2201096e+04
 153.4589598,2.2191082e+04
 153.4793942,2.2203596e+04
 153.4998286,2.2195881e+04
 153.5202629,2.2187734e+04
 153.5406972,2.2190713e+04
 153.5611317,2.2207846e+04
 153.5815660,2.2200027e+04
 153.6020003,2.2200232e+04
 153.6224347,2.2193512e+04
 153.6428690,2.2200615e+04
 153.6633034,2.2184312e+04
 153.6837378,2.2194604e+04
 153.7041720,2.2200318e+04
 153.7246065,2.2197457e+04
 153.7450408,2.2196674e+04
 153.7654751,2.2189191e+04
 153.7859095,2.2193828e+04
 153.8063439,2.2189688e+04
 153.8267782,2.2184646e+04
 153.8472125,2.2204363e+04
 153.8676470,2.2189564e+04
 153.8880812,2.2197123e+04
 153.9085156,2.2194662e+04
 153.9289501,2.2192949e+04
 153.9493844,2.2193115e+04
 153.9698187,2.2189568e+04
 153.9902530,2.2188986e+04
 154.0106875,2.2193166e+04
 154.0311217,2.2193789e+04
 154.0515561,2.2189334e+04
 154.0719906,2.2204160e+04
 154.0924248,2.2196082e+04
 154.1128592,2.2200127e+04
 154.1332935,2.2194822e+04
 154.1537279,2.2185932e+04
 154.1741622,2.2186303e+04
 154.1945966,2.2191242e+04
 154.2150309,2.2192896e+04
 154.2354653,2.2191855e+04
 154.2558996,2.2195498e+04
 154.2763339,2.2209982e+04
 154.2967684,2.2196967e+04
 154.3172027,2.2188217e+04
 154.3376370,2.2199293e+04
 154.3580713,2.2188025e+04
 154.3785058,2.2200064e+04
 154.3989400,2.2195920e+04
 154.4193744,2.2189408e+04
 154.4398088,2.2194486e+04
 154.4602432,2.2195916e+04
 154.4806774,2.2185135e+04
 154.5011118,2.2190227e+04
 154.5215462,2.2192785e+04
 154.5419805,2.2203895e+04
 154.5624148,2.2198652e+04
 154.5828493,2.2184854e+04
 154.6032836,2.2197590e+04
 154.6237179,2.2204500e+04
 154.6441523,2.2196607e+04
 154.6645866,2.2197252e+04
 154.6850210,2.2199002e+04
 154.7054553,2.2190949e+04
 154.7258898,2.2200047e+04
 154.7463240,2.2199672e+04
 154.7667584,2.2195182e+04
 154.7871927,2.2208223e+04
 154.8076271,2.2202770e+04
 154.8280614,2.2190150e+04
 154.8484957,2.2192512e+04
 154.8689301,2.2183801e+04
 154.8893645,2.2192758e+04
 154.9097988,2.2190551e+04
 154.9302332,2.2192529e+04
 154.9506675,2.2195447e+04
 154.9711019,2.2200779e+04
 154.9915362,2.2191027e+04
 155.0119705,2.2196096e+04
 155.0324049,2.2195164e+04
 155.0528393,2.2188672e+04
 155.0732735,2.2188477e+04
 155.0937079,2.2197324e+04
 155.1141423,2.2200006e+04
 155.1345765,2.2200836e+04
 155.1550109,2.2193451e+04
 155.1754453,2.2193139e+04
 155.1958797,2.2195086e+04
 155.2163139,2.2191537e+04
 155.2367483,2.2198746e+04
 155.2571827,2.2196322e+04
 155.2776170,         null
 155.2980513,2.2194457e+04
 155.3184858,2.2191883e+04
 155.3389200,2.2188236e+04
 155.3593543,2.2202422e+04
 155.3797887,2.2198689e+04
 155.4002230,2.2204363e+04
 155.4206574,2.2198121e+04
 155.4410917,2.2192777e+04
 155.4615262,2.2198684e+04
 155.4819604,2.2173404e+04
 155.5023948,2.2192754e+04
 155.5228290,2.2195510e+04
 155.5432635,2.2200871e+04
 155.5636978,         null
 155.5841320,2.2192588e+04
 155.6045665,2.2196844e+04
 155.6250008,2.2166988e+04
 155.6454352,2.2200852e+04
 155.6658694,2.2198410e+04
 155.6863039,2.2199299e+04
 155.7067382,2.2201236e+04
 155.7271724,2.2196590e+04
 155.7476068,2.2197572e+04
 155.7680412,2.2197812e+04
 155.7884755,2.2198330e+04
 155.8089098,2.2194572e+04
 155.8293442,2.2191953e+04
 155.8497785,2.2199914e+04
 155.8702128,2.2197121e+04
 155.8906472,2.2200098e+04
 155.9110816,2.2196494e+04
 155.9315158,2.2193398e+04
 155.9519502,2.2200346e+04
 155.9723846,2.2190771e+04
 155.9928189,2.2198186e+04
 156.0132532,2.2192719e+04
 156.0336874,2.2195887e+04
 156.0541219,2.2189734e+04
 156.0745562,2.2190908e+04
 156.0949906,2.2191934e+04
 156.1154249,2.2188166e+04
 156.1358592,2.2193232e+04
 156.1562936,2.2201740e+04
 156.1767278,2.2201398e+04
 156.1971623,2.2199691e+04
 156.2175966,2.2195428e+04
 156.2380308,2.2211678e+04
 156.2584652,2.2190607e+04
 156.2788996,2.2189721e+04
 156.2993338,2.2187775e+04
 156.3197682,2.2188145e+04
 156.3402026,2.2192145e+04
 156.3606369,2.2199691e+04
 156.3810712,2.2209055e+04
 156.4015055,2.2194217e+04
 156.4219400,2.2198369e+04
 156.4423742,2.2191273e+04
 156.4628085,2.2204445e+04
 156.4832430,2.2202279e+04
 156.5036772,2.2194533e+04
 156.5241115,2.2197828e+04
 156.5445459,2.2193730e+04
 156.5649802,2.2194500e+04
 156.5854146,2.2187326e+04
 156.6058489,2.2194246e+04
 156.6262832,2.2188025e+04
 156.6467176,2.2188723e+04
 156.6671519,2.2201512e+04
 156.6875862,2.2197291e+04
 156.7080206,2.2184711e+04
 156.7284549,2.2194771e+04
 156.7488892,2.2183910e+04
 156.7693235,2.2191859e+04
 156.7897579,2.2194139e+04
 156.8101922,2.2194988e+04
 156.8306266,2.2200990e+04
 156.8510609,2.2196934e+04
 156.8714952,2.2195338e+04
 156.8919296,2.2189938e+04
 156.9123638,2.2186277e+04
 156.9327982,2.2196422e+04
 156.9532325,2.2195887e+04
 156.9736668,2.2193307e+04
 156.9941012,2.2194193e+04
 157.0145355,2.2198631e+04
 157.0349698,2.2187791e+04
 157.0554041,2.2198984e+04
 157.0758385,2.2202998e+04
 157.0962728,2.2191924e+04
 157.1167071,2.2187781e+04
 157.1371415,2.2188840e+04
 157.1575759,2.2194971e+04
 157.1780101,2.2200611e+04
 157.1984444,2.2196795e+04
 157.2188788,2.2188510e+04
 157.2393131,2.2197016e+04
 157.2597474,2.2198463e+04
 157.2801817,2.2192150e+04
 157.3006161,2.2193268e+04
 157.3210504,2.2194846e+04
 157.3414847,2.2185270e+04
 157.3619190,2.2190246e+04
 157.3823534,2.2198744e+04
 157.4027877,2.2191213e+04
 157.4232219,2.2190275e+04
 157.4436563,2.2197197e+04
 157.4640907,2.2185041e+04
 157.4845249,2.2189451e+04
 157.5049593,2.2181846e+04
 157.5253937,2.2199809e+04
 157.5458279,2.2204461e+04
 157.5662622,2.2196959e+04
 157.5866966,2.2190109e+04
 157.6071309,2.2189730e+04
 157.6275652,2.2203932e+04
 157.6479996,2.2192559e+04
 157.6684339,2.2197453e+04
 157.6888682,2.2190678e+04
 157.7093025,2.2196629e+04
 157.7297369,2.2186727e+04
 157.7501711,2.2201555e+04
 157.7706055,2.2204398e+04
 157.7910399,2.2196871e+04
 157.8114741,2.2195170e+04
 157.8319084,2.2196607e+04
 157.8523428,2.2189963e+04
 157.8727771,2.2199307e+04
 157.8932114,2.2192395e+04
 157.9136457,2.2194160e+04
 157.9340799,2.2192311e+04
 157.9545144,2.2203123e+04
 157.9749487,2.2200992e+04
 157.9953829,2.2195092e+04
 158.0158173,2.2189717e+04
 158.0362517,2.2193631e+04
 158.0566859,2.2192938e+04
 158.0771202,2.2188770e+04
 158.0975546,2.2186141e+04
 158.1179889,2.2194170e+04
 158.1384232,2.2208326e+04
 158.1588576,2.2188736e+04
 158.1792919,2.2194574e+04
 158.1997261,2.2196904e+04
 158.2201604,2.2198285e+04
 158.2405949,2.2184939e+04
 158.2610291,         null
 158.2814634,2.2204607e+04
 158.3018978,2.2198277e+04
 158.3223321,2.2195947e+04
 158.3427664,2.2191676e+04
 158.3632007,2.2195055e+04
 158.3836351,2.2184182e+04
 158.4040694,2.2186273e+04
 158.4245036,2.2202031e+04
 158.4449380,2.2194801e+04
 158.4653724,2.2196213e+04
 158.4858066,2.2196691e+04
 158.5062409,2.2190609e+04
 158.5266753,2.2198152e+04
 158.5471095,2.2193852e+04
 158.5675439,2.2199846e+04
 158.5879782,2.2186775e+04
 158.6084125,2.2193922e+04
 158.6288468,2.2197268e+04
 158.6492811,2.2193740e+04
 158.6697155,2.2203994e+04
 158.6901498,2.2192119e+04
 158.7105841,2.2194822e+04
 158.7310183,2.2188590e+04
 158.7514527,2.2200932e+04
 158.7718870,2.2194555e+04
 158.7923213,2.2190373e+04
 158.8127556,2.2194416e+04
 158.8331900,2.2191547e+04
 158.8536243,2.2191480e+04
 158.8740585,2.2192930e+04
 158.8944929,2.2199186e+04
 158.9149272,2.2190643e+04
 158.9353614,2.2188137e+04
 158.9557958,2.2199730e+04
 158.9762302,2.2196350e+04
 158.9966644,2.2202752e+04
 159.0170987,2.2209449e+04
 159.0375331,2.2193873e+04
 159.0579673,2.2194916e+04
 159.0784016,2.2205416e+04
 159.0988359,2.2195131e+04
 159.1192703,2.2194934e+04
 159.1397046,2.2188869e+04
 159.1601389,2.2189277e+04
 159.1805733,2.2191387e+04
 159.2010075,2.2186650e+04
 159.2214418,2.2194518e+04
 159.2418760,2.2193615e+04
 159.2623104,2.2195982e+04
 159.2827447,2.2208971e+04
 159.3031790,2.2191809e+04
 159.3236134,2.2204924e+04
 159.3440477,2.2188547e+04
 159.3644820,2.2191383e+04
 159.3849162,2.2194951e+04
 159.4053506,2.2184791e+04
 159.4257849,2.2198197e+04
 159.4462191,2.2191094e+04
 159.4666535,2.2192711e+04
 159.4870878,2.2193133e+04
 159.5075220,2.2201617e+04
 159.5279563,2.2196988e+04
 159.5483908,2.2195900e+04
 159.5688250,2.2191904e+04
 159.5892593,2.2208998e+04
 159.6096936,2.2188736e+04
 159.6301280,2.2199006e+04
 159.6505622,2.2205773e+04
 159.6709965,2.2198031e+04
 159.6914309,2.2192191e+04
 159.7118651,2.2192227e+04
 159.7322994,2.2194754e+04
 159.7527337,2.2197791e+04
 159.7731680,2.2190305e+04
 159.7936023,2.2200480e+04
 159.8140366,2.2202447e+04
 159.8344709,2.2200439e+04
 159.8549052,2.2188926e+04
 159.8753396,2.2200041e+04
 159.8957738,2.2195086e+04
 159.9162082,2.2190484e+04
 159.9366425,2.2188953e+04
 159.9570768,2.2187570e+04
 159.9775111,2.2191705e+04
 159.9979454,2.2189072e+04
 160.0183797,2.2194936e+04
 160.0388140,2.2198986e+04
 160.0592483,2.2194287e+04
 160.0796826,2.2190932e+04
 160.1001169,2.2188461e+04
 160.1205511,2.2196600e+04
 160.1409855,2.2193535e+04
 160.1614198,2.2184934e+04
 160.1818540,2.2190119e+04
 160.2022884,2.2185309e+04
 160.2227227,2.2195416e+04
 160.2431569,2.2191318e+04
 160.2635912,2.2196385e+04
 160.2840256,2.2194447e+04
 160.3044598,2.2187230e+04
 160.3248941,2.2192182e+04
 160.3453285,2.2191264e+04
 160.3657628,2.2190223e+04
 160.3861970,2.2192275e+04
 160.4066313,2.2195178e+04
 160.4270657,2.2188908e+04
 160.4474999,2.2195760e+04
 160.4679342,2.2194164e+04
 160.4883686,2.2194312e+04
 160.5088028,2.2185129e+04
 160.5292371,2.2195801e+04
 160.5496714,2.2193090e+04
 160.5701057,2.2193047e+04
 160.5905400,2.2182572e+04
 160.6109743,2.2196965e+04
 160.6314085,2.2188979e+04
 160.6518429,2.2190229e+04
 160.6722772,2.2187811e+04
 160.6927114,2.2189379e+04
 160.7131458,2.2192488e+04
 160.7335801,2.2199154e+04
 160.7540143,2.2194527e+04
 160.7744486,2.2194422e+04
 160.7948830,2.2188434e+04
 160.8153173,2.2197660e+04
 160.8357515,2.2195910e+04
 160.8561859,2.2185582e+04
 160.8766202,2.2199641e+04
 160.8970543,2.2189305e+04
 160.9174886,2.2200619e+04
 160.9379230,2.2197500e+04
 160.9583572,2.2197379e+04
 160.9787915,2.2196627e+04
 160.9992259,2.2191936e+04
 161.0196601,2.2199768e+04
 161.0400944,2.2188662e+04
 161.0605287,2.2193229e+04
 161.0809630,2.2194273e+04
 161.1013973,2.2195273e+04
 161.1218316,2.2187857e+04
 161.1422660,2.2184994e+04
 161.1627002,2.2192129e+04
 161.1831345,2.2201830e+04
 161.2035687,2.2185104e+04
 161.2240030,2.2189709e+04
 161.2444373,         null
 161.2648716,2.2196541e+04
 161.2853058,2.2204291e+04
 161.3057402,2.2188111e+04
 161.3261745,2.2191949e+04
 161.3466087,2.2188129e+04
 161.3670431,2.2192646e+04
 161.3874774,2.2189291e+04
 161.4079116,2.2190125e+04
 161.4283459,2.2191486e+04
 161.4487802,2.2199861e+04
 161.4692144,2.2196164e+04
 161.4896487,2.2188102e+04
 161.5100831,2.2192406e+04
 161.5305173,2.2189529e+04
 161.5509516,2.2192025e+04
 161.5713859,2.2199469e+04
 161.5918203,2.2189590e+04
 161.6122545,2.2194562e+04
 161.6326887,2.2193637e+04
 161.6531231,2.2197154e+04
 161.6735574,2.2195369e+04
 161.6939916,2.2185660e+04
 161.7144259,2.2190637e+04
 161.7348603,2.2187709e+04
 161.7552945,2.2187479e+04
 161.7757288,2.2194686e+04
 161.7961630,2.2200746e+04
 161.8165973,2.2189488e+04
 161.8370316,2.2189980e+04
 161.8574659,2.2189320e+04
 161.8779003,2.2196439e+04
 161.8983345,2.2191945e+04
 161.9187688,2.2194885e+04
 161.9392029,2.2189021e+04
 161.9596373,2.2202664e+04
 161.9800716,2.2187449e+04
 162.0005059,2.2195906e+04
 162.0209402,2.2190824e+04
 162.0413745,2.2194316e+04
 162.0618087,2.2187625e+04
 162.0822429,2.2195418e+04
 162.1026773,2.2191354e+04
 162.1231116,2.2191678e+04
 162.1435458,2.2185498e+04
 162.1639802,2.2185688e+04
 162.1844144,2.2199113e+04
 162.2048486,2.2192938e+04
 162.2252829,2.2196379e+04
 162.2457173,2.2195898e+04
 162.2661515,2.2199584e+04
 162.2865858,2.2187467e+04
 162.3070201,2.2192484e+04
 162.3274544,2.2212912e+04
 162.3478886,2.2194102e+04
 162.3683229,2.2195820e+04
 162.3887573,2.2194434e+04
 162.4091914,2.2186891e+04
 162.4296257,2.2198797e+04
 162.4500599,2.2195268e+04
 162.4704943,2.2201150e+04
 162.4909286,2.2198744e+04
 162.5113622,2.2201105e+04
 162.5317966,2.2192467e+04
 162.5522308,2.2189424e+04
 162.5726651,2.2189566e+04
 162.5930994,2.2196125e+04
 162.6135337,2.2198221e+04
 162.6339679,2.2184844e+04
 162.6544022,2.2189053e+04
 162.6748366,2.2186645e+04
 162.6952707,2.2196049e+04
 162.7157050,2.2190797e+04
 162.7361393,2.2194602e+04
 162.7565736,2.2190467e+04
 162.7770079,2.2199529e+04
 162.7974421,2.2190520e+04
 162.8178764,2.2187359e+04
 162.8383107,2.2186199e+04
 162.8587450,2.2188930e+04
 162.8791791,2.2180916e+04
 162.8996135,2.2197471e+04
 162.9200478,2.2193412e+04
 162.9404820,2.2186904e+04
 162.9609162,2.2204205e+04
 162.9813506,2.2198529e+04
 163.0017848,2.2203660e+04
 163.0222191,2.2208949e+04
 163.0426534,2.2200703e+04
 163.0630877,2.2194348e+04
 163.0835219,2.2200047e+04
 163.1039562,2.2195303e+04
 163.1243905,2.2195305e+04
 163.1448247,2.2200203e+04
 163.1652590,2.2189746e+04
 163.1856934,2.2191529e+04
 163.2061275,2.2196996e+04
 163.2265618,2.2192994e+04
 163.2469961,2.2186467e+04
 163.2674303,2.2190449e+04
 163.2878646,2.2185961e+04
 163.3082989,2.2187766e+04
 163.3287333,2.2197158e+04
 163.3491674,2.2190814e+04
 163.3696017,2.2188496e+04
 163.3900359,2.2192713e+04
 163.4104702,2.2194699e+04
 163.4309045,2.2193508e+04
 163.4513387,2.2189859e+04
 163.4717731,2.2196588e+04
 163.4922073,2.2191668e+04
 163.5126416,2.2192178e+04
 163.5330758,2.2192990e+04
 163.5535101,2.2197912e+04
 163.5739444,2.2189842e+04
 163.5943786,2.2202662e+04
 163.6148128,2.2190834e+04
 163.6352472,2.2197338e+04
 163.6556814,2.2200402e+04
 163.6761156,2.2199684e+04
 163.6965500,2.2189721e+04
 163.7169842,2.2199389e+04
 163.7374184,2.2191396e+04
 163.7578527,2.2201645e+04
 163.7782870,2.2198025e+04
 163.7987212,2.2202080e+04
 163.8191555,2.2202482e+04
 163.8395899,2.2190479e+04
 163.8600240,2.2192842e+04
 163.8804583,2.2197527e+04
 163.9008925,2.2191869e+04
 163.9213268,2.2201426e+04
 163.9417611,2.2198291e+04
 163.9621954,2.2207682e+04
 163.9826296,2.2195244e+04
 164.0030639,2.2199887e+04
 164.0234982,2.2196283e+04
 164.0439323,2.2190930e+04
 164.0643667,2.2194799e+04
 164.0848010,2.2196959e+04
 164.1052352,2.2193861e+04
 164.1256694,2.2203729e+04
 164.1461037,2.2194744e+04
 164.1665379,2.2197883e+04
 164.1869722,2.2192814e+04
 164.2074065,2.2198709e+04
 164.2278408,         null
 164.2482750,2.2188004e+04
 164.2687092,2.2206043e+04
 164.2891435,2.2203035e+04
 164.3095777,2.2202514e+04
 164.3300120,2.2195613e+04
 164.3504464,2.2195594e+04
 164.3708806,2.2201035e+04
 164.3913148,2.2193768e+04
 164.4117490,2.2199871e+04
 164.4321833,2.2196314e+04
 164.4526176,2.2196152e+04
 164.4730518,2.2194648e+04
 164.4934862,2.2199039e+04
 164.5139203,2.2193551e+04
 164.5343546,2.2188176e+04
 164.5547889,2.2186396e+04
 164.5752231,2.2203859e+04
 164.5956574,2.2210359e+04
 164.6160916,2.2195719e+04
 164.6365258,2.2192404e+04
 164.6569602,2.2192836e+04
 164.6773944,2.2190350e+04
 164.6978287,2.2194621e+04
 164.7182629,2.2203766e+04
 164.7386972,2.2185346e+04
 164.7591314,2.2200047e+04
 164.7795656,2.2194299e+04
 164.8000000,2.2195854e+04
 164.8204342,2.2193781e+04
 164.8408684,2.2204426e+04
 164.8613027,2.2181363e+04
 164.8817370,2.2190242e+04
 164.9021711,2.2198914e+04
 164.9226054,2.2191164e+04
 164.9430397,2.2201162e+04
 164.9634739,2.2191168e+04
 164.9839082,2.2197225e+04
