        TIME,  PDCSAP_FLUX
 131.5126375,5.3622551e+04
 131.5330721,5.3634035e+04
 131.5535067,5.3636723e+04
 131.5739412,5.3627820e+04
 131.5943757,5.3640387e+04
 131.6148104,5.3631164e+04
 131.6352448,5.3629234e+04
 131.6556794,5.3659953e+04
 131.6761140,5.3634078e+04
 131.6965486,5.3645195e+04
 131.7169830,5.3636883e+04
 131.7374176,5.3653578e+04
 131.7578523,5.3652645e+04
 131.7782867,5.3634664e+04
 131.7987213,5.3638188e+04
 131.8191559,5.3648090e+04
 131.8395904,5.3678137e+04
 131.8600249,5.3658648e+04
 131.8804595,5.3667719e+04
 131.9008940,5.3681000e+04
 131.9213286,5.3661504e+04
 131.9417631,5.3673152e+04
 131.9621977,5.3667152e+04
 131.9826323,5.3677500e+04
 132.0030668,5.3679035e+04
 132.0235013,5.3684359e+04
 132.0439359,5.3674473e+04
 132.0643705,5.3686812e+04
 132.0848049,5.3705648e+04
 132.1052395,5.3695324e+04
 132.1256741,5.3679906e+04
 132.1461086,5.3686125e+04
 132.1665431,5.3695840e+04
 132.1869778,5.3703301e+04
 132.2074123,5.3702973e+04
 132.2278468,5.3708375e+04
 132.2482813,5.3713637e+04
 132.2687160,5.3719348e+04
 132.2891505,5.3720586e+04
 132.3095850,5.3719523e+04
 132.3300197,5.3723648e+04
 132.3504541,5.3740566e+04
 132.3708887,5.3728082e+04
 132.3913232,5.3734246e+04
 132.4117578,5.3732035e+04
 132.4321923,5.3742496e+04
 132.4526269,5.3736727e+04
 132.4730615,5.3727492e+04
 132.4934960,5.3733699e+04
 132.5139305,5.3740832e+04
 132.5343650,5.3747539e+04
 132.5547996,5.3750926e+04
 132.5752342,5.3735648e+04
 132.5956686,5.3764016e+04
 132.6161033,5.3766336e+04
 132.6365378,5.3749727e+04
 132.6569724,5.3754367e+04
 132.6774068,5.3746000e+04
 132.6978415,5.3753598e+04
 132.7182760,5.3759188e+04
 132.7387105,5.3765578e+04
 132.7591451,5.3770867e+04
 132.7795797,5.3775648e+04
 132.8000141,5.3774531e+04
 132.8204487,5.3780391e+04
 132.8408833,5.3782551e+04
 132.8613178,5.3794945e+04
 132.8817523,5.3772883e+04
 132.9021870,5.3801840e+04
 132.9226214,5.3788641e+04
 132.9430560,5.3794156e+04
 132.9634905,5.3799113e+04
 132.9839252,5.3790504e+04
 133.0043596,5.3802742e+04
 133.0247942,5.3798641e+04
 133.0452287,5.3809699e+04
 133.0656633,5.3810438e+04
 133.0860978,5.3809992e+04
 133.1065324,5.3817562e+04
 133.1269669,5.3803738e+04
 133.1474015,5.3805055e+04
 133.1678360,5.3840277e+04
 133.1882705,5.3821180e+04
 133.2087052,5.3815355e+04
 133.2291396,5.3834754e+04
 133.2495742,5.3822977e+04
 133.2700087,5.3822301e+04
 133.2904433,5.3829930e+04
 133.3108778,5.3840887e+04
 133.3313123,5.3840559e+04
 133.3517469,5.3829102e+04
 133.3721815,5.3856375e+04
 133.3926160,5.3861953e+04
 133.4130506,5.3834180e+04
 133.4334851,5.3839242e+04
 133.4539197,5.3849051e+04
 133.4743541,5.3855688e+04
 133.4947887,5.3858250e+04
 133.5152233,5.3851902e+04
 133.5356577,5.3852043e+04
 133.5560924,5.3856504e+04
 133.5765269,5.3869145e+04
 133.5969614,5.3869805e+04
 133.6173959,5.3864305e+04
 133.6378306,5.3866258e+04
 133.6582651,5.3866797e+04
 133.6786996,5.3894977e+04
 133.6991342,5.3882980e+04
 133.7195687,5.3867047e+04
 133.7400032,5.3887922e+04
 133.7604377,5.3886281e+04
 133.7808724,5.3892352e+04
 133.8013068,5.3891988e+04
 133.8217414,5.3893750e+04
 133.8421759,5.3885691e+04
 133.8626105,5.3881547e+04
 133.8830450,5.3901016e+04
 133.9034795,5.3915734e+04
 133.9239141,5.3901965e+04
 133.9443486,5.3901777e+04
 133.9647832,5.3911258e+04
 133.9852176,5.3901168e+04
 134.0056523,5.3887133e+04
 134.0260868,5.3913477e+04
 134.0465212,5.3908023e+04
 134.0669559,5.3925160e+04
 134.0873904,5.3918340e+04
 134.1078249,5.3906648e+04
 134.1282594,5.3905074e+04
 134.1486941,5.3913820e+04
 134.1691286,5.3903348e+04
 134.1895630,5.3908996e+04
 134.2099977,5.3916961e+04
 134.2304322,5.3914523e+04
 134.2508667,5.3930828e+04
 134.2713012,5.3909289e+04
 134.2917358,5.3905867e+04
 134.3121703,5.3904520e+04
 134.3326048,5.3911980e+04
 134.3530395,5.3928820e+04
 134.3734739,5.3911582e+04
 134.3939084,         null
 134.4143430,5.3918250e+04
 134.4347775,5.3907805e+04
 134.4552121,5.3905211e+04
 134.4756466,5.3914340e+04
 134.4960813,5.3919621e+04
 134.5165157,5.3909539e+04
 134.5369502,5.3914891e+04
 134.5573847,5.3919816e+04
 134.5778193,5.3921941e+04
 134.5982538,5.3922562e+04
 134.6186883,5.3927539e+04
 134.6391228,5.3918062e+04
 134.6595575,5.3942535e+04
 134.6799920,5.3921570e+04
 134.7004265,5.3928660e+04
 134.7208611,5.3931387e+04
 134.7412956,5.3921090e+04
 134.7617301,5.3920480e+04
 134.7821646,5.3921281e+04
 134.8025992,5.3918695e+04
 134.8230338,5.3917918e+04
 134.8434682,5.3936707e+04
 134.8639029,5.3925273e+04
 134.8843374,5.3922852e+04
 134.9047719,5.3922652e+04
 134.9252064,5.3920230e+04
 134.9456410,5.3915051e+04
 134.9660755,5.3922051e+04
 134.9865100,5.3917430e+04
 135.0069446,5.3910047e+04
 135.0273792,5.3922691e+04
 135.0478136,5.3905492e+04
 135.0682481,5.3910426e+04
 135.0886828,5.3922527e+04
 135.1091172,5.3938113e+04
 135.1295517,5.3933164e+04
 135.1499864,5.3922859e+04
 135.1704209,5.3919438e+04
 135.1908553,5.3930188e+04
 135.2112899,5.3915336e+04
 135.2317245,5.3911559e+04
 135.2521590,5.3908883e+04
 135.2725935,5.3911684e+04
 135.2930279,5.3913891e+04
 135.3134626,5.3944863e+04
 135.3338971,5.3919223e+04
 135.3543315,5.3915809e+04
 135.3747662,5.3908184e+04
 135.3952007,5.3907609e+04
 135.4156352,5.3915371e+04
 135.4360697,5.3903383e+04
 135.4565043,5.3923184e+04
 135.4769388,5.3911305e+04
 135.4973733,5.3911379e+04
 135.5178079,5.3906762e+04
 135.5382424,5.3907246e+04
 135.5586769,5.3909402e+04
 135.5791114,5.3908023e+04
 135.5995460,5.3919129e+04
 135.6199805,5.3906641e+04
 135.6404150,5.3906969e+04
 135.6608496,5.3893199e+04
 135.6812842,5.3908746e+04
 135.7017186,5.3892918e+04
 135.7221531,5.3875984e+04
 135.7425878,5.3899637e+04
 135.7630222,5.3889203e+04
 135.7834567,5.3909602e+04
 135.8038914,5.3933195e+04
 135.8243258,5.3896883e+04
 135.8447603,5.3884176e+04
 135.8651949,5.3899789e+04
 135.8856294,5.3896953e+04
 135.9060639,5.3911484e+04
 135.9264985,5.3901594e+04
 135.9469329,5.3906703e+04
 135.9673675,5.3907973e+04
 135.9878021,5.3891098e+04
 136.0082365,5.3897957e+04
 136.0286711,5.3918961e+04
 136.0491057,5.3894281e+04
 136.0695401,5.3890410e+04
 136.0899746,5.3904691e+04
 136.1104092,5.3899414e+04
 136.1308438,5.3898203e+04
 136.1512782,5.3908137e+04
 136.1717128,5.3913758e+04
 136.1921474,5.3894457e+04
 136.2125818,5.3895320e+04
 136.2330163,5.3901680e+04
 136.2534510,5.3907090e+04
 136.2738854,5.3905031e+04
 136.2943199,5.3924910e+04
 136.3147545,5.3926207e+04
 136.3351890,5.3904660e+04
 136.3556235,5.3920895e+04
 136.3760580,5.3928738e+04
 136.3964926,5.3914461e+04
 136.4169271,5.3924738e+04
 136.4373616,5.3925852e+04
 136.4577962,5.3908496e+04
 136.4782307,5.3924324e+04
 136.4986652,5.3929848e+04
 136.5190997,5.3932031e+04
 136.5395343,5.3922297e+04
 136.5599688,5.3927781e+04
 136.5804033,5.3924922e+04
 136.6008378,5.3938020e+04
 136.6212724,5.3939992e+04
 136.6417069,5.3948707e+04
 136.6621414,5.3954895e+04
 136.6825759,5.3954449e+04
 136.7030105,5.3962645e+04
 136.7234450,5.3944633e+04
 136.7438794,5.3948836e+04
 136.7643141,5.3971324e+04
 136.7847486,5.3964828e+04
 136.8051830,5.3978387e+04
 136.8256176,5.3957594e+04
 136.8460522,5.3962672e+04
 136.8664867,5.3962180e+04
 136.8869211,5.3960793e+04
 136.9073557,5.3976562e+04
 136.9277903,5.3985121e+04
 136.9482247,5.3989984e+04
 136.9686593,5.3995117e+04
 136.9890938,5.3988656e+04
 137.0095283,5.3990348e+04
 137.0299628,5.3983684e+04
 137.0503974,5.3993926e+04
 137.0708318,5.4027387e+04
 137.0912664,5.4011578e+04
 137.1117010,5.4007531e+04
 137.1321354,5.4014453e+04
 137.1525699,5.4019758e+04
 137.1730045,5.4006301e+04
 137.1934391,5.4015383e+04
 137.2138735,5.4006152e+04
 137.2343080,5.4017238e+04
 137.2547425,5.4006695e+04
 137.2751771,5.4017562e+04
 137.2956116,5.4022781e+04
 137.3160460,5.4028281e+04
 137.3364806,5.4029793e+04
 137.3569152,5.4047605e+04
 137.3773497,         null
 137.3977841,5.4052949e+04
 137.4182187,5.4047809e+04
 137.4386533,5.4054012e+04
 137.4590877,5.4045422e+04
 137.4795223,5.4065258e+04
 137.4999568,5.4050379e+04
 137.5203912,5.4053094e+04
 137.5408258,5.4078445e+04
 137.5612604,5.4063703e+04
 137.5816948,5.4069703e+04
 137.6021293,5.4071527e+04
 137.6225640,5.4074531e+04
 137.6429985,5.4064004e+04
 137.6634329,5.4076363e+04
 137.6838674,5.4076234e+04
 137.7043020,5.4085246e+04
 137.7247365,5.4075082e+04
 137.7451710,5.4085809e+04
 137.7656056,5.4093191e+04
 137.7860400,5.4084914e+04
 137.8064745,5.4084590e+04
 137.8269090,5.4075578e+04
 137.8473436,5.4106871e+04
 137.8677781,5.4099078e+04
 137.8882126,5.4092945e+04
 137.9086470,5.4096715e+04
 137.9290816,5.4111270e+04
 137.9495162,5.4136859e+04
 137.9699506,5.4117750e+04
 137.9903852,5.4117145e+04
 138.0108197,5.4117887e+04
 138.0312541,5.4116422e+04
 138.0516887,5.4119984e+04
 138.0721233,5.4134859e+04
 138.0925578,5.4121445e+04
 138.1129922,5.4134809e+04
 138.1334268,5.4128797e+04
 138.1538613,5.4144602e+04
 138.1742958,5.4127273e+04
 138.1947303,5.4125453e+04
 138.2151649,5.4124355e+04
 138.2355994,5.4137922e+04
 138.2560338,5.4130105e+04
 138.2764685,5.4131246e+04
 138.2969030,5.4132512e+04
 138.3173374,5.4137543e+04
 138.3377719,5.4122750e+04
 138.3582065,5.4122531e+04
 138.3786410,5.4142395e+04
 138.3990754,5.4149691e+04
 138.4195101,5.4153594e+04
 138.4399446,5.4155012e+04
 138.4603790,5.4138148e+04
 138.4808135,5.4154547e+04
 138.5012481,5.4150418e+04
 138.5216825,5.4143148e+04
 138.5421171,5.4167602e+04
 138.5625516,5.4155148e+04
 138.5829861,5.4165582e+04
 138.6034206,5.4174953e+04
 138.6238551,5.4166430e+04
 138.6442896,5.4158805e+04
 138.6647241,5.4170602e+04
 138.6851587,5.4168570e+04
 138.7055931,5.4176375e+04
 138.7260277,5.4173105e+04
 138.7464622,5.4183277e+04
 138.7668966,5.4158352e+04
 138.7873312,5.4173586e+04
 138.8077657,5.4170836e+04
 138.8282002,5.4169250e+04
 138.8486347,5.4180469e+04
 138.8690693,5.4169793e+04
 138.8895038,5.4165504e+04
 138.9099382,5.4186473e+04
 138.9303728,5.4175559e+04
 138.9508073,5.4171055e+04
 138.9712417,5.4181137e+04
 138.9916763,5.4176043e+04
 139.0121109,5.4180262e+04
 139.0325453,5.4199062e+04
 139.0529798,5.4194469e+04
 139.0734144,5.4193652e+04
 139.0938488,5.4193832e+04
 139.1142833,5.4189867e+04
 139.1347178,5.4185250e+04
 139.1551523,5.4185895e+04
 139.1755869,5.4191820e+04
 139.1960214,5.4196473e+04
 139.2164558,5.4197848e+04
 139.2368904,5.4195082e+04
 139.2573249,5.4198605e+04
 139.2777593,5.4198895e+04
 139.2981939,5.4185379e+04
 139.3186284,5.4188051e+04
 139.3390629,5.4190438e+04
 139.3594973,5.4198641e+04
 139.3799319,5.4187371e+04
 139.4003665,5.4198797e+04
 139.4208009,5.4194023e+04
 139.4412355,5.4191324e+04
 139.4616700,5.4197777e+04
 139.4821044,5.4191844e+04
 139.5025389,5.4199781e+04
 139.5229735,5.4195688e+04
 139.5434079,5.4192457e+04
 139.5638424,5.4188312e+04
 139.5842770,5.4185422e+04
 139.6047114,5.4195426e+04
 139.6251459,5.4193367e+04
 139.6455805,5.4185418e+04
 139.6660151,5.4184809e+04
 139.6864495,5.4183348e+04
 139.7068840,5.4187531e+04
 139.7273185,5.4185129e+04
 139.7477530,5.4188043e+04
 139.7681875,5.4205156e+04
 139.7886220,5.4184711e+04
 139.8090565,5.4192906e+04
 139.8294910,5.4184734e+04
 139.8499255,5.4189676e+04
 139.8703600,5.4194062e+04
 139.8907945,5.4196293e+04
 139.9112290,5.4188219e+04
 139.9316635,5.4186250e+04
 139.9520981,5.4185887e+04
 139.9725326,5.4194270e+04
 139.9929671,5.4179527e+04
 140.0134015,5.4173258e+04
 140.0338361,5.4179496e+04
 140.0542706,5.4167305e+04
 140.0747051,5.4172445e+04
 140.0951396,5.4171945e+04
 140.1155741,5.4171824e+04
 140.1360086,5.4166594e+04
 140.1564430,5.4178816e+04
 140.1768776,5.4191062e+04
 140.1973121,5.4169605e+04
 140.2177465,5.4174762e+04
 140.2381811,5.4158328e+04
 140.2586156,5.4164898e+04
 140.2790500,5.4170402e+04
 140.2994845,5.4170844e+04
 140.3199191,5.4161051e+04
 140.3403535,5.4153559e+04
 140.3607880,         null
 140.3812225,5.4151160e+04
 140.4016571,5.4153055e+04
 140.4220915,5.4155156e+04
 140.4425260,5.4173465e+04
 140.4629606,5.4136754e+04
 140.4833950,5.4156855e+04
 140.5038295,5.4147773e+04
 140.5242639,5.4150738e+04
 140.5446985,5.4153129e+04
 140.5651330,5.4155812e+04
 140.5855675,5.4136863e+04
 140.6060020,5.4135762e+04
 140.6264365,5.4123109e+04
 140.6468710,5.4121492e+04
 140.6673054,5.4144223e+04
 140.6877400,5.4130484e+04
 140.7081745,5.4134742e+04
 140.7286089,5.4126664e+04
 140.7490435,5.4127160e+04
 140.7694780,5.4118824e+04
 140.7899124,5.4127246e+04
 140.8103469,5.4129707e+04
 140.8307815,5.4108129e+04
 140.8512160,5.4114629e+04
 140.8716504,5.4120891e+04
 140.8920849,5.4116359e+04
 140.9125195,5.4116871e+04
 140.9329539,5.4102809e+04
 140.9533884,5.4095238e+04
 140.9738230,5.4098258e+04
 140.9942574,5.4096508e+04
 141.0146919,5.4100355e+04
 141.0351264,5.4107867e+04
 141.0555609,5.4105273e+04
 141.0759954,5.4100047e+04
 141.0964299,5.4107191e+04
 141.1168644,5.4111355e+04
 141.1372989,5.4087297e+04
 141.1577334,5.4096809e+04
 141.1781678,5.4089957e+04
 141.1986024,5.4078223e+04
 141.2190369,5.4080984e+04
 141.2394713,5.4117270e+04
 141.2599059,5.4079242e+04
 141.2803404,5.4075484e+04
 141.3007748,5.4074199e+04
 141.3212093,5.4068176e+04
 141.3416439,5.4063254e+04
 141.3620784,5.4075934e+04
 141.3825127,5.4054734e+04
 141.4029472,5.4086504e+04
 141.4233818,5.4061297e+04
 141.4438163,5.4054094e+04
 141.4642507,5.4056508e+04
 141.4846853,5.4046469e+04
 141.5051198,5.4031738e+04
 141.5255542,5.4048855e+04
 141.5459887,5.4029355e+04
 141.5664232,5.4052656e+04
 141.5868578,5.4018238e+04
 141.6072922,5.4028859e+04
 141.6277268,5.4030320e+04
 141.6481613,5.4034859e+04
 141.6685957,5.4018918e+04
 141.6890302,5.4027328e+04
 141.7094647,5.4016004e+04
 141.7298991,5.4015652e+04
 141.7503336,5.4023484e+04
 141.7707682,5.4005520e+04
 141.7912026,5.3988254e+04
 141.8116371,5.4010918e+04
 141.8320716,5.4003270e+04
 141.8525061,5.3985312e+04
 141.8729406,5.3990688e+04
 141.8933751,5.3988859e+04
 141.9138097,5.3989391e+04
 141.9342441,5.3991117e+04
 141.9546785,5.3985574e+04
 141.9751129,5.3962398e+04
 141.9955475,5.3984016e+04
 142.0159820,5.3979863e+04
 142.0364164,5.3971605e+04
 142.0568509,5.3955539e+04
 142.0772855,5.3974695e+04
 142.0977200,5.3952953e+04
 142.1181544,5.3970105e+04
 142.1385890,5.3960320e+04
 142.1590234,5.3954211e+04
 142.1794578,5.3959664e+04
 142.1998923,5.3945371e+04
 142.2203269,5.3953430e+04
 142.2407613,5.3957898e+04
 142.2611958,5.3935641e+04
 142.2816304,5.3916617e+04
 142.3020648,5.3910215e+04
 142.3224992,5.3925719e+04
 142.3429337,5.3922391e+04
 142.3633683,5.3928199e+04
 142.3838027,5.3917141e+04
 142.4042372,5.3927180e+04
 142.4246718,5.3935852e+04
 142.4451062,5.3908559e+04
 142.4655407,5.3916918e+04
 142.4859750,5.3914922e+04
 142.5064096,5.3915934e+04
 142.5268441,5.3914816e+04
 142.5472786,5.3906605e+04
 142.5677130,5.3915273e+04
 142.5881476,5.3896500e+04
 142.6085821,5.3905883e+04
 142.6290164,5.3886012e+04
 142.6494510,5.3907723e+04
 142.6698855,5.3901668e+04
 142.6903199,5.3897461e+04
 142.7107544,5.3893992e+04
 142.7311890,5.3890801e+04
 142.7516234,5.3897297e+04
 142.7720578,5.3889039e+04
 142.7924924,5.3895434e+04
 142.8129268,5.3877777e+04
 142.8333613,5.3878969e+04
 142.8537958,5.3885164e+04
 142.8742304,5.3874258e+04
 142.8946647,5.3874160e+04
 142.9150992,5.3879285e+04
 142.9355338,5.3876055e+04
 142.9559682,5.3873555e+04
 142.9764027,5.3878234e+04
 142.9968371,5.3880449e+04
 143.0172716,5.3862160e+04
 143.0377061,5.3868129e+04
 143.0581406,5.3878074e+04
 143.0785751,5.3860781e+04
 143.0990096,5.3864582e+04
 143.1194441,5.3875461e+04
 143.1398785,5.3865301e+04
 143.1603130,5.3860102e+04
 143.1807475,5.3850633e+04
 143.2011819,5.3843535e+04
 143.2216164,5.3841809e+04
 143.2420509,5.3832703e+04
 143.2624854,5.3840148e+04
 143.2829199,5.3842047e+04
 143.3033544,5.3825898e+04
 143.3237889,5.3833633e+04
 143.3442233,         null
 143.3646577,5.3827785e+04
 143.3850923,5.3821113e+04
 143.4055268,5.3816656e+04
 143.4259612,5.3834164e+04
 143.4463957,5.3829949e+04
 143.4668302,5.3819988e+04
 143.4872646,5.3825031e+04
 143.5076991,5.3805262e+04
 143.5281337,5.3813605e+04
 143.5485681,5.3813180e+04
 143.5690025,5.3802879e+04
 143.5894371,5.3792203e+04
 143.6098716,5.3780148e+04
 143.6303059,5.3788148e+04
 143.6507404,5.3789762e+04
 143.6711750,5.3794059e+04
 143.6916094,5.3781355e+04
 143.7120439,5.3776809e+04
 143.7324783,5.3786332e+04
 143.7529128,5.3777871e+04
 143.7733473,5.3783551e+04
 143.7937818,5.3765691e+04
 143.8142162,5.3767316e+04
 143.8346507,5.3757094e+04
 143.8550852,5.3754379e+04
 143.8755196,5.3764629e+04
 143.8959541,5.3768586e+04
 143.9163886,5.3756719e+04
 143.9368230,5.3763250e+04
 143.9572576,5.3757512e+04
 143.9776920,5.3744789e+04
 143.9981264,5.3754027e+04
 144.0185609,5.3738898e+04
 144.0389955,5.3745906e+04
 144.0594299,5.3752449e+04
 144.0798643,5.3727742e+04
 144.1002989,5.3731301e+04
 144.1207334,5.3716504e+04
 144.1411677,5.3718219e+04
 144.1616022,5.3712184e+04
 144.1820368,5.3707012e+04
 144.2024712,5.3702938e+04
 144.2229056,5.3712844e+04
 144.2433402,5.3695297e+04
 144.2637746,5.3694457e+04
 144.2842090,5.3683930e+04
 144.3046435,5.3681969e+04
 144.3250780,5.3690500e+04
 144.3455125,5.3677840e+04
 144.3659469,5.3680719e+04
 144.3863813,5.3671496e+04
 144.4068159,5.3691590e+04
 144.4272503,5.3650492e+04
 144.4476847,5.3674938e+04
 144.4681193,5.3676719e+04
 144.4885538,5.3660562e+04
 144.5089881,5.3653004e+04
 144.5294226,5.3665062e+04
 144.5498572,5.3662738e+04
 144.5702916,5.3638039e+04
 144.5907260,5.3647125e+04
 144.6111606,5.3644020e+04
 144.6315951,5.3631645e+04
 144.6520294,5.3636391e+04
 144.6724639,5.3636098e+04
 144.6928985,5.3633297e+04
 144.7133328,5.3631633e+04
 144.7337673,5.3620758e+04
 144.7542019,5.3632508e+04
 144.7746362,5.3610652e+04
 144.7950707,5.3612840e+04
 144.8155052,5.3607812e+04
 144.8359397,5.3605332e+04
 144.8563741,5.3610602e+04
 144.8768086,5.3591523e+04
 144.8972430,5.3585031e+04
 144.9176775,5.3581391e+04
 144.9381120,5.3566711e+04
 144.9585464,5.3598887e+04
 144.9789810,5.3593000e+04
 144.9994154,5.3594898e+04
 145.0198498,5.3582152e+04
 145.0402843,5.3582949e+04
 145.0607188,5.3568746e+04
 145.0811532,5.3565410e+04
 145.1015877,5.3580512e+04
 145.1220223,5.3584621e+04
 145.1424566,5.3570012e+04
 145.1628911,5.3580234e+04
 145.1833255,5.3589918e+04
 145.2037600,5.3556848e+04
 145.2241945,5.3556113e+04
 145.2446289,5.3557273e+04
 145.2650634,5.3550762e+04
 145.2854979,5.3554641e+04
 145.3059324,5.3559348e+04
 145.3263667,5.3554758e+04
 145.3468013,5.3562184e+04
 145.3672357,5.3548918e+04
 145.3876701,5.3549516e+04
 145.4081047,5.3542688e+04
 145.4285391,5.3542773e+04
 145.4489735,5.3535031e+04
 145.4694080,5.3543742e+04
 145.4898425,5.3546820e+04
 145.5102769,5.3541336e+04
 145.5307114,5.3538109e+04
 145.5511458,5.3538945e+04
 145.5715804,5.3536090e+04
 145.5920147,5.3524488e+04
 145.6124492,5.3532023e+04
 145.6328838,5.3532789e+04
 145.6533181,5.3516770e+04
 145.6737526,5.3533113e+04
 145.6941869,5.3532391e+04
 145.7146215,5.3514457e+04
 145.7350560,5.3532605e+04
 145.7554904,5.3530922e+04
 145.7759249,5.3528637e+04
 145.7963593,5.3522957e+04
 145.8167938,5.3530520e+04
 145.8372282,5.3529672e+04
 145.8576627,5.3526082e+04
 145.8780972,5.3513297e+04
 145.8985315,5.3523004e+04
 145.9189661,5.3522160e+04
 145.9394006,5.3524051e+04
 145.9598349,5.3521766e+04
 145.9802694,5.3511973e+04
 146.0007039,5.3512707e+04
 146.0211384,5.3516023e+04
 146.0415728,5.3515930e+04
 146.0620073,5.3523941e+04
 146.0824418,5.3528328e+04
 146.1028761,5.3516066e+04
 146.1233106,5.3508703e+04
 146.1437451,5.3543094e+04
 146.1641795,5.3531199e+04
 146.1846140,5.3525086e+04
 146.2050484,5.3511352e+04
 146.2254829,5.3509367e+04
 146.2459173,5.3510586e+04
 146.2663518,5.3515367e+04
 146.2867862,5.3516699e+04
 146.3072207,5.3516559e+04
 146.3276551,         null
 146.3480895,5.3534781e+04
 146.3685241,5.3525039e+04
 146.3889585,5.3507977e+04
 146.4093929,5.3525910e+04
 146.4298274,5.3530824e+04
 146.4502619,5.3521965e+04
 146.4706962,5.3523215e+04
 146.4911308,5.3528105e+04
 146.5115652,5.3510309e+04
 146.5319997,5.3514512e+04
 146.5524340,5.3521758e+04
 146.5728686,5.3507414e+04
 146.5933031,5.3517992e+04
 146.6137375,5.3516629e+04
 146.6341719,5.3512883e+04
 146.6546064,5.3512938e+04
 146.6750409,5.3511367e+04
 146.6954752,5.3507094e+04
 146.7159098,5.3517805e+04
 146.7363442,5.3518785e+04
 146.7567787,5.3528719e+04
 146.7772130,5.3488840e+04
 146.7976476,5.3482621e+04
 146.8180820,5.3474227e+04
 146.8385164,5.3482195e+04
 146.8589508,5.3484922e+04
 146.8793854,5.3493449e+04
 146.8998197,5.3479707e+04
 146.9202542,5.3491934e+04
 146.9406887,5.3491895e+04
 146.9611231,5.3527516e+04
 146.9815575,5.3531477e+04
 147.0019920,5.3521832e+04
 147.0224264,5.3521625e+04
 147.0428609,5.3524152e+04
 147.0632953,5.3527301e+04
 147.0837299,5.3537414e+04
 147.1041642,5.3526836e+04
 147.1245987,5.3540859e+04
 147.1450330,5.3536953e+04
 147.1654676,5.3537754e+04
 147.1859020,5.3540312e+04
 147.2063364,5.3537961e+04
 147.2267709,5.3541348e+04
 147.2472054,5.3527816e+04
 147.2676398,5.3537684e+04
 147.2880742,5.3533633e+04
 147.3085087,5.3531855e+04
 147.3289432,5.3545727e+04
 147.3493775,5.3554172e+04
 147.3698119,5.3546770e+04
 147.3902465,5.3547703e+04
 147.4106808,5.3555391e+04
 147.4311153,5.3558125e+04
 147.4515498,5.3561523e+04
 147.4719842,5.3555078e+04
 147.4924186,5.3553637e+04
 147.5128531,5.3539387e+04
 147.5332876,5.3543805e+04
 147.5537220,5.3541578e+04
 147.5741564,5.3540418e+04
 147.5945909,5.3547188e+04
 147.6150253,5.3550305e+04
 147.6354597,5.3563746e+04
 147.6558941,5.3561816e+04
 147.6763286,5.3552984e+04
 147.6967631,5.3565660e+04
 147.7171974,5.3565555e+04
 147.7376320,5.3562555e+04
 147.7580664,5.3564879e+04
 147.7785008,5.3565754e+04
 147.7989352,5.3568688e+04
 147.8193697,5.3580121e+04
 147.8398042,5.3566371e+04
 147.8602385,5.3574387e+04
 147.8806730,5.3573645e+04
 147.9011075,         null
 147.9215418,5.3587102e+04
 147.9419763,5.3581668e+04
 147.9624108,5.3591949e+04
 147.9828452,5.3591496e+04
 148.0032796,5.3593008e+04
 148.0237140,5.3617531e+04
 148.0441486,5.3586156e+04
 148.0645829,5.3596469e+04
 148.0850174,5.3593910e+04
 148.1054519,5.3600652e+04
 148.1258862,5.3603852e+04
 148.1463207,5.3594078e+04
 148.1667551,5.3602578e+04
 148.1871896,5.3605723e+04
 148.2076240,5.3600520e+04
 148.2280584,5.3599613e+04
 148.2484930,5.3627246e+04
 148.2689273,5.3619941e+04
 148.2893618,5.3614008e+04
 148.3097962,5.3632496e+04
 148.3302306,5.3636242e+04
 148.3506651,5.3625559e+04
 148.3710995,5.3635484e+04
 148.3915338,5.3644223e+04
 148.4119684,5.3642879e+04
 148.4324028,5.3648633e+04
 148.4528373,5.3649355e+04
 148.4732717,5.3675867e+04
 148.4937061,5.3655328e+04
 148.5141406,5.3646641e+04
 148.5345749,5.3664633e+04
 148.5550094,5.3661863e+04
 148.5754439,5.3648016e+04
 148.5958782,5.3649293e+04
 148.6163128,5.3667207e+04
 148.6367472,5.3677828e+04
 148.6571815,5.3672066e+04
 148.6776160,5.3680227e+04
 148.6980505,5.3682371e+04
 148.7184848,5.3680062e+04
 148.7389193,5.3669895e+04
 148.7593538,5.3697219e+04
 148.7797882,5.3688625e+04
 148.8002226,5.3692430e+04
 148.8206570,5.3677914e+04
 148.8410915,5.3695691e+04
 148.8615259,5.3693535e+04
 148.8819603,5.3696781e+04
 148.9023948,5.3713043e+04
 148.9228292,5.3712039e+04
 148.9432636,5.3709625e+04
 148.9636980,5.3722820e+04
 148.9841325,5.3713941e+04
 149.0045669,5.3719180e+04
 149.0250013,5.3730609e+04
 149.0454357,5.3735191e+04
 149.0658702,5.3728117e+04
 149.0863046,5.3728078e+04
 149.1067389,5.3732746e+04
 149.1271735,5.3728848e+04
 149.1476079,5.3717539e+04
 149.1680422,5.3739832e+04
 149.1884767,5.3742352e+04
 149.2089112,5.3745980e+04
 149.2293456,5.3748863e+04
 149.2497800,5.3765344e+04
 149.2702145,5.3738785e+04
 149.2906489,5.3749121e+04
 149.3110833,         null
 149.3315177,5.3749062e+04
 149.3519522,5.3752277e+04
 149.3723865,5.3758703e+04
 149.3928210,5.3759613e+04
 149.4132555,5.3755129e+04
 149.4336898,5.3769371e+04
 149.4541243,5.3772484e+04
 149.4745587,5.3773879e+04
 149.4949931,5.3777211e+04
 149.5154275,5.3785715e+04
 149.5358620,5.3764289e+04
 149.5562965,5.3764574e+04
 149.5767308,5.3783039e+04
 149.5971652,5.3765266e+04
 149.6175996,5.3764082e+04
 149.6380341,5.3769812e+04
 149.6584685,5.3783551e+04
 149.6789028,5.3779953e+04
 149.6993373,5.3795684e+04
 149.7197718,5.3795664e+04
 149.7402062,5.3801230e+04
 149.7606405,5.3789855e+04
 149.7810751,5.3780559e+04
 149.8015095,5.3797992e+04
 149.8219438,5.3793535e+04
 149.8423782,5.3784324e+04
 149.8628128,5.3778066e+04
 149.8832472,5.3796148e+04
 149.9036815,5.3796176e+04
 149.9241160,5.3792805e+04
 149.9445505,5.3798008e+04
 149.9649849,5.3800336e+04
 149.9854192,5.3794613e+04
 150.0058537,5.3796344e+04
 150.0262882,5.3792258e+04
 150.0467225,5.3799266e+04
 150.0671570,5.3791254e+04
 150.0875914,5.3794324e+04
 150.1080257,5.3792738e+04
 150.1284602,5.3797598e+04
 150.1488947,5.3794906e+04
 150.1693290,5.3804621e+04
 150.1897634,5.3793309e+04
 150.2101980,5.3813992e+04
 150.2306323,5.3788016e+04
 150.2510667,5.3811230e+04
 150.2715011,5.3794965e+04
 150.2919356,5.3800969e+04
 150.3123700,5.3814332e+04
 150.3328044,5.3818961e+04
 150.3532387,5.3817535e+04
 150.3736732,5.3802328e+04
 150.3941076,5.3798121e+04
 150.4145420,5.3821090e+04
 150.4349765,5.3955398e+04
 150.4554109,5.3801609e+04
 150.4758453,5.3813215e+04
 150.4962796,5.3818820e+04
 150.5167141,5.3816582e+04
 150.5371486,5.3810449e+04
 150.5575829,5.3805461e+04
 150.5780174,5.3819879e+04
 150.5984518,5.3803199e+04
 150.6188861,5.3817734e+04
 150.6393205,5.3810379e+04
 150.6597551,5.3818605e+04
 150.6801894,5.3802309e+04
 150.7006238,5.3837914e+04
 150.7210583,5.3812000e+04
 150.7414927,5.3820996e+04
 150.7619270,5.3813348e+04
 150.7823615,5.3820457e+04
 150.8027960,5.3831461e+04
 150.8232303,5.3827672e+04
 150.8436647,5.3819863e+04
 150.8640992,5.3831629e+04
 150.8845335,5.3823945e+04
 150.9049680,5.3821727e+04
 150.9254024,5.3828621e+04
 150.9458368,5.3827480e+04
 150.9662712,5.3840875e+04
 150.9867056,5.3816141e+04
 151.0071399,5.3819195e+04
 151.0275744,5.3828453e+04
 151.0480088,5.3831293e+04
 151.0684432,5.3848887e+04
 151.0888777,5.3825465e+04
 151.1093121,5.3837871e+04
 151.1297464,5.3821941e+04
 151.1501808,5.3836426e+04
 151.1706153,5.3819539e+04
 151.1910496,5.3840246e+04
 151.2114840,5.3836398e+04
 151.2319186,5.3842711e+04
 151.2523530,5.3821320e+04
 151.2727873,5.3830855e+04
 151.2932217,5.3831152e+04
 151.3136562,5.3839754e+04
 151.3340905,5.3831000e+04
 151.3545249,5.3829414e+04
 151.3749594,5.3834086e+04
 151.3953937,5.3841949e+04
 151.4158281,5.3821266e+04
 151.4362626,5.3841266e+04
 151.4566970,5.3833074e+04
 151.4771314,5.3832723e+04
 151.4975658,5.3825312e+04
 151.5180002,5.3835996e+04
 151.5384346,5.3840219e+04
 151.5588690,5.3840055e+04
 151.5793034,5.3854672e+04
 151.5997379,5.3840617e+04
 151.6201722,5.3845301e+04
 151.6406066,5.3849289e+04
 151.6610410,         null
 151.6814755,5.3851617e+04
 151.7019099,5.3858281e+04
 151.7223443,5.3856574e+04
 151.7427787,5.3867781e+04
 151.7632131,5.3868547e+04
 151.7836475,5.3863641e+04
 151.8040818,5.3864023e+04
 151.8245163,5.3856371e+04
 151.8449507,5.3871906e+04
 151.8653850,5.3874828e+04
 151.8858195,5.3882402e+04
 151.9062539,5.3882648e+04
 151.9266882,5.3873598e+04
 151.9471226,5.3881379e+04
 151.9675571,5.3891691e+04
 151.9879915,5.3891488e+04
 152.0084258,5.3904094e+04
 152.0288603,5.3900895e+04
 152.0492947,5.3913918e+04
 152.0697291,5.3905754e+04
 152.0901635,5.3931086e+04
 152.1105980,5.3917336e+04
 152.1310323,5.3921973e+04
 152.1514667,5.3913836e+04
 152.1719011,5.3909816e+04
 152.1923355,5.3923855e+04
 152.2127699,5.3919754e+04
 152.2332043,5.3936355e+04
 152.2536388,5.3931801e+04
 152.2740731,5.3933457e+04
 152.2945075,         null
 152.3149418,5.3924012e+04
 152.3353763,5.3930207e+04
 152.3558107,5.3939582e+04
 152.3762450,5.3937988e+04
 152.3966795,5.3954363e+04
 152.4171139,5.3953902e+04
 152.4375483,5.3947449e+04
 152.4579826,5.3968289e+04
 152.4784171,5.3948129e+04
 152.4988515,5.3963238e+04
 152.5192858,5.3983352e+04
 152.5397203,5.3973258e+04
 152.5601547,5.3964547e+04
 152.5805890,5.3976180e+04
 152.6010234,5.3963941e+04
 152.6214579,5.3984434e+04
 152.6418922,5.3993582e+04
 152.6623266,         null
 152.6827610,5.3989816e+04
 152.7031954,5.3988793e+04
 152.7236298,5.3993762e+04
 152.7440641,5.3985836e+04
 152.7644986,5.3988684e+04
 152.7849329,5.3993562e+04
 152.8053673,5.3993352e+04
 152.8258016,5.4014926e+04
 152.8462361,5.4033914e+04
 152.8666705,5.4019277e+04
 152.8871048,5.4033938e+04
 152.9075393,5.4036484e+04
 152.9279737,5.4044609e+04
 152.9484081,5.4028121e+04
 152.9688424,5.4037195e+04
 152.9892769,5.4038664e+04
 153.0097113,5.4053797e+04
 153.0301456,5.4073754e+04
 153.0505801,5.4059414e+04
 153.0710145,5.4082367e+04
 153.0914488,5.4071191e+04
 153.1118832,5.4059715e+04
 153.1323176,5.4086926e+04
 153.1527519,5.4089105e+04
 153.1731863,5.4091055e+04
 153.1936207,5.4100516e+04
 153.2140552,5.4105633e+04
 153.2344896,5.4096344e+04
 153.2549239,5.4124539e+04
 153.2753584,5.4114648e+04
 153.2957928,5.4119551e+04
 153.3162271,5.4118168e+04
 153.3366615,5.4135836e+04
 153.3570959,5.4132820e+04
 153.3775302,5.4141793e+04
 153.3979646,5.4133840e+04
 153.4183991,5.4141617e+04
 153.4388335,5.4133309e+04
 153.4592678,5.4161172e+04
 153.4797022,5.4152199e+04
 153.5001367,5.4164230e+04
 153.5205710,5.4169180e+04
 153.5410054,5.4148809e+04
 153.5614398,5.4158648e+04
 153.5818741,5.4182797e+04
 153.6023085,5.4185156e+04
 153.6227429,5.4182875e+04
 153.6431773,5.4187617e+04
 153.6636117,5.4180594e+04
 153.6840461,5.4181055e+04
 153.7044804,5.4183434e+04
 153.7249148,5.4199973e+04
 153.7453492,5.4201289e+04
 153.7657835,5.4211258e+04
 153.7862180,5.4221758e+04
 153.8066524,5.4210828e+04
 153.8270867,5.4220578e+04
 153.8475211,5.4216211e+04
 153.8679556,5.4218836e+04
 153.8883898,5.4217652e+04
 153.9088242,5.4247492e+04
 153.9292587,5.4231758e+04
 153.9496931,5.4219070e+04
 153.9701274,5.4232457e+04
 153.9905618,5.4238645e+04
 154.0109962,5.4244566e+04
 154.0314305,5.4239949e+04
 154.0518649,5.4245113e+04
 154.0722994,5.4231574e+04
 154.0927337,5.4227789e+04
 154.1131681,5.4239051e+04
 154.1336024,5.4255684e+04
 154.1540368,5.4238492e+04
 154.1744712,5.4251441e+04
 154.1949056,5.4252645e+04
 154.2153400,5.4269551e+04
 154.2357744,5.4269438e+04
 154.2562087,5.4272895e+04
 154.2766430,5.4258441e+04
 154.2970775,5.4284273e+04
 154.3175119,5.4267074e+04
 154.3379462,5.4269020e+04
 154.3583805,5.4269684e+04
 154.3788150,5.4276969e+04
 154.3992493,5.4281625e+04
 154.4196837,5.4269129e+04
 154.4401182,5.4268465e+04
 154.4605525,5.4282793e+04
 154.4809868,5.4282023e+04
 154.5014212,5.4275246e+04
 154.5218557,5.4280184e+04
 154.5422900,5.4279703e+04
 154.5627243,5.4281645e+04
 154.5831588,5.4284523e+04
 154.6035931,5.4277613e+04
 154.6240275,5.4268547e+04
 154.6444618,5.4290652e+04
 154.6648962,5.4292723e+04
 154.6853306,5.4293062e+04
 154.7057650,5.4298637e+04
 154.7261995,5.4279809e+04
 154.7466337,5.4287848e+04
 154.7670681,5.4285484e+04
 154.7875025,5.4302121e+04
 154.8079369,5.4278680e+04
 154.8283712,5.4281703e+04
 154.8488055,5.4295297e+04
 154.8692400,5.4302523e+04
 154.8896744,5.4282418e+04
 154.9101087,5.4294250e+04
 154.9305431,5.4292105e+04
 154.9509775,5.4284711e+04
 154.9714119,5.4287945e+04
 154.9918462,5.4293398e+04
 155.0122805,5.4297359e+04
 155.0327150,5.4301309e+04
 155.0531494,5.4281457e+04
 155.0735836,5.4282801e+04
 155.0940181,5.4282152e+04
 155.1144525,5.4279426e+04
 155.1348867,5.4281043e+04
 155.1553211,5.4290199e+04
 155.1757556,5.4281555e+04
 155.1961900,5.4297453e+04
 155.2166242,5.4288547e+04
 155.2370586,5.4272715e+04
 155.2574931,5.4273070e+04
 155.2779273,         null
 155.2983617,5.4287758e+04
 155.3187962,5.4278680e+04
 155.3392305,5.4264004e+04
 155.3596648,5.4284320e+04
 155.3800992,5.4265559e+04
 155.4005336,5.4259012e+04
 155.4209679,5.4257051e+04
 155.4414023,5.4249695e+04
 155.4618368,5.4268379e+04
 155.4822710,5.4246418e+04
 155.5027054,5.4255461e+04
 155.5231397,5.4270352e+04
 155.5435742,5.4256629e+04
 155.5640085,         null
 155.5844428,5.4252363e+04
 155.6048773,5.4243453e+04
 155.6253116,5.4256223e+04
 155.6457460,5.4235953e+04
 155.6661803,5.4262586e+04
 155.6866147,5.4251945e+04
 155.7070491,5.4246742e+04
 155.7274834,5.4234152e+04
 155.7479177,5.4240082e+04
 155.7683522,5.4240035e+04
 155.7887865,5.4238785e+04
 155.8092208,5.4231863e+04
 155.8296553,5.4249160e+04
 155.8500896,5.4218941e+04
 155.8705239,5.4244156e+04
 155.8909583,5.4233340e+04
 155.9113927,5.4227410e+04
 155.9318270,5.4218855e+04
 155.9522614,5.4225312e+04
 155.9726958,5.4229426e+04
 155.9931301,5.4216699e+04
 156.0135645,5.4226945e+04
 156.0339987,5.4211117e+04
 156.0544332,5.4209188e+04
 156.0748676,5.4218234e+04
 156.0953019,5.4220582e+04
 156.1157363,5.4207539e+04
 156.1361706,5.4220113e+04
 156.1566050,5.4232406e+04
 156.1770393,5.4207785e+04
 156.1974737,5.4227098e+04
 156.2179081,5.4199988e+04
 156.2383423,5.4211512e+04
 156.2587767,5.4201508e+04
 156.2792112,5.4201715e+04
 156.2996454,5.4203344e+04
 156.3200798,5.4192059e+04
 156.3405142,5.4188703e+04
 156.3609485,5.4191867e+04
 156.3813829,5.4187441e+04
 156.4018172,5.4200828e+04
 156.4222517,5.4193680e+04
 156.4426859,5.4187066e+04
 156.4631203,5.4184527e+04
 156.4835548,5.4171961e+04
 156.5039890,5.4180766e+04
 156.5244234,5.4194457e+04
 156.5448577,5.4196418e+04
 156.5652921,5.4172086e+04
 156.5857265,5.4168430e+04
 156.6061608,5.4167070e+04
 156.6265952,5.4175945e+04
 156.6470295,5.4160445e+04
 156.6674639,5.4162848e+04
 156.6878982,5.4157168e+04
 156.7083326,5.4147234e+04
 156.7287669,5.4128844e+04
 156.7492013,5.4135539e+04
 156.7696356,5.4156250e+04
 156.7900700,5.4132113e+04
 156.8105044,5.4135824e+04
 156.8309387,5.4131637e+04
 156.8513731,5.4126215e+04
 156.8718074,5.4128664e+04
 156.8922418,5.4097547e+04
 156.9126760,5.4111441e+04
 156.9331105,5.4119297e+04
 156.9535448,5.4088008e+04
 156.9739791,5.4090488e+04
 156.9944136,5.4086816e+04
 157.0148479,5.4098523e+04
 157.0352822,5.4093242e+04
 157.0557165,5.4090227e+04
 157.0761510,5.4092633e+04
 157.0965852,5.4093809e+04
 157.1170196,5.4074219e+04
 157.1374540,5.4075535e+04
 157.1578884,5.4074805e+04
 157.1783226,5.4062891e+04
 157.1987570,5.4068965e+04
 157.2191914,5.4067840e+04
 157.2396257,5.4071461e+04
 157.2600600,5.4053059e+04
 157.2804944,5.4075137e+04
 157.3009287,5.4060602e+04
 157.3213631,5.4048793e+04
 157.3417974,5.4040734e+04
 157.3622318,5.4039625e+04
 157.3826661,5.4046023e+04
 157.4031005,5.4042863e+04
 157.4235347,5.4025434e+04
 157.4439692,5.4028164e+04
 157.4644035,5.4027051e+04
 157.4848378,5.4033598e+04
 157.5052722,5.4024098e+04
 157.5257066,5.4014477e+04
 157.5461408,5.4024547e+04
 157.5665751,5.4025996e+04
 157.5870096,5.4013012e+04
 157.6074438,5.4010410e+04
 157.6278782,5.4006352e+04
 157.6483126,5.4002059e+04
 157.6687470,5.3989148e+04
 157.6891812,5.3991176e+04
 157.7096156,5.3983961e+04
 157.7300500,5.3982551e+04
 157.7504843,5.3977883e+04
 157.7709186,5.3966324e+04
 157.7913530,5.3966738e+04
 157.8117873,5.3984383e+04
 157.8322216,5.3972625e+04
 157.8526560,5.3962730e+04
 157.8730903,5.3960656e+04
 157.8935247,5.3955871e+04
 157.9139590,5.3951316e+04
 157.9343933,5.3952789e+04
 157.9548277,5.3949008e+04
 157.9752620,5.3948203e+04
 157.9956963,5.3943766e+04
 158.0161307,5.3934199e+04
 158.0365651,5.3915203e+04
 158.0569993,5.3917262e+04
 158.0774336,5.3933277e+04
 158.0978681,5.3935324e+04
 158.1183024,5.3914574e+04
 158.1387367,5.3915953e+04
 158.1591711,5.3930895e+04
 158.1796055,5.3933785e+04
 158.2000397,5.3915684e+04
 158.2204740,5.3917262e+04
 158.2409085,5.3915711e+04
 158.2613427,         null
 158.2817770,5.3910605e+04
 158.3022115,5.3917691e+04
 158.3226458,5.3912422e+04
 158.3430801,5.3895664e+04
 158.3635144,5.3896445e+04
 158.3839488,5.3898828e+04
 158.4043832,5.3896973e+04
 158.4248174,5.3872516e+04
 158.4452518,5.3882109e+04
 158.4656862,5.3883336e+04
 158.4861204,5.3877367e+04
 158.5065548,5.3889488e+04
 158.5269892,5.3862336e+04
 158.5474234,5.3864414e+04
 158.5678578,5.3873879e+04
 158.5882921,5.3864531e+04
 158.6087264,5.3880500e+04
 158.6291608,5.3859383e+04
 158.6495951,5.3849371e+04
 158.6700295,5.3854605e+04
 158.6904638,5.3839391e+04
 158.7108981,5.3857848e+04
 158.7313324,5.3845160e+04
 158.7517668,5.3854055e+04
 158.7722011,5.3854211e+04
 158.7926355,5.3823668e+04
 158.8130698,5.3825598e+04
 158.8335041,5.3842801e+04
 158.8539385,5.3820969e+04
 158.8743727,5.3808746e+04
 158.8948071,5.3821730e+04
 158.9152414,5.3820117e+04
 158.9356757,5.3820047e+04
 158.9561101,5.3807637e+04
 158.9765444,5.3811926e+04
 158.9969787,5.3803254e+04
 159.0174130,5.3807738e+04
 159.0378474,5.3799020e+04
 159.0582817,5.3788926e+04
 159.0787160,5.3814988e+04
 159.0991503,5.3791492e+04
 159.1195848,5.3785957e+04
 159.1400190,5.3798824e+04
 159.1604533,5.3789629e+04
 159.1808877,5.3785676e+04
 159.2013220,5.3786863e+04
 159.2217563,5.3775695e+04
 159.2421905,5.3770797e+04
 159.2626250,5.3758770e+04
 159.2830593,5.3760328e+04
 159.3034936,5.3749391e+04
 159.3239279,5.3754430e+04
 159.3443623,5.3737363e+04
 159.3647966,5.3743270e+04
 159.3852308,5.3749629e+04
 159.4056653,5.3744965e+04
 159.4260996,5.3752988e+04
 159.4465338,5.3735746e+04
 159.4669682,5.3746441e+04
 159.4874026,5.3731801e+04
 159.5078368,5.3733016e+04
 159.5282711,5.3722777e+04
 159.5487055,5.3730461e+04
 159.5691398,5.3720164e+04
 159.5895741,5.3742504e+04
 159.6100084,5.3721719e+04
 159.6304428,5.3723207e+04
 159.6508771,5.3717086e+04
 159.6713114,5.3697645e+04
 159.6917458,5.3699793e+04
 159.7121800,5.3717023e+04
 159.7326143,5.3699387e+04
 159.7530487,5.3698910e+04
 159.7734830,5.3688645e+04
 159.7939173,5.3677125e+04
 159.8143516,5.3681250e+04
 159.8347860,5.3692422e+04
 159.8552203,5.3674285e+04
 159.8756546,5.3656223e+04
 159.8960888,5.3665973e+04
 159.9165232,5.3658152e+04
 159.9369576,5.3669992e+04
 159.9573919,5.3664020e+04
 159.9778262,5.3651668e+04
 159.9982605,5.3637352e+04
 160.0186948,5.3645922e+04
 160.0391292,5.3645875e+04
 160.0595635,5.3629996e+04
 160.0799978,5.3652230e+04
 160.1004321,5.3638824e+04
 160.1208663,5.3645363e+04
 160.1413008,5.3633609e+04
 160.1617351,5.3634043e+04
 160.1821693,5.3631148e+04
 160.2026037,5.3612988e+04
 160.2230380,5.3619262e+04
 160.2434722,5.3635801e+04
 160.2639066,5.3613145e+04
 160.2843410,5.3597664e+04
 160.3047752,5.3630730e+04
 160.3252095,5.3600316e+04
 160.3456439,5.3592648e+04
 160.3660782,5.3596551e+04
 160.3865125,5.3625406e+04
 160.4069468,5.3584973e+04
 160.4273812,5.3587238e+04
 160.4478154,5.3587117e+04
 160.4682497,5.3593457e+04
 160.4886841,5.3587012e+04
 160.5091184,5.3582336e+04
 160.5295527,5.3577105e+04
 160.5499870,5.3566559e+04
 160.5704213,5.3571367e+04
 160.5908556,5.3578992e+04
 160.6112899,5.3566387e+04
 160.6317241,5.3553793e+04
 160.6521585,5.3563824e+04
 160.6725929,5.3538055e+04
 160.6930271,5.3555828e+04
 160.7134615,5.3566418e+04
 160.7338958,5.3559855e+04
 160.7543300,5.3541648e+04
 160.7747643,5.3532309e+04
 160.7951987,5.3540746e+04
 160.8156330,5.3530125e+04
 160.8360672,5.3554105e+04
 160.8565017,5.3521355e+04
 160.8769360,5.3547023e+04
 160.8973702,5.3530711e+04
 160.9178045,5.3527387e+04
 160.9382389,5.3527680e+04
 160.9586731,5.3512906e+04
 160.9791074,5.3520723e+04
 160.9995418,5.3500195e+04
 161.0199760,5.3505324e+04
 161.0404103,5.3497262e+04
 161.0608446,5.3500781e+04
 161.0812790,5.3492496e+04
 161.1017133,5.3491871e+04
 161.1221476,5.3495133e+04
 161.1425820,5.3498492e+04
 161.1630162,5.3478801e+04
 161.1834505,5.3483945e+04
 161.2038847,5.3470992e+04
 161.2243191,5.3474773e+04
 161.2447534,         null
 161.2651877,5.3472199e+04
 161.2856219,5.3466371e+04
 161.3060563,5.3485359e+04
 161.3264906,5.3472316e+04
 161.3469248,5.3464176e+04
 161.3673592,5.3477578e+04
 161.3877935,5.3462852e+04
 161.4082277,5.3461168e+04
 161.4286621,5.3434520e+04
 161.4490965,5.3448117e+04
 161.4695307,5.3446996e+04
 161.4899650,5.3456930e+04
 161.5103994,5.3453000e+04
 161.5308336,5.3445742e+04
 161.5512679,5.3451004e+04
 161.5717022,5.3442359e+04
 161.5921366,5.3436203e+04
 161.6125708,5.3441828e+04
 161.6330051,5.3434707e+04
 161.6534395,5.3428195e+04
 161.6738738,5.3431781e+04
 161.6943080,5.3423277e+04
 161.7147423,5.3425543e+04
 161.7351767,5.3423918e+04
 161.7556109,5.3414141e+04
 161.7760452,5.3415730e+04
 161.7964795,5.3417453e+04
 161.8169138,5.3408500e+04
 161.8373481,5.3414094e+04
 161.8577824,5.3409590e+04
 161.8782168,5.3416066e+04
 161.8986510,5.3416016e+04
 161.9190853,5.3401621e+04
 161.9395195,5.3407707e+04
 161.9599539,5.3404543e+04
 161.9803882,5.3400730e+04
 162.0008225,5.3397457e+04
 162.0212568,5.3402652e+04
 162.0416911,5.3407316e+04
 162.0621254,5.3396156e+04
 162.0825595,5.3400297e+04
 162.1029939,5.3394000e+04
 162.1234282,5.3408758e+04
 162.1438624,5.3397285e+04
 162.1642968,5.3398980e+04
 162.1847311,5.3386504e+04
 162.2051653,5.3392031e+04
 162.2255996,5.3395090e+04
 162.2460340,5.3400141e+04
 162.2664682,5.3406859e+04
 162.2869025,5.3390461e+04
 162.3073369,5.3389207e+04
 162.3277712,5.3395719e+04
 162.3482054,5.3388336e+04
 162.3686397,5.3380027e+04
 162.3890741,5.3385516e+04
 162.4095083,5.3379781e+04
 162.4299425,5.3372418e+04
 162.4503767,5.3380758e+04
 162.4708111,5.3375168e+04
 162.4912454,5.3365113e+04
 162.5116791,5.3380355e+04
 162.5321135,5.3372156e+04
 162.5525477,5.3381289e+04
 162.5729820,5.3381809e+04
 162.5934163,5.3371617e+04
 162.6138507,5.3377098e+04
 162.6342849,5.3370352e+04
 162.6547191,5.3376234e+04
 162.6751535,5.3370684e+04
 162.6955877,5.3375535e+04
 162.7160220,5.3395320e+04
 162.7364563,5.3360660e+04
 162.7568906,5.3368746e+04
 162.7773249,5.3381090e+04
 162.7977592,5.3374293e+04
 162.8181935,5.3360070e+04
 162.8386277,5.3361121e+04
 162.8590620,5.3370219e+04
 162.8794962,5.3348145e+04
 162.8999306,5.3354867e+04
 162.9203649,5.3366176e+04
 162.9407991,5.3351461e+04
 162.9612334,5.3369793e+04
 162.9816677,5.3354133e+04
 163.0021019,5.3359832e+04
 163.0225362,5.3349887e+04
 163.0429706,5.3336410e+04
 163.0634049,5.3358039e+04
 163.0838391,5.3351102e+04
 163.1042734,5.3341066e+04
 163.1247077,5.3342840e+04
 163.1451419,5.3367762e+04
 163.1655762,5.3364906e+04
 163.1860106,5.3355445e+04
 163.2064448,5.3353398e+04
 163.2268791,5.3341906e+04
 163.2473133,5.3345660e+04
 163.2677476,5.3338219e+04
 163.2881819,5.3323492e+04
 163.3086162,5.3346316e+04
 163.3290506,5.3353828e+04
 163.3494847,5.3323621e+04
 163.3699190,5.3318152e+04
 163.3903532,5.3336035e+04
 163.4107876,5.3353531e+04
 163.4312219,5.3339023e+04
 163.4516560,5.3337723e+04
 163.4720904,5.3345848e+04
 163.4925247,5.3343066e+04
 163.5129590,5.3361617e+04
 163.5333932,5.3354855e+04
 163.5538275,5.3356629e+04
 163.5742618,5.3352008e+04
 163.5946960,5.3377867e+04
 163.6151303,5.3358586e+04
 163.6355647,5.3351613e+04
 163.6559988,5.3359969e+04
 163.6764331,5.3367895e+04
 163.6968675,5.3369824e+04
 163.7173017,5.3354418e+04
 163.7377359,5.3352738e+04
 163.7581702,5.3370793e+04
 163.7786045,5.3376445e+04
 163.7990388,5.3369160e+04
 163.8194730,5.3386504e+04
 163.8399074,5.3369508e+04
 163.8603416,5.3369648e+04
 163.8807759,5.3364711e+04
 163.9012100,5.3381594e+04
 163.9216444,5.3388418e+04
 163.9420787,5.3377402e+04
 163.9625130,5.3387242e+04
 163.9829472,5.3365988e+04
 164.0033815,5.3384215e+04
 164.0238158,5.3392273e+04
 164.0442500,5.3383527e+04
 164.0646843,5.3389422e+04
 164.0851186,5.3388277e+04
 164.1055529,5.3394582e+04
 164.1259871,5.3395203e+04
 164.1464214,5.3392242e+04
 164.1668556,5.3405922e+04
 164.1872899,5.3406066e+04
 164.2077242,5.3409266e+04
 164.2281585,         null
 164.2485927,5.3424219e+04
 164.2690269,5.3405715e+04
 164.2894612,5.3422254e+04
 164.3098955,5.3416219e+04
 164.3303298,5.3407695e+04
 164.3507641,5.3425242e+04
 164.3711984,5.3438633e+04
 164.3916326,5.3420891e+04
 164.4120668,5.3434887e+04
 164.4325011,5.3418738e+04
 164.4529354,5.3442047e+04
 164.4733696,5.3446109e+04
 164.4938040,5.3460672e+04
 164.5142382,5.3460414e+04
 164.5346724,5.3476355e+04
 164.5551067,5.3442531e+04
 164.5755410,5.3407477e+04
 164.5959752,5.3407738e+04
 164.6164095,5.3403312e+04
 164.6368437,5.3422863e+04
 164.6572780,5.3439879e+04
 164.6777123,5.3442098e+04
 164.6981466,5.3436180e+04
 164.7185808,5.3460852e+04
 164.7390151,5.3501039e+04
 164.7594494,5.3494762e+04
 164.7798835,5.3514379e+04
 164.8003179,5.3521375e+04
 164.8207522,5.3520371e+04
 164.8411863,5.3524293e+04
 164.8616207,5.3528711e+04
 164.8820549,5.3527758e+04
 164.9024891,5.3524539e+04
 164.9229234,5.3517836e+04
 164.9433577,5.3529309e+04
 164.9637919,5.3525117e+04
 164.9842262,5.3520562e+04
