        TIME,  PDCSAP_FLUX
 131.5122894,2.4110389e+04
 131.5327239,2.4119271e+04
 131.5531583,2.4111316e+04
 131.5735926,2.4125795e+04
 131.5940270,2.4117055e+04
 131.6144615,2.4112654e+04
 131.6348959,2.4122131e+04
 131.6553303,2.4121496e+04
 131.6757648,2.4111660e+04
 131.6961992,2.4118637e+04
 131.7166335,2.4119932e+04
 131.7370679,2.4115152e+04
 131.7575025,2.4121203e+04
 131.7779368,2.4102939e+04
 131.7983712,2.4110189e+04
 131.8188057,2.4121865e+04
 131.8392400,2.4114557e+04
 131.8596744,2.4114404e+04
 131.8801089,2.4125018e+04
 131.9005433,2.4115316e+04
 131.9209777,2.4129125e+04
 131.9414121,2.4122188e+04
 131.9618465,2.4110922e+04
 131.9822809,2.4114398e+04
 132.0027154,2.4112240e+04
 132.0231497,2.4119035e+04
 132.0435842,2.4108264e+04
 132.0640186,2.4115215e+04
 132.0844529,2.4115768e+04
 132.1048873,2.4120070e+04
 132.1253218,2.4117908e+04
 132.1457562,2.4123750e+04
 132.1661906,2.4128357e+04
 132.1866251,2.4122074e+04
 132.2070595,2.4111824e+04
 132.2274938,2.4114020e+04
 132.2479282,2.4114457e+04
 132.2683627,2.4121750e+04
 132.2887971,2.4115211e+04
 132.3092315,2.4120793e+04
 132.3296660,2.4125250e+04
 132.3501003,2.4125502e+04
 132.3705347,2.4126258e+04
 132.3909691,2.4119955e+04
 132.4114035,2.4120105e+04
 132.4318380,2.4112562e+04
 132.4522724,2.4114305e+04
 132.4727069,2.4123846e+04
 132.4931412,2.4126344e+04
 132.5135756,2.4124002e+04
 132.5340099,2.4105391e+04
 132.5544444,2.4128748e+04
 132.5748789,2.4109604e+04
 132.5953132,2.4111709e+04
 132.6157477,2.4113543e+04
 132.6361821,2.4135598e+04
 132.6566165,2.4118100e+04
 132.6770508,2.4118826e+04
 132.6974853,2.4122279e+04
 132.7179197,2.4119156e+04
 132.7383541,2.4122322e+04
 132.7587886,2.4132416e+04
 132.7792230,2.4109365e+04
 132.7996573,2.4123189e+04
 132.8200917,2.4117168e+04
 132.8405262,2.4126898e+04
 132.8609605,2.4121240e+04
 132.8813949,2.4115922e+04
 132.9018295,2.4124566e+04
 132.9222638,2.4116076e+04
 132.9426982,2.4111219e+04
 132.9631326,2.4128299e+04
 132.9835671,2.4125113e+04
 133.0040014,2.4117070e+04
 133.0244358,2.4118963e+04
 133.0448702,2.4116793e+04
 133.0653047,2.4123244e+04
 133.0857391,2.4109496e+04
 133.1061735,2.4114246e+04
 133.1266079,2.4117359e+04
 133.1470423,2.4115441e+04
 133.1674767,2.4110650e+04
 133.1879111,2.4127174e+04
 133.2083456,2.4120295e+04
 133.2287800,2.4135727e+04
 133.2492144,2.4118096e+04
 133.2696488,2.4123928e+04
 133.2900832,2.4121041e+04
 133.3105176,2.4114098e+04
 133.3309519,2.4120787e+04
 133.3513864,2.4130506e+04
 133.3718208,2.4111719e+04
 133.3922552,2.4124910e+04
 133.4126897,2.4117547e+04
 133.4331241,2.4126160e+04
 133.4535585,2.4112916e+04
 133.4739928,2.4122895e+04
 133.4944273,2.4123691e+04
 133.5148617,2.4108051e+04
 133.5352960,2.4122633e+04
 133.5557305,2.4115164e+04
 133.5761649,2.4122010e+04
 133.5965992,2.4119814e+04
 133.6170337,2.4121789e+04
 133.6374682,2.4115307e+04
 133.6579026,2.4115414e+04
 133.6783369,2.4117826e+04
 133.6987714,2.4127619e+04
 133.7192058,2.4123689e+04
 133.7396401,2.4124439e+04
 133.7600745,2.4120141e+04
 133.7805090,2.4119342e+04
 133.8009433,2.4126541e+04
 133.8213778,2.4126084e+04
 133.8418122,2.4115211e+04
 133.8622466,2.4112229e+04
 133.8826810,2.4128658e+04
 133.9031154,2.4113951e+04
 133.9235498,2.4122070e+04
 133.9439842,2.4113275e+04
 133.9644186,2.4118838e+04
 133.9848529,2.4116086e+04
 134.0052874,2.4124354e+04
 134.0257218,2.4118859e+04
 134.0461561,2.4122176e+04
 134.0665907,2.4117539e+04
 134.0870251,2.4120188e+04
 134.1074594,2.4129381e+04
 134.1278938,2.4119424e+04
 134.1483283,2.4115939e+04
 134.1687627,2.4125322e+04
 134.1891970,2.4115811e+04
 134.2096315,2.4108561e+04
 134.2300659,2.4115010e+04
 134.2505002,2.4122266e+04
 134.2709346,2.4125861e+04
 134.2913691,2.4120900e+04
 134.3118035,2.4121504e+04
 134.3322379,2.4111189e+04
 134.3526724,2.4112373e+04
 134.3731067,2.4121287e+04
 134.3935411,         null
 134.4139755,2.4118033e+04
 134.4344099,2.4117133e+04
 134.4548443,2.4120400e+04
 134.4752787,2.4120547e+04
 134.4957132,2.4118736e+04
 134.5161475,2.4113291e+04
 134.5365819,2.4113156e+04
 134.5570162,2.4119988e+04
 134.5774507,2.4113121e+04
 134.5978851,2.4104734e+04
 134.6183195,2.4131658e+04
 134.6387539,2.4117557e+04
 134.6591884,2.4105027e+04
 134.6796228,2.4110932e+04
 134.7000572,2.4118619e+04
 134.7204916,2.4118373e+04
 134.7409260,2.4110865e+04
 134.7613603,2.4117930e+04
 134.7817947,2.4121930e+04
 134.8022292,2.4105199e+04
 134.8226636,2.4126342e+04
 134.8430979,2.4123822e+04
 134.8635324,2.4107932e+04
 134.8839668,2.4116596e+04
 134.9044012,2.4121607e+04
 134.9248355,2.4108936e+04
 134.9452700,2.4119422e+04
 134.9657045,2.4131805e+04
 134.9861388,2.4112547e+04
 135.0065733,2.4112078e+04
 135.0270077,2.4115010e+04
 135.0474420,2.4127670e+04
 135.0678764,2.4115939e+04
 135.0883109,2.4128205e+04
 135.1087452,2.4135760e+04
 135.1291796,2.4119025e+04
 135.1496141,2.4118078e+04
 135.1700485,2.4113516e+04
 135.1904828,2.4121068e+04
 135.2109172,2.4097697e+04
 135.2313517,2.4113545e+04
 135.2517860,2.4111236e+04
 135.2722204,2.4119342e+04
 135.2926547,2.4115271e+04
 135.3130892,2.4109285e+04
 135.3335236,2.4118408e+04
 135.3539579,2.4110715e+04
 135.3743924,2.4113445e+04
 135.3948268,2.4119643e+04
 135.4152612,2.4107820e+04
 135.4356956,2.4117766e+04
 135.4561301,2.4120037e+04
 135.4765645,2.4113119e+04
 135.4969988,2.4118307e+04
 135.5174333,2.4119744e+04
 135.5378677,2.4112922e+04
 135.5583020,2.4111475e+04
 135.5787364,2.4120406e+04
 135.5991709,2.4114225e+04
 135.6196052,2.4116326e+04
 135.6400396,2.4124760e+04
 135.6604741,2.4114619e+04
 135.6809085,2.4119498e+04
 135.7013428,2.4118232e+04
 135.7217772,2.4114039e+04
 135.7422117,2.4127613e+04
 135.7626460,2.4112572e+04
 135.7830804,2.4111004e+04
 135.8035149,2.4121121e+04
 135.8239492,2.4118002e+04
 135.8443836,2.4115086e+04
 135.8648180,2.4123689e+04
 135.8852524,2.4115172e+04
 135.9056868,2.4109252e+04
 135.9261212,2.4117865e+04
 135.9465555,2.4114570e+04
 135.9669900,2.4117275e+04
 135.9874244,2.4120111e+04
 136.0078587,2.4109779e+04
 136.0282932,2.4119131e+04
 136.0487276,2.4122043e+04
 136.0691619,2.4116955e+04
 136.0895963,2.4111074e+04
 136.1100308,2.4117086e+04
 136.1304652,2.4124449e+04
 136.1508995,2.4112127e+04
 136.1713340,2.4119736e+04
 136.1917684,2.4110973e+04
 136.2122027,2.4118117e+04
 136.2326371,2.4117389e+04
 136.2530716,2.4126684e+04
 136.2735059,2.4118639e+04
 136.2939403,2.4110244e+04
 136.3143748,2.4108883e+04
 136.3348091,2.4121281e+04
 136.3552435,2.4114045e+04
 136.3756779,2.4115404e+04
 136.3961123,2.4109598e+04
 136.4165467,2.4113465e+04
 136.4369811,2.4117137e+04
 136.4574156,2.4118717e+04
 136.4778499,2.4118650e+04
 136.4982843,2.4117885e+04
 136.5187187,2.4117953e+04
 136.5391531,2.4118268e+04
 136.5595875,2.4116188e+04
 136.5800219,2.4118252e+04
 136.6004563,2.4111627e+04
 136.6208907,2.4122840e+04
 136.6413251,2.4119982e+04
 136.6617595,2.4118727e+04
 136.6821939,2.4111703e+04
 136.7026283,2.4119498e+04
 136.7230627,2.4123316e+04
 136.7434970,2.4117354e+04
 136.7639315,2.4116980e+04
 136.7843659,2.4121346e+04
 136.8048002,2.4117047e+04
 136.8252347,2.4111572e+04
 136.8456691,2.4115568e+04
 136.8661035,2.4115641e+04
 136.8865378,2.4108760e+04
 136.9069723,2.4118424e+04
 136.9274067,2.4107902e+04
 136.9478410,2.4116965e+04
 136.9682755,2.4117020e+04
 136.9887099,2.4121533e+04
 137.0091442,2.4120760e+04
 137.0295786,2.4132396e+04
 137.0500131,2.4122133e+04
 137.0704474,2.4121668e+04
 137.0908818,2.4129182e+04
 137.1113162,2.4118012e+04
 137.1317505,2.4125033e+04
 137.1521849,2.4116553e+04
 137.1726193,2.4119908e+04
 137.1930538,2.4118295e+04
 137.2134881,2.4121789e+04
 137.2339225,2.4126068e+04
 137.2543568,2.4113398e+04
 137.2747913,2.4117377e+04
 137.2952257,2.4111316e+04
 137.3156600,2.4117229e+04
 137.3360945,2.4115223e+04
 137.3565289,2.4113803e+04
 137.3769633,         null
 137.3973976,2.4119035e+04
 137.4178321,2.4120598e+04
 137.4382665,2.4114893e+04
 137.4587008,2.4109611e+04
 137.4791353,2.4104139e+04
 137.4995697,2.4123738e+04
 137.5200040,2.4115045e+04
 137.5404384,2.4125234e+04
 137.5608728,2.4115334e+04
 137.5813071,2.4107752e+04
 137.6017415,2.4115154e+04
 137.6221760,2.4108123e+04
 137.6426104,2.4184119e+04
 137.6630447,2.4121395e+04
 137.6834791,2.4126184e+04
 137.7039136,2.4114240e+04
 137.7243479,2.4112771e+04
 137.7447823,2.4106314e+04
 137.7652168,2.4122408e+04
 137.7856511,2.4114070e+04
 137.8060855,2.4105562e+04
 137.8265198,2.4121803e+04
 137.8469543,2.4123246e+04
 137.8673887,2.4114721e+04
 137.8878231,2.4119613e+04
 137.9082573,2.4117193e+04
 137.9286918,2.4130008e+04
 137.9491262,2.4122857e+04
 137.9695605,2.4112213e+04
 137.9899950,2.4112555e+04
 138.0104294,2.4111977e+04
 138.0308637,2.4127006e+04
 138.0512981,2.4114529e+04
 138.0717326,2.4124602e+04
 138.0921670,2.4112826e+04
 138.1126013,2.4109289e+04
 138.1330358,2.4118506e+04
 138.1534702,2.4127797e+04
 138.1739044,2.4108803e+04
 138.1943388,2.4111420e+04
 138.2147733,2.4123635e+04
 138.2352077,2.4120453e+04
 138.2556420,2.4115281e+04
 138.2760765,2.4123750e+04
 138.2965109,2.4121906e+04
 138.3169452,2.4118535e+04
 138.3373796,2.4118184e+04
 138.3578141,2.4123557e+04
 138.3782485,2.4125908e+04
 138.3986828,2.4123111e+04
 138.4191172,2.4126883e+04
 138.4395516,2.4140869e+04
 138.4599859,2.4119555e+04
 138.4804203,2.4117629e+04
 138.5008548,2.4124885e+04
 138.5212891,2.4118598e+04
 138.5417235,2.4111107e+04
 138.5621579,2.4125061e+04
 138.5825923,2.4119682e+04
 138.6030267,2.4108256e+04
 138.6234610,2.4114340e+04
 138.6438954,2.4113945e+04
 138.6643298,2.4123477e+04
 138.6847642,2.4110322e+04
 138.7051985,2.4122262e+04
 138.7256330,2.4108189e+04
 138.7460674,2.4118773e+04
 138.7665017,2.4119857e+04
 138.7869362,2.4126596e+04
 138.8073706,2.4122932e+04
 138.8278048,2.4115971e+04
 138.8482392,2.4118635e+04
 138.8686737,2.4114666e+04
 138.8891081,2.4123312e+04
 138.9095424,2.4114871e+04
 138.9299769,2.4116219e+04
 138.9504113,2.4127688e+04
 138.9708456,2.4114266e+04
 138.9912800,2.4114146e+04
 139.0117144,2.4117766e+04
 139.0321487,2.4110529e+04
 139.0525831,2.4110984e+04
 139.0730176,2.4117227e+04
 139.0934519,2.4115238e+04
 139.1138863,2.4118035e+04
 139.1343207,2.4119545e+04
 139.1547551,2.4112553e+04
 139.1751894,2.4119785e+04
 139.1956238,2.4129150e+04
 139.2160581,2.4114916e+04
 139.2364926,2.4119256e+04
 139.2569270,2.4127801e+04
 139.2773613,2.4108846e+04
 139.2977958,2.4132336e+04
 139.3182302,2.4117051e+04
 139.3386645,2.4110379e+04
 139.3590988,2.4122762e+04
 139.3795333,2.4125689e+04
 139.3999677,2.4118973e+04
 139.4204020,2.4118287e+04
 139.4408365,2.4118826e+04
 139.4612709,2.4123217e+04
 139.4817051,2.4120582e+04
 139.5021395,2.4124627e+04
 139.5225740,2.4118508e+04
 139.5430083,2.4120840e+04
 139.5634427,2.4117127e+04
 139.5838772,2.4121770e+04
 139.6043115,2.4114551e+04
 139.6247458,2.4123012e+04
 139.6451802,2.4125326e+04
 139.6656147,2.4123871e+04
 139.6860490,2.4122711e+04
 139.7064834,2.4123031e+04
 139.7269178,2.4115857e+04
 139.7473522,2.4130646e+04
 139.7677865,2.4118811e+04
 139.7882209,2.4113756e+04
 139.8086553,2.4121844e+04
 139.8290897,2.4121609e+04
 139.8495241,2.4121588e+04
 139.8699585,2.4113535e+04
 139.8903928,2.4119668e+04
 139.9108272,2.4127459e+04
 139.9312616,2.4127604e+04
 139.9516961,2.4121311e+04
 139.9721304,2.4119254e+04
 139.9925648,2.4132703e+04
 140.0129990,2.4116539e+04
 140.0334335,2.4121654e+04
 140.0538679,2.4124355e+04
 140.0743023,2.4120113e+04
 140.0947367,2.4117510e+04
 140.1151711,2.4116039e+04
 140.1356054,2.4121486e+04
 140.1560397,2.4111160e+04
 140.1764742,2.4105303e+04
 140.1969086,2.4131195e+04
 140.2173429,2.4128951e+04
 140.2377774,2.4118355e+04
 140.2582117,2.4127969e+04
 140.2786460,2.4123633e+04
 140.2990804,2.4118418e+04
 140.3195149,2.4109896e+04
 140.3399492,2.4125801e+04
 140.3603835,         null
 140.3808179,2.4124598e+04
 140.4012524,2.4118049e+04
 140.4216867,2.4114010e+04
 140.4421211,2.4118725e+04
 140.4625556,2.4121961e+04
 140.4829898,2.4129885e+04
 140.5034242,2.4125402e+04
 140.5238585,2.4124443e+04
 140.5442930,2.4111701e+04
 140.5647274,2.4122961e+04
 140.5851617,2.4118637e+04
 140.6055961,2.4127773e+04
 140.6260305,2.4120986e+04
 140.6464649,2.4115242e+04
 140.6668992,2.4118834e+04
 140.6873336,2.4110393e+04
 140.7077680,2.4122992e+04
 140.7282023,2.4120248e+04
 140.7486368,2.4101656e+04
 140.7690712,2.4115428e+04
 140.7895054,2.4118127e+04
 140.8099398,2.4122309e+04
 140.8303743,2.4110699e+04
 140.8508087,2.4114637e+04
 140.8712430,2.4113934e+04
 140.8916773,2.4118238e+04
 140.9121118,2.4106814e+04
 140.9325461,2.4117500e+04
 140.9529805,2.4110303e+04
 140.9734150,2.4122445e+04
 140.9938492,2.4119094e+04
 141.0142836,2.4108994e+04
 141.0347180,2.4117268e+04
 141.0551524,2.4105578e+04
 141.0755867,2.4117896e+04
 141.0960211,2.4118828e+04
 141.1164555,2.4113141e+04
 141.1368899,2.4111225e+04
 141.1573243,2.4113105e+04
 141.1777585,2.4114576e+04
 141.1981930,2.4114898e+04
 141.2186274,2.4121172e+04
 141.2390617,2.4113355e+04
 141.2594961,2.4117283e+04
 141.2799305,2.4118973e+04
 141.3003648,2.4121006e+04
 141.3207992,2.4114475e+04
 141.3412337,2.4106721e+04
 141.3616680,2.4112033e+04
 141.3821023,2.4107773e+04
 141.4025367,2.4109547e+04
 141.4229712,2.4105266e+04
 141.4434055,2.4119020e+04
 141.4638398,2.4111164e+04
 141.4842743,2.4103318e+04
 141.5047087,2.4108693e+04
 141.5251429,2.4110631e+04
 141.5455773,2.4113998e+04
 141.5660117,2.4114164e+04
 141.5864462,2.4106242e+04
 141.6068804,2.4114836e+04
 141.6273149,2.4124289e+04
 141.6477493,2.4109471e+04
 141.6681836,2.4107613e+04
 141.6886179,2.4105133e+04
 141.7090524,2.4116812e+04
 141.7294867,2.4110658e+04
 141.7499211,2.4113307e+04
 141.7703555,2.4110209e+04
 141.7907898,2.4116051e+04
 141.8112242,2.4108889e+04
 141.8316586,2.4104510e+04
 141.8520929,2.4118252e+04
 141.8725273,2.4112318e+04
 141.8929617,2.4102896e+04
 141.9133962,2.4111324e+04
 141.9338304,2.4098945e+04
 141.9542648,2.4113297e+04
 141.9746991,2.4101963e+04
 141.9951336,2.4110803e+04
 142.0155679,2.4103102e+04
 142.0360022,2.4108574e+04
 142.0564366,2.4103742e+04
 142.0768711,2.4110582e+04
 142.0973054,2.4103252e+04
 142.1177397,2.4109850e+04
 142.1381742,2.4112857e+04
 142.1586085,2.4108861e+04
 142.1790428,2.4109555e+04
 142.1994772,2.4109711e+04
 142.2199117,2.4108955e+04
 142.2403459,2.4108184e+04
 142.2607803,2.4104824e+04
 142.2812148,2.4103891e+04
 142.3016491,2.4104941e+04
 142.3220834,2.4106818e+04
 142.3425178,2.4117783e+04
 142.3629523,2.4099477e+04
 142.3833865,2.4111568e+04
 142.4038209,2.4102301e+04
 142.4242554,2.4114676e+04
 142.4446897,2.4105766e+04
 142.4651240,2.4125434e+04
 142.4855583,2.4108713e+04
 142.5059928,2.4112771e+04
 142.5264271,2.4115941e+04
 142.5468615,2.4105475e+04
 142.5672958,2.4103031e+04
 142.5877302,2.4112006e+04
 142.6081646,2.4115010e+04
 142.6285989,2.4118781e+04
 142.6490334,2.4113756e+04
 142.6694677,2.4117055e+04
 142.6899020,2.4108406e+04
 142.7103364,2.4106807e+04
 142.7307708,2.4105117e+04
 142.7512051,2.4106920e+04
 142.7716395,2.4105773e+04
 142.7920739,2.4112307e+04
 142.8125082,2.4115891e+04
 142.8329426,2.4095709e+04
 142.8533770,2.4110043e+04
 142.8738114,2.4115676e+04
 142.8942457,2.4109098e+04
 142.9146801,2.4121715e+04
 142.9351145,2.4113449e+04
 142.9555488,2.4108586e+04
 142.9759832,2.4116828e+04
 142.9964174,2.4102039e+04
 143.0168519,2.4110346e+04
 143.0372863,2.4108551e+04
 143.0577206,2.4096910e+04
 143.0781550,2.4110992e+04
 143.0985894,2.4107266e+04
 143.1190237,2.4101043e+04
 143.1394581,2.4110805e+04
 143.1598925,2.4103758e+04
 143.1803268,2.4111014e+04
 143.2007611,2.4109986e+04
 143.2211955,2.4105377e+04
 143.2416299,2.4099977e+04
 143.2620643,2.4105400e+04
 143.2824987,2.4112924e+04
 143.3029330,2.4109773e+04
 143.3233674,2.4102766e+04
 143.3438018,         null
 143.3642360,2.4120936e+04
 143.3846705,2.4101822e+04
 143.4051049,2.4111246e+04
 143.4255391,2.4115209e+04
 143.4459736,2.4115547e+04
 143.4664080,2.4106232e+04
 143.4868422,2.4117670e+04
 143.5072766,2.4113076e+04
 143.5277111,2.4116584e+04
 143.5481454,2.4107738e+04
 143.5685797,2.4114953e+04
 143.5890142,2.4100494e+04
 143.6094485,2.4124309e+04
 143.6298828,2.4102859e+04
 143.6503172,2.4111281e+04
 143.6707516,2.4108910e+04
 143.6911859,2.4124801e+04
 143.7116203,2.4117115e+04
 143.7320546,2.4118893e+04
 143.7524890,2.4123307e+04
 143.7729233,2.4125414e+04
 143.7933577,2.4109893e+04
 143.8137921,2.4116643e+04
 143.8342264,2.4124311e+04
 143.8546608,2.4120211e+04
 143.8750951,2.4122908e+04
 143.8955295,2.4129531e+04
 143.9159639,2.4119096e+04
 143.9363982,2.4114863e+04
 143.9568326,2.4111730e+04
 143.9772670,2.4128178e+04
 143.9977012,2.4122500e+04
 144.0181356,2.4124666e+04
 144.0385701,2.4121229e+04
 144.0590044,2.4110432e+04
 144.0794387,2.4114086e+04
 144.0998732,2.4120211e+04
 144.1203075,2.4124100e+04
 144.1407418,2.4126445e+04
 144.1611761,2.4117125e+04
 144.1816106,2.4117291e+04
 144.2020449,2.4117115e+04
 144.2224792,2.4113512e+04
 144.2429137,2.4116436e+04
 144.2633479,2.4109176e+04
 144.2837823,2.4117012e+04
 144.3042167,2.4119859e+04
 144.3246510,2.4124705e+04
 144.3450854,2.4124164e+04
 144.3655197,2.4117686e+04
 144.3859540,2.4115613e+04
 144.4063885,2.4110852e+04
 144.4268228,2.4124865e+04
 144.4472571,2.4115555e+04
 144.4676915,2.4133770e+04
 144.4881259,2.4120947e+04
 144.5085602,2.4122785e+04
 144.5289945,2.4114371e+04
 144.5494290,2.4123045e+04
 144.5698633,2.4132223e+04
 144.5902976,2.4117158e+04
 144.6107321,2.4116203e+04
 144.6311664,2.4124289e+04
 144.6516007,2.4130543e+04
 144.6720350,2.4128564e+04
 144.6924695,2.4125053e+04
 144.7129038,2.4123133e+04
 144.7333381,2.4116662e+04
 144.7537726,2.4115182e+04
 144.7742068,2.4116197e+04
 144.7946412,2.4109584e+04
 144.8150756,2.4112781e+04
 144.8355100,2.4115871e+04
 144.8559443,2.4119232e+04
 144.8763786,2.4122879e+04
 144.8968130,2.4120068e+04
 144.9172473,2.4128752e+04
 144.9376817,2.4107156e+04
 144.9581161,2.4115609e+04
 144.9785505,2.4124820e+04
 144.9989848,2.4129752e+04
 145.0194191,2.4121891e+04
 145.0398535,2.4125906e+04
 145.0602878,2.4119369e+04
 145.0807222,2.4123732e+04
 145.1011566,2.4115654e+04
 145.1215910,2.4125385e+04
 145.1420253,2.4121158e+04
 145.1624596,2.4127459e+04
 145.1828939,2.4125303e+04
 145.2033283,2.4134738e+04
 145.2237627,2.4119869e+04
 145.2441969,2.4117180e+04
 145.2646314,2.4118754e+04
 145.2850658,2.4125582e+04
 145.3055001,2.4117416e+04
 145.3259344,2.4129490e+04
 145.3463688,2.4124818e+04
 145.3668032,2.4122209e+04
 145.3872374,2.4121637e+04
 145.4076719,2.4121062e+04
 145.4281062,2.4122266e+04
 145.4485405,2.4136936e+04
 145.4689748,2.4126322e+04
 145.4894093,2.4124916e+04
 145.5098436,2.4117330e+04
 145.5302779,2.4127621e+04
 145.5507123,2.4119119e+04
 145.5711467,2.4118309e+04
 145.5915810,2.4121592e+04
 145.6120153,2.4131586e+04
 145.6324498,2.4125500e+04
 145.6528840,2.4120330e+04
 145.6733184,2.4120121e+04
 145.6937526,2.4119762e+04
 145.7141871,2.4130311e+04
 145.7346214,2.4123891e+04
 145.7550558,2.4124393e+04
 145.7754901,2.4124717e+04
 145.7959245,2.4134984e+04
 145.8163589,2.4131271e+04
 145.8367931,2.4128566e+04
 145.8572276,2.4120539e+04
 145.8776619,2.4121998e+04
 145.8980962,2.4115891e+04
 145.9185306,2.4128004e+04
 145.9389650,2.4123908e+04
 145.9593992,2.4112297e+04
 145.9798336,2.4131033e+04
 146.0002680,2.4119090e+04
 146.0207024,2.4120428e+04
 146.0411366,2.4119436e+04
 146.0615711,2.4123379e+04
 146.0820054,2.4123666e+04
 146.1024397,2.4126340e+04
 146.1228740,2.4110027e+04
 146.1433085,2.4123941e+04
 146.1637427,2.4123445e+04
 146.1841771,2.4107498e+04
 146.2046114,2.4118424e+04
 146.2250458,2.4129336e+04
 146.2454801,2.4123918e+04
 146.2659145,2.4117846e+04
 146.2863488,2.4113160e+04
 146.3067832,2.4119953e+04
 146.3272175,         null
 146.3476518,2.4118674e+04
 146.3680862,2.4109791e+04
 146.3885206,2.4125725e+04
 146.4089548,2.4115393e+04
 146.4293893,2.4118938e+04
 146.4498236,2.4129105e+04
 146.4702579,2.4118514e+04
 146.4906923,2.4121859e+04
 146.5111267,2.4107936e+04
 146.5315610,2.4121658e+04
 146.5519953,2.4110963e+04
 146.5724297,2.4139268e+04
 146.5928640,2.4128727e+04
 146.6132984,2.4134271e+04
 146.6337326,2.4126188e+04
 146.6541671,2.4119732e+04
 146.6746014,2.4143471e+04
 146.6950357,2.4122092e+04
 146.7154701,2.4128943e+04
 146.7359045,2.4127402e+04
 146.7563388,2.4133434e+04
 146.7767731,2.4128113e+04
 146.7972075,2.4118039e+04
 146.8176419,2.4132221e+04
 146.8380761,2.4119232e+04
 146.8585105,2.4126010e+04
 146.8789449,2.4130357e+04
 146.8993791,2.4123250e+04
 146.9198135,2.4125096e+04
 146.9402479,2.4119734e+04
 146.9606822,2.4124475e+04
 146.9811165,2.4115346e+04
 147.0015509,2.4117363e+04
 147.0219852,2.4124008e+04
 147.0424196,2.4120977e+04
 147.0628539,2.4138098e+04
 147.0832883,2.4133141e+04
 147.1037226,2.4114494e+04
 147.1241569,2.4125234e+04
 147.1445912,2.4135236e+04
 147.1650256,2.4130078e+04
 147.1854600,2.4137820e+04
 147.2058942,2.4134242e+04
 147.2263287,2.4122680e+04
 147.2467630,2.4136510e+04
 147.2671973,2.4126699e+04
 147.2876316,2.4132463e+04
 147.3080660,2.4125295e+04
 147.3285004,2.4135297e+04
 147.3489346,2.4132523e+04
 147.3693690,2.4125461e+04
 147.3898034,2.4127424e+04
 147.4102376,2.4132100e+04
 147.4306720,2.4118346e+04
 147.4511064,2.4131904e+04
 147.4715407,2.4122434e+04
 147.4919750,2.4123570e+04
 147.5124094,2.4126396e+04
 147.5328438,2.4131105e+04
 147.5532780,2.4127252e+04
 147.5737124,2.4127475e+04
 147.5941468,2.4128975e+04
 147.6145811,2.4117680e+04
 147.6350154,2.4120018e+04
 147.6554496,2.4122199e+04
 147.6758841,2.4130508e+04
 147.6963184,2.4132324e+04
 147.7167527,2.4128090e+04
 147.7371871,2.4121664e+04
 147.7576214,2.4128352e+04
 147.7780558,2.4127617e+04
 147.7984900,2.4120984e+04
 147.8189245,2.4132926e+04
 147.8393588,2.4127373e+04
 147.8597930,2.4131346e+04
 147.8802274,2.4123438e+04
 147.9006618,         null
 147.9210961,2.4128924e+04
 147.9415304,2.4130205e+04
 147.9619648,2.4139168e+04
 147.9823991,2.4126572e+04
 148.0028334,2.4130686e+04
 148.0232678,2.4143172e+04
 148.0437022,2.4124389e+04
 148.0641364,2.4132428e+04
 148.0845708,2.4122992e+04
 148.1050052,2.4117533e+04
 148.1254394,2.4126066e+04
 148.1458738,2.4122094e+04
 148.1663081,2.4129359e+04
 148.1867425,2.4126617e+04
 148.2071768,2.4131350e+04
 148.2276111,2.4123590e+04
 148.2480456,2.4127447e+04
 148.2684798,2.4109291e+04
 148.2889141,2.4121838e+04
 148.3093485,2.4127287e+04
 148.3297828,2.4125889e+04
 148.3502172,2.4131967e+04
 148.3706515,2.4124557e+04
 148.3910857,2.4130604e+04
 148.4115202,2.4132617e+04
 148.4319545,2.4145297e+04
 148.4523888,2.4119652e+04
 148.4728232,2.4124707e+04
 148.4932575,2.4135807e+04
 148.5136918,2.4113992e+04
 148.5341261,2.4115102e+04
 148.5545605,2.4116113e+04
 148.5749948,2.4127018e+04
 148.5954291,2.4131436e+04
 148.6158635,2.4134260e+04
 148.6362979,2.4123674e+04
 148.6567321,2.4119658e+04
 148.6771664,2.4127949e+04
 148.6976009,2.4136137e+04
 148.7180351,2.4126588e+04
 148.7384694,2.4119338e+04
 148.7589039,2.4120875e+04
 148.7793382,2.4132500e+04
 148.7997724,2.4123832e+04
 148.8202068,2.4121039e+04
 148.8406412,2.4127906e+04
 148.8610754,2.4121490e+04
 148.8815098,2.4121990e+04
 148.9019442,2.4142705e+04
 148.9223784,2.4120162e+04
 148.9428128,2.4120859e+04
 148.9632471,2.4132191e+04
 148.9836814,2.4122998e+04
 149.0041158,2.4128488e+04
 149.0245501,2.4128748e+04
 149.0449843,2.4122957e+04
 149.0654188,2.4121434e+04
 149.0858531,2.4128094e+04
 149.1062873,2.4133422e+04
 149.1267217,2.4123203e+04
 149.1471561,2.4118328e+04
 149.1675903,2.4112260e+04
 149.1880246,2.4139650e+04
 149.2084591,2.4129480e+04
 149.2288934,2.4121789e+04
 149.2493276,2.4129080e+04
 149.2697621,2.4120387e+04
 149.2901964,2.4126197e+04
 149.3106306,         null
 149.3310650,2.4122535e+04
 149.3514994,2.4125146e+04
 149.3719336,2.4126316e+04
 149.3923679,2.4129613e+04
 149.4128024,2.4128615e+04
 149.4332366,2.4124814e+04
 149.4536709,2.4120523e+04
 149.4741053,2.4130244e+04
 149.4945396,2.4130467e+04
 149.5149739,2.4126225e+04
 149.5354082,2.4120340e+04
 149.5558427,2.4120336e+04
 149.5762769,2.4136678e+04
 149.5967112,2.4118783e+04
 149.6171455,2.4121684e+04
 149.6375799,2.4126541e+04
 149.6580142,2.4117701e+04
 149.6784484,2.4118291e+04
 149.6988828,2.4124553e+04
 149.7193172,2.4126975e+04
 149.7397515,2.4118990e+04
 149.7601858,2.4124457e+04
 149.7806202,2.4112617e+04
 149.8010545,2.4119357e+04
 149.8214887,2.4116891e+04
 149.8419231,2.4123193e+04
 149.8623575,2.4121363e+04
 149.8827918,2.4123732e+04
 149.9032260,2.4124184e+04
 149.9236605,2.4116160e+04
 149.9440948,2.4113867e+04
 149.9645291,2.4121076e+04
 149.9849633,2.4108779e+04
 150.0053978,2.4104656e+04
 150.0258321,2.4113998e+04
 150.0462663,2.4119291e+04
 150.0667007,2.4125498e+04
 150.0871351,2.4122129e+04
 150.1075693,2.4120111e+04
 150.1280036,2.4118934e+04
 150.1484380,2.4116402e+04
 150.1688723,2.4112176e+04
 150.1893066,2.4117250e+04
 150.2097410,2.4119904e+04
 150.2301752,2.4117438e+04
 150.2506096,2.4109588e+04
 150.2710439,2.4121711e+04
 150.2914783,2.4117324e+04
 150.3119125,2.4120906e+04
 150.3323469,2.4118613e+04
 150.3527811,2.4114676e+04
 150.3732155,2.4115332e+04
 150.3936498,2.4121062e+04
 150.4140841,2.4111188e+04
 150.4345185,2.4110885e+04
 150.4549528,2.4113053e+04
 150.4753871,2.4120965e+04
 150.4958213,2.4129580e+04
 150.5162558,2.4121043e+04
 150.5366901,2.4112682e+04
 150.5571243,2.4108051e+04
 150.5775587,2.4122926e+04
 150.5979930,2.4116393e+04
 150.6184273,2.4111523e+04
 150.6388616,2.4124289e+04
 150.6592960,2.4127746e+04
 150.6797302,2.4112783e+04
 150.7001646,2.4119080e+04
 150.7205990,2.4122953e+04
 150.7410333,2.4116070e+04
 150.7614675,2.4118957e+04
 150.7819018,2.4127102e+04
 150.8023363,2.4118100e+04
 150.8227705,2.4121199e+04
 150.8432048,2.4120219e+04
 150.8636392,2.4116473e+04
 150.8840734,2.4121494e+04
 150.9045078,2.4130299e+04
 150.9249421,2.4116086e+04
 150.9453764,2.4112111e+04
 150.9658107,2.4127408e+04
 150.9862450,2.4141984e+04
 151.0066793,2.4125256e+04
 151.0271137,2.4113969e+04
 151.0475480,2.4118535e+04
 151.0679822,2.4120559e+04
 151.0884166,2.4136270e+04
 151.1088509,2.4126992e+04
 151.1292852,2.4120572e+04
 151.1497195,2.4126301e+04
 151.1701539,2.4124648e+04
 151.1905881,2.4135627e+04
 151.2110224,2.4127803e+04
 151.2314568,2.4129756e+04
 151.2518912,2.4120713e+04
 151.2723254,2.4130443e+04
 151.2927597,2.4122650e+04
 151.3131941,2.4120314e+04
 151.3336283,2.4113045e+04
 151.3540626,2.4127580e+04
 151.3744971,2.4122453e+04
 151.3949313,2.4118414e+04
 151.4153656,2.4123174e+04
 151.4357999,2.4128668e+04
 151.4562342,2.4124824e+04
 151.4766685,2.4119891e+04
 151.4971029,2.4110902e+04
 151.5175372,2.4114379e+04
 151.5379715,2.4132809e+04
 151.5584058,2.4121963e+04
 151.5788401,2.4120361e+04
 151.5992745,2.4122510e+04
 151.6197087,2.4117625e+04
 151.6401431,2.4113801e+04
 151.6605774,         null
 151.6810117,2.4113355e+04
 151.7014460,2.4123596e+04
 151.7218803,2.4119559e+04
 151.7423146,2.4129127e+04
 151.7627489,2.4127316e+04
 151.7831833,2.4122283e+04
 151.8036175,2.4128605e+04
 151.8240519,2.4114008e+04
 151.8444862,2.4120418e+04
 151.8649204,2.4116762e+04
 151.8853548,2.4121631e+04
 151.9057891,2.4137568e+04
 151.9262233,2.4127592e+04
 151.9466577,2.4117203e+04
 151.9670921,2.4110875e+04
 151.9875264,2.4115609e+04
 152.0079606,2.4128027e+04
 152.0283950,2.4112344e+04
 152.0488293,2.4114979e+04
 152.0692635,2.4128844e+04
 152.0896978,2.4120297e+04
 152.1101322,2.4116896e+04
 152.1305665,2.4125434e+04
 152.1510008,2.4127051e+04
 152.1714351,2.4118205e+04
 152.1918694,2.4133043e+04
 152.2123037,2.4114361e+04
 152.2327380,2.4127836e+04
 152.2531724,2.4123057e+04
 152.2736066,2.4119215e+04
 152.2940409,         null
 152.3144751,2.4122857e+04
 152.3349096,2.4128305e+04
 152.3553439,2.4125793e+04
 152.3757781,2.4121512e+04
 152.3962125,2.4125680e+04
 152.4166468,2.4124969e+04
 152.4370811,2.4125025e+04
 152.4575153,2.4123127e+04
 152.4779497,2.4122578e+04
 152.4983840,2.4123652e+04
 152.5188182,2.4110803e+04
 152.5392526,2.4123230e+04
 152.5596870,2.4117240e+04
 152.5801212,2.4121752e+04
 152.6005555,2.4123303e+04
 152.6209899,2.4122660e+04
 152.6414241,2.4121242e+04
 152.6618584,         null
 152.6822927,2.4127408e+04
 152.7027270,2.4118508e+04
 152.7231613,2.4109152e+04
 152.7435956,2.4117146e+04
 152.7640300,2.4121004e+04
 152.7844642,2.4114732e+04
 152.8048985,2.4121076e+04
 152.8253327,2.4119225e+04
 152.8457671,2.4128084e+04
 152.8662014,2.4123807e+04
 152.8866357,2.4120963e+04
 152.9070701,2.4131008e+04
 152.9275044,2.4119699e+04
 152.9479387,2.4121400e+04
 152.9683729,2.4132531e+04
 152.9888073,2.4112053e+04
 153.0092416,2.4108684e+04
 153.0296758,2.4118252e+04
 153.0501102,2.4116953e+04
 153.0705445,2.4116432e+04
 153.0909787,2.4126465e+04
 153.1114130,2.4118262e+04
 153.1318474,2.4118848e+04
 153.1522816,2.4123756e+04
 153.1727159,2.4112758e+04
 153.1931502,2.4125945e+04
 153.2135846,2.4126426e+04
 153.2340189,2.4111295e+04
 153.2544531,2.4112068e+04
 153.2748875,2.4106885e+04
 153.2953218,2.4115521e+04
 153.3157560,2.4114812e+04
 153.3361903,2.4113633e+04
 153.3566246,2.4113924e+04
 153.3770589,2.4113082e+04
 153.3974932,2.4112859e+04
 153.4179276,2.4113516e+04
 153.4383619,2.4114482e+04
 153.4587961,2.4118762e+04
 153.4792304,2.4123406e+04
 153.4996648,2.4111695e+04
 153.5200990,2.4102816e+04
 153.5405333,2.4110859e+04
 153.5609677,2.4117258e+04
 153.5814019,2.4110506e+04
 153.6018362,2.4114721e+04
 153.6222705,2.4115904e+04
 153.6427048,2.4116141e+04
 153.6631391,2.4130820e+04
 153.6835734,2.4115650e+04
 153.7040076,2.4122422e+04
 153.7244420,2.4113027e+04
 153.7448763,2.4120002e+04
 153.7653105,2.4118363e+04
 153.7857449,2.4124295e+04
 153.8061792,2.4128793e+04
 153.8266134,2.4119764e+04
 153.8470477,2.4137730e+04
 153.8674821,2.4136752e+04
 153.8879163,2.4123084e+04
 153.9083506,2.4125982e+04
 153.9287850,2.4114797e+04
 153.9492193,2.4128945e+04
 153.9696535,2.4131980e+04
 153.9900878,2.4117373e+04
 154.0105222,2.4120457e+04
 154.0309564,2.4129699e+04
 154.0513907,2.4121869e+04
 154.0718251,2.4117307e+04
 154.0922593,2.4115119e+04
 154.1126936,2.4121867e+04
 154.1331279,2.4123883e+04
 154.1535622,2.4119734e+04
 154.1739965,2.4130393e+04
 154.1944308,2.4122799e+04
 154.2148651,2.4123834e+04
 154.2352994,2.4106920e+04
 154.2557337,2.4124420e+04
 154.2761679,2.4123936e+04
 154.2966023,2.4116225e+04
 154.3170366,2.4126814e+04
 154.3374707,2.4126031e+04
 154.3579050,2.4120689e+04
 154.3783394,2.4123391e+04
 154.3987736,2.4124811e+04
 154.4192079,2.4120064e+04
 154.4396423,2.4113652e+04
 154.4600766,2.4134188e+04
 154.4805108,2.4124824e+04
 154.5009451,2.4130154e+04
 154.5213795,2.4123227e+04
 154.5418137,2.4113898e+04
 154.5622480,2.4127715e+04
 154.5826824,2.4120637e+04
 154.6031166,2.4127064e+04
 154.6235509,2.4114127e+04
 154.6439851,2.4129398e+04
 154.6644194,2.4117426e+04
 154.6848537,2.4114314e+04
 154.7052880,2.4118305e+04
 154.7257224,2.4109039e+04
 154.7461566,2.4118029e+04
 154.7665909,2.4117379e+04
 154.7870252,2.4120311e+04
 154.8074595,2.4125312e+04
 154.8278938,2.4111568e+04
 154.8483280,2.4124008e+04
 154.8687624,2.4118182e+04
 154.8891966,2.4121859e+04
 154.9096309,2.4123732e+04
 154.9300652,2.4126219e+04
 154.9504995,2.4118629e+04
 154.9709338,2.4108643e+04
 154.9913681,2.4118154e+04
 155.0118023,2.4114607e+04
 155.0322367,2.4123135e+04
 155.0526710,2.4129922e+04
 155.0731052,2.4126834e+04
 155.0935395,2.4130799e+04
 155.1139738,2.4112100e+04
 155.1344080,2.4120256e+04
 155.1548423,2.4130365e+04
 155.1752767,2.4125043e+04
 155.1957110,2.4123969e+04
 155.2161452,2.4122223e+04
 155.2365795,2.4122658e+04
 155.2570138,2.4128555e+04
 155.2774480,         null
 155.2978823,2.4116615e+04
 155.3183167,2.4123379e+04
 155.3387509,2.4123086e+04
 155.3591852,2.4127762e+04
 155.3796195,2.4121992e+04
 155.4000538,2.4130014e+04
 155.4204880,2.4125875e+04
 155.4409223,2.4119498e+04
 155.4613567,2.4119695e+04
 155.4817909,2.4118414e+04
 155.5022252,2.4120238e+04
 155.5226594,2.4130926e+04
 155.5430938,2.4128090e+04
 155.5635280,         null
 155.5839622,2.4121234e+04
 155.6043966,2.4123684e+04
 155.6248309,2.4127926e+04
 155.6452652,2.4132879e+04
 155.6656994,2.4120654e+04
 155.6861337,2.4119914e+04
 155.7065680,2.4125506e+04
 155.7270022,2.4121770e+04
 155.7474365,2.4125156e+04
 155.7678709,2.4123686e+04
 155.7883051,2.4112205e+04
 155.8087394,2.4118809e+04
 155.8291737,2.4131367e+04
 155.8496079,2.4134180e+04
 155.8700422,2.4122029e+04
 155.8904765,2.4122053e+04
 155.9109109,2.4122736e+04
 155.9313450,2.4129320e+04
 155.9517793,2.4127465e+04
 155.9722137,2.4128934e+04
 155.9926479,2.4119734e+04
 156.0130822,2.4120861e+04
 156.0335164,2.4114475e+04
 156.0539507,2.4121736e+04
 156.0743850,2.4106414e+04
 156.0948193,2.4130934e+04
 156.1152536,2.4139516e+04
 156.1356879,2.4125605e+04
 156.1561221,2.4123756e+04
 156.1765563,2.4123383e+04
 156.1969907,2.4128717e+04
 156.2174250,2.4121404e+04
 156.2378592,2.4120012e+04
 156.2582934,2.4130480e+04
 156.2787278,2.4122199e+04
 156.2991620,2.4131705e+04
 156.3195963,2.4126227e+04
 156.3400307,2.4121209e+04
 156.3604648,2.4123941e+04
 156.3808991,2.4121006e+04
 156.4013334,2.4121820e+04
 156.4217678,2.4113639e+04
 156.4422020,2.4132443e+04
 156.4626362,2.4126361e+04
 156.4830706,2.4117447e+04
 156.5035048,2.4112088e+04
 156.5239391,2.4126090e+04
 156.5443733,2.4122330e+04
 156.5648076,2.4115229e+04
 156.5852419,2.4126740e+04
 156.6056762,2.4117076e+04
 156.6261105,2.4116402e+04
 156.6465447,2.4121260e+04
 156.6669790,2.4115914e+04
 156.6874133,2.4128113e+04
 156.7078476,2.4117949e+04
 156.7282818,2.4117521e+04
 156.7487161,2.4119020e+04
 156.7691503,2.4114031e+04
 156.7895847,2.4119469e+04
 156.8100189,2.4121920e+04
 156.8304532,2.4123086e+04
 156.8508875,2.4120268e+04
 156.8713218,2.4115617e+04
 156.8917560,2.4123414e+04
 156.9121902,2.4126074e+04
 156.9326246,2.4109049e+04
 156.9530589,2.4120879e+04
 156.9734930,2.4129098e+04
 156.9939274,2.4124619e+04
 157.0143617,2.4122961e+04
 157.0347959,2.4125557e+04
 157.0552301,2.4117814e+04
 157.0756645,2.4122172e+04
 157.0960987,2.4128738e+04
 157.1165329,2.4120443e+04
 157.1369673,2.4125102e+04
 157.1574016,2.4130553e+04
 157.1778358,2.4116279e+04
 157.1982700,2.4127695e+04
 157.2187044,2.4123748e+04
 157.2391386,2.4116562e+04
 157.2595729,2.4113227e+04
 157.2800071,2.4112045e+04
 157.3004414,2.4119906e+04
 157.3208757,2.4118395e+04
 157.3413099,2.4109922e+04
 157.3617442,2.4116070e+04
 157.3821785,2.4121949e+04
 157.4026128,2.4121082e+04
 157.4230469,2.4114520e+04
 157.4434813,2.4133080e+04
 157.4639156,2.4119330e+04
 157.4843497,2.4114996e+04
 157.5047841,2.4110414e+04
 157.5252184,2.4129287e+04
 157.5456525,2.4119516e+04
 157.5660868,2.4118635e+04
 157.5865212,2.4119891e+04
 157.6069553,2.4123227e+04
 157.6273896,2.4129984e+04
 157.6478240,2.4118990e+04
 157.6682583,2.4108799e+04
 157.6886924,2.4111010e+04
 157.7091267,2.4128812e+04
 157.7295611,2.4129113e+04
 157.7499952,2.4118951e+04
 157.7704295,2.4117348e+04
 157.7908639,2.4118570e+04
 157.8112980,2.4126168e+04
 157.8317323,2.4121131e+04
 157.8521666,2.4116328e+04
 157.8726008,2.4108963e+04
 157.8930351,2.4116010e+04
 157.9134694,2.4128539e+04
 157.9339035,2.4122396e+04
 157.9543379,2.4113271e+04
 157.9747722,2.4123920e+04
 157.9952063,2.4122994e+04
 158.0156407,2.4114449e+04
 158.0360750,2.4116895e+04
 158.0565091,2.4113365e+04
 158.0769434,2.4117045e+04
 158.0973778,2.4106035e+04
 158.1178120,2.4111143e+04
 158.1382462,2.4121285e+04
 158.1586805,2.4114207e+04
 158.1791148,2.4117332e+04
 158.1995490,2.4117287e+04
 158.2199832,2.4111949e+04
 158.2404176,2.4113758e+04
 158.2608518,         null
 158.2812860,2.4119189e+04
 158.3017204,2.4124887e+04
 158.3221547,2.4123203e+04
 158.3425888,2.4114314e+04
 158.3630231,2.4125271e+04
 158.3834574,2.4119373e+04
 158.4038917,2.4123287e+04
 158.4243259,2.4116170e+04
 158.4447601,2.4123031e+04
 158.4651945,2.4120074e+04
 158.4856287,2.4122432e+04
 158.5060629,2.4110129e+04
 158.5264973,2.4106744e+04
 158.5469314,2.4119479e+04
 158.5673657,2.4121289e+04
 158.5878000,2.4123803e+04
 158.6082342,2.4119801e+04
 158.6286685,2.4117305e+04
 158.6491027,2.4119018e+04
 158.6695371,2.4123084e+04
 158.6899713,2.4114229e+04
 158.7104055,2.4125982e+04
 158.7308397,2.4115951e+04
 158.7512740,2.4129127e+04
 158.7717083,2.4118912e+04
 158.7921426,2.4115859e+04
 158.8125768,2.4130314e+04
 158.8330111,2.4115326e+04
 158.8534453,2.4114568e+04
 158.8738795,2.4135463e+04
 158.8943139,2.4124949e+04
 158.9147481,2.4120941e+04
 158.9351823,2.4117975e+04
 158.9556166,2.4122424e+04
 158.9760509,2.4125764e+04
 158.9964850,2.4114957e+04
 159.0169193,2.4119193e+04
 159.0373537,2.4117773e+04
 159.0577878,2.4118326e+04
 159.0782221,2.4115959e+04
 159.0986563,2.4118098e+04
 159.1190907,2.4118703e+04
 159.1395248,2.4123018e+04
 159.1599591,2.4119463e+04
 159.1803935,2.4120443e+04
 159.2008276,2.4118455e+04
 159.2212619,2.4115291e+04
 159.2416960,2.4111975e+04
 159.2621304,2.4121562e+04
 159.2825646,2.4110578e+04
 159.3029989,2.4123027e+04
 159.3234331,2.4119459e+04
 159.3438674,2.4114307e+04
 159.3643017,2.4132172e+04
 159.3847358,2.4118420e+04
 159.4051702,2.4117861e+04
 159.4256044,2.4118484e+04
 159.4460386,2.4109115e+04
 159.4664729,2.4124154e+04
 159.4869072,2.4125586e+04
 159.5073413,2.4123891e+04
 159.5277756,2.4121865e+04
 159.5482099,2.4128375e+04
 159.5686441,2.4118033e+04
 159.5890783,2.4112996e+04
 159.6095126,2.4117650e+04
 159.6299469,2.4126105e+04
 159.6503811,2.4119990e+04
 159.6708153,2.4111523e+04
 159.6912497,2.4113559e+04
 159.7116839,2.4107562e+04
 159.7321181,2.4113100e+04
 159.7525524,2.4111750e+04
 159.7729866,2.4105939e+04
 159.7934209,2.4113512e+04
 159.8138551,2.4108799e+04
 159.8342894,2.4121225e+04
 159.8547236,2.4112664e+04
 159.8751579,2.4107359e+04
 159.8955920,2.4120230e+04
 159.9160264,2.4101209e+04
 159.9364606,2.4114922e+04
 159.9568949,2.4104209e+04
 159.9773291,2.4119900e+04
 159.9977634,2.4109461e+04
 160.0181976,2.4125871e+04
 160.0386319,2.4101430e+04
 160.0590661,2.4121311e+04
 160.0795004,2.4117055e+04
 160.0999346,2.4125895e+04
 160.1203687,2.4109867e+04
 160.1408031,2.4107121e+04
 160.1612373,2.4120645e+04
 160.1816715,2.4111588e+04
 160.2021058,2.4117035e+04
 160.2225401,2.4123213e+04
 160.2429742,2.4121248e+04
 160.2634085,2.4112668e+04
 160.2838428,2.4116348e+04
 160.3042770,2.4116326e+04
 160.3247112,2.4113926e+04
 160.3451456,2.4122062e+04
 160.3655798,2.4122273e+04
 160.3860140,2.4111416e+04
 160.4064482,2.4128338e+04
 160.4268825,2.4120102e+04
 160.4473167,2.4118342e+04
 160.4677509,2.4117281e+04
 160.4881853,2.4127152e+04
 160.5086194,2.4110477e+04
 160.5290537,2.4122525e+04
 160.5494879,2.4120283e+04
 160.5699222,2.4116721e+04
 160.5903564,2.4120779e+04
 160.6107906,2.4120266e+04
 160.6312248,2.4114352e+04
 160.6516591,2.4103076e+04
 160.6720934,2.4108500e+04
 160.6925275,2.4110725e+04
 160.7129619,2.4112086e+04
 160.7333961,2.4115828e+04
 160.7538303,2.4110111e+04
 160.7742645,2.4122086e+04
 160.7946988,2.4114836e+04
 160.8151331,2.4107578e+04
 160.8355672,2.4115129e+04
 160.8560016,2.4127203e+04
 160.8764358,2.4125133e+04
 160.8968699,2.4117941e+04
 160.9173042,2.4119598e+04
 160.9377385,2.4128418e+04
 160.9581727,2.4113039e+04
 160.9786069,2.4122855e+04
 160.9990412,2.4129379e+04
 161.0194754,2.4110195e+04
 161.0399096,2.4127107e+04
 161.0603439,2.4114246e+04
 161.0807781,2.4118039e+04
 161.1012123,2.4119715e+04
 161.1216466,2.4116566e+04
 161.1420809,2.4114623e+04
 161.1625151,2.4130848e+04
 161.1829493,2.4122375e+04
 161.2033834,2.4129910e+04
 161.2238178,2.4117551e+04
 161.2442520,         null
 161.2646863,2.4121098e+04
 161.2851204,2.4126211e+04
 161.3055547,2.4129350e+04
 161.3259890,2.4122219e+04
 161.3464231,2.4126008e+04
 161.3668574,2.4114666e+04
 161.3872917,2.4117809e+04
 161.4077258,2.4118541e+04
 161.4281601,2.4123492e+04
 161.4485944,2.4118154e+04
 161.4690285,2.4117840e+04
 161.4894628,2.4116227e+04
 161.5098971,2.4117008e+04
 161.5303312,2.4113367e+04
 161.5507655,2.4112014e+04
 161.5711997,2.4122498e+04
 161.5916340,2.4116605e+04
 161.6120682,2.4131414e+04
 161.6325024,2.4125662e+04
 161.6529368,2.4124654e+04
 161.6733710,2.4114098e+04
 161.6938051,2.4125586e+04
 161.7142394,2.4111357e+04
 161.7346737,2.4118711e+04
 161.7551078,2.4124262e+04
 161.7755421,2.4116877e+04
 161.7959763,2.4112152e+04
 161.8164105,2.4120238e+04
 161.8368448,2.4117898e+04
 161.8572790,2.4121389e+04
 161.8777133,2.4112230e+04
 161.8981475,2.4124385e+04
 161.9185817,2.4118373e+04
 161.9390158,2.4120566e+04
 161.9594502,2.4119424e+04
 161.9798844,2.4116805e+04
 162.0003186,2.4133676e+04
 162.0207528,2.4124504e+04
 162.0411871,2.4120051e+04
 162.0616213,2.4125359e+04
 162.0820554,2.4125123e+04
 162.1024898,2.4124740e+04
 162.1229240,2.4124275e+04
 162.1433581,2.4127078e+04
 162.1637925,2.4122875e+04
 162.1842267,2.4128555e+04
 162.2046608,2.4123568e+04
 162.2250951,2.4127125e+04
 162.2455294,2.4128736e+04
 162.2659635,2.4120996e+04
 162.2863977,2.4121977e+04
 162.3068321,2.4119010e+04
 162.3272663,2.4120973e+04
 162.3477004,2.4126377e+04
 162.3681347,2.4126230e+04
 162.3885690,2.4127812e+04
 162.4090031,2.4129760e+04
 162.4294373,2.4133127e+04
 162.4498715,2.4112115e+04
 162.4703058,2.4117359e+04
 162.4907400,2.4112678e+04
 162.5111736,2.4121008e+04
 162.5316080,2.4119312e+04
 162.5520421,2.4118188e+04
 162.5724763,2.4109490e+04
 162.5929106,2.4137082e+04
 162.6133449,2.4131500e+04
 162.6337790,2.4120889e+04
 162.6542132,2.4141996e+04
 162.6746476,2.4127826e+04
 162.6950817,2.4116189e+04
 162.7155159,2.4118471e+04
 162.7359501,2.4117639e+04
 162.7563844,2.4124604e+04
 162.7768186,2.4122801e+04
 162.7972528,2.4118383e+04
 162.8176870,2.4119273e+04
 162.8381213,2.4123705e+04
 162.8585555,2.4125064e+04
 162.8789896,2.4120859e+04
 162.8994239,2.4119184e+04
 162.9198582,2.4119080e+04
 162.9402923,2.4127404e+04
 162.9607265,2.4120158e+04
 162.9811608,2.4127254e+04
 163.0015949,2.4116379e+04
 163.0220292,2.4129428e+04
 163.0424635,2.4113160e+04
 163.0628977,2.4123494e+04
 163.0833318,2.4114414e+04
 163.1037661,2.4121117e+04
 163.1242004,2.4117871e+04
 163.1446345,2.4121496e+04
 163.1650687,2.4123049e+04
 163.1855030,2.4129523e+04
 163.2059372,2.4114414e+04
 163.2263714,2.4122584e+04
 163.2468056,2.4116982e+04
 163.2672398,2.4114912e+04
 163.2876740,2.4119568e+04
 163.3081083,2.4116463e+04
 163.3285426,2.4127016e+04
 163.3489767,2.4119266e+04
 163.3694109,2.4117266e+04
 163.3898450,2.4113945e+04
 163.4102794,2.4116271e+04
 163.4307136,2.4112688e+04
 163.4511477,2.4117473e+04
 163.4715820,2.4108117e+04
 163.4920162,2.4116775e+04
 163.5124505,2.4117164e+04
 163.5328846,2.4120426e+04
 163.5533189,2.4117260e+04
 163.5737531,2.4110006e+04
 163.5941872,2.4118348e+04
 163.6146214,2.4115111e+04
 163.6350558,2.4119266e+04
 163.6554899,2.4117510e+04
 163.6759241,2.4111619e+04
 163.6963584,2.4122074e+04
 163.7167925,2.4119924e+04
 163.7372267,2.4117826e+04
 163.7576610,2.4118352e+04
 163.7780952,2.4118770e+04
 163.7985294,2.4133018e+04
 163.8189636,2.4126891e+04
 163.8393979,2.4118865e+04
 163.8598320,2.4119699e+04
 163.8802663,2.4119074e+04
 163.9007004,2.4104947e+04
 163.9211347,2.4122818e+04
 163.9415689,2.4118137e+04
 163.9620031,2.4111344e+04
 163.9824373,2.4111793e+04
 164.0028715,2.4113600e+04
 164.0233057,2.4115826e+04
 164.0437399,2.4108383e+04
 164.0641742,2.4108025e+04
 164.0846084,2.4117184e+04
 164.1050426,2.4106807e+04
 164.1254767,2.4109705e+04
 164.1459110,2.4122535e+04
 164.1663451,2.4113389e+04
 164.1867793,2.4114172e+04
 164.2072137,2.4112012e+04
 164.2276479,         null
 164.2480820,2.4110355e+04
 164.2685162,2.4120475e+04
 164.2889504,2.4124096e+04
 164.3093846,2.4114516e+04
 164.3298188,2.4119121e+04
 164.3502531,2.4115348e+04
 164.3706873,2.4124469e+04
 164.3911215,2.4118736e+04
 164.4115557,2.4120326e+04
 164.4319899,2.4117869e+04
 164.4524241,2.4123027e+04
 164.4728583,2.4115051e+04
 164.4932926,2.4115592e+04
 164.5137267,2.4123473e+04
 164.5341609,2.4116613e+04
 164.5545951,2.4120381e+04
 164.5750293,2.4108604e+04
 164.5954636,2.4127285e+04
 164.6158978,2.4121219e+04
 164.6363319,2.4117230e+04
 164.6567662,2.4116275e+04
 164.6772004,2.4109049e+04
 164.6976346,2.4117930e+04
 164.7180688,2.4113439e+04
 164.7385030,2.4117920e+04
 164.7589372,2.4105512e+04
 164.7793713,2.4106562e+04
 164.7998056,2.4123500e+04
 164.8202398,2.4117521e+04
 164.8406739,2.4132363e+04
 164.8611082,2.4118514e+04
 164.8815424,2.4114578e+04
 164.9019766,2.4106338e+04
 164.9224108,2.4112764e+04
 164.9428451,2.4120326e+04
 164.9632792,2.4108180e+04
 164.9837134,2.4106062e+04
