        TIME,  PDCSAP_FLUX
 131.5120414,1.3318205e+04
 131.5324759,1.3331019e+04
 131.5529103,1.3328822e+04
 131.5733446,1.3329271e+04
 131.5937790,1.3338177e+04
 131.6142136,1.3335012e+04
 131.6346479,1.3332787e+04
 131.6550823,1.3321982e+04
 131.6755168,1.3330391e+04
 131.6959512,1.3334812e+04
 131.7163856,1.3335234e+04
 131.7368200,1.3333866e+04
 131.7572545,1.3335372e+04
 131.7776888,1.3330947e+04
 131.7981232,1.3330154e+04
 131.8185578,1.3336267e+04
 131.8389921,1.3333495e+04
 131.8594265,1.3329213e+04
 131.8798609,1.3334361e+04
 131.9002953,1.3327194e+04
 131.9207298,1.3333915e+04
 131.9411642,1.3332141e+04
 131.9615986,1.3333347e+04
 131.9820330,1.3337189e+04
 132.0024674,1.3337502e+04
 132.0229017,1.3331212e+04
 132.0433363,1.3333499e+04
 132.0637707,1.3332908e+04
 132.0842050,1.3335841e+04
 132.1046394,1.3328710e+04
 132.1250739,1.3334857e+04
 132.1455083,1.3335428e+04
 132.1659427,1.3333120e+04
 132.1863772,1.3334181e+04
 132.2068116,1.3332970e+04
 132.2272459,1.3329101e+04
 132.2476804,1.3336630e+04
 132.2681149,1.3335937e+04
 132.2885492,1.3333734e+04
 132.3089836,1.3336713e+04
 132.3294181,1.3332664e+04
 132.3498525,1.3334219e+04
 132.3702869,1.3335395e+04
 132.3907213,1.3336835e+04
 132.4111557,1.3331389e+04
 132.4315901,1.3341515e+04
 132.4520245,1.3337541e+04
 132.4724591,1.3330632e+04
 132.4928934,1.3326707e+04
 132.5133278,1.3333721e+04
 132.5337621,1.3334022e+04
 132.5541966,1.3328222e+04
 132.5746311,1.3338151e+04
 132.5950654,1.3337801e+04
 132.6154999,1.3325266e+04
 132.6359343,1.3336057e+04
 132.6563687,1.3340432e+04
 132.6768030,1.3333504e+04
 132.6972376,1.3340517e+04
 132.7176720,1.3330893e+04
 132.7381063,1.3334876e+04
 132.7585408,1.3332240e+04
 132.7789752,1.3346018e+04
 132.7994095,1.3329447e+04
 132.8198440,1.3338316e+04
 132.8402785,1.3335103e+04
 132.8607128,1.3332689e+04
 132.8811472,1.3338467e+04
 132.9015817,1.3327342e+04
 132.9220161,1.3339666e+04
 132.9424505,1.3335898e+04
 132.9628849,1.3337034e+04
 132.9833194,1.3335917e+04
 133.0037537,1.3332298e+04
 133.0241881,1.3331022e+04
 133.0446226,1.3334577e+04
 133.0650570,1.3330888e+04
 133.0854914,1.3336385e+04
 133.1059258,1.3346028e+04
 133.1263602,1.3334337e+04
 133.1467946,1.3336235e+04
 133.1672291,1.3337536e+04
 133.1876635,1.3339892e+04
 133.2080980,1.3334683e+04
 133.2285323,1.3330986e+04
 133.2489667,1.3331086e+04
 133.2694011,1.3325473e+04
 133.2898356,1.3329557e+04
 133.3102700,1.3331415e+04
 133.3307043,1.3333946e+04
 133.3511388,1.3339110e+04
 133.3715732,1.3331891e+04
 133.3920076,1.3334897e+04
 133.4124421,1.3328586e+04
 133.4328765,1.3332363e+04
 133.4533109,1.3326995e+04
 133.4737452,1.3335757e+04
 133.4941797,1.3333024e+04
 133.5146141,1.3331184e+04
 133.5350485,1.3340123e+04
 133.5554830,1.3340817e+04
 133.5759174,1.3322479e+04
 133.5963517,1.3328848e+04
 133.6167861,1.3326022e+04
 133.6372206,1.3336907e+04
 133.6576551,1.3330146e+04
 133.6780894,1.3330138e+04
 133.6985239,1.3332169e+04
 133.7189583,1.3325962e+04
 133.7393926,1.3327703e+04
 133.7598270,1.3333301e+04
 133.7802616,1.3333528e+04
 133.8006959,1.3334620e+04
 133.8211303,1.3335496e+04
 133.8415647,1.3331694e+04
 133.8619991,1.3332063e+04
 133.8824335,1.3337271e+04
 133.9028679,1.3333188e+04
 133.9233024,1.3328701e+04
 133.9437368,1.3336989e+04
 133.9641712,1.3334777e+04
 133.9846055,1.3332688e+04
 134.0050400,1.3329254e+04
 134.0254744,1.3325860e+04
 134.0459088,1.3338553e+04
 134.0663433,1.3324488e+04
 134.0867777,1.3328864e+04
 134.1072120,1.3338265e+04
 134.1276464,1.3330096e+04
 134.1480809,1.3329955e+04
 134.1685153,1.3327171e+04
 134.1889497,1.3329561e+04
 134.2093842,1.3331021e+04
 134.2298186,1.3324890e+04
 134.2502529,1.3331972e+04
 134.2706873,1.3326380e+04
 134.2911218,1.3333570e+04
 134.3115561,1.3330753e+04
 134.3319906,1.3336640e+04
 134.3524251,1.3328118e+04
 134.3728594,1.3329816e+04
 134.3932938,         null
 134.4137282,1.3336031e+04
 134.4341626,1.3332063e+04
 134.4545970,1.3328784e+04
 134.4750315,1.3337165e+04
 134.4954660,1.3327734e+04
 134.5159003,1.3328400e+04
 134.5363347,1.3329295e+04
 134.5567690,1.3331645e+04
 134.5772035,1.3329188e+04
 134.5976379,1.3325510e+04
 134.6180723,1.3334408e+04
 134.6385067,1.3324511e+04
 134.6589412,1.3325793e+04
 134.6793756,1.3326537e+04
 134.6998100,1.3335587e+04
 134.7202444,1.3339547e+04
 134.7406788,1.3328099e+04
 134.7611132,1.3333571e+04
 134.7815476,1.3338587e+04
 134.8019821,1.3332723e+04
 134.8224165,1.3328558e+04
 134.8428508,1.3327289e+04
 134.8632853,1.3330684e+04
 134.8837197,1.3331924e+04
 134.9041541,1.3334469e+04
 134.9245885,1.3329151e+04
 134.9450230,1.3324979e+04
 134.9654574,1.3325861e+04
 134.9858917,1.3333169e+04
 135.0063262,1.3322436e+04
 135.0267606,1.3333447e+04
 135.0471949,1.3328696e+04
 135.0676294,1.3330557e+04
 135.0880639,1.3332737e+04
 135.1084982,1.3336205e+04
 135.1289326,1.3329809e+04
 135.1493671,1.3339866e+04
 135.1698015,1.3330337e+04
 135.1902358,1.3334117e+04
 135.2106702,1.3332060e+04
 135.2311048,1.3342314e+04
 135.2515391,1.3336456e+04
 135.2719735,1.3332022e+04
 135.2924078,1.3332154e+04
 135.3128423,1.3326549e+04
 135.3332767,1.3320782e+04
 135.3537110,1.3331465e+04
 135.3741455,1.3328677e+04
 135.3945800,1.3341989e+04
 135.4150144,1.3330523e+04
 135.4354487,1.3338544e+04
 135.4558832,1.3326170e+04
 135.4763176,1.3331833e+04
 135.4967519,1.3319942e+04
 135.5171864,1.3329599e+04
 135.5376208,1.3329264e+04
 135.5580551,1.3336951e+04
 135.5784896,1.3328139e+04
 135.5989241,1.3327005e+04
 135.6193584,1.3332562e+04
 135.6397928,1.3324286e+04
 135.6602273,1.3328477e+04
 135.6806617,1.3333792e+04
 135.7010960,1.3331179e+04
 135.7215304,1.3333477e+04
 135.7419649,1.3331893e+04
 135.7623993,1.3336905e+04
 135.7828337,1.3326227e+04
 135.8032682,1.3334393e+04
 135.8237025,1.3330318e+04
 135.8441369,1.3333399e+04
 135.8645713,1.3334023e+04
 135.8850057,1.3339055e+04
 135.9054401,1.3340203e+04
 135.9258745,1.3334464e+04
 135.9463089,1.3329111e+04
 135.9667434,1.3332198e+04
 135.9871778,1.3329500e+04
 136.0076121,1.3330551e+04
 136.0280466,1.3327808e+04
 136.0484810,1.3332698e+04
 136.0689153,1.3337838e+04
 136.0893497,1.3338846e+04
 136.1097842,1.3327715e+04
 136.1302187,1.3332866e+04
 136.1506530,1.3330342e+04
 136.1710875,1.3324785e+04
 136.1915219,1.3328312e+04
 136.2119562,1.3329752e+04
 136.2323906,1.3334337e+04
 136.2528251,1.3332188e+04
 136.2732594,1.3329613e+04
 136.2936938,1.3334678e+04
 136.3141283,1.3331373e+04
 136.3345626,1.3336971e+04
 136.3549971,1.3327249e+04
 136.3754315,1.3329983e+04
 136.3958659,1.3330631e+04
 136.4163003,1.3335146e+04
 136.4367347,1.3323331e+04
 136.4571692,1.3336018e+04
 136.4776035,1.3338899e+04
 136.4980379,1.3343923e+04
 136.5184723,1.3333685e+04
 136.5389067,1.3334265e+04
 136.5593412,1.3333954e+04
 136.5797756,1.3335787e+04
 136.6002100,1.3339481e+04
 136.6206444,1.3323094e+04
 136.6410788,1.3329579e+04
 136.6615132,1.3336604e+04
 136.6819476,1.3329804e+04
 136.7023820,1.3334137e+04
 136.7228164,1.3320882e+04
 136.7432507,1.3330654e+04
 136.7636852,1.3337238e+04
 136.7841196,1.3328355e+04
 136.8045540,1.3324708e+04
 136.8249885,1.3334388e+04
 136.8454229,1.3331333e+04
 136.8658573,1.3325752e+04
 136.8862916,1.3330582e+04
 136.9067261,1.3329766e+04
 136.9271605,1.3327943e+04
 136.9475948,1.3330582e+04
 136.9680293,1.3326603e+04
 136.9884637,1.3330556e+04
 137.0088980,1.3335888e+04
 137.0293324,1.3330680e+04
 137.0497670,1.3338731e+04
 137.0702013,1.3337377e+04
 137.0906357,1.3328064e+04
 137.1110702,1.3333157e+04
 137.1315045,1.3336697e+04
 137.1519389,1.3330393e+04
 137.1723733,1.3337889e+04
 137.1928078,1.3340290e+04
 137.2132421,1.3325467e+04
 137.2336765,1.3323219e+04
 137.2541108,1.3332622e+04
 137.2745453,1.3337602e+04
 137.2949797,1.3335064e+04
 137.3154140,1.3332894e+04
 137.3358486,1.3342188e+04
 137.3562830,1.3334658e+04
 137.3767174,         null
 137.3971517,1.3334879e+04
 137.4175862,1.3333755e+04
 137.4380206,1.3334501e+04
 137.4584549,1.3322441e+04
 137.4788894,1.3327999e+04
 137.4993238,1.3339856e+04
 137.5197581,1.3337193e+04
 137.5401925,1.3335604e+04
 137.5606270,1.3332411e+04
 137.5810613,1.3332742e+04
 137.6014957,1.3336727e+04
 137.6219302,1.3333641e+04
 137.6423646,1.3333580e+04
 137.6627990,1.3333675e+04
 137.6832334,1.3328302e+04
 137.7036679,1.3328028e+04
 137.7241022,1.3334023e+04
 137.7445366,1.3335112e+04
 137.7649711,1.3327341e+04
 137.7854054,1.3327517e+04
 137.8058398,1.3335395e+04
 137.8262741,1.3341002e+04
 137.8467086,1.3328024e+04
 137.8671430,1.3328839e+04
 137.8875774,1.3334919e+04
 137.9080117,1.3332690e+04
 137.9284462,1.3327280e+04
 137.9488806,1.3327938e+04
 137.9693149,1.3330743e+04
 137.9897494,1.3332198e+04
 138.0101838,1.3332657e+04
 138.0306181,1.3336883e+04
 138.0510526,1.3329066e+04
 138.0714871,1.3327753e+04
 138.0919215,1.3325851e+04
 138.1123558,1.3330449e+04
 138.1327903,1.3331954e+04
 138.1532247,1.3336073e+04
 138.1736590,1.3326167e+04
 138.1940934,1.3335464e+04
 138.2145279,1.3331490e+04
 138.2349623,1.3332218e+04
 138.2553966,1.3333648e+04
 138.2758311,1.3326255e+04
 138.2962655,1.3332618e+04
 138.3166998,1.3338264e+04
 138.3371342,1.3330344e+04
 138.3575687,1.3346062e+04
 138.3780031,1.3336067e+04
 138.3984374,1.3330121e+04
 138.4188719,1.3329830e+04
 138.4393063,1.3331152e+04
 138.4597406,1.3329896e+04
 138.4801750,1.3331891e+04
 138.5006095,1.3336188e+04
 138.5210438,1.3327547e+04
 138.5414782,1.3333475e+04
 138.5619126,1.3330290e+04
 138.5823471,1.3326957e+04
 138.6027815,1.3336447e+04
 138.6232159,1.3327825e+04
 138.6436503,1.3332318e+04
 138.6640847,1.3330312e+04
 138.6845191,1.3330653e+04
 138.7049534,1.3328208e+04
 138.7253879,1.3340993e+04
 138.7458223,1.3338658e+04
 138.7662566,1.3326783e+04
 138.7866911,1.3340897e+04
 138.8071255,1.3338164e+04
 138.8275598,1.3337378e+04
 138.8479942,1.3343584e+04
 138.8684287,1.3337450e+04
 138.8888631,1.3335724e+04
 138.9092974,1.3337413e+04
 138.9297319,1.3346380e+04
 138.9501663,1.3327881e+04
 138.9706006,1.3339768e+04
 138.9910350,1.3338087e+04
 139.0114695,1.3333469e+04
 139.0319038,1.3335421e+04
 139.0523382,1.3330397e+04
 139.0727727,1.3335008e+04
 139.0932070,1.3341135e+04
 139.1136414,1.3337853e+04
 139.1340758,1.3331546e+04
 139.1545102,1.3329031e+04
 139.1749446,1.3336710e+04
 139.1953790,1.3336003e+04
 139.2158133,1.3332620e+04
 139.2362478,1.3341462e+04
 139.2566822,1.3336074e+04
 139.2771165,1.3338359e+04
 139.2975510,1.3332338e+04
 139.3179854,1.3336124e+04
 139.3384198,1.3328919e+04
 139.3588541,1.3339603e+04
 139.3792886,1.3340682e+04
 139.3997230,1.3337280e+04
 139.4201573,1.3335514e+04
 139.4405918,1.3336291e+04
 139.4610262,1.3337825e+04
 139.4814605,1.3324102e+04
 139.5018949,1.3329164e+04
 139.5223294,1.3342051e+04
 139.5427637,1.3337587e+04
 139.5631981,1.3328766e+04
 139.5836326,1.3321165e+04
 139.6040669,1.3335502e+04
 139.6245013,1.3333783e+04
 139.6449357,1.3334364e+04
 139.6653702,1.3344353e+04
 139.6858045,1.3335804e+04
 139.7062389,1.3335803e+04
 139.7266733,1.3338676e+04
 139.7471077,1.3338083e+04
 139.7675421,1.3342346e+04
 139.7879765,1.3335954e+04
 139.8084109,1.3340572e+04
 139.8288453,1.3333054e+04
 139.8492797,1.3334661e+04
 139.8697141,1.3336221e+04
 139.8901485,1.3343024e+04
 139.9105829,1.3342680e+04
 139.9310173,1.3335944e+04
 139.9514518,1.3335662e+04
 139.9718861,1.3343726e+04
 139.9923205,1.3342332e+04
 140.0127548,1.3335244e+04
 140.0331893,1.3337336e+04
 140.0536237,1.3336853e+04
 140.0740581,1.3333901e+04
 140.0944925,1.3334535e+04
 140.1149269,1.3338756e+04
 140.1353613,1.3354024e+04
 140.1557956,1.3336867e+04
 140.1762301,1.3335537e+04
 140.1966645,1.3332520e+04
 140.2170988,1.3342520e+04
 140.2375333,1.3344743e+04
 140.2579677,1.3342410e+04
 140.2784020,1.3328434e+04
 140.2988364,1.3342559e+04
 140.3192709,1.3345528e+04
 140.3397052,1.3340082e+04
 140.3601396,         null
 140.3805740,1.3343472e+04
 140.4010085,1.3343415e+04
 140.4214428,1.3345199e+04
 140.4418771,1.3339535e+04
 140.4623116,1.3338438e+04
 140.4827459,1.3337396e+04
 140.5031803,1.3332569e+04
 140.5236146,1.3335770e+04
 140.5440491,1.3345778e+04
 140.5644835,1.3343966e+04
 140.5849179,1.3345683e+04
 140.6053523,1.3340805e+04
 140.6257867,1.3340543e+04
 140.6462211,1.3344481e+04
 140.6666554,1.3345136e+04
 140.6870899,1.3344052e+04
 140.7075243,1.3342814e+04
 140.7279586,1.3344468e+04
 140.7483931,1.3344921e+04
 140.7688275,1.3352549e+04
 140.7892618,1.3340407e+04
 140.8096962,1.3340579e+04
 140.8301307,1.3336174e+04
 140.8505651,1.3342362e+04
 140.8709994,1.3339311e+04
 140.8914338,1.3342471e+04
 140.9118683,1.3337340e+04
 140.9323026,1.3332695e+04
 140.9527369,1.3332052e+04
 140.9731714,1.3343664e+04
 140.9936057,1.3334782e+04
 141.0140401,1.3342228e+04
 141.0344745,1.3338121e+04
 141.0549089,1.3332033e+04
 141.0753433,1.3340477e+04
 141.0957777,1.3339247e+04
 141.1162121,1.3328766e+04
 141.1366465,1.3334631e+04
 141.1570809,1.3335641e+04
 141.1775152,1.3336718e+04
 141.1979497,1.3342706e+04
 141.2183841,1.3336079e+04
 141.2388184,1.3331864e+04
 141.2592529,1.3335921e+04
 141.2796873,1.3342938e+04
 141.3001216,1.3338874e+04
 141.3205559,1.3339154e+04
 141.3409904,1.3336843e+04
 141.3614248,1.3340501e+04
 141.3818591,1.3338321e+04
 141.4022935,1.3342543e+04
 141.4227280,1.3340236e+04
 141.4431624,1.3339185e+04
 141.4635967,1.3339585e+04
 141.4840312,1.3334352e+04
 141.5044656,1.3338130e+04
 141.5248999,1.3332378e+04
 141.5453343,1.3342764e+04
 141.5657687,1.3336996e+04
 141.5862032,1.3339788e+04
 141.6066374,1.3328776e+04
 141.6270719,1.3334972e+04
 141.6475063,1.3333540e+04
 141.6679406,1.3346188e+04
 141.6883750,1.3334033e+04
 141.7088095,1.3332756e+04
 141.7292438,1.3341650e+04
 141.7496782,1.3330642e+04
 141.7701127,1.3352488e+04
 141.7905470,1.3333577e+04
 141.8109814,1.3344092e+04
 141.8314158,1.3340262e+04
 141.8518502,1.3338156e+04
 141.8722845,1.3330465e+04
 141.8927189,1.3332210e+04
 141.9131534,1.3341331e+04
 141.9335877,1.3345658e+04
 141.9540221,1.3335638e+04
 141.9744564,1.3337160e+04
 141.9948909,1.3340006e+04
 142.0153253,1.3350889e+04
 142.0357596,1.3338415e+04
 142.0561940,1.3348318e+04
 142.0766285,1.3340029e+04
 142.0970628,1.3340487e+04
 142.1174971,1.3335878e+04
 142.1379316,1.3333816e+04
 142.1583660,1.3338244e+04
 142.1788003,1.3335544e+04
 142.1992347,1.3335021e+04
 142.2196692,1.3340004e+04
 142.2401035,1.3343678e+04
 142.2605379,1.3339854e+04
 142.2809724,1.3351521e+04
 142.3014066,1.3334998e+04
 142.3218410,1.3332538e+04
 142.3422754,1.3342732e+04
 142.3627099,1.3334256e+04
 142.3831442,1.3342168e+04
 142.4035786,1.3331823e+04
 142.4240131,1.3342237e+04
 142.4444474,1.3334096e+04
 142.4648818,1.3338063e+04
 142.4853161,1.3345048e+04
 142.5057505,1.3345387e+04
 142.5261849,1.3333807e+04
 142.5466193,1.3340980e+04
 142.5670536,1.3349487e+04
 142.5874881,1.3347523e+04
 142.6079225,1.3339188e+04
 142.6283568,1.3342300e+04
 142.6487913,1.3338679e+04
 142.6692257,1.3340085e+04
 142.6896599,1.3343732e+04
 142.7100943,1.3339428e+04
 142.7305288,1.3336931e+04
 142.7509631,1.3343425e+04
 142.7713975,1.3338002e+04
 142.7918320,1.3339116e+04
 142.8122663,1.3337039e+04
 142.8327007,1.3335333e+04
 142.8531350,1.3330658e+04
 142.8735695,1.3349326e+04
 142.8940038,1.3337402e+04
 142.9144382,1.3347994e+04
 142.9348727,1.3343189e+04
 142.9553070,1.3332315e+04
 142.9757414,1.3336209e+04
 142.9961757,1.3336252e+04
 143.0166101,1.3328959e+04
 143.0370445,1.3338770e+04
 143.0574789,1.3335519e+04
 143.0779133,1.3333267e+04
 143.0983477,1.3343101e+04
 143.1187821,1.3335873e+04
 143.1392165,1.3339787e+04
 143.1596509,1.3358454e+04
 143.1800852,1.3332513e+04
 143.2005195,1.3336385e+04
 143.2209539,1.3340152e+04
 143.2413884,1.3335155e+04
 143.2618228,1.3346649e+04
 143.2822572,1.3348358e+04
 143.3026916,1.3334817e+04
 143.3231259,1.3334181e+04
 143.3435603,         null
 143.3639946,1.3338234e+04
 143.3844291,1.3340545e+04
 143.4048635,1.3337248e+04
 143.4252978,1.3338297e+04
 143.4457323,1.3345181e+04
 143.4661666,1.3333527e+04
 143.4866009,1.3338558e+04
 143.5070353,1.3343270e+04
 143.5274698,1.3333412e+04
 143.5479042,1.3330753e+04
 143.5683385,1.3341045e+04
 143.5887729,1.3338933e+04
 143.6092073,1.3337451e+04
 143.6296416,1.3334340e+04
 143.6500760,1.3332962e+04
 143.6705105,1.3335065e+04
 143.6909448,1.3342295e+04
 143.7113792,1.3340948e+04
 143.7318135,1.3339392e+04
 143.7522479,1.3341913e+04
 143.7726823,1.3342555e+04
 143.7931167,1.3347022e+04
 143.8135511,1.3341918e+04
 143.8339855,1.3335536e+04
 143.8544198,1.3338685e+04
 143.8748541,1.3339814e+04
 143.8952886,1.3335692e+04
 143.9157230,1.3342759e+04
 143.9361573,1.3339358e+04
 143.9565918,1.3338369e+04
 143.9770261,1.3331155e+04
 143.9974604,1.3332036e+04
 144.0178948,1.3343404e+04
 144.0383293,1.3344835e+04
 144.0587637,1.3351661e+04
 144.0791980,1.3340315e+04
 144.0996324,1.3330646e+04
 144.1200668,1.3339576e+04
 144.1405011,1.3342859e+04
 144.1609355,1.3337953e+04
 144.1813700,1.3349359e+04
 144.2018042,1.3333188e+04
 144.2222386,1.3338651e+04
 144.2426731,1.3333632e+04
 144.2631074,1.3328416e+04
 144.2835418,1.3329741e+04
 144.3039762,1.3338803e+04
 144.3244105,1.3332234e+04
 144.3448449,1.3337261e+04
 144.3652793,1.3340297e+04
 144.3857136,1.3332486e+04
 144.4061481,1.3333791e+04
 144.4265824,1.3343853e+04
 144.4470167,1.3340417e+04
 144.4674512,1.3331932e+04
 144.4878856,1.3338463e+04
 144.5083199,1.3342429e+04
 144.5287542,1.3330008e+04
 144.5491887,1.3339397e+04
 144.5696231,1.3339664e+04
 144.5900574,1.3333758e+04
 144.6104919,1.3334666e+04
 144.6309263,1.3347178e+04
 144.6513605,1.3333977e+04
 144.6717949,1.3341083e+04
 144.6922294,1.3336405e+04
 144.7126637,1.3334074e+04
 144.7330980,1.3329798e+04
 144.7535325,1.3339209e+04
 144.7739668,1.3334134e+04
 144.7944012,1.3341579e+04
 144.8148356,1.3325162e+04
 144.8352700,1.3341405e+04
 144.8557043,1.3336934e+04
 144.8761387,1.3333764e+04
 144.8965731,1.3324484e+04
 144.9170075,1.3339758e+04
 144.9374418,1.3328582e+04
 144.9578762,1.3337049e+04
 144.9783107,1.3331743e+04
 144.9987450,1.3337501e+04
 145.0191794,1.3332057e+04
 145.0396137,1.3335910e+04
 145.0600481,1.3331713e+04
 145.0804825,1.3330418e+04
 145.1009169,1.3327759e+04
 145.1213513,1.3328000e+04
 145.1417856,1.3332372e+04
 145.1622200,1.3339925e+04
 145.1826543,1.3334057e+04
 145.2030888,1.3331960e+04
 145.2235231,1.3326510e+04
 145.2439574,1.3333256e+04
 145.2643919,1.3337006e+04
 145.2848263,1.3330896e+04
 145.3052606,1.3337682e+04
 145.3256949,1.3332345e+04
 145.3461294,1.3335510e+04
 145.3665638,1.3332607e+04
 145.3869981,1.3336349e+04
 145.4074325,1.3336856e+04
 145.4278669,1.3335440e+04
 145.4483012,1.3335510e+04
 145.4687356,1.3338295e+04
 145.4891700,1.3334305e+04
 145.5096043,1.3340254e+04
 145.5300387,1.3333390e+04
 145.5504731,1.3326839e+04
 145.5709075,1.3329627e+04
 145.5913418,1.3333693e+04
 145.6117762,1.3344095e+04
 145.6322107,1.3338306e+04
 145.6526449,1.3339550e+04
 145.6730793,1.3340352e+04
 145.6935136,1.3341208e+04
 145.7139481,1.3338908e+04
 145.7343824,1.3340325e+04
 145.7548168,1.3332506e+04
 145.7752512,1.3332185e+04
 145.7956856,1.3325831e+04
 145.8161199,1.3322413e+04
 145.8365542,1.3336171e+04
 145.8569887,1.3329531e+04
 145.8774231,1.3347496e+04
 145.8978573,1.3331417e+04
 145.9182918,1.3325587e+04
 145.9387262,1.3336877e+04
 145.9591605,1.3331971e+04
 145.9795948,1.3331146e+04
 146.0000293,1.3335070e+04
 146.0204637,1.3342086e+04
 146.0408980,1.3339623e+04
 146.0613324,1.3329922e+04
 146.0817668,1.3336420e+04
 146.1022011,1.3328801e+04
 146.1226355,1.3334771e+04
 146.1430699,1.3333854e+04
 146.1635042,1.3344494e+04
 146.1839386,1.3335066e+04
 146.2043730,1.3330696e+04
 146.2248073,1.3331008e+04
 146.2452417,1.3333782e+04
 146.2656761,1.3340229e+04
 146.2861104,1.3338411e+04
 146.3065448,1.3330012e+04
 146.3269792,         null
 146.3474135,1.3330286e+04
 146.3678479,1.3336067e+04
 146.3882823,1.3336315e+04
 146.4087166,1.3328978e+04
 146.4291510,1.3337289e+04
 146.4495854,1.3336630e+04
 146.4700197,1.3335262e+04
 146.4904542,1.3336979e+04
 146.5108885,1.3335371e+04
 146.5313229,1.3334422e+04
 146.5517572,1.3341201e+04
 146.5721916,1.3340146e+04
 146.5926260,1.3332584e+04
 146.6130604,1.3335466e+04
 146.6334947,1.3337190e+04
 146.6539291,1.3341213e+04
 146.6743635,1.3339183e+04
 146.6947978,1.3337774e+04
 146.7152322,1.3341523e+04
 146.7356666,1.3328374e+04
 146.7561010,1.3328694e+04
 146.7765353,1.3331629e+04
 146.7969697,1.3330943e+04
 146.8174041,1.3336635e+04
 146.8378384,1.3335592e+04
 146.8582727,1.3332968e+04
 146.8787072,1.3328161e+04
 146.8991415,1.3331897e+04
 146.9195758,1.3331194e+04
 146.9400103,1.3335638e+04
 146.9604446,1.3335078e+04
 146.9808790,1.3333185e+04
 147.0013133,1.3338521e+04
 147.0217477,1.3334363e+04
 147.0421821,1.3335038e+04
 147.0626164,1.3334431e+04
 147.0830509,1.3332258e+04
 147.1034852,1.3332353e+04
 147.1239195,1.3332308e+04
 147.1443538,1.3345576e+04
 147.1647883,1.3331720e+04
 147.1852226,1.3328871e+04
 147.2056569,1.3336028e+04
 147.2260914,1.3336060e+04
 147.2465257,1.3325847e+04
 147.2669601,1.3340123e+04
 147.2873944,1.3342098e+04
 147.3078288,1.3336726e+04
 147.3282632,1.3324483e+04
 147.3486975,1.3344854e+04
 147.3691319,1.3337167e+04
 147.3895663,1.3331814e+04
 147.4100006,1.3335576e+04
 147.4304350,1.3327527e+04
 147.4508694,1.3341966e+04
 147.4713037,1.3339625e+04
 147.4917381,1.3336952e+04
 147.5121724,1.3339989e+04
 147.5326069,1.3331629e+04
 147.5530412,1.3341650e+04
 147.5734755,1.3337923e+04
 147.5939100,1.3334128e+04
 147.6143443,1.3342374e+04
 147.6347786,1.3341410e+04
 147.6552129,1.3338709e+04
 147.6756474,1.3336353e+04
 147.6960817,1.3329747e+04
 147.7165160,1.3333334e+04
 147.7369504,1.3337899e+04
 147.7573848,1.3341217e+04
 147.7778192,1.3331218e+04
 147.7982534,1.3342475e+04
 147.8186879,1.3333275e+04
 147.8391223,1.3334390e+04
 147.8595565,1.3341133e+04
 147.8799909,1.3332188e+04
 147.9004254,         null
 147.9208596,1.3339598e+04
 147.9412940,1.3334824e+04
 147.9617285,1.3341198e+04
 147.9821627,1.3336582e+04
 148.0025971,1.3340945e+04
 148.0230315,1.3343992e+04
 148.0434659,1.3333717e+04
 148.0639002,1.3336044e+04
 148.0843345,1.3337359e+04
 148.1047690,1.3341259e+04
 148.1252033,1.3342078e+04
 148.1456376,1.3328855e+04
 148.1660720,1.3335615e+04
 148.1865064,1.3338547e+04
 148.2069407,1.3343466e+04
 148.2273751,1.3336920e+04
 148.2478096,1.3328832e+04
 148.2682438,1.3336861e+04
 148.2886782,1.3337817e+04
 148.3091125,1.3334056e+04
 148.3295469,1.3342664e+04
 148.3499813,1.3331434e+04
 148.3704156,1.3332574e+04
 148.3908499,1.3335874e+04
 148.4112844,1.3328695e+04
 148.4317187,1.3336533e+04
 148.4521531,1.3339157e+04
 148.4725874,1.3334881e+04
 148.4930218,1.3327967e+04
 148.5134562,1.3346032e+04
 148.5338904,1.3339124e+04
 148.5543249,1.3339891e+04
 148.5747592,1.3332489e+04
 148.5951935,1.3339615e+04
 148.6156280,1.3334070e+04
 148.6360623,1.3337607e+04
 148.6564966,1.3337811e+04
 148.6769310,1.3334488e+04
 148.6973654,1.3332787e+04
 148.7177997,1.3329397e+04
 148.7382340,1.3331754e+04
 148.7586685,1.3343933e+04
 148.7791029,1.3340175e+04
 148.7995371,1.3339046e+04
 148.8199715,1.3346633e+04
 148.8404059,1.3324500e+04
 148.8608402,1.3336183e+04
 148.8812746,1.3340421e+04
 148.9017090,1.3337029e+04
 148.9221433,1.3328384e+04
 148.9425776,1.3332565e+04
 148.9630120,1.3336130e+04
 148.9834464,1.3337928e+04
 149.0038807,1.3343378e+04
 149.0243151,1.3334360e+04
 149.0447493,1.3341565e+04
 149.0651838,1.3338183e+04
 149.0856181,1.3330422e+04
 149.1060524,1.3345867e+04
 149.1264869,1.3339280e+04
 149.1469212,1.3333419e+04
 149.1673555,1.3332084e+04
 149.1877898,1.3336396e+04
 149.2082243,1.3339866e+04
 149.2286587,1.3337677e+04
 149.2490929,1.3336861e+04
 149.2695274,1.3338715e+04
 149.2899617,1.3342062e+04
 149.3103960,         null
 149.3308303,1.3333700e+04
 149.3512648,1.3338193e+04
 149.3716991,1.3329090e+04
 149.3921334,1.3329538e+04
 149.4125679,1.3342571e+04
 149.4330021,1.3343487e+04
 149.4534365,1.3338373e+04
 149.4738708,1.3334671e+04
 149.4943052,1.3336333e+04
 149.5147396,1.3330644e+04
 149.5351739,1.3340007e+04
 149.5556084,1.3335055e+04
 149.5760426,1.3337209e+04
 149.5964770,1.3329495e+04
 149.6169112,1.3337889e+04
 149.6373457,1.3336209e+04
 149.6577800,1.3327920e+04
 149.6782143,1.3332200e+04
 149.6986487,1.3335182e+04
 149.7190831,1.3334287e+04
 149.7395175,1.3334400e+04
 149.7599517,1.3325280e+04
 149.7803862,1.3337058e+04
 149.8008205,1.3332184e+04
 149.8212548,1.3336144e+04
 149.8416891,1.3338730e+04
 149.8621236,1.3331003e+04
 149.8825579,1.3334732e+04
 149.9029922,1.3335088e+04
 149.9234267,1.3339518e+04
 149.9438610,1.3335442e+04
 149.9642954,1.3328061e+04
 149.9847296,1.3336521e+04
 150.0051641,1.3337299e+04
 150.0255984,1.3331985e+04
 150.0460327,1.3331918e+04
 150.0664671,1.3332456e+04
 150.0869015,1.3335211e+04
 150.1073357,1.3339284e+04
 150.1277701,1.3340062e+04
 150.1482045,1.3332372e+04
 150.1686388,1.3328881e+04
 150.1890732,1.3336512e+04
 150.2095076,1.3349489e+04
 150.2299419,1.3342221e+04
 150.2503762,1.3334288e+04
 150.2708106,1.3331817e+04
 150.2912450,1.3333394e+04
 150.3116793,1.3335185e+04
 150.3321136,1.3338345e+04
 150.3525479,1.3332452e+04
 150.3729823,1.3336584e+04
 150.3934167,1.3323860e+04
 150.4138509,1.3328331e+04
 150.4342854,1.3329303e+04
 150.4547197,1.3332180e+04
 150.4751541,1.3337259e+04
 150.4955883,1.3329007e+04
 150.5160228,1.3337987e+04
 150.5364571,1.3337283e+04
 150.5568914,1.3340158e+04
 150.5773258,1.3347334e+04
 150.5977602,1.3335556e+04
 150.6181944,1.3333063e+04
 150.6386288,1.3341868e+04
 150.6590632,1.3332685e+04
 150.6794975,1.3335362e+04
 150.6999318,1.3336433e+04
 150.7203663,1.3333083e+04
 150.7408006,1.3324450e+04
 150.7612349,1.3338910e+04
 150.7816692,1.3332900e+04
 150.8021037,1.3334929e+04
 150.8225379,1.3339692e+04
 150.8429723,1.3336787e+04
 150.8634067,1.3339845e+04
 150.8838410,1.3336467e+04
 150.9042753,1.3334630e+04
 150.9247097,1.3351305e+04
 150.9451440,1.3339541e+04
 150.9655784,1.3343531e+04
 150.9860127,1.3335411e+04
 151.0064470,1.3343390e+04
 151.0268814,1.3333226e+04
 151.0473158,1.3334053e+04
 151.0677500,1.3338218e+04
 151.0881845,1.3341150e+04
 151.1086188,1.3343293e+04
 151.1290531,1.3335773e+04
 151.1494874,1.3342967e+04
 151.1699218,1.3348188e+04
 151.1903561,1.3336017e+04
 151.2107904,1.3339312e+04
 151.2312249,1.3335425e+04
 151.2516592,1.3337256e+04
 151.2720935,1.3334867e+04
 151.2925278,1.3326762e+04
 151.3129623,1.3328015e+04
 151.3333965,1.3345570e+04
 151.3538309,1.3335012e+04
 151.3742653,1.3331936e+04
 151.3946996,1.3339068e+04
 151.4151339,1.3335735e+04
 151.4355682,1.3334691e+04
 151.4560026,1.3333854e+04
 151.4764369,1.3338595e+04
 151.4968713,1.3332027e+04
 151.5173056,1.3338726e+04
 151.5377400,1.3339497e+04
 151.5581743,1.3335386e+04
 151.5786087,1.3336816e+04
 151.5990431,1.3341000e+04
 151.6194774,1.3334495e+04
 151.6399117,1.3336926e+04
 151.6603460,         null
 151.6807804,1.3332869e+04
 151.7012147,1.3330429e+04
 151.7216491,1.3338223e+04
 151.7420834,1.3340704e+04
 151.7625178,1.3332283e+04
 151.7829521,1.3337407e+04
 151.8033864,1.3340887e+04
 151.8238208,1.3338528e+04
 151.8442551,1.3341364e+04
 151.8646894,1.3326446e+04
 151.8851238,1.3330818e+04
 151.9055582,1.3331089e+04
 151.9259924,1.3337331e+04
 151.9464268,1.3340979e+04
 151.9668612,1.3336124e+04
 151.9872955,1.3337498e+04
 152.0077298,1.3328909e+04
 152.0281642,1.3332155e+04
 152.0485986,1.3335977e+04
 152.0690328,1.3335203e+04
 152.0894671,1.3333048e+04
 152.1099016,1.3340180e+04
 152.1303358,1.3337469e+04
 152.1507702,1.3335017e+04
 152.1712045,1.3331359e+04
 152.1916389,1.3332694e+04
 152.2120732,1.3327129e+04
 152.2325075,1.3336535e+04
 152.2529420,1.3336025e+04
 152.2733762,1.3337213e+04
 152.2938106,         null
 152.3142448,1.3343631e+04
 152.3346792,1.3328505e+04
 152.3551136,1.3330252e+04
 152.3755478,1.3337039e+04
 152.3959823,1.3333930e+04
 152.4164166,1.3338017e+04
 152.4368509,1.3335986e+04
 152.4572852,1.3334887e+04
 152.4777196,1.3331701e+04
 152.4981540,1.3333093e+04
 152.5185882,1.3326925e+04
 152.5390226,1.3333845e+04
 152.5594570,1.3332607e+04
 152.5798912,1.3328244e+04
 152.6003256,1.3325448e+04
 152.6207600,1.3331321e+04
 152.6411942,1.3329972e+04
 152.6616286,         null
 152.6820629,1.3329777e+04
 152.7024973,1.3333136e+04
 152.7229316,1.3333403e+04
 152.7433659,1.3331893e+04
 152.7638004,1.3333864e+04
 152.7842346,1.3331071e+04
 152.8046689,1.3336167e+04
 152.8251032,1.3326893e+04
 152.8455376,1.3332815e+04
 152.8659720,1.3338032e+04
 152.8864062,1.3323473e+04
 152.9068406,1.3330339e+04
 152.9272750,1.3339128e+04
 152.9477093,1.3336417e+04
 152.9681435,1.3333759e+04
 152.9885780,1.3337032e+04
 153.0090123,1.3326145e+04
 153.0294465,1.3325334e+04
 153.0498810,1.3328122e+04
 153.0703153,1.3333191e+04
 153.0907496,1.3329165e+04
 153.1111839,1.3338901e+04
 153.1316183,1.3332522e+04
 153.1520526,1.3330608e+04
 153.1724869,1.3328133e+04
 153.1929212,1.3335255e+04
 153.2133557,1.3335901e+04
 153.2337900,1.3326184e+04
 153.2542242,1.3335590e+04
 153.2746587,1.3325279e+04
 153.2950930,1.3331681e+04
 153.3155272,1.3333483e+04
 153.3359616,1.3327483e+04
 153.3563959,1.3335201e+04
 153.3768302,1.3332362e+04
 153.3972646,1.3331120e+04
 153.4176990,1.3331298e+04
 153.4381333,1.3327115e+04
 153.4585676,1.3329986e+04
 153.4790019,1.3334724e+04
 153.4994363,1.3329738e+04
 153.5198706,1.3329206e+04
 153.5403049,1.3328961e+04
 153.5607393,1.3343667e+04
 153.5811736,1.3331193e+04
 153.6016079,1.3334746e+04
 153.6220422,1.3328907e+04
 153.6424766,1.3333408e+04
 153.6629109,1.3333540e+04
 153.6833452,1.3334681e+04
 153.7037795,1.3332608e+04
 153.7242139,1.3330270e+04
 153.7446482,1.3333946e+04
 153.7650825,1.3331515e+04
 153.7855169,1.3342098e+04
 153.8059512,1.3338639e+04
 153.8263855,1.3341095e+04
 153.8468198,1.3328790e+04
 153.8672542,1.3327116e+04
 153.8876885,1.3328810e+04
 153.9081228,1.3324814e+04
 153.9285572,1.3328885e+04
 153.9489916,1.3340869e+04
 153.9694258,1.3324309e+04
 153.9898601,1.3342157e+04
 154.0102945,1.3335955e+04
 154.0307288,1.3334833e+04
 154.0511631,1.3334729e+04
 154.0715975,1.3324755e+04
 154.0920318,1.3332921e+04
 154.1124661,1.3338368e+04
 154.1329004,1.3339026e+04
 154.1533348,1.3327608e+04
 154.1737691,1.3328138e+04
 154.1942034,1.3342276e+04
 154.2146377,1.3325398e+04
 154.2350721,1.3337228e+04
 154.2555064,1.3330359e+04
 154.2759406,1.3332495e+04
 154.2963751,1.3342618e+04
 154.3168094,1.3331434e+04
 154.3372436,1.3337636e+04
 154.3576779,1.3338354e+04
 154.3781124,1.3337871e+04
 154.3985466,1.3334095e+04
 154.4189809,1.3334531e+04
 154.4394153,1.3331806e+04
 154.4598497,1.3337809e+04
 154.4802839,1.3331495e+04
 154.5007182,1.3341010e+04
 154.5211527,1.3333144e+04
 154.5415869,1.3326557e+04
 154.5620212,1.3339949e+04
 154.5824556,1.3336357e+04
 154.6028899,1.3329586e+04
 154.6233242,1.3332182e+04
 154.6437585,1.3332884e+04
 154.6641928,1.3333233e+04
 154.6846272,1.3335061e+04
 154.7050615,1.3330225e+04
 154.7254959,1.3328942e+04
 154.7459301,1.3330232e+04
 154.7663645,1.3339632e+04
 154.7867988,1.3327578e+04
 154.8072331,1.3324679e+04
 154.8276674,1.3332510e+04
 154.8481017,1.3330639e+04
 154.8685361,1.3331446e+04
 154.8889704,1.3332154e+04
 154.9094047,1.3332293e+04
 154.9298391,1.3336811e+04
 154.9502734,1.3332816e+04
 154.9707077,1.3336828e+04
 154.9911420,1.3330169e+04
 155.0115763,1.3334638e+04
 155.0320107,1.3335816e+04
 155.0524450,1.3329717e+04
 155.0728792,1.3327482e+04
 155.0933137,1.3326757e+04
 155.1137480,1.3329014e+04
 155.1341822,1.3331205e+04
 155.1546165,1.3330901e+04
 155.1750510,1.3330572e+04
 155.1954853,1.3327139e+04
 155.2159195,1.3337176e+04
 155.2363538,1.3331791e+04
 155.2567882,1.3334313e+04
 155.2772225,         null
 155.2976568,1.3337567e+04
 155.3180912,1.3330144e+04
 155.3385254,1.3336636e+04
 155.3589598,1.3340317e+04
 155.3793941,1.3332700e+04
 155.3998284,1.3336448e+04
 155.4202627,1.3337049e+04
 155.4406970,1.3328469e+04
 155.4611315,1.3333854e+04
 155.4815657,1.3335127e+04
 155.5020000,1.3330225e+04
 155.5224342,1.3330087e+04
 155.5428686,1.3334359e+04
 155.5633030,         null
 155.5837372,1.3328555e+04
 155.6041716,1.3324547e+04
 155.6246059,1.3325394e+04
 155.6450402,1.3338178e+04
 155.6654745,1.3332333e+04
 155.6859089,1.3333262e+04
 155.7063432,1.3325259e+04
 155.7267774,1.3333237e+04
 155.7472117,1.3333713e+04
 155.7676462,1.3328076e+04
 155.7880804,1.3334036e+04
 155.8085147,1.3329988e+04
 155.8289491,1.3328477e+04
 155.8493833,1.3330319e+04
 155.8698177,1.3327795e+04
 155.8902520,1.3333292e+04
 155.9106864,1.3330161e+04
 155.9311206,1.3335712e+04
 155.9515549,1.3333921e+04
 155.9719893,1.3328273e+04
 155.9924236,1.3336225e+04
 156.0128579,1.3329164e+04
 156.0332921,1.3338191e+04
 156.0537265,1.3336840e+04
 156.0741608,1.3330588e+04
 156.0945951,1.3336622e+04
 156.1150295,1.3331027e+04
 156.1354638,1.3330384e+04
 156.1558981,1.3326600e+04
 156.1763323,1.3332050e+04
 156.1967667,1.3327552e+04
 156.2172010,1.3325604e+04
 156.2376353,1.3327635e+04
 156.2580696,1.3333370e+04
 156.2785040,1.3328515e+04
 156.2989382,1.3325138e+04
 156.3193725,1.3319373e+04
 156.3398069,1.3329789e+04
 156.3602412,1.3329344e+04
 156.3806755,1.3327083e+04
 156.4011098,1.3331081e+04
 156.4215442,1.3329604e+04
 156.4419784,1.3325160e+04
 156.4624127,1.3324243e+04
 156.4828471,1.3331536e+04
 156.5032814,1.3334549e+04
 156.5237157,1.3330088e+04
 156.5441500,1.3325502e+04
 156.5645843,1.3330706e+04
 156.5850186,1.3325497e+04
 156.6054529,1.3326146e+04
 156.6258872,1.3327293e+04
 156.6463216,1.3326489e+04
 156.6667559,1.3333595e+04
 156.6871902,1.3342612e+04
 156.7076245,1.3329638e+04
 156.7280588,1.3325931e+04
 156.7484931,1.3331844e+04
 156.7689273,1.3327787e+04
 156.7893617,1.3329113e+04
 156.8097961,1.3332060e+04
 156.8302304,1.3331331e+04
 156.8506647,1.3329078e+04
 156.8710990,1.3333431e+04
 156.8915333,1.3328039e+04
 156.9119675,1.3336440e+04
 156.9324019,1.3334688e+04
 156.9528362,1.3334616e+04
 156.9732704,1.3331251e+04
 156.9937049,1.3335094e+04
 157.0141392,1.3325393e+04
 157.0345734,1.3331486e+04
 157.0550077,1.3335130e+04
 157.0754421,1.3330655e+04
 157.0958763,1.3327281e+04
 157.1163106,1.3332912e+04
 157.1367450,1.3330948e+04
 157.1571793,1.3332527e+04
 157.1776135,1.3332877e+04
 157.1980479,1.3326761e+04
 157.2184823,1.3329527e+04
 157.2389165,1.3329329e+04
 157.2593508,1.3331277e+04
 157.2797851,1.3329201e+04
 157.3002194,1.3331818e+04
 157.3206537,1.3330721e+04
 157.3410880,1.3329132e+04
 157.3615223,1.3330564e+04
 157.3819566,1.3336821e+04
 157.4023909,1.3325452e+04
 157.4228252,1.3333514e+04
 157.4432596,1.3329362e+04
 157.4636939,1.3331814e+04
 157.4841281,1.3335600e+04
 157.5045625,1.3334754e+04
 157.5249968,1.3327410e+04
 157.5454310,1.3331759e+04
 157.5658653,1.3326937e+04
 157.5862997,1.3330163e+04
 157.6067339,1.3333493e+04
 157.6271682,1.3326813e+04
 157.6476026,1.3327939e+04
 157.6680369,1.3328451e+04
 157.6884711,1.3334229e+04
 157.7089055,1.3331578e+04
 157.7293399,1.3325869e+04
 157.7497741,1.3333532e+04
 157.7702084,1.3324687e+04
 157.7906428,1.3326470e+04
 157.8110770,1.3333457e+04
 157.8315113,1.3328022e+04
 157.8519456,1.3334922e+04
 157.8723799,1.3323179e+04
 157.8928142,1.3332726e+04
 157.9132485,1.3332983e+04
 157.9336827,1.3324219e+04
 157.9541171,1.3330523e+04
 157.9745514,1.3338642e+04
 157.9949856,1.3330664e+04
 158.0154200,1.3332511e+04
 158.0358543,1.3334202e+04
 158.0562885,1.3332036e+04
 158.0767228,1.3333863e+04
 158.0971572,1.3328721e+04
 158.1175915,1.3333920e+04
 158.1380257,1.3332308e+04
 158.1584601,1.3330109e+04
 158.1788944,1.3333725e+04
 158.1993287,1.3339784e+04
 158.2197630,1.3325912e+04
 158.2401974,1.3334604e+04
 158.2606316,         null
 158.2810659,1.3336838e+04
 158.3015003,1.3328294e+04
 158.3219346,1.3333997e+04
 158.3423688,1.3326369e+04
 158.3628031,1.3328562e+04
 158.3832375,1.3338812e+04
 158.4036718,1.3328207e+04
 158.4241060,1.3340853e+04
 158.4445403,1.3331943e+04
 158.4649747,1.3332954e+04
 158.4854089,1.3338071e+04
 158.5058432,1.3330888e+04
 158.5262776,1.3327113e+04
 158.5467118,1.3326621e+04
 158.5671461,1.3341940e+04
 158.5875804,1.3329868e+04
 158.6080147,1.3325497e+04
 158.6284490,1.3330271e+04
 158.6488833,1.3325524e+04
 158.6693177,1.3327095e+04
 158.6897519,1.3334379e+04
 158.7101862,1.3342806e+04
 158.7306204,1.3335019e+04
 158.7510548,1.3336305e+04
 158.7714891,1.3332475e+04
 158.7919234,1.3332755e+04
 158.8123577,1.3335264e+04
 158.8327920,1.3337053e+04
 158.8532263,1.3324908e+04
 158.8736605,1.3340110e+04
 158.8940949,1.3341027e+04
 158.9145292,1.3331193e+04
 158.9349633,1.3329036e+04
 158.9553977,1.3333683e+04
 158.9758320,1.3335580e+04
 158.9962662,1.3336279e+04
 159.0167005,1.3328123e+04
 159.0371349,1.3335136e+04
 159.0575691,1.3335955e+04
 159.0780034,1.3329168e+04
 159.0984377,1.3338529e+04
 159.1188721,1.3337475e+04
 159.1393063,1.3338402e+04
 159.1597406,1.3338095e+04
 159.1801750,1.3334412e+04
 159.2006092,1.3332210e+04
 159.2210435,1.3327452e+04
 159.2414777,1.3332841e+04
 159.2619121,1.3347837e+04
 159.2823464,1.3327438e+04
 159.3027807,1.3332470e+04
 159.3232150,1.3334147e+04
 159.3436493,1.3324218e+04
 159.3640836,1.3337557e+04
 159.3845178,1.3330034e+04
 159.4049521,1.3327611e+04
 159.4253864,1.3321318e+04
 159.4458206,1.3336561e+04
 159.4662550,1.3333786e+04
 159.4866893,1.3327819e+04
 159.5071235,1.3330710e+04
 159.5275578,1.3336033e+04
 159.5479922,1.3335675e+04
 159.5684264,1.3342555e+04
 159.5888607,1.3340515e+04
 159.6092950,1.3329717e+04
 159.6297294,1.3336375e+04
 159.6501636,1.3328616e+04
 159.6705979,1.3330013e+04
 159.6910322,1.3326557e+04
 159.7114664,1.3334477e+04
 159.7319007,1.3330895e+04
 159.7523350,1.3335191e+04
 159.7727693,1.3332851e+04
 159.7932036,1.3342900e+04
 159.8136379,1.3336944e+04
 159.8340722,1.3335240e+04
 159.8545065,1.3324038e+04
 159.8749408,1.3340953e+04
 159.8953750,1.3329041e+04
 159.9158094,1.3330393e+04
 159.9362436,1.3331861e+04
 159.9566779,1.3327966e+04
 159.9771122,1.3334948e+04
 159.9975465,1.3327623e+04
 160.0179808,1.3328585e+04
 160.0384151,1.3332108e+04
 160.0588494,1.3332496e+04
 160.0792837,1.3337672e+04
 160.0997180,1.3332532e+04
 160.1201521,1.3327593e+04
 160.1405865,1.3329816e+04
 160.1610208,1.3334681e+04
 160.1814550,1.3325109e+04
 160.2018894,1.3333733e+04
 160.2223237,1.3336069e+04
 160.2427579,1.3332846e+04
 160.2631922,1.3341015e+04
 160.2836266,1.3328013e+04
 160.3040607,1.3340134e+04
 160.3244950,1.3335448e+04
 160.3449294,1.3336003e+04
 160.3653637,1.3331933e+04
 160.3857979,1.3336783e+04
 160.4062322,1.3333485e+04
 160.4266666,1.3337431e+04
 160.4471007,1.3332897e+04
 160.4675350,1.3332839e+04
 160.4879694,1.3337453e+04
 160.5084036,1.3331451e+04
 160.5288379,1.3331862e+04
 160.5492722,1.3334451e+04
 160.5697065,1.3338893e+04
 160.5901407,1.3332992e+04
 160.6105750,1.3331144e+04
 160.6310092,1.3338253e+04
 160.6514436,1.3335899e+04
 160.6718779,1.3336705e+04
 160.6923121,1.3325364e+04
 160.7127465,1.3345011e+04
 160.7331807,1.3332122e+04
 160.7536149,1.3336381e+04
 160.7740492,1.3334562e+04
 160.7944836,1.3332123e+04
 160.8149179,1.3339121e+04
 160.8353521,1.3343129e+04
 160.8557864,1.3335949e+04
 160.8762207,1.3339314e+04
 160.8966549,1.3341003e+04
 160.9170892,1.3329916e+04
 160.9375236,1.3342559e+04
 160.9579578,1.3331267e+04
 160.9783920,1.3336948e+04
 160.9988264,1.3335559e+04
 161.0192606,1.3331909e+04
 161.0396949,1.3337743e+04
 161.0601292,1.3336232e+04
 161.0805634,1.3338115e+04
 161.1009977,1.3333987e+04
 161.1214320,1.3341642e+04
 161.1418664,1.3335500e+04
 161.1623006,1.3330568e+04
 161.1827349,1.3339502e+04
 161.2031690,1.3336091e+04
 161.2236034,1.3341520e+04
 161.2440377,         null
 161.2644720,1.3340479e+04
 161.2849062,1.3338329e+04
 161.3053405,1.3336969e+04
 161.3257748,1.3334411e+04
 161.3462090,1.3340833e+04
 161.3666434,1.3344986e+04
 161.3870777,1.3326818e+04
 161.4075118,1.3329553e+04
 161.4279461,1.3333729e+04
 161.4483805,1.3337137e+04
 161.4688147,1.3340265e+04
 161.4892489,1.3341642e+04
 161.5096833,1.3338987e+04
 161.5301175,1.3334435e+04
 161.5505518,1.3340147e+04
 161.5709861,1.3335236e+04
 161.5914204,1.3328169e+04
 161.6118546,1.3336147e+04
 161.6322889,1.3334931e+04
 161.6527233,1.3340427e+04
 161.6731576,1.3336514e+04
 161.6935917,1.3334844e+04
 161.7140260,1.3338168e+04
 161.7344604,1.3326944e+04
 161.7548946,1.3329206e+04
 161.7753288,1.3334585e+04
 161.7957631,1.3337997e+04
 161.8161974,1.3332623e+04
 161.8366317,1.3333319e+04
 161.8570659,1.3332128e+04
 161.8775003,1.3336371e+04
 161.8979345,1.3344675e+04
 161.9183688,1.3341093e+04
 161.9388029,1.3335800e+04
 161.9592373,1.3344183e+04
 161.9796716,1.3344206e+04
 162.0001059,1.3344154e+04
 162.0205401,1.3342013e+04
 162.0409744,1.3336656e+04
 162.0614087,1.3335525e+04
 162.0818429,1.3337294e+04
 162.1022772,1.3330604e+04
 162.1227115,1.3345750e+04
 162.1431457,1.3337865e+04
 162.1635801,1.3333863e+04
 162.1840143,1.3343629e+04
 162.2044485,1.3346591e+04
 162.2248828,1.3332854e+04
 162.2453171,1.3348127e+04
 162.2657513,1.3338025e+04
 162.2861856,1.3344897e+04
 162.3066200,1.3339206e+04
 162.3270542,1.3335326e+04
 162.3474884,1.3341866e+04
 162.3679227,1.3338391e+04
 162.3883571,1.3337932e+04
 162.4087912,1.3347625e+04
 162.4292255,1.3330287e+04
 162.4496597,1.3338979e+04
 162.4700940,1.3343394e+04
 162.4905283,1.3338774e+04
 162.5109620,1.3345281e+04
 162.5313964,1.3343122e+04
 162.5518305,1.3333382e+04
 162.5722648,1.3335987e+04
 162.5926991,1.3350637e+04
 162.6131334,1.3343548e+04
 162.6335676,1.3340333e+04
 162.6540019,1.3342981e+04
 162.6744362,1.3337997e+04
 162.6948704,1.3341187e+04
 162.7153047,1.3333587e+04
 162.7357389,1.3335016e+04
 162.7561732,1.3336426e+04
 162.7766075,1.3340425e+04
 162.7970418,1.3344477e+04
 162.8174760,1.3341776e+04
 162.8379103,1.3342015e+04
 162.8583446,1.3332770e+04
 162.8787787,1.3351957e+04
 162.8992131,1.3338291e+04
 162.9196474,1.3343567e+04
 162.9400815,1.3345996e+04
 162.9605158,1.3337735e+04
 162.9809502,1.3344823e+04
 163.0013843,1.3334829e+04
 163.0218186,1.3345754e+04
 163.0422530,1.3344667e+04
 163.0626872,1.3339392e+04
 163.0831214,1.3334445e+04
 163.1035557,1.3339361e+04
 163.1239900,1.3343834e+04
 163.1444242,1.3331188e+04
 163.1648585,1.3340233e+04
 163.1852928,1.3337464e+04
 163.2057270,1.3342413e+04
 163.2261613,1.3346257e+04
 163.2465955,1.3345374e+04
 163.2670298,1.3345498e+04
 163.2874641,1.3347936e+04
 163.3078983,1.3341571e+04
 163.3283327,1.3346033e+04
 163.3487668,1.3339315e+04
 163.3692011,1.3341521e+04
 163.3896353,1.3344070e+04
 163.4100696,1.3332533e+04
 163.4305039,1.3352109e+04
 163.4509381,1.3351120e+04
 163.4713724,1.3341954e+04
 163.4918067,1.3340979e+04
 163.5122410,1.3346715e+04
 163.5326751,1.3340556e+04
 163.5531095,1.3339905e+04
 163.5735437,1.3342148e+04
 163.5939779,1.3338276e+04
 163.6144122,1.3347650e+04
 163.6348465,1.3336954e+04
 163.6552807,1.3336464e+04
 163.6757149,1.3336062e+04
 163.6961493,1.3339991e+04
 163.7165835,1.3343977e+04
 163.7370177,1.3344703e+04
 163.7574520,1.3345013e+04
 163.7778863,1.3342973e+04
 163.7983205,1.3337955e+04
 163.8187548,1.3333374e+04
 163.8391891,1.3337654e+04
 163.8596233,1.3350223e+04
 163.8800576,1.3343363e+04
 163.9004917,1.3344213e+04
 163.9209261,1.3333911e+04
 163.9413603,1.3340506e+04
 163.9617946,1.3342248e+04
 163.9822289,1.3343071e+04
 164.0026631,1.3340918e+04
 164.0230974,1.3357508e+04
 164.0435315,1.3345442e+04
 164.0639659,1.3345313e+04
 164.0844001,1.3340350e+04
 164.1048344,1.3345158e+04
 164.1252686,1.3336630e+04
 164.1457029,1.3347582e+04
 164.1661371,1.3348096e+04
 164.1865713,1.3345136e+04
 164.2070057,1.3337001e+04
 164.2274399,         null
 164.2478741,1.3336685e+04
 164.2683084,1.3335456e+04
 164.2887426,1.3334604e+04
 164.3091769,1.3338350e+04
 164.3296111,1.3333881e+04
 164.3500455,1.3341988e+04
 164.3704797,1.3340823e+04
 164.3909139,1.3332982e+04
 164.4113482,1.3335769e+04
 164.4317824,1.3338680e+04
 164.4522167,1.3336833e+04
 164.4726509,1.3338256e+04
 164.4930853,1.3343028e+04
 164.5135194,1.3344392e+04
 164.5339537,1.3343529e+04
 164.5543879,1.3340150e+04
 164.5748222,1.3341636e+04
 164.5952565,1.3338776e+04
 164.6156907,1.3336584e+04
 164.6361249,1.3345372e+04
 164.6565592,1.3336497e+04
 164.6769935,1.3338551e+04
 164.6974277,1.3334528e+04
 164.7178620,1.3334801e+04
 164.7382962,1.3342731e+04
 164.7587305,1.3338504e+04
 164.7791646,1.3342803e+04
 164.7995990,1.3331876e+04
 164.8200332,1.3340315e+04
 164.8404674,1.3341669e+04
 164.8609017,1.3344128e+04
 164.8813360,1.3346683e+04
 164.9017701,1.3340829e+04
 164.9222044,1.3343790e+04
 164.9426387,1.3338639e+04
 164.9630729,1.3341821e+04
 164.9835071,1.3348008e+04
