        TIME,  PDCSAP_FLUX
 131.5124395,3.9024062e+04
 131.5328738,3.9034062e+04
 131.5533080,3.9028047e+04
 131.5737421,3.9028258e+04
 131.5941763,3.9031824e+04
 131.6146106,3.9020820e+04
 131.6350447,3.9036902e+04
 131.6554789,3.9034254e+04
 131.6759132,3.9029969e+04
 131.6963474,3.9012160e+04
 131.7167815,3.9024184e+04
 131.7372157,3.9038508e+04
 131.7576500,3.9031703e+04
 131.7780841,3.9030926e+04
 131.7985183,3.9042781e+04
 131.8189526,3.9024129e+04
 131.8393867,3.9032809e+04
 131.8598209,3.9027195e+04
 131.8802551,3.9031098e+04
 131.9006893,3.9029180e+04
 131.9211235,3.9026289e+04
 131.9415577,3.9023988e+04
 131.9619919,3.9034359e+04
 131.9824261,3.9019672e+04
 132.0028603,3.9024273e+04
 132.0232944,3.9026801e+04
 132.0437287,3.9033598e+04
 132.0641629,3.9040523e+04
 132.0845970,3.9036836e+04
 132.1050312,3.9035309e+04
 132.1254655,3.9039895e+04
 132.1458996,3.9019945e+04
 132.1663338,3.9028723e+04
 132.1867681,3.9031945e+04
 132.2072023,3.9032598e+04
 132.2276364,3.9029328e+04
 132.2480706,3.9033762e+04
 132.2685049,3.9036668e+04
 132.2889390,3.9028289e+04
 132.3093732,3.9024246e+04
 132.3298075,3.9031355e+04
 132.3502416,3.9021906e+04
 132.3706758,3.9036148e+04
 132.3911100,3.9036121e+04
 132.4115442,3.9033461e+04
 132.4319784,3.9031328e+04
 132.4524126,3.9031961e+04
 132.4728469,3.9032617e+04
 132.4932810,3.9031816e+04
 132.5137152,3.9029484e+04
 132.5341493,3.9029695e+04
 132.5545836,3.9033270e+04
 132.5750178,3.9035879e+04
 132.5954519,3.9033969e+04
 132.6158862,3.9037703e+04
 132.6363204,3.9051852e+04
 132.6567546,3.9035125e+04
 132.6771887,3.9031930e+04
 132.6976230,3.9033832e+04
 132.7180572,3.9040449e+04
 132.7384913,3.9029363e+04
 132.7589256,3.9040477e+04
 132.7793598,3.9031836e+04
 132.7997939,3.9040422e+04
 132.8202281,3.9033242e+04
 132.8406624,3.9021508e+04
 132.8610965,3.9036023e+04
 132.8815307,3.9038145e+04
 132.9019650,3.9048133e+04
 132.9223991,3.9027793e+04
 132.9428333,3.9039855e+04
 132.9632675,3.9042617e+04
 132.9837018,3.9028598e+04
 133.0041359,3.9050578e+04
 133.0245701,3.9039453e+04
 133.0450043,3.9032723e+04
 133.0654385,3.9036328e+04
 133.0858727,3.9042559e+04
 133.1063069,3.9033117e+04
 133.1267411,3.9033453e+04
 133.1471753,3.9034703e+04
 133.1676095,3.9042930e+04
 133.1880437,3.9036227e+04
 133.2084780,3.9040863e+04
 133.2289121,3.9043145e+04
 133.2493463,3.9033336e+04
 133.2697805,3.9044871e+04
 133.2902147,3.9039246e+04
 133.3106489,3.9038445e+04
 133.3310830,3.9030223e+04
 133.3515173,3.9040609e+04
 133.3719515,3.9038238e+04
 133.3923857,3.9057684e+04
 133.4128198,3.9032270e+04
 133.4332540,3.9047387e+04
 133.4536882,3.9045043e+04
 133.4741223,3.9055938e+04
 133.4945566,3.9043906e+04
 133.5149908,3.9039359e+04
 133.5354249,3.9040219e+04
 133.5558592,3.9045172e+04
 133.5762934,3.9038938e+04
 133.5967275,3.9034215e+04
 133.6171617,3.9040352e+04
 133.6375960,3.9043188e+04
 133.6580302,3.9052441e+04
 133.6784643,3.9027230e+04
 133.6988986,3.9024414e+04
 133.7193328,3.9047238e+04
 133.7397669,3.9046094e+04
 133.7602011,3.9048668e+04
 133.7806354,3.9045266e+04
 133.8010695,3.9034578e+04
 133.8215037,3.9038160e+04
 133.8419378,3.9042559e+04
 133.8623720,3.9031340e+04
 133.8828062,3.9032793e+04
 133.9032404,3.9042465e+04
 133.9236746,3.9036363e+04
 133.9441088,3.9041602e+04
 133.9645430,3.9047391e+04
 133.9849771,3.9042387e+04
 134.0054114,3.9047676e+04
 134.0258456,3.9039957e+04
 134.0462797,3.9049832e+04
 134.0667140,3.9044867e+04
 134.0871482,3.9038395e+04
 134.1075823,3.9036602e+04
 134.1280165,3.9023762e+04
 134.1484508,3.9027789e+04
 134.1688849,3.9012582e+04
 134.1893190,3.9016887e+04
 134.2097533,3.9036527e+04
 134.2301875,3.9017152e+04
 134.2506216,3.9022871e+04
 134.2710558,3.9013484e+04
 134.2914901,3.9020570e+04
 134.3119242,3.9014172e+04
 134.3323584,3.9011363e+04
 134.3527927,3.9025492e+04
 134.3732268,3.9012547e+04
 134.3936610,         null
 134.4140952,3.9028605e+04
 134.4345293,3.9016785e+04
 134.4549635,3.9021227e+04
 134.4753977,3.9026816e+04
 134.4958320,3.9025559e+04
 134.5162661,3.9032789e+04
 134.5367003,3.9035188e+04
 134.5571344,3.9035727e+04
 134.5775687,3.9046586e+04
 134.5980029,3.9035016e+04
 134.6184370,3.9036465e+04
 134.6388712,3.9049324e+04
 134.6593055,3.9039047e+04
 134.6797396,3.9046477e+04
 134.7001738,3.9047305e+04
 134.7206080,3.9039527e+04
 134.7410422,3.9033621e+04
 134.7614763,3.9040809e+04
 134.7819105,3.9044809e+04
 134.8023448,3.9039379e+04
 134.8227790,3.9035742e+04
 134.8432131,3.9044383e+04
 134.8636474,3.9036086e+04
 134.8840815,3.9044293e+04
 134.9045157,3.9043215e+04
 134.9249498,3.9040859e+04
 134.9453841,3.9041441e+04
 134.9658183,3.9032129e+04
 134.9862524,3.9037828e+04
 135.0066867,3.9050656e+04
 135.0271209,3.9066633e+04
 135.0475550,3.9042988e+04
 135.0679892,3.9041773e+04
 135.0884234,3.9035090e+04
 135.1088575,3.9042879e+04
 135.1292917,3.9040129e+04
 135.1497260,3.9044090e+04
 135.1701602,3.9033480e+04
 135.1905943,3.9046211e+04
 135.2110285,3.9048215e+04
 135.2314628,3.9039590e+04
 135.2518969,3.9041422e+04
 135.2723310,3.9046637e+04
 135.2927651,3.9046508e+04
 135.3131994,3.9044582e+04
 135.3336336,3.9032098e+04
 135.3540677,3.9053277e+04
 135.3745020,3.9051594e+04
 135.3949362,3.9043230e+04
 135.4153704,3.9050617e+04
 135.4358044,3.9038293e+04
 135.4562387,3.9040410e+04
 135.4766729,3.9049250e+04
 135.4971070,3.9028852e+04
 135.5175413,3.9047340e+04
 135.5379755,3.9049410e+04
 135.5584096,3.9041789e+04
 135.5788438,3.9042680e+04
 135.5992780,3.9051805e+04
 135.6197121,3.9047625e+04
 135.6401463,3.9039746e+04
 135.6605806,3.9041336e+04
 135.6810148,3.9043195e+04
 135.7014489,3.9045094e+04
 135.7218831,3.9042105e+04
 135.7423173,3.9033773e+04
 135.7627514,3.9048293e+04
 135.7831856,3.9039066e+04
 135.8036199,3.9043543e+04
 135.8240540,3.9051371e+04
 135.8444882,3.9043105e+04
 135.8649224,3.9050621e+04
 135.8853565,3.9039020e+04
 135.9057907,3.9044777e+04
 135.9262249,3.9047656e+04
 135.9466590,3.9036867e+04
 135.9670933,3.9038352e+04
 135.9875275,3.9048027e+04
 136.0079616,3.9055543e+04
 136.0283958,3.9049688e+04
 136.0488300,3.9041402e+04
 136.0692641,3.9048246e+04
 136.0896983,3.9032078e+04
 136.1101326,3.9043891e+04
 136.1305668,3.9049676e+04
 136.1510008,3.9046672e+04
 136.1714351,3.9031730e+04
 136.1918693,3.9030488e+04
 136.2123034,3.9054891e+04
 136.2327376,3.9055969e+04
 136.2531719,3.9032090e+04
 136.2736060,3.9048086e+04
 136.2940401,3.9031711e+04
 136.3144744,3.9053402e+04
 136.3349085,3.9053980e+04
 136.3553427,3.9034719e+04
 136.3757769,3.9038035e+04
 136.3962111,3.9038086e+04
 136.4166452,3.9063488e+04
 136.4370794,3.9034543e+04
 136.4575137,3.9031285e+04
 136.4779478,3.9051812e+04
 136.4983820,3.9055949e+04
 136.5188162,3.9044777e+04
 136.5392503,3.9039957e+04
 136.5596845,3.9037223e+04
 136.5801187,3.9044230e+04
 136.6005529,3.9045938e+04
 136.6209871,3.9047723e+04
 136.6414212,3.9026152e+04
 136.6618554,3.9032988e+04
 136.6822896,3.9046445e+04
 136.7027238,3.9054047e+04
 136.7231580,3.9056988e+04
 136.7435921,3.9033617e+04
 136.7640263,3.9050395e+04
 136.7844605,3.9049508e+04
 136.8048946,3.9034840e+04
 136.8253289,3.9042066e+04
 136.8457631,3.9039004e+04
 136.8661972,3.9047949e+04
 136.8866313,3.9040801e+04
 136.9070656,3.9034598e+04
 136.9274998,3.9041809e+04
 136.9479339,3.9038078e+04
 136.9683681,3.9035129e+04
 136.9888023,3.9038625e+04
 137.0092364,3.9043168e+04
 137.0296706,3.9049496e+04
 137.0501049,3.9046645e+04
 137.0705389,3.9030113e+04
 137.0909731,3.9041324e+04
 137.1114074,3.9048312e+04
 137.1318415,3.9043465e+04
 137.1522757,3.9046891e+04
 137.1727098,3.9050523e+04
 137.1931441,3.9038953e+04
 137.2135782,3.9049230e+04
 137.2340124,3.9045918e+04
 137.2544465,3.9036172e+04
 137.2748807,3.9047867e+04
 137.2953149,3.9042195e+04
 137.3157490,3.9043367e+04
 137.3361833,3.9040027e+04
 137.3566175,3.9032727e+04
 137.3770516,         null
 137.3974857,3.9045812e+04
 137.4179200,3.9045289e+04
 137.4383542,3.9047309e+04
 137.4587883,3.9033852e+04
 137.4792225,3.9035465e+04
 137.4996567,3.9046285e+04
 137.5200908,3.9030848e+04
 137.5405250,3.9045207e+04
 137.5609592,3.9051781e+04
 137.5813933,3.9045371e+04
 137.6018275,3.9048141e+04
 137.6222618,3.9040020e+04
 137.6426960,3.9028703e+04
 137.6631300,3.9050266e+04
 137.6835642,3.9025641e+04
 137.7039985,3.9030176e+04
 137.7244326,3.9037164e+04
 137.7448667,3.9048977e+04
 137.7653010,3.9032359e+04
 137.7857351,3.9055969e+04
 137.8061693,3.9037473e+04
 137.8266033,3.9036039e+04
 137.8470376,3.9035895e+04
 137.8674718,3.9039422e+04
 137.8879060,3.9056762e+04
 137.9083401,3.9043676e+04
 137.9287743,3.9054727e+04
 137.9492085,3.9044203e+04
 137.9696426,3.9037332e+04
 137.9900769,3.9029789e+04
 138.0105110,3.9044238e+04
 138.0309451,3.9037340e+04
 138.0513793,3.9036953e+04
 138.0718136,3.9029062e+04
 138.0922477,3.9050520e+04
 138.1126818,3.9042949e+04
 138.1331161,3.9032117e+04
 138.1535503,3.9031879e+04
 138.1739843,3.9044738e+04
 138.1944185,3.9036273e+04
 138.2148528,3.9043273e+04
 138.2352870,3.9034695e+04
 138.2557210,3.9044156e+04
 138.2761553,3.9052672e+04
 138.2965895,3.9040082e+04
 138.3170236,3.9044930e+04
 138.3374577,3.9051945e+04
 138.3578920,3.9028453e+04
 138.3783262,3.9050082e+04
 138.3987603,3.9054738e+04
 138.4191945,3.9039508e+04
 138.4396287,3.9042418e+04
 138.4600628,3.9032129e+04
 138.4804969,3.9047164e+04
 138.5009312,3.9036438e+04
 138.5213653,3.9039648e+04
 138.5417995,3.9050395e+04
 138.5622336,3.9059203e+04
 138.5826678,3.9046191e+04
 138.6031020,3.9043027e+04
 138.6235362,3.9049848e+04
 138.6439703,3.9052277e+04
 138.6644045,3.9047539e+04
 138.6848387,3.9053180e+04
 138.7052727,3.9054309e+04
 138.7257070,3.9052957e+04
 138.7461412,3.9043371e+04
 138.7665753,3.9053445e+04
 138.7870095,3.9034852e+04
 138.8074437,3.9045699e+04
 138.8278778,3.9059629e+04
 138.8483119,3.9052820e+04
 138.8687462,3.9057613e+04
 138.8891804,3.9043863e+04
 138.9096145,3.9045441e+04
 138.9300487,3.9040781e+04
 138.9504829,3.9059422e+04
 138.9709170,3.9048047e+04
 138.9913511,3.9050090e+04
 139.0117854,3.9041719e+04
 139.0322195,3.9059004e+04
 139.0526537,3.9042598e+04
 139.0730879,3.9058570e+04
 139.0935220,3.9067883e+04
 139.1139562,3.9049426e+04
 139.1343903,3.9058051e+04
 139.1548245,3.9040605e+04
 139.1752587,3.9074863e+04
 139.1956929,3.9065562e+04
 139.2161269,3.9043254e+04
 139.2365612,3.9059066e+04
 139.2569954,3.9060633e+04
 139.2774294,3.9046473e+04
 139.2978637,3.9055988e+04
 139.3182979,3.9048289e+04
 139.3387320,3.9050484e+04
 139.3591661,3.9054555e+04
 139.3796004,3.9051918e+04
 139.4000345,3.9066438e+04
 139.4204686,3.9059879e+04
 139.4409029,3.9049523e+04
 139.4613371,3.9050285e+04
 139.4817711,3.9041934e+04
 139.5022053,3.9062043e+04
 139.5226396,3.9044172e+04
 139.5430736,3.9049070e+04
 139.5635078,3.9054027e+04
 139.5839421,3.9048352e+04
 139.6043761,3.9070320e+04
 139.6248103,3.9061227e+04
 139.6452445,3.9058805e+04
 139.6656787,3.9069023e+04
 139.6861128,3.9070656e+04
 139.7065470,3.9059977e+04
 139.7269811,3.9056109e+04
 139.7474153,3.9063027e+04
 139.7678495,3.9059996e+04
 139.7882836,3.9055547e+04
 139.8087178,3.9064922e+04
 139.8291520,3.9057547e+04
 139.8495861,3.9058676e+04
 139.8700203,3.9067328e+04
 139.8904545,3.9065852e+04
 139.9108886,3.9062641e+04
 139.9313228,3.9063215e+04
 139.9517571,3.9053285e+04
 139.9721911,3.9054051e+04
 139.9926253,3.9045906e+04
 140.0130594,3.9055445e+04
 140.0334936,3.9069539e+04
 140.0539278,3.9060648e+04
 140.0743620,3.9053734e+04
 140.0947961,3.9062270e+04
 140.1152303,3.9054352e+04
 140.1356645,3.9065770e+04
 140.1560985,3.9063289e+04
 140.1765328,3.9048258e+04
 140.1969670,3.8993590e+04
 140.2174010,3.8873664e+04
 140.2378353,3.8834504e+04
 140.2582694,3.8798402e+04
 140.2787035,3.8785480e+04
 140.2991377,3.8769992e+04
 140.3195719,3.8759137e+04
 140.3400060,3.8755207e+04
 140.3604402,         null
 140.3808743,3.8737844e+04
 140.4013086,3.8738930e+04
 140.4217427,3.8749598e+04
 140.4421768,3.8728844e+04
 140.4626111,3.8733359e+04
 140.4830451,3.8734953e+04
 140.5034793,3.8730953e+04
 140.5239134,3.8736898e+04
 140.5443476,3.8751797e+04
 140.5647818,3.8736152e+04
 140.5852160,3.8735488e+04
 140.6056501,3.8741281e+04
 140.6260843,3.8830324e+04
 140.6465185,3.8757008e+04
 140.6669525,3.8777840e+04
 140.6873868,3.8784977e+04
 140.7078209,3.8805551e+04
 140.7282550,3.8838984e+04
 140.7486893,3.8923660e+04
 140.7691234,3.9024555e+04
 140.7895575,3.9052891e+04
 140.8099916,3.9060219e+04
 140.8304259,3.9048684e+04
 140.8508601,3.9052461e+04
 140.8712941,3.9065234e+04
 140.8917283,3.9045660e+04
 140.9121626,3.9046629e+04
 140.9325966,3.9048938e+04
 140.9530308,3.9055910e+04
 140.9734650,3.9052629e+04
 140.9938991,3.9061117e+04
 141.0143333,3.9052910e+04
 141.0347674,3.9054852e+04
 141.0552016,3.9053051e+04
 141.0756357,3.9047324e+04
 141.0960699,3.9063746e+04
 141.1165041,3.9054094e+04
 141.1369382,3.9047621e+04
 141.1573724,3.9062590e+04
 141.1778064,3.9049406e+04
 141.1982407,3.9038953e+04
 141.2186749,3.9050105e+04
 141.2391089,3.9052996e+04
 141.2595432,3.9057469e+04
 141.2799773,3.9050043e+04
 141.3004114,3.9044086e+04
 141.3208456,3.9048016e+04
 141.3412798,3.9059984e+04
 141.3617140,3.9058219e+04
 141.3821480,3.9056156e+04
 141.4025822,3.9055816e+04
 141.4230165,3.9055434e+04
 141.4434506,3.9060406e+04
 141.4638847,3.9050840e+04
 141.4843189,3.9051656e+04
 141.5047531,3.9051055e+04
 141.5251871,3.9057340e+04
 141.5456213,3.9045301e+04
 141.5660555,3.9050648e+04
 141.5864897,3.9045305e+04
 141.6069238,3.9057410e+04
 141.6273580,3.9049477e+04
 141.6477922,3.9046883e+04
 141.6682262,3.9054301e+04
 141.6886604,3.9048926e+04
 141.7090947,3.9043871e+04
 141.7295287,3.9055133e+04
 141.7499629,3.9050660e+04
 141.7703971,3.9063309e+04
 141.7908312,3.9051223e+04
 141.8112653,3.9047477e+04
 141.8316995,3.9048312e+04
 141.8521337,3.9045559e+04
 141.8725678,3.9053145e+04
 141.8930020,3.9044949e+04
 141.9134362,3.9044824e+04
 141.9338703,3.9057574e+04
 141.9543044,3.9044859e+04
 141.9747385,3.9041602e+04
 141.9951727,3.9056867e+04
 142.0156069,3.9040742e+04
 142.0360410,3.9072883e+04
 142.0564751,3.9055930e+04
 142.0769094,3.9060863e+04
 142.0973435,3.9055551e+04
 142.1177776,3.9060621e+04
 142.1382118,3.9060164e+04
 142.1586460,3.9047840e+04
 142.1790800,3.9043340e+04
 142.1995142,3.9046020e+04
 142.2199484,3.9048387e+04
 142.2403825,3.9047164e+04
 142.2608167,3.9051148e+04
 142.2812509,3.9046844e+04
 142.3016850,3.9048477e+04
 142.3221191,3.9065523e+04
 142.3425533,3.9041145e+04
 142.3629875,3.9051988e+04
 142.3834216,3.9074555e+04
 142.4038557,3.9060148e+04
 142.4242900,3.9053723e+04
 142.4447240,3.9063539e+04
 142.4651582,3.9050805e+04
 142.4855922,3.9062973e+04
 142.5060265,3.9039625e+04
 142.5264606,3.9067586e+04
 142.5468948,3.9058590e+04
 142.5673289,3.9049062e+04
 142.5877631,3.9056824e+04
 142.6081973,3.9053352e+04
 142.6286313,3.9033617e+04
 142.6490656,3.9045020e+04
 142.6694997,3.9036996e+04
 142.6899338,3.9050934e+04
 142.7103679,3.9049777e+04
 142.7308022,3.9054082e+04
 142.7512362,3.9060688e+04
 142.7716704,3.9051586e+04
 142.7921046,3.9040129e+04
 142.8125387,3.9043977e+04
 142.8329728,3.9061391e+04
 142.8534070,3.9043535e+04
 142.8738412,3.9049977e+04
 142.8942753,3.9059254e+04
 142.9147094,3.9049172e+04
 142.9351437,3.9046707e+04
 142.9555777,3.9049391e+04
 142.9760119,3.9051754e+04
 142.9964459,3.9038543e+04
 143.0168802,3.9052203e+04
 143.0373143,3.9042031e+04
 143.0577485,3.9046703e+04
 143.0781826,3.9053148e+04
 143.0986168,3.9052691e+04
 143.1190509,3.9048930e+04
 143.1394851,3.9047363e+04
 143.1599192,3.9044574e+04
 143.1803534,3.9061395e+04
 143.2007874,3.9042641e+04
 143.2212216,3.9044973e+04
 143.2416558,3.9053324e+04
 143.2620900,3.9055906e+04
 143.2825241,3.9052145e+04
 143.3029583,3.9052277e+04
 143.3233924,3.9050684e+04
 143.3438266,         null
 143.3642606,3.9042395e+04
 143.3846949,3.9046344e+04
 143.4051290,3.9057891e+04
 143.4255630,3.9064539e+04
 143.4459973,3.9043219e+04
 143.4664314,3.9058176e+04
 143.4868655,3.9043512e+04
 143.5072996,3.9046078e+04
 143.5277339,3.9056848e+04
 143.5481680,3.9060051e+04
 143.5686021,3.9045422e+04
 143.5890363,3.9058902e+04
 143.6094705,3.9045219e+04
 143.6299045,3.9056793e+04
 143.6503387,3.9054074e+04
 143.6707729,3.9056410e+04
 143.6912070,3.9060586e+04
 143.7116411,3.9051867e+04
 143.7320753,3.9044531e+04
 143.7525094,3.9073031e+04
 143.7729435,3.9045734e+04
 143.7933777,3.9052289e+04
 143.8138118,3.9059723e+04
 143.8342460,3.9049285e+04
 143.8546801,3.9055762e+04
 143.8751142,3.9037637e+04
 143.8955484,3.9052133e+04
 143.9159826,3.9041691e+04
 143.9364166,3.9043363e+04
 143.9568508,3.9060531e+04
 143.9772850,3.9042273e+04
 143.9977190,3.9047289e+04
 144.0181532,3.9031992e+04
 144.0385874,3.9056133e+04
 144.0590216,3.9046082e+04
 144.0794556,3.9050555e+04
 144.0998899,3.9050777e+04
 144.1203240,3.9050262e+04
 144.1407580,3.9058316e+04
 144.1611922,3.9059070e+04
 144.1816264,3.9050938e+04
 144.2020605,3.9050074e+04
 144.2224946,3.9051906e+04
 144.2429289,3.9046141e+04
 144.2633629,3.9049145e+04
 144.2837970,3.9051098e+04
 144.3042312,3.9031957e+04
 144.3246653,3.9037684e+04
 144.3450995,3.9055965e+04
 144.3655336,3.9053320e+04
 144.3859677,3.9041934e+04
 144.4064019,3.9043488e+04
 144.4268360,3.9040375e+04
 144.4472701,3.9050730e+04
 144.4677043,3.9045613e+04
 144.4881385,3.9038137e+04
 144.5085725,3.9054445e+04
 144.5290067,3.9046094e+04
 144.5494409,3.9038949e+04
 144.5698750,3.9055074e+04
 144.5903091,3.9039434e+04
 144.6107433,3.9043000e+04
 144.6311775,3.9039625e+04
 144.6516115,3.9041289e+04
 144.6720456,3.9034609e+04
 144.6924799,3.9050883e+04
 144.7129139,3.9043285e+04
 144.7333481,3.9044250e+04
 144.7537823,3.9032762e+04
 144.7742163,3.9052652e+04
 144.7946505,3.9038734e+04
 144.8150846,3.9043484e+04
 144.8355189,3.9042832e+04
 144.8559529,3.9055672e+04
 144.8763870,3.9040957e+04
 144.8968212,3.9046891e+04
 144.9172553,3.9047781e+04
 144.9376895,3.9044262e+04
 144.9581236,3.9057473e+04
 144.9785578,3.9039805e+04
 144.9989919,3.9054504e+04
 145.0194260,3.9042406e+04
 145.0398601,3.9051121e+04
 145.0602943,3.9047070e+04
 145.0807284,3.9037535e+04
 145.1011626,3.9039273e+04
 145.1215968,3.9054105e+04
 145.1420308,3.9057121e+04
 145.1624650,3.9056609e+04
 145.1828990,3.9043797e+04
 145.2033333,3.9055332e+04
 145.2237674,3.9047090e+04
 145.2442014,3.9060000e+04
 145.2646357,3.9036734e+04
 145.2850698,3.9051746e+04
 145.3055039,3.9041023e+04
 145.3259380,3.9031355e+04
 145.3463722,3.9063395e+04
 145.3668063,3.9046867e+04
 145.3872404,3.9052965e+04
 145.4076746,3.9052594e+04
 145.4281088,3.9043160e+04
 145.4485428,3.9053594e+04
 145.4689769,3.9055035e+04
 145.4894112,3.9043117e+04
 145.5098452,3.9035941e+04
 145.5302793,3.9049539e+04
 145.5507135,3.9044438e+04
 145.5711477,3.9036195e+04
 145.5915817,3.9040680e+04
 145.6120159,3.9053898e+04
 145.6324501,3.9049902e+04
 145.6528841,3.9046098e+04
 145.6733183,3.9044188e+04
 145.6937523,3.9051820e+04
 145.7141865,3.9039602e+04
 145.7346207,3.9046039e+04
 145.7550548,3.9038238e+04
 145.7754890,3.9049832e+04
 145.7959231,3.9040852e+04
 145.8163572,3.9050137e+04
 145.8367913,3.9035125e+04
 145.8572255,3.9044000e+04
 145.8776596,3.9045965e+04
 145.8980937,3.9032215e+04
 145.9185279,3.9047320e+04
 145.9389620,3.9043766e+04
 145.9593961,3.9049703e+04
 145.9798302,3.9036754e+04
 146.0002644,3.9043777e+04
 146.0206986,3.9038121e+04
 146.0411326,3.9050254e+04
 146.0615668,3.9053988e+04
 146.0820009,3.9044848e+04
 146.1024350,3.9036379e+04
 146.1228691,3.9036211e+04
 146.1433033,3.9032773e+04
 146.1637374,3.9030738e+04
 146.1841715,3.9026355e+04
 146.2046056,3.9044574e+04
 146.2250398,3.9046734e+04
 146.2454739,3.9053879e+04
 146.2659080,3.9042410e+04
 146.2863422,3.9037230e+04
 146.3067763,3.9030473e+04
 146.3272104,         null
 146.3476445,3.9042762e+04
 146.3680787,3.9052547e+04
 146.3885128,3.9043043e+04
 146.4089469,3.9040113e+04
 146.4293811,3.9039688e+04
 146.4498152,3.9037359e+04
 146.4702492,3.9034258e+04
 146.4906835,3.9048961e+04
 146.5111176,3.9046840e+04
 146.5315517,3.9050324e+04
 146.5519858,3.9045375e+04
 146.5724200,3.9052797e+04
 146.5928541,3.9056688e+04
 146.6132882,3.9047656e+04
 146.6337223,3.9037145e+04
 146.6541565,3.9043652e+04
 146.6745906,3.9045648e+04
 146.6950247,3.9032391e+04
 146.7154589,3.9038754e+04
 146.7358930,3.9043922e+04
 146.7563271,3.9049852e+04
 146.7767612,3.9031949e+04
 146.7971954,3.9050547e+04
 146.8176295,3.9041547e+04
 146.8380636,3.9047242e+04
 146.8584977,3.9025875e+04
 146.8789319,3.8941688e+04
 146.8993659,3.8905324e+04
 146.9198001,3.8902855e+04
 146.9402343,3.8888348e+04
 146.9606683,3.8902363e+04
 146.9811025,3.8893516e+04
 147.0015366,3.8899477e+04
 147.0219707,3.8891102e+04
 147.0424048,3.8896543e+04
 147.0628390,3.8868363e+04
 147.0832732,3.8883453e+04
 147.1037072,3.8883816e+04
 147.1241413,3.8880164e+04
 147.1445754,3.8879645e+04
 147.1650096,3.8890750e+04
 147.1854437,3.8894008e+04
 147.2058777,3.8878020e+04
 147.2263120,3.8883238e+04
 147.2467461,3.8886844e+04
 147.2671802,3.8902305e+04
 147.2876142,3.8911504e+04
 147.3080485,3.8922465e+04
 147.3284826,3.8962383e+04
 147.3489166,3.9034996e+04
 147.3693507,3.9052238e+04
 147.3897850,3.9046797e+04
 147.4102190,3.9035055e+04
 147.4306531,3.9044602e+04
 147.4510873,3.9055312e+04
 147.4715214,3.9063273e+04
 147.4919555,3.9052535e+04
 147.5123896,3.9034801e+04
 147.5328238,3.9044062e+04
 147.5532579,3.9060520e+04
 147.5736920,3.9053422e+04
 147.5941262,3.9036004e+04
 147.6145602,3.9053176e+04
 147.6349943,3.9040152e+04
 147.6554284,3.9049773e+04
 147.6758626,3.9051668e+04
 147.6962967,3.9036309e+04
 147.7167307,3.9045246e+04
 147.7371650,3.9028945e+04
 147.7575991,3.9055363e+04
 147.7780332,3.9048051e+04
 147.7984672,3.9048695e+04
 147.8189014,3.9048699e+04
 147.8393356,3.9039898e+04
 147.8597696,3.9039422e+04
 147.8802037,3.9050363e+04
 147.9006379,         null
 147.9210720,3.9044328e+04
 147.9415061,3.9042266e+04
 147.9619403,3.9036168e+04
 147.9823743,3.9042582e+04
 148.0028084,3.9042020e+04
 148.0232426,3.9033785e+04
 148.0436768,3.9055570e+04
 148.0641108,3.9031535e+04
 148.0845449,3.9057824e+04
 148.1049791,3.9049504e+04
 148.1254132,3.9046988e+04
 148.1458473,3.9050586e+04
 148.1662814,3.9038926e+04
 148.1867155,3.9040480e+04
 148.2071496,3.9031730e+04
 148.2275838,3.9032359e+04
 148.2480180,3.9028191e+04
 148.2684520,3.9036500e+04
 148.2888861,3.9030168e+04
 148.3093202,3.9025738e+04
 148.3297544,3.9040520e+04
 148.3501885,3.9029617e+04
 148.3706226,3.9042668e+04
 148.3910566,3.9049324e+04
 148.4114908,3.9039215e+04
 148.4319249,3.9040543e+04
 148.4523591,3.9034020e+04
 148.4727932,3.9030770e+04
 148.4932273,3.9044137e+04
 148.5136614,3.9046148e+04
 148.5340954,3.9043590e+04
 148.5545296,3.9060113e+04
 148.5749638,3.9039395e+04
 148.5953978,3.9044762e+04
 148.6158320,3.9062379e+04
 148.6362661,3.9038199e+04
 148.6567001,3.9028703e+04
 148.6771343,3.9045691e+04
 148.6975685,3.9035355e+04
 148.7180025,3.9037684e+04
 148.7384366,3.9038688e+04
 148.7588708,3.9037922e+04
 148.7793049,3.9038852e+04
 148.7997389,3.9047410e+04
 148.8201731,3.9045301e+04
 148.8406073,3.9040906e+04
 148.8610413,3.9028316e+04
 148.8814754,3.9038934e+04
 148.9019096,3.9063520e+04
 148.9223436,3.9041242e+04
 148.9427778,3.9038902e+04
 148.9632119,3.9037543e+04
 148.9836460,3.9042875e+04
 149.0040801,3.9031359e+04
 149.0245142,3.9038430e+04
 149.0449482,3.9041352e+04
 149.0653824,3.9048910e+04
 149.0858166,3.9044867e+04
 149.1062506,3.9033625e+04
 149.1266848,3.9044648e+04
 149.1471189,3.9036441e+04
 149.1675529,3.9038242e+04
 149.1879870,3.9036363e+04
 149.2084212,3.9076777e+04
 149.2288553,3.9042430e+04
 149.2492894,3.9045859e+04
 149.2697236,3.9038609e+04
 149.2901577,3.9038484e+04
 149.3105917,         null
 149.3310258,3.9027176e+04
 149.3514600,3.9049371e+04
 149.3718940,3.9039270e+04
 149.3923281,3.9052465e+04
 149.4127624,3.9023668e+04
 149.4331964,3.9034883e+04
 149.4536305,3.9038383e+04
 149.4740646,3.9047551e+04
 149.4944987,3.9042156e+04
 149.5149328,3.9051309e+04
 149.5353669,3.9045527e+04
 149.5558011,3.9054551e+04
 149.5762351,3.9048637e+04
 149.5966693,3.9034855e+04
 149.6171033,3.9031859e+04
 149.6375375,3.9041848e+04
 149.6579716,3.9044660e+04
 149.6784056,3.9043445e+04
 149.6988397,3.9029359e+04
 149.7192739,3.9032914e+04
 149.7397080,3.9055312e+04
 149.7601420,3.9042891e+04
 149.7805762,3.9035246e+04
 149.8010104,3.9050844e+04
 149.8214444,3.9029875e+04
 149.8418785,3.9044590e+04
 149.8623127,3.9027941e+04
 149.8827468,3.9043102e+04
 149.9031808,3.9049336e+04
 149.9236150,3.9048906e+04
 149.9440491,3.9046637e+04
 149.9644832,3.9040027e+04
 149.9849172,3.9037098e+04
 150.0053514,3.9021203e+04
 150.0257856,3.9045062e+04
 150.0462196,3.9037312e+04
 150.0666538,3.9034594e+04
 150.0870879,3.9063371e+04
 150.1075219,3.9041078e+04
 150.1279560,3.9032914e+04
 150.1483902,3.9030648e+04
 150.1688242,3.9037566e+04
 150.1892583,3.9033871e+04
 150.2096925,3.9039816e+04
 150.2301265,3.9047418e+04
 150.2505606,3.9040406e+04
 150.2709947,3.9026359e+04
 150.2914289,3.9038477e+04
 150.3118629,3.9038266e+04
 150.3322971,3.9030559e+04
 150.3527311,3.9035293e+04
 150.3731653,3.9047773e+04
 150.3935994,3.9042727e+04
 150.4140334,3.9044609e+04
 150.4344676,3.9035605e+04
 150.4549017,3.9033988e+04
 150.4753358,3.9034723e+04
 150.4957698,3.9047512e+04
 150.5162040,3.9031473e+04
 150.5366381,3.9035328e+04
 150.5570721,3.9027738e+04
 150.5775063,3.9045324e+04
 150.5979404,3.9035516e+04
 150.6183744,3.9037992e+04
 150.6388085,3.9041672e+04
 150.6592427,3.9056953e+04
 150.6796767,3.9037426e+04
 150.7001108,3.9045961e+04
 150.7205450,3.9021180e+04
 150.7409791,3.9038211e+04
 150.7614131,3.9036480e+04
 150.7818472,3.9032957e+04
 150.8022815,3.9037227e+04
 150.8227155,3.9056441e+04
 150.8431496,3.9038020e+04
 150.8635838,3.9042961e+04
 150.8840178,3.9040789e+04
 150.9044519,3.9025883e+04
 150.9248860,3.9040977e+04
 150.9453201,3.9026695e+04
 150.9657542,3.9045879e+04
 150.9861883,3.9051688e+04
 151.0066223,3.9028852e+04
 151.0270565,3.9022738e+04
 151.0474906,3.9043375e+04
 151.0679246,3.9042895e+04
 151.0883588,3.9036133e+04
 151.1087929,3.9030129e+04
 151.1292269,3.9038336e+04
 151.1496610,3.9045984e+04
 151.1700952,3.9034629e+04
 151.1905292,3.9047289e+04
 151.2109633,3.9045043e+04
 151.2313975,3.9039613e+04
 151.2518316,3.9024922e+04
 151.2722656,3.9044582e+04
 151.2926997,3.9029289e+04
 151.3131339,3.9044629e+04
 151.3335679,3.9052703e+04
 151.3540020,3.9042562e+04
 151.3744362,3.9040207e+04
 151.3948702,3.9035078e+04
 151.4153043,3.9032246e+04
 151.4357384,3.9028000e+04
 151.4561725,3.9031953e+04
 151.4766066,3.9033059e+04
 151.4970407,3.9033953e+04
 151.5174748,3.9034496e+04
 151.5379089,3.9040543e+04
 151.5583430,3.9028195e+04
 151.5787771,3.9037293e+04
 151.5992113,3.9025375e+04
 151.6196453,3.9034020e+04
 151.6400794,3.9033746e+04
 151.6605134,         null
 151.6809475,3.9035078e+04
 151.7013816,3.9028234e+04
 151.7218157,3.9026816e+04
 151.7422498,3.9041738e+04
 151.7626839,3.9024191e+04
 151.7831180,3.9033863e+04
 151.8035520,3.9023168e+04
 151.8239862,3.9035594e+04
 151.8444203,3.9033828e+04
 151.8648543,3.9022461e+04
 151.8852885,3.9034258e+04
 151.9057226,3.9034746e+04
 151.9261566,3.9035336e+04
 151.9465907,3.9033988e+04
 151.9670249,3.9037102e+04
 151.9874590,3.9052387e+04
 152.0078930,3.9038289e+04
 152.0283272,3.9041242e+04
 152.0487613,3.9033617e+04
 152.0691953,3.9035762e+04
 152.0896294,3.9039324e+04
 152.1100636,3.9034000e+04
 152.1304975,3.9040812e+04
 152.1509316,3.9027883e+04
 152.1713657,3.9021293e+04
 152.1917998,3.9050105e+04
 152.2122339,3.9031305e+04
 152.2326680,3.9029809e+04
 152.2531022,3.9042578e+04
 152.2735362,3.9026961e+04
 152.2939703,         null
 152.3144043,3.9045316e+04
 152.3348385,3.9042332e+04
 152.3552726,3.9039094e+04
 152.3757066,3.9044371e+04
 152.3961408,3.9046039e+04
 152.4165748,3.9036602e+04
 152.4370089,3.9065684e+04
 152.4574429,3.9032062e+04
 152.4778771,3.9036613e+04
 152.4983112,3.9043723e+04
 152.5187452,3.9034289e+04
 152.5391794,3.9068977e+04
 152.5596135,3.9047348e+04
 152.5800475,3.9051328e+04
 152.6004816,3.9033551e+04
 152.6209158,3.9026930e+04
 152.6413498,3.9037066e+04
 152.6617838,         null
 152.6822179,3.9037777e+04
 152.7026520,3.9043699e+04
 152.7230861,3.9040477e+04
 152.7435202,3.9054355e+04
 152.7639544,3.9145133e+04
 152.7843884,3.9046012e+04
 152.8048225,3.9041605e+04
 152.8252565,3.9034391e+04
 152.8456906,3.9050746e+04
 152.8661247,3.9035199e+04
 152.8865587,3.9051156e+04
 152.9069929,3.9036699e+04
 152.9274270,3.9043406e+04
 152.9478611,3.9048230e+04
 152.9682951,3.9050410e+04
 152.9887293,3.9053816e+04
 153.0091634,3.9033422e+04
 153.0295973,3.9035594e+04
 153.0500315,3.9030121e+04
 153.0704656,3.9042320e+04
 153.0908996,3.9042285e+04
 153.1113337,3.9059340e+04
 153.1317679,3.9040832e+04
 153.1522019,3.9041914e+04
 153.1726360,3.9051828e+04
 153.1930700,3.9037426e+04
 153.2135042,3.9045797e+04
 153.2339383,3.9037031e+04
 153.2543723,3.9048301e+04
 153.2748065,3.9032152e+04
 153.2952406,3.9031891e+04
 153.3156746,3.9036180e+04
 153.3361086,3.9039133e+04
 153.3565427,3.9040477e+04
 153.3769768,3.9045266e+04
 153.3974109,3.9048777e+04
 153.4178451,3.9036387e+04
 153.4382792,3.9043465e+04
 153.4587132,3.9046570e+04
 153.4791472,3.9042625e+04
 153.4995814,3.9052152e+04
 153.5200154,3.9048250e+04
 153.5404495,3.9031332e+04
 153.5608837,3.9046824e+04
 153.5813177,3.9029719e+04
 153.6017518,3.9041551e+04
 153.6221858,3.9051738e+04
 153.6426199,3.9022727e+04
 153.6630540,3.9048773e+04
 153.6834881,3.9037938e+04
 153.7039221,3.9047672e+04
 153.7243563,3.9055121e+04
 153.7447903,3.9043516e+04
 153.7652243,3.9045777e+04
 153.7856585,3.9044770e+04
 153.8060926,3.9075227e+04
 153.8265266,3.9046098e+04
 153.8469606,3.9038059e+04
 153.8673948,3.9040332e+04
 153.8878288,3.9050707e+04
 153.9082629,3.9054773e+04
 153.9286971,3.9042672e+04
 153.9491312,3.9054840e+04
 153.9695651,3.9047609e+04
 153.9899992,3.9054508e+04
 154.0104334,3.9035375e+04
 154.0308674,3.9052047e+04
 154.0513015,3.9050762e+04
 154.0717356,3.9049180e+04
 154.0921696,3.9046965e+04
 154.1126037,3.9049684e+04
 154.1330378,3.9043238e+04
 154.1534719,3.9045492e+04
 154.1739059,3.9045781e+04
 154.1943400,3.9046676e+04
 154.2147741,3.9043938e+04
 154.2352082,3.9045121e+04
 154.2556423,3.9059879e+04
 154.2760762,3.9051977e+04
 154.2965104,3.9032402e+04
 154.3169445,3.9040812e+04
 154.3373785,3.9029879e+04
 154.3578126,3.9051426e+04
 154.3782467,3.9044254e+04
 154.3986807,3.9046844e+04
 154.4191148,3.9040570e+04
 154.4395490,3.9049227e+04
 154.4599830,3.9050035e+04
 154.4804170,3.9040422e+04
 154.5008511,3.9042941e+04
 154.5212853,3.9048375e+04
 154.5417193,3.9043398e+04
 154.5621533,3.9045453e+04
 154.5825875,3.9059488e+04
 154.6030215,3.9041332e+04
 154.6234556,3.9051121e+04
 154.6438896,3.9045992e+04
 154.6643237,3.9043723e+04
 154.6847578,3.9050625e+04
 154.7051919,3.9034129e+04
 154.7256261,3.9040629e+04
 154.7460600,3.9066953e+04
 154.7664941,3.9040074e+04
 154.7869282,3.9030926e+04
 154.8073623,3.9045883e+04
 154.8277963,3.9048801e+04
 154.8482303,3.9046918e+04
 154.8686645,3.9053430e+04
 154.8890986,3.9052723e+04
 154.9095326,3.9054887e+04
 154.9299667,3.9041707e+04
 154.9504008,3.9052613e+04
 154.9708349,3.9043195e+04
 154.9912689,3.9047449e+04
 155.0117029,3.9054238e+04
 155.0321371,3.9056668e+04
 155.0525711,3.9049125e+04
 155.0730051,3.9043984e+04
 155.0934393,3.9042785e+04
 155.1138734,3.9053727e+04
 155.1343073,3.9052492e+04
 155.1547414,3.9055375e+04
 155.1751756,3.9047535e+04
 155.1956097,3.9051301e+04
 155.2160436,3.9046691e+04
 155.2364777,3.9053344e+04
 155.2569119,3.9047680e+04
 155.2773459,         null
 155.2977799,3.9046336e+04
 155.3182141,3.9052938e+04
 155.3386481,3.9056574e+04
 155.3590821,3.9045129e+04
 155.3795162,3.9039641e+04
 155.3999503,3.9048309e+04
 155.4203844,3.9036652e+04
 155.4408184,3.9034141e+04
 155.4612526,3.9049984e+04
 155.4816866,3.9062809e+04
 155.5021206,3.9053281e+04
 155.5225546,3.9038922e+04
 155.5429888,3.9056078e+04
 155.5634228,         null
 155.5838568,3.9047266e+04
 155.6042910,3.9067746e+04
 155.6247251,3.9058730e+04
 155.6451591,3.9046031e+04
 155.6655931,3.9054785e+04
 155.6860273,3.9039148e+04
 155.7064613,3.9051406e+04
 155.7268953,3.9048281e+04
 155.7473294,3.9049398e+04
 155.7677635,3.9049516e+04
 155.7881975,3.9051680e+04
 155.8086316,3.9044887e+04
 155.8290657,3.9052371e+04
 155.8494997,3.9061445e+04
 155.8699338,3.9040508e+04
 155.8903679,3.9038859e+04
 155.9108020,3.9053441e+04
 155.9312360,3.9035887e+04
 155.9516701,3.9048195e+04
 155.9721042,3.9050395e+04
 155.9925382,3.9048066e+04
 156.0129723,3.9050711e+04
 156.0334062,3.9036375e+04
 156.0538404,3.9043188e+04
 156.0742745,3.9052328e+04
 156.0947085,3.9036852e+04
 156.1151426,3.9059766e+04
 156.1355767,3.9038430e+04
 156.1560107,3.9043641e+04
 156.1764447,3.9048504e+04
 156.1968789,3.9050539e+04
 156.2173129,3.9059504e+04
 156.2377469,3.9040789e+04
 156.2581809,3.9055484e+04
 156.2786151,3.9037168e+04
 156.2990491,3.9036961e+04
 156.3194831,3.9038336e+04
 156.3399173,3.9049164e+04
 156.3603513,3.9043500e+04
 156.3807853,3.9063008e+04
 156.4012194,3.9048207e+04
 156.4216536,3.9040426e+04
 156.4420875,3.9042988e+04
 156.4625216,3.9033586e+04
 156.4829558,3.9055078e+04
 156.5033897,3.9052070e+04
 156.5238238,3.9032941e+04
 156.5442578,3.9044184e+04
 156.5646919,3.9038676e+04
 156.5851260,3.9069637e+04
 156.6055600,3.9032113e+04
 156.6259941,3.9056957e+04
 156.6464282,3.9041031e+04
 156.6668622,3.9047422e+04
 156.6872963,3.9059555e+04
 156.7077303,3.9041184e+04
 156.7281644,3.9066707e+04
 156.7485985,3.9044602e+04
 156.7690324,3.9046344e+04
 156.7894666,3.9041832e+04
 156.8099007,3.9043191e+04
 156.8303347,3.9028852e+04
 156.8507688,3.9053344e+04
 156.8712028,3.9040789e+04
 156.8916369,3.9031773e+04
 156.9120709,3.9046910e+04
 156.9325050,3.9054473e+04
 156.9529391,3.9034828e+04
 156.9733730,3.9037645e+04
 156.9938072,3.9029395e+04
 157.0142413,3.9048102e+04
 157.0346752,3.9033270e+04
 157.0551093,3.9047609e+04
 157.0755434,3.9055730e+04
 157.0959774,3.9037734e+04
 157.1164115,3.9043852e+04
 157.1368456,3.9049941e+04
 157.1572797,3.9039359e+04
 157.1777136,3.9034555e+04
 157.1981477,3.9050504e+04
 157.2185818,3.9047336e+04
 157.2390158,3.9034078e+04
 157.2594499,3.9042250e+04
 157.2798839,3.9038559e+04
 157.3003180,3.9043133e+04
 157.3207520,3.9047926e+04
 157.3411861,3.9045152e+04
 157.3616201,3.9034910e+04
 157.3820542,3.9042508e+04
 157.4024883,3.9036383e+04
 157.4229222,3.9050223e+04
 157.4433564,3.9039742e+04
 157.4637904,3.9037895e+04
 157.4842244,3.9041285e+04
 157.5046585,3.9046777e+04
 157.5250926,3.9039633e+04
 157.5455266,3.9049984e+04
 157.5659606,3.9036992e+04
 157.5863948,3.9045348e+04
 157.6068287,3.9042355e+04
 157.6272628,3.9038711e+04
 157.6476969,3.9055191e+04
 157.6681310,3.9031492e+04
 157.6885649,3.9043422e+04
 157.7089990,3.9041066e+04
 157.7294331,3.9052512e+04
 157.7498671,3.9048652e+04
 157.7703012,3.9050453e+04
 157.7907353,3.9034281e+04
 157.8111693,3.9052316e+04
 157.8316033,3.9030656e+04
 157.8520374,3.9053797e+04
 157.8724714,3.9057578e+04
 157.8929055,3.9037605e+04
 157.9133395,3.9045715e+04
 157.9337735,3.9047824e+04
 157.9542076,3.9034711e+04
 157.9746417,3.9048535e+04
 157.9950756,3.9031707e+04
 158.0155098,3.9037879e+04
 158.0359438,3.9041070e+04
 158.0563778,3.9038773e+04
 158.0768119,3.9038250e+04
 158.0972460,3.9034586e+04
 158.1176801,3.9033699e+04
 158.1381140,3.9030223e+04
 158.1585482,3.9048223e+04
 158.1789822,3.9026734e+04
 158.1994162,3.9033668e+04
 158.2198502,3.9038320e+04
 158.2402844,3.9030734e+04
 158.2607183,         null
 158.2811524,3.9056621e+04
 158.3015865,3.9050551e+04
 158.3220206,3.9043152e+04
 158.3424545,3.9033320e+04
 158.3628886,3.9043660e+04
 158.3833227,3.9047652e+04
 158.4037568,3.9046199e+04
 158.4241907,3.9036164e+04
 158.4446248,3.9030781e+04
 158.4650589,3.9054301e+04
 158.4854929,3.9042379e+04
 158.5059269,3.9034770e+04
 158.5263611,3.9047234e+04
 158.5467950,3.9042438e+04
 158.5672291,3.9059211e+04
 158.5876631,3.9041602e+04
 158.6080971,3.9049152e+04
 158.6285312,3.9043465e+04
 158.6489652,3.9030672e+04
 158.6693994,3.9034621e+04
 158.6898333,3.9031977e+04
 158.7102674,3.9030234e+04
 158.7307013,3.9034285e+04
 158.7511355,3.9039516e+04
 158.7715695,3.9052125e+04
 158.7920036,3.9026281e+04
 158.8124376,3.9030973e+04
 158.8328717,3.9010133e+04
 158.8533057,3.9025898e+04
 158.8737397,3.9035270e+04
 158.8941738,3.9024793e+04
 158.9146078,3.9011867e+04
 158.9350418,3.9027863e+04
 158.9554759,3.9014824e+04
 158.9759100,3.9012535e+04
 158.9963439,3.9023645e+04
 159.0167780,3.9021102e+04
 159.0372121,3.9026637e+04
 159.0576461,3.9037652e+04
 159.0780801,3.9027277e+04
 159.0985141,3.9016754e+04
 159.1189483,3.9036398e+04
 159.1393822,3.9027352e+04
 159.1598163,3.9041883e+04
 159.1802504,3.9039863e+04
 159.2006844,3.9037348e+04
 159.2211184,3.9052699e+04
 159.2415524,3.9044840e+04
 159.2619865,3.9038930e+04
 159.2824205,3.9047934e+04
 159.3028546,3.9041719e+04
 159.3232886,3.9041836e+04
 159.3437227,3.9049457e+04
 159.3641567,3.9029922e+04
 159.3845907,3.9035895e+04
 159.4050248,3.9043637e+04
 159.4254588,3.9043598e+04
 159.4458928,3.9041789e+04
 159.4663269,3.9036098e+04
 159.4867610,3.9040414e+04
 159.5071949,3.9038742e+04
 159.5276289,3.9035996e+04
 159.5480631,3.9042094e+04
 159.5684970,3.9030270e+04
 159.5889311,3.9023328e+04
 159.6093651,3.9029289e+04
 159.6297992,3.9039578e+04
 159.6502332,3.9046770e+04
 159.6706672,3.9047348e+04
 159.6911014,3.9045520e+04
 159.7115353,3.9049852e+04
 159.7319693,3.9036449e+04
 159.7524034,3.9051645e+04
 159.7728374,3.9038379e+04
 159.7932715,3.9039121e+04
 159.8137055,3.9031871e+04
 159.8341395,3.9034324e+04
 159.8545736,3.9041457e+04
 159.8750076,3.9034699e+04
 159.8954416,3.9041945e+04
 159.9158757,3.9044742e+04
 159.9363097,3.9041766e+04
 159.9567438,3.9034977e+04
 159.9771778,3.9035305e+04
 159.9976118,3.9037938e+04
 160.0180459,3.9035184e+04
 160.0384799,3.9043293e+04
 160.0589140,3.9038941e+04
 160.0793480,3.9043938e+04
 160.0997820,3.9035363e+04
 160.1202160,3.9046930e+04
 160.1406501,3.9028109e+04
 160.1610841,3.9041281e+04
 160.1815181,3.9054156e+04
 160.2019522,3.9033043e+04
 160.2223862,3.9035801e+04
 160.2428202,3.9039766e+04
 160.2632542,3.9041078e+04
 160.2836883,3.9044480e+04
 160.3041223,3.9042234e+04
 160.3245563,3.9033551e+04
 160.3449905,3.9034625e+04
 160.3654245,3.9021945e+04
 160.3858584,3.9036566e+04
 160.4062925,3.9063652e+04
 160.4267266,3.9030801e+04
 160.4471605,3.9045766e+04
 160.4675946,3.9036480e+04
 160.4880287,3.9042453e+04
 160.5084626,3.9037902e+04
 160.5288967,3.9045195e+04
 160.5493307,3.9048086e+04
 160.5697647,3.9042398e+04
 160.5901988,3.9039406e+04
 160.6106328,3.9033449e+04
 160.6310667,3.9021816e+04
 160.6515009,3.9026754e+04
 160.6719349,3.9056125e+04
 160.6923688,3.9032152e+04
 160.7128029,3.9040797e+04
 160.7332370,3.9039332e+04
 160.7536709,3.9043121e+04
 160.7741049,3.9043887e+04
 160.7945391,3.9029703e+04
 160.8149731,3.9027203e+04
 160.8354070,3.9028301e+04
 160.8558412,3.9027648e+04
 160.8762752,3.9041082e+04
 160.8967091,3.9027402e+04
 160.9171432,3.9042914e+04
 160.9375773,3.9025762e+04
 160.9580112,3.9039375e+04
 160.9784452,3.9022988e+04
 160.9988794,3.9025102e+04
 161.0193133,3.9043215e+04
 161.0397473,3.9028957e+04
 161.0601814,3.9021820e+04
 161.0806154,3.9036680e+04
 161.1010494,3.9024895e+04
 161.1214835,3.9022879e+04
 161.1419176,3.9022086e+04
 161.1623515,3.9027355e+04
 161.1827855,3.9037031e+04
 161.2032195,3.9032809e+04
 161.2236536,3.9010633e+04
 161.2440876,         null
 161.2645216,3.9025027e+04
 161.2849556,3.9025535e+04
 161.3053897,3.9049691e+04
 161.3258237,3.9049918e+04
 161.3462577,3.9036996e+04
 161.3666918,3.9037289e+04
 161.3871258,3.9027062e+04
 161.4075597,3.9029023e+04
 161.4279938,3.9034871e+04
 161.4484279,3.9029660e+04
 161.4688618,3.9038551e+04
 161.4892958,3.9022105e+04
 161.5097300,3.9045082e+04
 161.5301639,3.9024371e+04
 161.5505979,3.9042984e+04
 161.5710319,3.9029258e+04
 161.5914661,3.9043805e+04
 161.6119000,3.9027629e+04
 161.6323340,3.9024238e+04
 161.6527681,3.9026641e+04
 161.6732022,3.9018977e+04
 161.6936361,3.9030332e+04
 161.7140701,3.9047355e+04
 161.7345042,3.9020176e+04
 161.7549382,3.9037863e+04
 161.7753722,3.9040637e+04
 161.7958062,3.9030348e+04
 161.8162402,3.9034465e+04
 161.8366743,3.9022539e+04
 161.8571083,3.9029016e+04
 161.8775424,3.9023137e+04
 161.8979763,3.9022215e+04
 161.9184103,3.9038184e+04
 161.9388443,3.9025277e+04
 161.9592784,3.9032324e+04
 161.9797124,3.9032648e+04
 162.0001464,3.9045316e+04
 162.0205805,3.9037043e+04
 162.0410145,3.9043047e+04
 162.0614485,3.9028367e+04
 162.0818824,3.9047730e+04
 162.1023165,3.9041012e+04
 162.1227506,3.9043352e+04
 162.1431845,3.9047984e+04
 162.1636186,3.9052004e+04
 162.1840526,3.9032305e+04
 162.2044865,3.9031551e+04
 162.2249206,3.9029508e+04
 162.2453547,3.9025258e+04
 162.2657886,3.9026051e+04
 162.2862226,3.9022070e+04
 162.3066567,3.9034438e+04
 162.3270908,3.9039879e+04
 162.3475247,3.9022121e+04
 162.3679587,3.9041176e+04
 162.3883928,3.9036832e+04
 162.4088267,3.9030516e+04
 162.4292608,3.9034391e+04
 162.4496947,3.9033664e+04
 162.4701288,3.9040406e+04
 162.4905628,3.9037719e+04
 162.5109962,3.9028566e+04
 162.5314303,3.9023355e+04
 162.5518643,3.9038781e+04
 162.5722983,3.9036695e+04
 162.5927323,3.9037891e+04
 162.6131664,3.9039668e+04
 162.6336003,3.9037410e+04
 162.6540343,3.9028176e+04
 162.6744685,3.9032516e+04
 162.6949024,3.9036988e+04
 162.7153364,3.9024641e+04
 162.7357704,3.9025512e+04
 162.7562044,3.9023621e+04
 162.7766384,3.9023113e+04
 162.7970725,3.9016777e+04
 162.8175065,3.9039941e+04
 162.8379405,3.9022266e+04
 162.8583745,3.9033535e+04
 162.8788084,3.9029184e+04
 162.8992425,3.9020160e+04
 162.9196765,3.9034602e+04
 162.9401105,3.9030832e+04
 162.9605445,3.9044305e+04
 162.9809786,3.9033301e+04
 163.0014125,3.9035656e+04
 163.0218465,3.9052445e+04
 163.0422806,3.9030262e+04
 163.0627146,3.9055625e+04
 163.0831486,3.9031523e+04
 163.1035826,3.9026004e+04
 163.1240167,3.9021973e+04
 163.1444506,3.9034430e+04
 163.1648846,3.9006117e+04
 163.1853187,3.9023930e+04
 163.2057526,3.9041344e+04
 163.2261866,3.9022148e+04
 163.2466207,3.9046039e+04
 163.2670547,3.9023754e+04
 163.2874887,3.9026289e+04
 163.3079227,3.9029203e+04
 163.3283568,3.9029160e+04
 163.3487907,3.9027109e+04
 163.3692247,3.9034066e+04
 163.3896586,3.9022012e+04
 163.4100927,3.9031418e+04
 163.4305268,3.9024016e+04
 163.4509607,3.9021930e+04
 163.4713948,3.9027344e+04
 163.4918288,3.9034977e+04
 163.5122628,3.9037516e+04
 163.5326967,3.9043961e+04
 163.5531308,3.9019570e+04
 163.5735648,3.9021188e+04
 163.5939987,3.9030902e+04
 163.6144327,3.9022023e+04
 163.6348669,3.9017930e+04
 163.6553008,3.9015902e+04
 163.6757348,3.9017570e+04
 163.6961689,3.9020387e+04
 163.7166028,3.9024387e+04
 163.7370368,3.9026770e+04
 163.7574708,3.9016078e+04
 163.7779048,3.9026125e+04
 163.7983388,3.9015066e+04
 163.8187728,3.9026586e+04
 163.8392069,3.9012211e+04
 163.8596408,3.9036395e+04
 163.8800748,3.9028789e+04
 163.9005088,3.9024070e+04
 163.9209429,3.9023840e+04
 163.9413769,3.9031422e+04
 163.9618109,3.9022273e+04
 163.9822449,3.9022934e+04
 164.0026789,3.9026078e+04
 164.0231129,3.9028840e+04
 164.0435468,3.9027066e+04
 164.0639809,3.9022223e+04
 164.0844149,3.9022520e+04
 164.1048489,3.9012801e+04
 164.1252828,3.9021266e+04
 164.1457169,3.9015809e+04
 164.1661508,3.9018461e+04
 164.1865848,3.9016980e+04
 164.2070189,3.9010695e+04
 164.2274529,         null
 164.2478868,3.9007383e+04
 164.2683208,3.9007664e+04
 164.2887548,3.9020152e+04
 164.3091888,3.9023957e+04
 164.3296229,3.9017859e+04
 164.3500570,3.9004707e+04
 164.3704910,3.9015250e+04
 164.3909249,3.9025086e+04
 164.4113589,3.9019648e+04
 164.4317929,3.9020668e+04
 164.4522269,3.9025805e+04
 164.4726609,3.9015102e+04
 164.4930950,3.9013070e+04
 164.5135289,3.9015914e+04
 164.5339629,3.9024504e+04
 164.5543969,3.9000391e+04
 164.5748309,3.9018812e+04
 164.5952649,3.9021527e+04
 164.6156989,3.9024566e+04
 164.6361328,3.9018969e+04
 164.6565669,3.9021273e+04
 164.6770009,3.9027773e+04
 164.6974349,3.9027062e+04
 164.7178689,3.9012051e+04
 164.7383029,3.9018301e+04
 164.7587369,3.9008773e+04
 164.7791708,3.9016414e+04
 164.7996049,3.9024363e+04
 164.8200389,3.9025562e+04
 164.8404728,3.9009426e+04
 164.8609069,3.9006930e+04
 164.8813409,3.9012266e+04
 164.9017748,3.9010512e+04
 164.9222088,3.9008289e+04
 164.9426429,3.9012672e+04
 164.9630768,3.9013125e+04
 164.9835108,3.9016602e+04
