        TIME,  PDCSAP_FLUX
 131.5120945,2.2479658e+04
 131.5325292,2.2479516e+04
 131.5529637,2.2487373e+04
 131.5733981,2.2480438e+04
 131.5938327,2.2482693e+04
 131.6142673,2.2477377e+04
 131.6347017,2.2485836e+04
 131.6551363,2.2480842e+04
 131.6755709,2.2487160e+04
 131.6960054,2.2485982e+04
 131.7164398,2.2476363e+04
 131.7368744,2.2473764e+04
 131.7573090,2.2482932e+04
 131.7777434,2.2481752e+04
 131.7981780,2.2472562e+04
 131.8186126,2.2475855e+04
 131.8390470,2.2477434e+04
 131.8594816,2.2481199e+04
 131.8799161,2.2479828e+04
 131.9003506,2.2475270e+04
 131.9207851,2.2474256e+04
 131.9412197,2.2479828e+04
 131.9616542,2.2474648e+04
 131.9820887,2.2474859e+04
 132.0025233,2.2475359e+04
 132.0229577,2.2475201e+04
 132.0433923,2.2478607e+04
 132.0638269,2.2482752e+04
 132.0842613,2.2473420e+04
 132.1046958,2.2478984e+04
 132.1251304,2.2474479e+04
 132.1455649,2.2478465e+04
 132.1659994,2.2480996e+04
 132.1864340,2.2482549e+04
 132.2068686,2.2480324e+04
 132.2273030,2.2480236e+04
 132.2477375,2.2475846e+04
 132.2681721,2.2471059e+04
 132.2886066,2.2475418e+04
 132.3090411,2.2479789e+04
 132.3294757,2.2484152e+04
 132.3499102,2.2488963e+04
 132.3703447,2.2484105e+04
 132.3907792,2.2475049e+04
 132.4112138,2.2475365e+04
 132.4316483,2.2480684e+04
 132.4520828,2.2481770e+04
 132.4725174,2.2474975e+04
 132.4929519,2.2481307e+04
 132.5133864,2.2480904e+04
 132.5338208,2.2470098e+04
 132.5542555,2.2473234e+04
 132.5746900,2.2476713e+04
 132.5951244,2.2481615e+04
 132.6155590,2.2470924e+04
 132.6359936,2.2475689e+04
 132.6564281,2.2474031e+04
 132.6768625,2.2481572e+04
 132.6972972,2.2473166e+04
 132.7177317,2.2473998e+04
 132.7381661,2.2477801e+04
 132.7586007,2.2489309e+04
 132.7790353,2.2470742e+04
 132.7994697,2.2466654e+04
 132.8199042,2.2467320e+04
 132.8403388,2.2475920e+04
 132.8607733,2.2476830e+04
 132.8812078,2.2470883e+04
 132.9016424,2.2463203e+04
 132.9220769,2.2478621e+04
 132.9425114,2.2473176e+04
 132.9629459,2.2473316e+04
 132.9833805,2.2471479e+04
 133.0038150,2.2479729e+04
 133.0242495,2.2469285e+04
 133.0446840,2.2482596e+04
 133.0651185,2.2482547e+04
 133.0855531,2.2479459e+04
 133.1059876,2.2482109e+04
 133.1264221,2.2487203e+04
 133.1468567,2.2478176e+04
 133.1672912,2.2474432e+04
 133.1877257,2.2489188e+04
 133.2081603,2.2487824e+04
 133.2285948,2.2486982e+04
 133.2490293,2.2481889e+04
 133.2694638,2.2473764e+04
 133.2898983,2.2481531e+04
 133.3103329,2.2474441e+04
 133.3307673,2.2482316e+04
 133.3512019,2.2490797e+04
 133.3716365,2.2478805e+04
 133.3920710,2.2480576e+04
 133.4125055,2.2478664e+04
 133.4329400,2.2492145e+04
 133.4533746,2.2485082e+04
 133.4738090,2.2487086e+04
 133.4942436,2.2482812e+04
 133.5146781,2.2478506e+04
 133.5351126,2.2478402e+04
 133.5555472,2.2481561e+04
 133.5759817,2.2481619e+04
 133.5964161,2.2502355e+04
 133.6168507,2.2475105e+04
 133.6372853,2.2478957e+04
 133.6577198,2.2473684e+04
 133.6781542,2.2468910e+04
 133.6985889,2.2477660e+04
 133.7190234,2.2480180e+04
 133.7394578,2.2467281e+04
 133.7598923,2.2484088e+04
 133.7803270,2.2476107e+04
 133.8007614,2.2477793e+04
 133.8211959,2.2474965e+04
 133.8416305,2.2478049e+04
 133.8620650,2.2471602e+04
 133.8824995,2.2480926e+04
 133.9029340,2.2478072e+04
 133.9233686,2.2487787e+04
 133.9438031,2.2489643e+04
 133.9642376,2.2476641e+04
 133.9846720,2.2467514e+04
 134.0051067,2.2477658e+04
 134.0255412,2.2483254e+04
 134.0459756,2.2481805e+04
 134.0664102,2.2477904e+04
 134.0868448,2.2481922e+04
 134.1072792,2.2471953e+04
 134.1277137,2.2485945e+04
 134.1481483,2.2482373e+04
 134.1685828,2.2479887e+04
 134.1890173,2.2481814e+04
 134.2094519,2.2487588e+04
 134.2298864,2.2478049e+04
 134.2503208,2.2478705e+04
 134.2707554,2.2500604e+04
 134.2911900,2.2476785e+04
 134.3116244,2.2483881e+04
 134.3320589,2.2486441e+04
 134.3524936,2.2484664e+04
 134.3729280,2.2481611e+04
 134.3933625,         null
 134.4137970,2.2491697e+04
 134.4342316,2.2482646e+04
 134.4546661,2.2485113e+04
 134.4751006,2.2479057e+04
 134.4955352,2.2478029e+04
 134.5159697,2.2479621e+04
 134.5364042,2.2477426e+04
 134.5568386,2.2470164e+04
 134.5772732,2.2478303e+04
 134.5977078,2.2480389e+04
 134.6181422,2.2476262e+04
 134.6385767,2.2484857e+04
 134.6590113,2.2480201e+04
 134.6794458,2.2479676e+04
 134.6998804,2.2484762e+04
 134.7203149,2.2476836e+04
 134.7407494,2.2470523e+04
 134.7611838,2.2472162e+04
 134.7816184,2.2476670e+04
 134.8020530,2.2474566e+04
 134.8224875,2.2483199e+04
 134.8429219,2.2481865e+04
 134.8633565,2.2480418e+04
 134.8837911,2.2495738e+04
 134.9042256,2.2479129e+04
 134.9246600,2.2482725e+04
 134.9450946,2.2495082e+04
 134.9655292,2.2472910e+04
 134.9859636,2.2473693e+04
 135.0063982,2.2471643e+04
 135.0268327,2.2477162e+04
 135.0472671,2.2480377e+04
 135.0677017,2.2473678e+04
 135.0881363,2.2482547e+04
 135.1085707,2.2490002e+04
 135.1290052,2.2471291e+04
 135.1494399,2.2474324e+04
 135.1698744,2.2480096e+04
 135.1903088,2.2475824e+04
 135.2107433,2.2480670e+04
 135.2311779,2.2475705e+04
 135.2516124,2.2493439e+04
 135.2720469,2.2480133e+04
 135.2924813,2.2496162e+04
 135.3129159,2.2474566e+04
 135.3333505,2.2478756e+04
 135.3537849,2.2484502e+04
 135.3742195,2.2474900e+04
 135.3946540,2.2482078e+04
 135.4150885,2.2484979e+04
 135.4355230,2.2481842e+04
 135.4559576,2.2494555e+04
 135.4763921,2.2485293e+04
 135.4968265,2.2477006e+04
 135.5172611,2.2486350e+04
 135.5376957,2.2478275e+04
 135.5581301,2.2479840e+04
 135.5785646,2.2479666e+04
 135.5989992,2.2476070e+04
 135.6194336,2.2487262e+04
 135.6398682,2.2477740e+04
 135.6603028,2.2483574e+04
 135.6807373,2.2477914e+04
 135.7011717,2.2475744e+04
 135.7216062,2.2477377e+04
 135.7420409,2.2475889e+04
 135.7624753,2.2475002e+04
 135.7829098,2.2482979e+04
 135.8033444,2.2490467e+04
 135.8237788,2.2480139e+04
 135.8442134,2.2470328e+04
 135.8646479,2.2479736e+04
 135.8850824,2.2482117e+04
 135.9055169,2.2479754e+04
 135.9259514,2.2481154e+04
 135.9463859,2.2487248e+04
 135.9668205,2.2483277e+04
 135.9872550,2.2478900e+04
 136.0076894,2.2475209e+04
 136.0281240,2.2477305e+04
 136.0485586,2.2483227e+04
 136.0689930,2.2477045e+04
 136.0894275,2.2484541e+04
 136.1098621,2.2478199e+04
 136.1302966,2.2472018e+04
 136.1507310,2.2483561e+04
 136.1711657,2.2487375e+04
 136.1916002,2.2478012e+04
 136.2120346,2.2475979e+04
 136.2324691,2.2485451e+04
 136.2529037,2.2473955e+04
 136.2733382,2.2491160e+04
 136.2937727,2.2478684e+04
 136.3142073,2.2469391e+04
 136.3346417,2.2477664e+04
 136.3550762,2.2478523e+04
 136.3755107,2.2473260e+04
 136.3959453,2.2473898e+04
 136.4163798,2.2477074e+04
 136.4368143,2.2486242e+04
 136.4572489,2.2477266e+04
 136.4776833,2.2471498e+04
 136.4981179,2.2487561e+04
 136.5185524,2.2486234e+04
 136.5389869,2.2479111e+04
 136.5594214,2.2475945e+04
 136.5798559,2.2477092e+04
 136.6002904,2.2481457e+04
 136.6207250,2.2479703e+04
 136.6411595,2.2477209e+04
 136.6615940,2.2477795e+04
 136.6820285,2.2472287e+04
 136.7024630,2.2476244e+04
 136.7228975,2.2483627e+04
 136.7433320,2.2476936e+04
 136.7637666,2.2481611e+04
 136.7842011,2.2479904e+04
 136.8046355,2.2478541e+04
 136.8250701,2.2482596e+04
 136.8455046,2.2480357e+04
 136.8659392,2.2477527e+04
 136.8863736,2.2480498e+04
 136.9068082,2.2480602e+04
 136.9272427,2.2480471e+04
 136.9476771,2.2478266e+04
 136.9681117,2.2473027e+04
 136.9885463,2.2479500e+04
 137.0089807,2.2478051e+04
 137.0294152,2.2471678e+04
 137.0498498,2.2485820e+04
 137.0702842,2.2470307e+04
 137.0907187,2.2484957e+04
 137.1111533,2.2475561e+04
 137.1315878,2.2483385e+04
 137.1520223,2.2481875e+04
 137.1724568,2.2477076e+04
 137.1928914,2.2490621e+04
 137.2133258,2.2474896e+04
 137.2337603,2.2473869e+04
 137.2541948,2.2483545e+04
 137.2746294,2.2475047e+04
 137.2950639,2.2493346e+04
 137.3154983,2.2483303e+04
 137.3359329,2.2480523e+04
 137.3563674,2.2477977e+04
 137.3768019,         null
 137.3972364,2.2476594e+04
 137.4176710,2.2484469e+04
 137.4381055,2.2475506e+04
 137.4585399,2.2485201e+04
 137.4789745,2.2482740e+04
 137.4994090,2.2491328e+04
 137.5198434,2.2479934e+04
 137.5402780,2.2474598e+04
 137.5607126,2.2494822e+04
 137.5811470,2.2484576e+04
 137.6015815,2.2489148e+04
 137.6220161,2.2482146e+04
 137.6424506,2.2476463e+04
 137.6628850,2.2480201e+04
 137.6833196,2.2487441e+04
 137.7037542,2.2476127e+04
 137.7241886,2.2487951e+04
 137.7446231,2.2509881e+04
 137.7650577,2.2481889e+04
 137.7854921,2.2479537e+04
 137.8059266,2.2486096e+04
 137.8263610,2.2482068e+04
 137.8467957,2.2474773e+04
 137.8672302,2.2476566e+04
 137.8876647,2.2485330e+04
 137.9080991,2.2476221e+04
 137.9285337,2.2475105e+04
 137.9489682,2.2477285e+04
 137.9694026,2.2470670e+04
 137.9898372,2.2476764e+04
 138.0102718,2.2483693e+04
 138.0307062,2.2487227e+04
 138.0511407,2.2471182e+04
 138.0715753,2.2476789e+04
 138.0920098,2.2478777e+04
 138.1124442,2.2486871e+04
 138.1328788,2.2483289e+04
 138.1533133,2.2477715e+04
 138.1737478,2.2487209e+04
 138.1941823,2.2496719e+04
 138.2146169,2.2483611e+04
 138.2350514,2.2476656e+04
 138.2554858,2.2490816e+04
 138.2759204,2.2488348e+04
 138.2963549,2.2483844e+04
 138.3167893,2.2481801e+04
 138.3372238,2.2482271e+04
 138.3576585,2.2484314e+04
 138.3780930,2.2478898e+04
 138.3985274,2.2478086e+04
 138.4189620,2.2481570e+04
 138.4393965,2.2486795e+04
 138.4598309,2.2483072e+04
 138.4802654,2.2477291e+04
 138.5007000,2.2476697e+04
 138.5211344,2.2473092e+04
 138.5415690,2.2485396e+04
 138.5620035,2.2485402e+04
 138.5824380,2.2479232e+04
 138.6028725,2.2474900e+04
 138.6233070,2.2482695e+04
 138.6437415,2.2490385e+04
 138.6641760,2.2481230e+04
 138.6846105,2.2483113e+04
 138.7050449,2.2476021e+04
 138.7254795,2.2475371e+04
 138.7459141,2.2481664e+04
 138.7663485,2.2480234e+04
 138.7867831,2.2486379e+04
 138.8072176,2.2478980e+04
 138.8276520,2.2468975e+04
 138.8480865,2.2490283e+04
 138.8685211,2.2486064e+04
 138.8889556,2.2480119e+04
 138.9093900,2.2483549e+04
 138.9298246,2.2479365e+04
 138.9502591,2.2473535e+04
 138.9706936,2.2485072e+04
 138.9911281,2.2481266e+04
 139.0115627,2.2484129e+04
 139.0319971,2.2478334e+04
 139.0524316,2.2470320e+04
 139.0728662,2.2476979e+04
 139.0933006,2.2472467e+04
 139.1137351,2.2476365e+04
 139.1341696,2.2476916e+04
 139.1546041,2.2483244e+04
 139.1750386,2.2477215e+04
 139.1954731,2.2477318e+04
 139.2159076,2.2479348e+04
 139.2363422,2.2481988e+04
 139.2567767,2.2476906e+04
 139.2772111,2.2483977e+04
 139.2976457,2.2474473e+04
 139.3180802,2.2488348e+04
 139.3385147,2.2481436e+04
 139.3589491,2.2467104e+04
 139.3793837,2.2483254e+04
 139.3998182,2.2482975e+04
 139.4202526,2.2484900e+04
 139.4406872,2.2476283e+04
 139.4611217,2.2469213e+04
 139.4815561,2.2480791e+04
 139.5019907,2.2471057e+04
 139.5224253,2.2471551e+04
 139.5428597,2.2475381e+04
 139.5632942,2.2469322e+04
 139.5837288,2.2488500e+04
 139.6041632,2.2476320e+04
 139.6245977,2.2465797e+04
 139.6450322,2.2476498e+04
 139.6654668,2.2478562e+04
 139.6859012,2.2477896e+04
 139.7063357,2.2475402e+04
 139.7267702,2.2476254e+04
 139.7472047,2.2470959e+04
 139.7676392,2.2478355e+04
 139.7880737,2.2471189e+04
 139.8085082,2.2468064e+04
 139.8289427,2.2478088e+04
 139.8493773,2.2470639e+04
 139.8698118,2.2479482e+04
 139.8902463,2.2478586e+04
 139.9106808,2.2480842e+04
 139.9311153,2.2483811e+04
 139.9515499,2.2477125e+04
 139.9719843,2.2472240e+04
 139.9924188,2.2477795e+04
 140.0128532,2.2480457e+04
 140.0332878,2.2474289e+04
 140.0537223,2.2473557e+04
 140.0741568,2.2484807e+04
 140.0945913,2.2470830e+04
 140.1150258,2.2480627e+04
 140.1354603,2.2474105e+04
 140.1558947,2.2477621e+04
 140.1763293,2.2480830e+04
 140.1967638,2.2469057e+04
 140.2171982,2.2485422e+04
 140.2376328,2.2468414e+04
 140.2580673,2.2482508e+04
 140.2785017,2.2468049e+04
 140.2989362,2.2489584e+04
 140.3193708,2.2485381e+04
 140.3398053,2.2481211e+04
 140.3602398,         null
 140.3806743,2.2480934e+04
 140.4011089,2.2482402e+04
 140.4215433,2.2480045e+04
 140.4419778,2.2484033e+04
 140.4624124,2.2463506e+04
 140.4828468,2.2480324e+04
 140.5032813,2.2473869e+04
 140.5237157,2.2479326e+04
 140.5441503,2.2475656e+04
 140.5645848,2.2466725e+04
 140.5850193,2.2475693e+04
 140.6054538,2.2476508e+04
 140.6258883,2.2478693e+04
 140.6463228,2.2473393e+04
 140.6667572,2.2486645e+04
 140.6871918,2.2473840e+04
 140.7076263,2.2478900e+04
 140.7280607,2.2474418e+04
 140.7484953,2.2473656e+04
 140.7689298,2.2473697e+04
 140.7893642,2.2472816e+04
 140.8097987,2.2481617e+04
 140.8302333,2.2475596e+04
 140.8506678,2.2472027e+04
 140.8711022,2.2487908e+04
 140.8915367,2.2481406e+04
 140.9119713,2.2480744e+04
 140.9324057,2.2475984e+04
 140.9528402,2.2475691e+04
 140.9732748,2.2468064e+04
 140.9937092,2.2470182e+04
 141.0141437,2.2478129e+04
 141.0345782,2.2482443e+04
 141.0550127,2.2473422e+04
 141.0754472,2.2482641e+04
 141.0958817,2.2471508e+04
 141.1163162,2.2484068e+04
 141.1367507,2.2474021e+04
 141.1571852,2.2481238e+04
 141.1776196,2.2479234e+04
 141.1980542,2.2478496e+04
 141.2184887,2.2480426e+04
 141.2389231,2.2467268e+04
 141.2593577,2.2473443e+04
 141.2797922,2.2479961e+04
 141.3002266,2.2470529e+04
 141.3206611,2.2476998e+04
 141.3410957,2.2475625e+04
 141.3615302,2.2475781e+04
 141.3819646,2.2477002e+04
 141.4023991,2.2475312e+04
 141.4228337,2.2480244e+04
 141.4432682,2.2479641e+04
 141.4637026,2.2486707e+04
 141.4841372,2.2484684e+04
 141.5045717,2.2483158e+04
 141.5250061,2.2474803e+04
 141.5454406,2.2472242e+04
 141.5658751,2.2481252e+04
 141.5863097,2.2489709e+04
 141.6067441,2.2481412e+04
 141.6271787,2.2497510e+04
 141.6476132,2.2475289e+04
 141.6680476,2.2479996e+04
 141.6884821,2.2474092e+04
 141.7089167,2.2484748e+04
 141.7293511,2.2484346e+04
 141.7497856,2.2479195e+04
 141.7702202,2.2480660e+04
 141.7906546,2.2489598e+04
 141.8110891,2.2494311e+04
 141.8315235,2.2487797e+04
 141.8519580,2.2472449e+04
 141.8723925,2.2489027e+04
 141.8928270,2.2485666e+04
 141.9132616,2.2477139e+04
 141.9336960,2.2479273e+04
 141.9541305,2.2476889e+04
 141.9745649,2.2477463e+04
 141.9949995,2.2476008e+04
 142.0154340,2.2468584e+04
 142.0358684,2.2476539e+04
 142.0563029,2.2477795e+04
 142.0767375,2.2486312e+04
 142.0971720,2.2483031e+04
 142.1176064,2.2480703e+04
 142.1380410,2.2486266e+04
 142.1584755,2.2487240e+04
 142.1789099,2.2484586e+04
 142.1993444,2.2477492e+04
 142.2197790,2.2478305e+04
 142.2402134,2.2481236e+04
 142.2606479,2.2482094e+04
 142.2810825,2.2490848e+04
 142.3015168,2.2486508e+04
 142.3219513,2.2491822e+04
 142.3423858,2.2475555e+04
 142.3628204,2.2483539e+04
 142.3832548,2.2485754e+04
 142.4036893,2.2488045e+04
 142.4241239,2.2482549e+04
 142.4445583,2.2484266e+04
 142.4649928,2.2486332e+04
 142.4854272,2.2488732e+04
 142.5058618,2.2482949e+04
 142.5262963,2.2481129e+04
 142.5467308,2.2484426e+04
 142.5671652,2.2480730e+04
 142.5875998,2.2486094e+04
 142.6080343,2.2480332e+04
 142.6284686,2.2478223e+04
 142.6489032,2.2478203e+04
 142.6693377,2.2478711e+04
 142.6897721,2.2480734e+04
 142.7102066,2.2484191e+04
 142.7306412,2.2490479e+04
 142.7510756,2.2467980e+04
 142.7715101,2.2497260e+04
 142.7919447,2.2489162e+04
 142.8123791,2.2479643e+04
 142.8328136,2.2471977e+04
 142.8532481,2.2482324e+04
 142.8736827,2.2479525e+04
 142.8941170,2.2486113e+04
 142.9145515,2.2472186e+04
 142.9349861,2.2478514e+04
 142.9554205,2.2478416e+04
 142.9758550,2.2476004e+04
 142.9962894,2.2474934e+04
 143.0167240,2.2480727e+04
 143.0371585,2.2470031e+04
 143.0575930,2.2479836e+04
 143.0780275,2.2474996e+04
 143.0984620,2.2473709e+04
 143.1188965,2.2469447e+04
 143.1393309,2.2477943e+04
 143.1597654,2.2480725e+04
 143.1801999,2.2474236e+04
 143.2006343,2.2484010e+04
 143.2210688,2.2482334e+04
 143.2415034,2.2476375e+04
 143.2619379,2.2476338e+04
 143.2823724,2.2476184e+04
 143.3028069,2.2490172e+04
 143.3232414,2.2479148e+04
 143.3436758,         null
 143.3641102,2.2487057e+04
 143.3845448,2.2473420e+04
 143.4049793,2.2478795e+04
 143.4254137,2.2499861e+04
 143.4458483,2.2480658e+04
 143.4662828,2.2485467e+04
 143.4867172,2.2477342e+04
 143.5071517,2.2478732e+04
 143.5275862,2.2474285e+04
 143.5480207,2.2472502e+04
 143.5684551,2.2479656e+04
 143.5888897,2.2481586e+04
 143.6093242,2.2478400e+04
 143.6297586,2.2477863e+04
 143.6501931,2.2475924e+04
 143.6706277,2.2480822e+04
 143.6910621,2.2485137e+04
 143.7114965,2.2476016e+04
 143.7319310,2.2471215e+04
 143.7523655,2.2473375e+04
 143.7728000,2.2480129e+04
 143.7932345,2.2479482e+04
 143.8136690,2.2473248e+04
 143.8341035,2.2477930e+04
 143.8545380,2.2487801e+04
 143.8749723,2.2481799e+04
 143.8954069,2.2478607e+04
 143.9158414,2.2481625e+04
 143.9362758,2.2475611e+04
 143.9567104,2.2480863e+04
 143.9771449,2.2477482e+04
 143.9975793,2.2480295e+04
 144.0180137,2.2472012e+04
 144.0384483,2.2477721e+04
 144.0588828,2.2475672e+04
 144.0793172,2.2477115e+04
 144.0997518,2.2481447e+04
 144.1201863,2.2488996e+04
 144.1406207,2.2478449e+04
 144.1610551,2.2479676e+04
 144.1814897,2.2478740e+04
 144.2019241,2.2473633e+04
 144.2223586,2.2474721e+04
 144.2427932,2.2478396e+04
 144.2632276,2.2476576e+04
 144.2836621,2.2482268e+04
 144.3040965,2.2485953e+04
 144.3245310,2.2477047e+04
 144.3449655,2.2482734e+04
 144.3654000,2.2482348e+04
 144.3858344,2.2471301e+04
 144.4062690,2.2478027e+04
 144.4267034,2.2480133e+04
 144.4471378,2.2480535e+04
 144.4675724,2.2468131e+04
 144.4880069,2.2477008e+04
 144.5084413,2.2470484e+04
 144.5288758,2.2486646e+04
 144.5493104,2.2484207e+04
 144.5697448,2.2479652e+04
 144.5901792,2.2483523e+04
 144.6106138,2.2474150e+04
 144.6310483,2.2471834e+04
 144.6514827,2.2486697e+04
 144.6719172,2.2482693e+04
 144.6923517,2.2481369e+04
 144.7127861,2.2478240e+04
 144.7332206,2.2478654e+04
 144.7536552,2.2476400e+04
 144.7740896,2.2471168e+04
 144.7945240,2.2479662e+04
 144.8149585,2.2485658e+04
 144.8353931,2.2511639e+04
 144.8558275,2.2486467e+04
 144.8762620,2.2494014e+04
 144.8966965,2.2481346e+04
 144.9171309,2.2475010e+04
 144.9375654,2.2470137e+04
 144.9579999,2.2479590e+04
 144.9784345,2.2481418e+04
 144.9988689,2.2473865e+04
 145.0193033,2.2476676e+04
 145.0397378,2.2471123e+04
 145.0601723,2.2478166e+04
 145.0806068,2.2476826e+04
 145.1010413,2.2479807e+04
 145.1214758,2.2474877e+04
 145.1419102,2.2484027e+04
 145.1623447,2.2481957e+04
 145.1827791,2.2477387e+04
 145.2032137,2.2479893e+04
 145.2236481,2.2476191e+04
 145.2440825,2.2479340e+04
 145.2645171,2.2478129e+04
 145.2849516,2.2476508e+04
 145.3053861,2.2482965e+04
 145.3258204,2.2481729e+04
 145.3462550,2.2480215e+04
 145.3666895,2.2487385e+04
 145.3871239,2.2483869e+04
 145.4075585,2.2491213e+04
 145.4279929,2.2481373e+04
 145.4484273,2.2485307e+04
 145.4688618,2.2479732e+04
 145.4892964,2.2485217e+04
 145.5097308,2.2482732e+04
 145.5301652,2.2478373e+04
 145.5505997,2.2485326e+04
 145.5710343,2.2485416e+04
 145.5914687,2.2484295e+04
 145.6119031,2.2494729e+04
 145.6323377,2.2483463e+04
 145.6527721,2.2479879e+04
 145.6732066,2.2479762e+04
 145.6936410,2.2487895e+04
 145.7140755,2.2483881e+04
 145.7345100,2.2475768e+04
 145.7549445,2.2482518e+04
 145.7753790,2.2483709e+04
 145.7958134,2.2490867e+04
 145.8162479,2.2485258e+04
 145.8366823,2.2486225e+04
 145.8571169,2.2483480e+04
 145.8775514,2.2484561e+04
 145.8979857,2.2482566e+04
 145.9184203,2.2481307e+04
 145.9388548,2.2479318e+04
 145.9592892,2.2474055e+04
 145.9797236,2.2483416e+04
 146.0001582,2.2480834e+04
 146.0205927,2.2482576e+04
 146.0410271,2.2467432e+04
 146.0614616,2.2491211e+04
 146.0818961,2.2488170e+04
 146.1023305,2.2476271e+04
 146.1227650,2.2475545e+04
 146.1431995,2.2476764e+04
 146.1636339,2.2477141e+04
 146.1840684,2.2476705e+04
 146.2045029,2.2472629e+04
 146.2249373,2.2476848e+04
 146.2453718,2.2479525e+04
 146.2658063,2.2477271e+04
 146.2862408,2.2482225e+04
 146.3066752,2.2483035e+04
 146.3271097,         null
 146.3475441,2.2475732e+04
 146.3679787,2.2470004e+04
 146.3884131,2.2484445e+04
 146.4088475,2.2476996e+04
 146.4292821,2.2470885e+04
 146.4497165,2.2466719e+04
 146.4701509,2.2472703e+04
 146.4905855,2.2474801e+04
 146.5110200,2.2472779e+04
 146.5314544,2.2482934e+04
 146.5518888,2.2482227e+04
 146.5723234,2.2475125e+04
 146.5927579,2.2480736e+04
 146.6131923,2.2479334e+04
 146.6336267,2.2474170e+04
 146.6540613,2.2483775e+04
 146.6744957,2.2476977e+04
 146.6949301,2.2478260e+04
 146.7153647,2.2487775e+04
 146.7357992,2.2480938e+04
 146.7562336,2.2475816e+04
 146.7766680,2.2480678e+04
 146.7971026,2.2479232e+04
 146.8175370,2.2480271e+04
 146.8379714,2.2482340e+04
 146.8584059,2.2485820e+04
 146.8788405,2.2479820e+04
 146.8992748,2.2481895e+04
 146.9197093,2.2476939e+04
 146.9401439,2.2480178e+04
 146.9605782,2.2485311e+04
 146.9810127,2.2477182e+04
 147.0014472,2.2485240e+04
 147.0218817,2.2476709e+04
 147.0423161,2.2472361e+04
 147.0627506,2.2482125e+04
 147.0831852,2.2468643e+04
 147.1036195,2.2485545e+04
 147.1240540,2.2473623e+04
 147.1444884,2.2476137e+04
 147.1649229,2.2477588e+04
 147.1853574,2.2482486e+04
 147.2057918,2.2476043e+04
 147.2262264,2.2480020e+04
 147.2466608,2.2476121e+04
 147.2670953,2.2478605e+04
 147.2875297,2.2476041e+04
 147.3079642,2.2482354e+04
 147.3283987,2.2480275e+04
 147.3488331,2.2475430e+04
 147.3692675,2.2468785e+04
 147.3897021,2.2470480e+04
 147.4101365,2.2477729e+04
 147.4305709,2.2470375e+04
 147.4510055,2.2496170e+04
 147.4714399,2.2482539e+04
 147.4918743,2.2476943e+04
 147.5123088,2.2492967e+04
 147.5327434,2.2472240e+04
 147.5531777,2.2474375e+04
 147.5736122,2.2483535e+04
 147.5940468,2.2481154e+04
 147.6144811,2.2477910e+04
 147.6349156,2.2476480e+04
 147.6553500,2.2482279e+04
 147.6757845,2.2488631e+04
 147.6962190,2.2479385e+04
 147.7166534,2.2475418e+04
 147.7370879,2.2484375e+04
 147.7575224,2.2475807e+04
 147.7779569,2.2479969e+04
 147.7983912,2.2479385e+04
 147.8188258,2.2484521e+04
 147.8392603,2.2472100e+04
 147.8596946,2.2486697e+04
 147.8801291,2.2470201e+04
 147.9005637,         null
 147.9209980,2.2481393e+04
 147.9414325,2.2471535e+04
 147.9618671,2.2483826e+04
 147.9823014,2.2466039e+04
 148.0027359,2.2471738e+04
 148.0231703,2.2479520e+04
 148.0436049,2.2474211e+04
 148.0640393,2.2476619e+04
 148.0844737,2.2470643e+04
 148.1049083,2.2467148e+04
 148.1253427,2.2484316e+04
 148.1457771,2.2473186e+04
 148.1662116,2.2474195e+04
 148.1866461,2.2473287e+04
 148.2070805,2.2479807e+04
 148.2275150,2.2475164e+04
 148.2479495,2.2477883e+04
 148.2683839,2.2471029e+04
 148.2888184,2.2467609e+04
 148.3092528,2.2463615e+04
 148.3296873,2.2475816e+04
 148.3501218,2.2472559e+04
 148.3705562,2.2475545e+04
 148.3909906,2.2477115e+04
 148.4114251,2.2483504e+04
 148.4318596,2.2474984e+04
 148.4522941,2.2475848e+04
 148.4727285,2.2489012e+04
 148.4931630,2.2477930e+04
 148.5135975,2.2486889e+04
 148.5340318,2.2482309e+04
 148.5544664,2.2472699e+04
 148.5749008,2.2480717e+04
 148.5953352,2.2477566e+04
 148.6157698,2.2482111e+04
 148.6362042,2.2474596e+04
 148.6566386,2.2478043e+04
 148.6770730,2.2489662e+04
 148.6975076,2.2482104e+04
 148.7179420,2.2474162e+04
 148.7383764,2.2471102e+04
 148.7588110,2.2485443e+04
 148.7792454,2.2481521e+04
 148.7996798,2.2474453e+04
 148.8201143,2.2474414e+04
 148.8405488,2.2476037e+04
 148.8609832,2.2474361e+04
 148.8814176,2.2484664e+04
 148.9018522,2.2481809e+04
 148.9222866,2.2491723e+04
 148.9427210,2.2478051e+04
 148.9631555,2.2465311e+04
 148.9835899,2.2478006e+04
 149.0040244,2.2476949e+04
 149.0244588,2.2479656e+04
 149.0448932,2.2467596e+04
 149.0653278,2.2474305e+04
 149.0857622,2.2480135e+04
 149.1061966,2.2474309e+04
 149.1266311,2.2490832e+04
 149.1470656,2.2474424e+04
 149.1674999,2.2473340e+04
 149.1879344,2.2482268e+04
 149.2083690,2.2484445e+04
 149.2288034,2.2473564e+04
 149.2492378,2.2486754e+04
 149.2696723,2.2474096e+04
 149.2901068,2.2476240e+04
 149.3105411,         null
 149.3309756,2.2478969e+04
 149.3514102,2.2485254e+04
 149.3718445,2.2476613e+04
 149.3922790,2.2481014e+04
 149.4127135,2.2488080e+04
 149.4331479,2.2483465e+04
 149.4535823,2.2479842e+04
 149.4740168,2.2471754e+04
 149.4944512,2.2485770e+04
 149.5148857,2.2483205e+04
 149.5353202,2.2480658e+04
 149.5557547,2.2474826e+04
 149.5761891,2.2477674e+04
 149.5966235,2.2487553e+04
 149.6170579,2.2474521e+04
 149.6374924,2.2472336e+04
 149.6579269,2.2492775e+04
 149.6783612,2.2483730e+04
 149.6987957,2.2470604e+04
 149.7192302,2.2466201e+04
 149.7396647,2.2468982e+04
 149.7600991,2.2479518e+04
 149.7805336,2.2481615e+04
 149.8009681,2.2478248e+04
 149.8214024,2.2473422e+04
 149.8418369,2.2484656e+04
 149.8622714,2.2478699e+04
 149.8827059,2.2475416e+04
 149.9031402,2.2482820e+04
 149.9235748,2.2480816e+04
 149.9440092,2.2482562e+04
 149.9644437,2.2474607e+04
 149.9848780,2.2480232e+04
 150.0053126,2.2483303e+04
 150.0257470,2.2477281e+04
 150.0461814,2.2477215e+04
 150.0666159,2.2491207e+04
 150.0870504,2.2475037e+04
 150.1074847,2.2477539e+04
 150.1279192,2.2478740e+04
 150.1483538,2.2478211e+04
 150.1687881,2.2479213e+04
 150.1892226,2.2476072e+04
 150.2096571,2.2478123e+04
 150.2300915,2.2481838e+04
 150.2505259,2.2473855e+04
 150.2709604,2.2478609e+04
 150.2913949,2.2485609e+04
 150.3118293,2.2470027e+04
 150.3322637,2.2477566e+04
 150.3526981,2.2485855e+04
 150.3731326,2.2474736e+04
 150.3935671,2.2476750e+04
 150.4140014,2.2472654e+04
 150.4344360,2.2474707e+04
 150.4548704,2.2477658e+04
 150.4753049,2.2477346e+04
 150.4957392,2.2469977e+04
 150.5161737,2.2486711e+04
 150.5366082,2.2469932e+04
 150.5570425,2.2469211e+04
 150.5774771,2.2476725e+04
 150.5979115,2.2484031e+04
 150.6183459,2.2467779e+04
 150.6387803,2.2489148e+04
 150.6592149,2.2476359e+04
 150.6796492,2.2472496e+04
 150.7000837,2.2477715e+04
 150.7205182,2.2475312e+04
 150.7409527,2.2471182e+04
 150.7613870,2.2472869e+04
 150.7818215,2.2479822e+04
 150.8022560,2.2476812e+04
 150.8226904,2.2482064e+04
 150.8431248,2.2472104e+04
 150.8635594,2.2489164e+04
 150.8839937,2.2479268e+04
 150.9044281,2.2473434e+04
 150.9248626,2.2477375e+04
 150.9452970,2.2477670e+04
 150.9657315,2.2486787e+04
 150.9861659,2.2477672e+04
 151.0066003,2.2484195e+04
 151.0270348,2.2479365e+04
 151.0474693,2.2469479e+04
 151.0679036,2.2471807e+04
 151.0883382,2.2473109e+04
 151.1087726,2.2474758e+04
 151.1292069,2.2485158e+04
 151.1496414,2.2464080e+04
 151.1700759,2.2472654e+04
 151.1905103,2.2482705e+04
 151.2109447,2.2473889e+04
 151.2313793,2.2479545e+04
 151.2518137,2.2481240e+04
 151.2722481,2.2481365e+04
 151.2926825,2.2474303e+04
 151.3131170,2.2475465e+04
 151.3335514,2.2477908e+04
 151.3539858,2.2472250e+04
 151.3744204,2.2473008e+04
 151.3948547,2.2468527e+04
 151.4152892,2.2479816e+04
 151.4357236,2.2476553e+04
 151.4561580,2.2485117e+04
 151.4765925,2.2474633e+04
 151.4970269,2.2470008e+04
 151.5174614,2.2472219e+04
 151.5378958,2.2481238e+04
 151.5583303,2.2472191e+04
 151.5787647,2.2470400e+04
 151.5991992,2.2473939e+04
 151.6196336,2.2467463e+04
 151.6400680,2.2469643e+04
 151.6605025,         null
 151.6809369,2.2476912e+04
 151.7013713,2.2477982e+04
 151.7218058,2.2473467e+04
 151.7422402,2.2474984e+04
 151.7626747,2.2473217e+04
 151.7831091,2.2469172e+04
 151.8035435,2.2470410e+04
 151.8239780,2.2473730e+04
 151.8444124,2.2474650e+04
 151.8648468,2.2471201e+04
 151.8852813,2.2473438e+04
 151.9057157,2.2474561e+04
 151.9261501,2.2470629e+04
 151.9465845,2.2477289e+04
 151.9670191,2.2476420e+04
 151.9874535,2.2472396e+04
 152.0078878,2.2479830e+04
 152.0283224,2.2477482e+04
 152.0487568,2.2470641e+04
 152.0691912,2.2474895e+04
 152.0896256,2.2482098e+04
 152.1100601,2.2477289e+04
 152.1304945,2.2474125e+04
 152.1509289,2.2479178e+04
 152.1713634,2.2473252e+04
 152.1917978,2.2475031e+04
 152.2122322,2.2470090e+04
 152.2326667,2.2481951e+04
 152.2531012,2.2472322e+04
 152.2735355,2.2477018e+04
 152.2939700,         null
 152.3144043,2.2484852e+04
 152.3348388,2.2491396e+04
 152.3552733,2.2475947e+04
 152.3757076,2.2470418e+04
 152.3961422,2.2485139e+04
 152.4165766,2.2475309e+04
 152.4370110,2.2479912e+04
 152.4574454,2.2480180e+04
 152.4778799,2.2483879e+04
 152.4983143,2.2475791e+04
 152.5187487,2.2475758e+04
 152.5391832,2.2473184e+04
 152.5596176,2.2488064e+04
 152.5800520,2.2484477e+04
 152.6004864,2.2486215e+04
 152.6209209,2.2476023e+04
 152.6413553,2.2489217e+04
 152.6617897,         null
 152.6822241,2.2470873e+04
 152.7026586,2.2476785e+04
 152.7230930,2.2473150e+04
 152.7435275,2.2472006e+04
 152.7639620,2.2480262e+04
 152.7843963,2.2475256e+04
 152.8048308,2.2480760e+04
 152.8252651,2.2487094e+04
 152.8456996,2.2479289e+04
 152.8661340,2.2468271e+04
 152.8865684,2.2477621e+04
 152.9070029,2.2475977e+04
 152.9274373,2.2481314e+04
 152.9478718,2.2478057e+04
 152.9683061,2.2474727e+04
 152.9887406,2.2479195e+04
 153.0091751,2.2489201e+04
 153.0296094,2.2478996e+04
 153.0500439,2.2482211e+04
 153.0704784,2.2484447e+04
 153.0909127,2.2467488e+04
 153.1113471,2.2475465e+04
 153.1317817,2.2472809e+04
 153.1522160,2.2487365e+04
 153.1726504,2.2469477e+04
 153.1930849,2.2476088e+04
 153.2135194,2.2474564e+04
 153.2339538,2.2489104e+04
 153.2543881,2.2468246e+04
 153.2748227,2.2478303e+04
 153.2952571,2.2471312e+04
 153.3156914,2.2479264e+04
 153.3361259,2.2470496e+04
 153.3565603,2.2475336e+04
 153.3769947,2.2476414e+04
 153.3974292,2.2474816e+04
 153.4178637,2.2475693e+04
 153.4382981,2.2473273e+04
 153.4587324,2.2485693e+04
 153.4791669,2.2481654e+04
 153.4996014,2.2480432e+04
 153.5200357,2.2480811e+04
 153.5404702,2.2479637e+04
 153.5609047,2.2471613e+04
 153.5813390,2.2479586e+04
 153.6017734,2.2476621e+04
 153.6222079,2.2476396e+04
 153.6426423,2.2474078e+04
 153.6630767,2.2480930e+04
 153.6835111,2.2476621e+04
 153.7039455,2.2475090e+04
 153.7243800,2.2477770e+04
 153.7448144,2.2475488e+04
 153.7652488,2.2475467e+04
 153.7856833,2.2470051e+04
 153.8061177,2.2473678e+04
 153.8265520,2.2473195e+04
 153.8469865,2.2469945e+04
 153.8674210,2.2466463e+04
 153.8878553,2.2477660e+04
 153.9082897,2.2478539e+04
 153.9287243,2.2473291e+04
 153.9491587,2.2484514e+04
 153.9695930,2.2474650e+04
 153.9900274,2.2481420e+04
 154.0104620,2.2480801e+04
 154.0308963,2.2481568e+04
 154.0513307,2.2490807e+04
 154.0717652,2.2472678e+04
 154.0921996,2.2482697e+04
 154.1126340,2.2467396e+04
 154.1330684,2.2473574e+04
 154.1535028,2.2480006e+04
 154.1739373,2.2476166e+04
 154.1943717,2.2472264e+04
 154.2148061,2.2475299e+04
 154.2352405,2.2465861e+04
 154.2556749,2.2472088e+04
 154.2761093,2.2473023e+04
 154.2965438,2.2475062e+04
 154.3169782,2.2470158e+04
 154.3374125,2.2472213e+04
 154.3578470,2.2470195e+04
 154.3782815,2.2464773e+04
 154.3987158,2.2473490e+04
 154.4191502,2.2479537e+04
 154.4395847,2.2474396e+04
 154.4600192,2.2475014e+04
 154.4804535,2.2470188e+04
 154.5008879,2.2479021e+04
 154.5213224,2.2470252e+04
 154.5417568,2.2475551e+04
 154.5621912,2.2474531e+04
 154.5826257,2.2471971e+04
 154.6030600,2.2468834e+04
 154.6234944,2.2466176e+04
 154.6439289,2.2467582e+04
 154.6643633,2.2472199e+04
 154.6847977,2.2469742e+04
 154.7052321,2.2471262e+04
 154.7256666,2.2470441e+04
 154.7461010,2.2469910e+04
 154.7665354,2.2475770e+04
 154.7869698,2.2467846e+04
 154.8074042,2.2472186e+04
 154.8278386,2.2469938e+04
 154.8482729,2.2468416e+04
 154.8687075,2.2465793e+04
 154.8891419,2.2460107e+04
 154.9095763,2.2471422e+04
 154.9300107,2.2469283e+04
 154.9504451,2.2477305e+04
 154.9708796,2.2470248e+04
 154.9913140,2.2469779e+04
 155.0117483,2.2467168e+04
 155.0321828,2.2471451e+04
 155.0526172,2.2467037e+04
 155.0730515,2.2470822e+04
 155.0934861,2.2461496e+04
 155.1139205,2.2467297e+04
 155.1343548,2.2473320e+04
 155.1547892,2.2468852e+04
 155.1752237,2.2474131e+04
 155.1956581,2.2476879e+04
 155.2160925,2.2464051e+04
 155.2365269,2.2464357e+04
 155.2569614,2.2478475e+04
 155.2773957,         null
 155.2978301,2.2469344e+04
 155.3182646,2.2465531e+04
 155.3386990,2.2469742e+04
 155.3591334,2.2478918e+04
 155.3795678,2.2471549e+04
 155.4000022,2.2478918e+04
 155.4204366,2.2475918e+04
 155.4408710,2.2473668e+04
 155.4613055,2.2474672e+04
 155.4817399,2.2471418e+04
 155.5021743,2.2471711e+04
 155.5226086,2.2477398e+04
 155.5430431,2.2479604e+04
 155.5634775,         null
 155.5839118,2.2469957e+04
 155.6043463,2.2473430e+04
 155.6247807,2.2474795e+04
 155.6452152,2.2478457e+04
 155.6656495,2.2475602e+04
 155.6860840,2.2472410e+04
 155.7065184,2.2470846e+04
 155.7269527,2.2478094e+04
 155.7473871,2.2479986e+04
 155.7678216,2.2470664e+04
 155.7882559,2.2486301e+04
 155.8086904,2.2471820e+04
 155.8291249,2.2478752e+04
 155.8495592,2.2472891e+04
 155.8699936,2.2487484e+04
 155.8904280,2.2474105e+04
 155.9108625,2.2485127e+04
 155.9312968,2.2471766e+04
 155.9517312,2.2479318e+04
 155.9721657,2.2482156e+04
 155.9926000,2.2479785e+04
 156.0130345,2.2481305e+04
 156.0334688,2.2483264e+04
 156.0539033,2.2469855e+04
 156.0743377,2.2481115e+04
 156.0947721,2.2464725e+04
 156.1152065,2.2474840e+04
 156.1356409,2.2472227e+04
 156.1560753,2.2469635e+04
 156.1765096,2.2477588e+04
 156.1969441,2.2481004e+04
 156.2173785,2.2477232e+04
 156.2378129,2.2474598e+04
 156.2582473,2.2479725e+04
 156.2786818,2.2470803e+04
 156.2991161,2.2476932e+04
 156.3195505,2.2469871e+04
 156.3399850,2.2476713e+04
 156.3604193,2.2476908e+04
 156.3808537,2.2484836e+04
 156.4012881,2.2477111e+04
 156.4217226,2.2483994e+04
 156.4421569,2.2479328e+04
 156.4625913,2.2474566e+04
 156.4830258,2.2467205e+04
 156.5034601,2.2473412e+04
 156.5238946,2.2466668e+04
 156.5443290,2.2474094e+04
 156.5647634,2.2474545e+04
 156.5851978,2.2468947e+04
 156.6056322,2.2468498e+04
 156.6260666,2.2474803e+04
 156.6465010,2.2468684e+04
 156.6669354,2.2476555e+04
 156.6873698,2.2476750e+04
 156.7078042,2.2465555e+04
 156.7282386,2.2477973e+04
 156.7486730,2.2466254e+04
 156.7691073,2.2476119e+04
 156.7895418,2.2483236e+04
 156.8099762,2.2480850e+04
 156.8304106,2.2485113e+04
 156.8508450,2.2476240e+04
 156.8712794,2.2486391e+04
 156.8917138,2.2478836e+04
 156.9121481,2.2472998e+04
 156.9325826,2.2471271e+04
 156.9530170,2.2469758e+04
 156.9734513,2.2467873e+04
 156.9938858,2.2467727e+04
 157.0143202,2.2469289e+04
 157.0347545,2.2469377e+04
 157.0551890,2.2479693e+04
 157.0756235,2.2470930e+04
 157.0960578,2.2470490e+04
 157.1164922,2.2471357e+04
 157.1369267,2.2479717e+04
 157.1573611,2.2473525e+04
 157.1777954,2.2485592e+04
 157.1982298,2.2480697e+04
 157.2186643,2.2481436e+04
 157.2390986,2.2476561e+04
 157.2595330,2.2485281e+04
 157.2799674,2.2473393e+04
 157.3004018,2.2480113e+04
 157.3208362,2.2475889e+04
 157.3412706,2.2480785e+04
 157.3617050,2.2478592e+04
 157.3821394,2.2477996e+04
 157.4025738,2.2477869e+04
 157.4230081,2.2481492e+04
 157.4434426,2.2465975e+04
 157.4638770,2.2475406e+04
 157.4843112,2.2473773e+04
 157.5047457,2.2469217e+04
 157.5251801,2.2474025e+04
 157.5456144,2.2476547e+04
 157.5660488,2.2470713e+04
 157.5864833,2.2475260e+04
 157.6069176,2.2473225e+04
 157.6273520,2.2477953e+04
 157.6477865,2.2471645e+04
 157.6682209,2.2468570e+04
 157.6886552,2.2476863e+04
 157.7090896,2.2464488e+04
 157.7295241,2.2478506e+04
 157.7499584,2.2475494e+04
 157.7703928,2.2467586e+04
 157.7908273,2.2474492e+04
 157.8112616,2.2471180e+04
 157.8316960,2.2480982e+04
 157.8521304,2.2486713e+04
 157.8725648,2.2480172e+04
 157.8929992,2.2472010e+04
 157.9134336,2.2465102e+04
 157.9338679,2.2475453e+04
 157.9543024,2.2464807e+04
 157.9747368,2.2472049e+04
 157.9951711,2.2468301e+04
 158.0156055,2.2481863e+04
 158.0360399,2.2471975e+04
 158.0564742,2.2482291e+04
 158.0769086,2.2476623e+04
 158.0973431,2.2469010e+04
 158.1177775,2.2470973e+04
 158.1382118,2.2484496e+04
 158.1586463,2.2489699e+04
 158.1790807,2.2467951e+04
 158.1995150,2.2479490e+04
 158.2199494,2.2463639e+04
 158.2403839,2.2473004e+04
 158.2608182,         null
 158.2812526,2.2475883e+04
 158.3016870,2.2468463e+04
 158.3221214,2.2464812e+04
 158.3425557,2.2470178e+04
 158.3629901,2.2476766e+04
 158.3834246,2.2465711e+04
 158.4038590,2.2473537e+04
 158.4242933,2.2486168e+04
 158.4447277,2.2464893e+04
 158.4651622,2.2472643e+04
 158.4855965,2.2470363e+04
 158.5060309,2.2474668e+04
 158.5264653,2.2478986e+04
 158.5468996,2.2472467e+04
 158.5673340,2.2472246e+04
 158.5877684,2.2476775e+04
 158.6082028,2.2467775e+04
 158.6286372,2.2476461e+04
 158.6490716,2.2477654e+04
 158.6695061,2.2471115e+04
 158.6899404,2.2469889e+04
 158.7103747,2.2471963e+04
 158.7308090,2.2477768e+04
 158.7512435,2.2474029e+04
 158.7716779,2.2480574e+04
 158.7921123,2.2484217e+04
 158.8125467,2.2478355e+04
 158.8329811,2.2472412e+04
 158.8534155,2.2482535e+04
 158.8738497,2.2478980e+04
 158.8942842,2.2475062e+04
 158.9147186,2.2468205e+04
 158.9351529,2.2472996e+04
 158.9555874,2.2488527e+04
 158.9760218,2.2479613e+04
 158.9964561,2.2483453e+04
 159.0168905,2.2482705e+04
 159.0373249,2.2474771e+04
 159.0577592,2.2486871e+04
 159.0781936,2.2486111e+04
 159.0986280,2.2473518e+04
 159.1190625,2.2474223e+04
 159.1394968,2.2481994e+04
 159.1599312,2.2478541e+04
 159.1803656,2.2479842e+04
 159.2007999,2.2476365e+04
 159.2212343,2.2479154e+04
 159.2416686,2.2485160e+04
 159.2621031,2.2476926e+04
 159.2825375,2.2477527e+04
 159.3029718,2.2479441e+04
 159.3234062,2.2476771e+04
 159.3438406,2.2474775e+04
 159.3642750,2.2484688e+04
 159.3847093,2.2471025e+04
 159.4051438,2.2476430e+04
 159.4255781,2.2484754e+04
 159.4460124,2.2475432e+04
 159.4664469,2.2474346e+04
 159.4868813,2.2477924e+04
 159.5073156,2.2473936e+04
 159.5277499,2.2476488e+04
 159.5481844,2.2478396e+04
 159.5686187,2.2477947e+04
 159.5890531,2.2475836e+04
 159.6094875,2.2481355e+04
 159.6299220,2.2479113e+04
 159.6503562,2.2481430e+04
 159.6707906,2.2481621e+04
 159.6912251,2.2485943e+04
 159.7116594,2.2478172e+04
 159.7320938,2.2481164e+04
 159.7525281,2.2483521e+04
 159.7729625,2.2482402e+04
 159.7933969,2.2479855e+04
 159.8138313,2.2477576e+04
 159.8342657,2.2475316e+04
 159.8547000,2.2473977e+04
 159.8751344,2.2470488e+04
 159.8955687,2.2473930e+04
 159.9160032,2.2481506e+04
 159.9364375,2.2466162e+04
 159.9568719,2.2473637e+04
 159.9773063,2.2467762e+04
 159.9977407,2.2477889e+04
 160.0181751,2.2467064e+04
 160.0386094,2.2472703e+04
 160.0590438,2.2495141e+04
 160.0794782,2.2477668e+04
 160.0999126,2.2482723e+04
 160.1203468,2.2475805e+04
 160.1407813,2.2487668e+04
 160.1612157,2.2474848e+04
 160.1816500,2.2484152e+04
 160.2020844,2.2484854e+04
 160.2225188,2.2482023e+04
 160.2429531,2.2481701e+04
 160.2633875,2.2479109e+04
 160.2838219,2.2483207e+04
 160.3042562,2.2476064e+04
 160.3246906,2.2472852e+04
 160.3451251,2.2467854e+04
 160.3655594,2.2486574e+04
 160.3859937,2.2470619e+04
 160.4064281,2.2481006e+04
 160.4268626,2.2466400e+04
 160.4472968,2.2468643e+04
 160.4677312,2.2478365e+04
 160.4881657,2.2481078e+04
 160.5086000,2.2486949e+04
 160.5290343,2.2483094e+04
 160.5494687,2.2490502e+04
 160.5699031,2.2473807e+04
 160.5903375,2.2479443e+04
 160.6107718,2.2482227e+04
 160.6312061,2.2481531e+04
 160.6516406,2.2480312e+04
 160.6720749,2.2486959e+04
 160.6925092,2.2480781e+04
 160.7129437,2.2472756e+04
 160.7333781,2.2472732e+04
 160.7538123,2.2481854e+04
 160.7742467,2.2483197e+04
 160.7946812,2.2484352e+04
 160.8151155,2.2480123e+04
 160.8355498,2.2483561e+04
 160.8559843,2.2487402e+04
 160.8764187,2.2487873e+04
 160.8968529,2.2478775e+04
 160.9172873,2.2492268e+04
 160.9377218,2.2476451e+04
 160.9581560,2.2476678e+04
 160.9785904,2.2493496e+04
 160.9990249,2.2476959e+04
 161.0194591,2.2485287e+04
 161.0398935,2.2483984e+04
 161.0603279,2.2484432e+04
 161.0807622,2.2486947e+04
 161.1011966,2.2471871e+04
 161.1216310,2.2469605e+04
 161.1420654,2.2484189e+04
 161.1624997,2.2480252e+04
 161.1829341,2.2487842e+04
 161.2033683,2.2473361e+04
 161.2238028,2.2474803e+04
 161.2442372,         null
 161.2646715,2.2475969e+04
 161.2851058,2.2484643e+04
 161.3055403,2.2487533e+04
 161.3259746,2.2482680e+04
 161.3464089,2.2476434e+04
 161.3668434,2.2485340e+04
 161.3872777,2.2479783e+04
 161.4077120,2.2484002e+04
 161.4281464,2.2481645e+04
 161.4485808,2.2476543e+04
 161.4690151,2.2476934e+04
 161.4894495,2.2475492e+04
 161.5098839,2.2477838e+04
 161.5303182,2.2474211e+04
 161.5507526,2.2483623e+04
 161.5711869,2.2474896e+04
 161.5916214,2.2476619e+04
 161.6120557,2.2472729e+04
 161.6324900,2.2478779e+04
 161.6529245,2.2488652e+04
 161.6733588,2.2478211e+04
 161.6937931,2.2474182e+04
 161.7142275,2.2479334e+04
 161.7346619,2.2477697e+04
 161.7550962,2.2486059e+04
 161.7755306,2.2496598e+04
 161.7959649,2.2476061e+04
 161.8163993,2.2480887e+04
 161.8368336,2.2495297e+04
 161.8572680,2.2489787e+04
 161.8777025,2.2478834e+04
 161.8981367,2.2465180e+04
 161.9185711,2.2474768e+04
 161.9390054,2.2478777e+04
 161.9594398,2.2475162e+04
 161.9798742,2.2475041e+04
 162.0003085,2.2484240e+04
 162.0207429,2.2482268e+04
 162.0411773,2.2476648e+04
 162.0616116,2.2477641e+04
 162.0820459,2.2479307e+04
 162.1024803,2.2478738e+04
 162.1229147,2.2476270e+04
 162.1433490,2.2479391e+04
 162.1637834,2.2480936e+04
 162.1842178,2.2477152e+04
 162.2046520,2.2476674e+04
 162.2250864,2.2469588e+04
 162.2455208,2.2483285e+04
 162.2659551,2.2476629e+04
 162.2863895,2.2483207e+04
 162.3068239,2.2484090e+04
 162.3272583,2.2486725e+04
 162.3476925,2.2471773e+04
 162.3681269,2.2476396e+04
 162.3885613,2.2478867e+04
 162.4089956,2.2474824e+04
 162.4294300,2.2476770e+04
 162.4498642,2.2469062e+04
 162.4702987,2.2483785e+04
 162.4907330,2.2474898e+04
 162.5111668,2.2474547e+04
 162.5316012,2.2472582e+04
 162.5520355,2.2474814e+04
 162.5724698,2.2480711e+04
 162.5929042,2.2478047e+04
 162.6133387,2.2474596e+04
 162.6337729,2.2488299e+04
 162.6542073,2.2477395e+04
 162.6746417,2.2492084e+04
 162.6950760,2.2474910e+04
 162.7155103,2.2477412e+04
 162.7359447,2.2481531e+04
 162.7563790,2.2480834e+04
 162.7768134,2.2473811e+04
 162.7972477,2.2470346e+04
 162.8176821,2.2474361e+04
 162.8381164,2.2473551e+04
 162.8585508,2.2471346e+04
 162.8789851,2.2473799e+04
 162.8994195,2.2477711e+04
 162.9198539,2.2476451e+04
 162.9402881,2.2482836e+04
 162.9607225,2.2476203e+04
 162.9811569,2.2472742e+04
 163.0015912,2.2477529e+04
 163.0220255,2.2475170e+04
 163.0424600,2.2464643e+04
 163.0628943,2.2470271e+04
 163.0833286,2.2481938e+04
 163.1037629,2.2470969e+04
 163.1241974,2.2483539e+04
 163.1446316,2.2472801e+04
 163.1650660,2.2488998e+04
 163.1855004,2.2471229e+04
 163.2059347,2.2473980e+04
 163.2263690,2.2483490e+04
 163.2468034,2.2478438e+04
 163.2672377,2.2468482e+04
 163.2876721,2.2482959e+04
 163.3081064,2.2470617e+04
 163.3285409,2.2476713e+04
 163.3489751,2.2482330e+04
 163.3694095,2.2468064e+04
 163.3898437,2.2473742e+04
 163.4102782,2.2471115e+04
 163.4307125,2.2460941e+04
 163.4511467,2.2470773e+04
 163.4715812,2.2469164e+04
 163.4920155,2.2478504e+04
 163.5124499,2.2475752e+04
 163.5328841,2.2476678e+04
 163.5533186,2.2473668e+04
 163.5737529,2.2478312e+04
 163.5941872,2.2469453e+04
 163.6146215,2.2484762e+04
 163.6350560,2.2470678e+04
 163.6554902,2.2480986e+04
 163.6759246,2.2474309e+04
 163.6963590,2.2477992e+04
 163.7167932,2.2472129e+04
 163.7372276,2.2481822e+04
 163.7576619,2.2484553e+04
 163.7780963,2.2477814e+04
 163.7985306,2.2475814e+04
 163.8189650,2.2485717e+04
 163.8393994,2.2478871e+04
 163.8598337,2.2483170e+04
 163.8802680,2.2478791e+04
 163.9007022,2.2472816e+04
 163.9211367,2.2481115e+04
 163.9415710,2.2476061e+04
 163.9620054,2.2475154e+04
 163.9824397,2.2479158e+04
 164.0028740,2.2482037e+04
 164.0233084,2.2485781e+04
 164.0437426,2.2491754e+04
 164.0641771,2.2473074e+04
 164.0846114,2.2478811e+04
 164.1050458,2.2488146e+04
 164.1254800,2.2483135e+04
 164.1459144,2.2482268e+04
 164.1663487,2.2485529e+04
 164.1867830,2.2487463e+04
 164.2072175,2.2485041e+04
 164.2276518,         null
 164.2480860,2.2484609e+04
 164.2685204,2.2483684e+04
 164.2889547,2.2507389e+04
 164.3093891,2.2485652e+04
 164.3298234,2.2491746e+04
 164.3502578,2.2486217e+04
 164.3706922,2.2481150e+04
 164.3911264,2.2475203e+04
 164.4115608,2.2480566e+04
 164.4319951,2.2480447e+04
 164.4524294,2.2487559e+04
 164.4728638,2.2487314e+04
 164.4932982,2.2485111e+04
 164.5137324,2.2487678e+04
 164.5341668,2.2488906e+04
 164.5546011,2.2481691e+04
 164.5750355,2.2489482e+04
 164.5954698,2.2486766e+04
 164.6159041,2.2480471e+04
 164.6363384,2.2475646e+04
 164.6567728,2.2499459e+04
 164.6772071,2.2477371e+04
 164.6976415,2.2479605e+04
 164.7180758,2.2478354e+04
 164.7385101,2.2481701e+04
 164.7589445,2.2481385e+04
 164.7793787,2.2481053e+04
 164.7998131,2.2478232e+04
 164.8202475,2.2476367e+04
 164.8406817,2.2475924e+04
 164.8611161,2.2466334e+04
 164.8815505,2.2478914e+04
 164.9019847,2.2479336e+04
 164.9224190,2.2479395e+04
 164.9428535,2.2472566e+04
 164.9632877,2.2474168e+04
 164.9837220,2.2473572e+04
