        TIME,  PDCSAP_FLUX
 131.5130302,1.9160691e+04
 131.5334646,1.9147189e+04
 131.5538990,1.9159402e+04
 131.5743332,1.9154564e+04
 131.5947675,1.9163955e+04
 131.6152019,1.9169547e+04
 131.6356362,1.9158381e+04
 131.6560705,1.9158131e+04
 131.6765049,1.9156781e+04
 131.6969392,1.9146896e+04
 131.7173734,1.9149773e+04
 131.7378078,1.9162328e+04
 131.7582422,1.9156838e+04
 131.7786764,1.9173406e+04
 131.7991107,1.9171172e+04
 131.8195451,1.9166137e+04
 131.8399794,1.9168814e+04
 131.8604137,1.9173670e+04
 131.8808480,1.9161330e+04
 131.9012823,1.9158992e+04
 131.9217166,1.9153779e+04
 131.9421510,1.9153439e+04
 131.9625853,1.9155883e+04
 131.9830196,1.9158195e+04
 132.0034539,1.9161602e+04
 132.0238881,1.9157826e+04
 132.0443226,1.9157734e+04
 132.0647569,1.9145336e+04
 132.0851911,1.9150047e+04
 132.1056254,1.9164088e+04
 132.1260598,1.9154203e+04
 132.1464941,1.9153471e+04
 132.1669284,1.9159025e+04
 132.1873628,1.9159914e+04
 132.2077971,1.9163119e+04
 132.2282313,1.9162332e+04
 132.2486657,1.9170588e+04
 132.2691001,1.9168400e+04
 132.2895343,1.9162922e+04
 132.3099686,1.9140568e+04
 132.3304030,1.9151816e+04
 132.3508372,1.9157975e+04
 132.3712716,1.9152559e+04
 132.3917059,1.9159742e+04
 132.4121402,1.9156893e+04
 132.4325745,1.9153258e+04
 132.4530088,1.9158375e+04
 132.4734432,1.9163330e+04
 132.4938775,1.9153086e+04
 132.5143118,1.9158193e+04
 132.5347460,1.9155301e+04
 132.5551804,1.9149840e+04
 132.5756147,1.9158996e+04
 132.5960489,1.9154279e+04
 132.6164834,1.9163227e+04
 132.6369177,1.9155627e+04
 132.6573520,1.9166438e+04
 132.6777862,1.9149896e+04
 132.6982206,1.9147307e+04
 132.7186549,1.9147074e+04
 132.7390891,1.9145057e+04
 132.7595236,1.9161088e+04
 132.7799579,1.9156883e+04
 132.8003921,1.9162096e+04
 132.8208264,1.9158912e+04
 132.8412608,1.9154600e+04
 132.8616950,1.9146514e+04
 132.8821293,1.9152277e+04
 132.9025637,1.9156938e+04
 132.9229980,1.9162600e+04
 132.9434323,1.9151797e+04
 132.9638666,1.9153600e+04
 132.9843010,1.9154809e+04
 133.0047352,1.9163037e+04
 133.0251695,1.9155645e+04
 133.0456038,1.9161428e+04
 133.0660382,1.9158232e+04
 133.0864725,1.9154566e+04
 133.1069068,1.9163389e+04
 133.1273411,1.9156766e+04
 133.1477754,1.9151879e+04
 133.1682097,1.9147965e+04
 133.1886440,1.9156877e+04
 133.2090784,1.9161123e+04
 133.2295126,1.9151943e+04
 133.2499470,1.9154158e+04
 133.2703813,1.9149592e+04
 133.2908156,1.9156947e+04
 133.3112499,1.9139105e+04
 133.3316841,1.9153758e+04
 133.3521185,1.9161996e+04
 133.3725528,1.9150039e+04
 133.3929871,1.9148201e+04
 133.4134214,1.9159742e+04
 133.4338557,1.9164197e+04
 133.4542901,1.9146391e+04
 133.4747243,1.9160318e+04
 133.4951587,1.9159330e+04
 133.5155930,1.9169908e+04
 133.5360272,1.9143953e+04
 133.5564616,1.9162943e+04
 133.5768959,1.9153045e+04
 133.5973301,1.9152977e+04
 133.6177644,1.9140896e+04
 133.6381988,1.9153428e+04
 133.6586331,1.9168043e+04
 133.6790673,1.9150787e+04
 133.6995017,1.9172938e+04
 133.7199361,1.9146201e+04
 133.7403703,1.9159924e+04
 133.7608046,1.9149967e+04
 133.7812390,1.9162055e+04
 133.8016732,1.9160490e+04
 133.8221075,1.9164914e+04
 133.8425418,1.9156795e+04
 133.8629761,1.9162279e+04
 133.8834104,1.9165029e+04
 133.9038447,1.9155004e+04
 133.9242790,1.9147469e+04
 133.9447133,1.9153496e+04
 133.9651476,1.9149391e+04
 133.9855818,1.9159178e+04
 134.0060162,1.9154119e+04
 134.0264505,1.9164961e+04
 134.0468848,1.9149992e+04
 134.0673192,1.9143498e+04
 134.0877535,1.9155559e+04
 134.1081877,1.9153930e+04
 134.1286220,1.9141680e+04
 134.1490564,1.9152539e+04
 134.1694907,1.9148137e+04
 134.1899249,1.9149746e+04
 134.2103593,1.9161809e+04
 134.2307936,1.9185744e+04
 134.2512278,1.9144693e+04
 134.2716621,1.9160539e+04
 134.2920965,1.9167674e+04
 134.3125307,1.9152053e+04
 134.3329650,1.9142699e+04
 134.3533994,1.9150416e+04
 134.3738336,1.9159902e+04
 134.3942679,         null
 134.4147022,1.9155850e+04
 134.4351365,1.9156803e+04
 134.4555708,1.9150502e+04
 134.4760051,1.9155938e+04
 134.4964395,1.9147867e+04
 134.5168737,1.9156992e+04
 134.5373080,1.9151697e+04
 134.5577422,1.9167385e+04
 134.5781766,1.9144785e+04
 134.5986109,1.9144814e+04
 134.6190451,1.9149668e+04
 134.6394794,1.9154949e+04
 134.6599138,1.9154584e+04
 134.6803481,1.9155688e+04
 134.7007824,1.9152730e+04
 134.7212167,1.9156918e+04
 134.7416510,1.9163559e+04
 134.7620852,1.9146664e+04
 134.7825195,1.9143055e+04
 134.8029539,1.9149709e+04
 134.8233882,1.9167541e+04
 134.8438224,1.9148172e+04
 134.8642568,1.9154174e+04
 134.8846911,1.9155842e+04
 134.9051254,1.9161963e+04
 134.9255596,1.9141832e+04
 134.9459940,1.9164820e+04
 134.9664283,1.9156006e+04
 134.9868625,1.9165223e+04
 135.0072969,1.9157492e+04
 135.0277312,1.9158191e+04
 135.0481654,1.9155639e+04
 135.0685997,1.9157752e+04
 135.0890341,1.9157463e+04
 135.1094683,1.9155580e+04
 135.1299026,1.9153604e+04
 135.1503370,1.9146682e+04
 135.1707713,1.9152375e+04
 135.1912055,1.9146854e+04
 135.2116398,1.9154311e+04
 135.2320742,1.9151320e+04
 135.2525084,1.9154695e+04
 135.2729427,1.9150596e+04
 135.2933769,1.9157934e+04
 135.3138112,1.9149133e+04
 135.3342455,1.9160562e+04
 135.3546797,1.9144268e+04
 135.3751141,1.9150695e+04
 135.3955484,1.9152729e+04
 135.4159827,1.9156951e+04
 135.4364169,1.9153719e+04
 135.4568513,1.9163652e+04
 135.4772856,1.9153545e+04
 135.4977198,1.9150238e+04
 135.5181542,1.9155027e+04
 135.5385885,1.9162293e+04
 135.5590227,1.9149781e+04
 135.5794570,1.9155283e+04
 135.5998914,1.9149285e+04
 135.6203256,1.9155092e+04
 135.6407598,1.9152186e+04
 135.6611942,1.9155461e+04
 135.6816285,1.9146828e+04
 135.7020627,1.9152211e+04
 135.7224970,1.9144629e+04
 135.7429314,1.9150559e+04
 135.7633656,1.9147133e+04
 135.7837999,1.9146791e+04
 135.8042343,1.9144135e+04
 135.8246685,1.9143582e+04
 135.8451028,1.9150174e+04
 135.8655371,1.9146607e+04
 135.8859713,1.9161111e+04
 135.9064056,1.9156781e+04
 135.9268399,1.9160242e+04
 135.9472741,1.9156873e+04
 135.9677085,1.9155445e+04
 135.9881428,1.9156951e+04
 136.0085770,1.9147641e+04
 136.0290114,1.9149432e+04
 136.0494457,1.9154910e+04
 136.0698799,1.9158082e+04
 136.0903141,1.9152299e+04
 136.1107485,1.9148094e+04
 136.1311828,1.9152156e+04
 136.1516170,1.9138775e+04
 136.1720514,1.9142277e+04
 136.1924857,1.9155367e+04
 136.2129199,1.9148771e+04
 136.2333542,1.9151189e+04
 136.2537886,1.9141131e+04
 136.2742227,1.9153500e+04
 136.2946570,1.9163279e+04
 136.3150914,1.9156393e+04
 136.3355256,1.9150998e+04
 136.3559599,1.9163814e+04
 136.3763942,1.9156709e+04
 136.3968285,1.9160174e+04
 136.4172627,1.9153506e+04
 136.4376970,1.9156428e+04
 136.4581314,1.9155324e+04
 136.4785656,1.9159408e+04
 136.4989999,1.9153432e+04
 136.5194342,1.9155594e+04
 136.5398685,1.9167225e+04
 136.5603027,1.9151471e+04
 136.5807370,1.9148971e+04
 136.6011713,1.9157340e+04
 136.6216056,1.9152562e+04
 136.6420399,1.9147207e+04
 136.6624742,1.9172420e+04
 136.6829085,1.9157887e+04
 136.7033427,1.9144248e+04
 136.7237770,1.9159637e+04
 136.7442112,1.9137506e+04
 136.7646456,1.9142480e+04
 136.7850799,1.9161570e+04
 136.8055141,1.9158541e+04
 136.8259484,1.9150453e+04
 136.8463827,1.9147098e+04
 136.8668170,1.9158859e+04
 136.8872512,1.9149678e+04
 136.9076856,1.9147152e+04
 136.9281199,1.9155199e+04
 136.9485540,1.9149336e+04
 136.9689884,1.9159715e+04
 136.9894227,1.9162469e+04
 137.0098569,1.9148807e+04
 137.0302912,1.9163803e+04
 137.0507255,1.9152100e+04
 137.0711597,1.9155223e+04
 137.0915940,1.9146457e+04
 137.1120284,1.9156170e+04
 137.1324626,1.9165199e+04
 137.1528969,1.9147285e+04
 137.1733311,1.9158863e+04
 137.1937655,1.9159562e+04
 137.2141997,1.9142889e+04
 137.2346340,1.9153496e+04
 137.2550682,1.9149324e+04
 137.2755025,1.9150383e+04
 137.2959368,1.9157600e+04
 137.3163710,1.9147434e+04
 137.3368054,1.9154297e+04
 137.3572397,1.9160783e+04
 137.3776739,         null
 137.3981081,1.9155578e+04
 137.4185425,1.9160391e+04
 137.4389768,1.9147465e+04
 137.4594109,1.9158018e+04
 137.4798453,1.9158432e+04
 137.5002796,1.9160453e+04
 137.5207138,1.9150283e+04
 137.5411481,1.9160205e+04
 137.5615824,1.9141549e+04
 137.5820166,1.9159176e+04
 137.6024509,1.9177168e+04
 137.6228853,1.9151760e+04
 137.6433195,1.9150689e+04
 137.6637537,1.9150057e+04
 137.6841880,1.9149637e+04
 137.7046224,1.9158670e+04
 137.7250565,1.9156033e+04
 137.7454908,1.9148027e+04
 137.7659252,1.9162203e+04
 137.7863594,1.9153490e+04
 137.8067936,1.9160482e+04
 137.8272278,1.9154775e+04
 137.8476622,1.9158348e+04
 137.8680965,1.9152664e+04
 137.8885307,1.9149154e+04
 137.9089649,1.9160873e+04
 137.9293993,1.9152938e+04
 137.9498336,1.9150352e+04
 137.9702677,1.9159820e+04
 137.9907021,1.9150760e+04
 138.0111364,1.9154490e+04
 138.0315706,1.9146596e+04
 138.0520048,1.9152301e+04
 138.0724392,1.9147078e+04
 138.0928735,1.9150537e+04
 138.1133077,1.9160166e+04
 138.1337420,1.9157109e+04
 138.1541763,1.9158703e+04
 138.1746105,1.9146191e+04
 138.1950447,1.9157174e+04
 138.2154791,1.9151121e+04
 138.2359134,1.9154652e+04
 138.2563476,1.9156912e+04
 138.2767819,1.9144637e+04
 138.2972162,1.9163330e+04
 138.3176504,1.9149664e+04
 138.3380846,1.9158385e+04
 138.3585190,1.9159031e+04
 138.3789533,1.9155555e+04
 138.3993875,1.9154732e+04
 138.4198218,1.9159891e+04
 138.4402561,1.9151094e+04
 138.4606903,1.9153662e+04
 138.4811245,1.9163391e+04
 138.5015589,1.9150246e+04
 138.5219931,1.9163885e+04
 138.5424273,1.9178648e+04
 138.5628616,1.9148514e+04
 138.5832959,1.9160014e+04
 138.6037302,1.9165340e+04
 138.6241644,1.9154992e+04
 138.6445987,1.9171441e+04
 138.6650330,1.9154768e+04
 138.6854672,1.9159818e+04
 138.7059014,1.9137752e+04
 138.7263358,1.9168787e+04
 138.7467700,1.9153936e+04
 138.7672042,1.9158203e+04
 138.7876386,1.9158430e+04
 138.8080728,1.9151949e+04
 138.8285070,1.9159707e+04
 138.8489413,1.9161240e+04
 138.8693756,1.9170664e+04
 138.8898099,1.9160264e+04
 138.9102441,1.9146996e+04
 138.9306784,1.9153648e+04
 138.9511127,1.9163746e+04
 138.9715469,1.9162008e+04
 138.9919811,1.9151311e+04
 139.0124155,1.9155656e+04
 139.0328497,1.9150539e+04
 139.0532839,1.9153275e+04
 139.0737183,1.9159512e+04
 139.0941525,1.9152826e+04
 139.1145867,1.9154889e+04
 139.1350210,1.9149652e+04
 139.1554553,1.9164736e+04
 139.1758895,1.9158594e+04
 139.1963238,1.9148709e+04
 139.2167579,1.9144965e+04
 139.2371923,1.9156207e+04
 139.2576266,1.9143754e+04
 139.2780607,1.9161471e+04
 139.2984951,1.9166553e+04
 139.3189294,1.9150248e+04
 139.3393636,1.9157600e+04
 139.3597978,1.9159650e+04
 139.3802321,1.9159152e+04
 139.4006664,1.9158162e+04
 139.4211006,1.9145586e+04
 139.4415349,1.9159414e+04
 139.4619692,1.9160912e+04
 139.4824034,1.9157092e+04
 139.5028376,1.9151633e+04
 139.5232720,1.9160168e+04
 139.5437061,1.9156812e+04
 139.5641404,1.9148287e+04
 139.5845748,1.9163348e+04
 139.6050089,1.9157930e+04
 139.6254432,1.9162199e+04
 139.6458774,1.9138080e+04
 139.6663118,1.9161945e+04
 139.6867460,1.9162877e+04
 139.7071802,1.9153898e+04
 139.7276145,1.9152684e+04
 139.7480487,1.9141516e+04
 139.7684830,1.9158242e+04
 139.7889173,1.9164234e+04
 139.8093515,1.9152561e+04
 139.8297858,1.9151549e+04
 139.8502200,1.9154270e+04
 139.8706543,1.9152498e+04
 139.8910885,1.9163678e+04
 139.9115228,1.9158090e+04
 139.9319571,1.9144322e+04
 139.9523914,1.9156350e+04
 139.9728256,1.9140602e+04
 139.9932598,1.9150053e+04
 140.0136940,1.9162273e+04
 140.0341283,1.9147033e+04
 140.0545626,1.9150768e+04
 140.0749969,1.9150045e+04
 140.0954311,1.9155609e+04
 140.1158654,1.9153369e+04
 140.1362996,1.9160320e+04
 140.1567338,1.9153615e+04
 140.1771681,1.9139320e+04
 140.1976024,1.9162232e+04
 140.2180366,1.9175898e+04
 140.2384709,1.9157418e+04
 140.2589052,1.9152896e+04
 140.2793393,1.9156691e+04
 140.2997736,1.9167242e+04
 140.3202079,1.9159568e+04
 140.3406421,1.9166611e+04
 140.3610763,         null
 140.3815106,1.9154480e+04
 140.4019449,1.9149166e+04
 140.4223791,1.9158545e+04
 140.4428133,1.9171029e+04
 140.4632477,1.9151041e+04
 140.4836819,1.9141539e+04
 140.5041161,1.9140635e+04
 140.5245503,1.9156414e+04
 140.5449846,1.9151750e+04
 140.5654189,1.9148414e+04
 140.5858531,1.9141936e+04
 140.6062874,1.9147799e+04
 140.6267216,1.9165154e+04
 140.6471559,1.9148320e+04
 140.6675900,1.9151523e+04
 140.6880244,1.9152887e+04
 140.7084586,1.9144924e+04
 140.7288928,1.9150988e+04
 140.7493271,1.9160656e+04
 140.7697614,1.9150188e+04
 140.7901955,1.9145100e+04
 140.8106298,1.9156770e+04
 140.8310641,1.9148053e+04
 140.8514984,1.9150559e+04
 140.8719325,1.9157414e+04
 140.8923668,1.9153250e+04
 140.9128011,1.9162332e+04
 140.9332353,1.9165424e+04
 140.9536695,1.9148043e+04
 140.9741039,1.9159965e+04
 140.9945380,1.9165379e+04
 141.0149723,1.9161609e+04
 141.0354065,1.9153908e+04
 141.0558408,1.9151381e+04
 141.0762750,1.9169764e+04
 141.0967093,1.9149475e+04
 141.1171435,1.9155398e+04
 141.1375778,1.9160096e+04
 141.1580120,1.9152061e+04
 141.1784461,1.9155379e+04
 141.1988805,1.9148037e+04
 141.2193147,1.9165463e+04
 141.2397489,1.9158941e+04
 141.2601832,1.9156104e+04
 141.2806175,1.9153545e+04
 141.3010516,1.9154107e+04
 141.3214859,1.9159643e+04
 141.3419202,1.9157951e+04
 141.3623545,1.9154920e+04
 141.3827886,1.9160217e+04
 141.4032229,1.9171170e+04
 141.4236572,1.9160992e+04
 141.4440914,1.9148801e+04
 141.4645256,1.9159209e+04
 141.4849599,1.9158318e+04
 141.5053942,1.9140473e+04
 141.5258283,1.9160750e+04
 141.5462626,1.9153039e+04
 141.5666968,1.9159648e+04
 141.5871311,1.9167314e+04
 141.6075653,1.9152688e+04
 141.6279996,1.9149207e+04
 141.6484339,1.9150506e+04
 141.6688680,1.9153070e+04
 141.6893023,1.9169213e+04
 141.7097366,1.9156346e+04
 141.7301707,1.9161891e+04
 141.7506050,1.9165139e+04
 141.7710393,1.9150426e+04
 141.7914735,1.9159102e+04
 141.8119077,1.9153330e+04
 141.8323420,1.9156885e+04
 141.8527762,1.9171029e+04
 141.8732104,1.9149582e+04
 141.8936447,1.9165729e+04
 141.9140790,1.9145559e+04
 141.9345132,1.9154244e+04
 141.9549474,1.9164330e+04
 141.9753815,1.9151125e+04
 141.9958159,1.9167365e+04
 142.0162501,1.9163299e+04
 142.0366843,1.9154746e+04
 142.0571185,1.9157738e+04
 142.0775528,1.9155092e+04
 142.0979871,1.9159480e+04
 142.1184212,1.9163982e+04
 142.1388556,1.9170219e+04
 142.1592898,1.9167008e+04
 142.1797239,1.9156223e+04
 142.2001582,1.9179068e+04
 142.2205925,1.9162715e+04
 142.2410266,1.9157105e+04
 142.2614609,1.9156473e+04
 142.2818952,1.9152838e+04
 142.3023294,1.9157230e+04
 142.3227636,1.9155332e+04
 142.3431978,1.9152711e+04
 142.3636322,1.9180885e+04
 142.3840663,1.9161863e+04
 142.4045005,1.9162287e+04
 142.4249349,1.9158934e+04
 142.4453690,1.9170299e+04
 142.4658032,1.9163656e+04
 142.4862374,1.9171824e+04
 142.5066717,1.9161939e+04
 142.5271059,1.9152002e+04
 142.5475402,1.9151811e+04
 142.5679743,1.9159455e+04
 142.5884087,1.9156027e+04
 142.6088429,1.9160047e+04
 142.6292770,1.9161104e+04
 142.6497114,1.9155158e+04
 142.6701456,1.9152887e+04
 142.6905797,1.9165338e+04
 142.7110140,1.9184797e+04
 142.7314483,1.9164629e+04
 142.7518824,1.9160736e+04
 142.7723167,1.9158848e+04
 142.7927510,1.9153176e+04
 142.8131851,1.9166768e+04
 142.8336194,1.9162117e+04
 142.8540536,1.9174953e+04
 142.8744879,1.9165064e+04
 142.8949220,1.9153625e+04
 142.9153563,1.9160510e+04
 142.9357906,1.9158305e+04
 142.9562247,1.9157203e+04
 142.9766590,1.9151805e+04
 142.9970931,1.9172729e+04
 143.0175274,1.9152607e+04
 143.0379617,1.9141152e+04
 143.0583959,1.9160449e+04
 143.0788301,1.9158371e+04
 143.0992644,1.9147932e+04
 143.1196986,1.9170680e+04
 143.1401328,1.9163982e+04
 143.1605670,1.9168543e+04
 143.1810013,1.9162701e+04
 143.2014354,1.9161479e+04
 143.2218696,1.9143564e+04
 143.2423040,1.9165838e+04
 143.2627382,1.9149418e+04
 143.2831724,1.9163146e+04
 143.3036066,1.9163289e+04
 143.3240409,1.9148033e+04
 143.3444751,         null
 143.3649092,1.9163766e+04
 143.3853436,1.9160902e+04
 143.4057778,1.9154021e+04
 143.4262119,1.9162299e+04
 143.4466462,1.9147910e+04
 143.4670805,1.9154184e+04
 143.4875146,1.9147496e+04
 143.5079488,1.9155207e+04
 143.5283831,1.9143668e+04
 143.5488174,1.9149623e+04
 143.5692515,1.9153492e+04
 143.5896858,1.9158932e+04
 143.6101200,1.9145689e+04
 143.6305542,1.9160625e+04
 143.6509884,1.9170811e+04
 143.6714227,1.9147361e+04
 143.6918568,1.9154422e+04
 143.7122911,1.9151182e+04
 143.7327253,1.9147994e+04
 143.7531595,1.9150846e+04
 143.7735937,1.9169164e+04
 143.7940280,1.9158744e+04
 143.8144622,1.9162416e+04
 143.8348964,1.9167621e+04
 143.8553306,1.9149922e+04
 143.8757648,1.9158074e+04
 143.8961991,1.9147213e+04
 143.9166333,1.9167660e+04
 143.9370674,1.9150094e+04
 143.9575017,1.9151293e+04
 143.9779360,1.9173375e+04
 143.9983701,1.9149338e+04
 144.0188043,1.9156602e+04
 144.0392386,1.9154244e+04
 144.0596729,1.9161453e+04
 144.0801070,1.9158553e+04
 144.1005413,1.9156619e+04
 144.1209755,1.9149473e+04
 144.1414096,1.9151057e+04
 144.1618439,1.9151766e+04
 144.1822782,1.9159781e+04
 144.2027123,1.9145930e+04
 144.2231465,1.9158068e+04
 144.2435808,1.9146555e+04
 144.2640150,1.9157883e+04
 144.2844492,1.9152771e+04
 144.3048834,1.9157350e+04
 144.3253176,1.9148816e+04
 144.3457518,1.9141180e+04
 144.3661860,1.9148391e+04
 144.3866202,1.9154779e+04
 144.4070545,1.9156389e+04
 144.4274887,1.9156709e+04
 144.4479228,1.9155408e+04
 144.4683571,1.9142207e+04
 144.4887914,1.9150041e+04
 144.5092255,1.9143729e+04
 144.5296597,1.9145102e+04
 144.5500940,1.9158455e+04
 144.5705282,1.9152584e+04
 144.5909623,1.9154412e+04
 144.6113967,1.9161244e+04
 144.6318309,1.9145779e+04
 144.6522650,1.9151363e+04
 144.6726992,1.9155504e+04
 144.6931335,1.9159311e+04
 144.7135676,1.9146025e+04
 144.7340018,1.9158982e+04
 144.7544362,1.9153752e+04
 144.7748703,1.9155191e+04
 144.7953045,1.9132189e+04
 144.8157387,1.9165672e+04
 144.8361730,1.9145930e+04
 144.8566071,1.9150285e+04
 144.8770413,1.9143906e+04
 144.8974756,1.9145143e+04
 144.9179098,1.9148912e+04
 144.9383440,1.9156201e+04
 144.9587782,1.9160463e+04
 144.9792125,1.9161029e+04
 144.9996466,1.9160541e+04
 145.0200808,1.9160301e+04
 145.0405150,1.9163912e+04
 145.0609493,1.9160539e+04
 145.0813835,1.9175961e+04
 145.1018177,1.9159221e+04
 145.1222520,1.9159557e+04
 145.1426861,1.9153912e+04
 145.1631203,1.9143598e+04
 145.1835544,1.9152871e+04
 145.2039887,1.9149105e+04
 145.2244229,1.9164840e+04
 145.2448571,1.9145674e+04
 145.2652914,1.9152988e+04
 145.2857256,1.9157816e+04
 145.3061598,1.9148510e+04
 145.3265939,1.9153471e+04
 145.3470282,1.9175316e+04
 145.3674624,1.9164867e+04
 145.3878965,1.9147131e+04
 145.4083308,1.9162988e+04
 145.4287650,1.9155131e+04
 145.4491991,1.9164713e+04
 145.4696334,1.9169939e+04
 145.4900677,1.9170502e+04
 145.5105018,1.9149131e+04
 145.5309360,1.9147600e+04
 145.5513702,1.9149484e+04
 145.5718045,1.9144441e+04
 145.5922386,1.9153576e+04
 145.6126728,1.9153389e+04
 145.6331071,1.9147941e+04
 145.6535412,1.9148861e+04
 145.6739754,1.9150307e+04
 145.6944095,1.9152375e+04
 145.7148438,1.9149402e+04
 145.7352780,1.9152949e+04
 145.7557122,1.9145834e+04
 145.7761465,1.9145955e+04
 145.7965807,1.9146584e+04
 145.8170149,1.9157980e+04
 145.8374490,1.9169561e+04
 145.8578833,1.9160898e+04
 145.8783175,1.9157961e+04
 145.8987516,1.9140346e+04
 145.9191859,1.9146361e+04
 145.9396201,1.9146725e+04
 145.9600542,1.9142504e+04
 145.9804884,1.9155479e+04
 146.0009227,1.9159928e+04
 146.0213569,1.9158449e+04
 146.0417910,1.9165512e+04
 146.0622253,1.9157414e+04
 146.0826595,1.9154291e+04
 146.1030936,1.9155916e+04
 146.1235278,1.9152631e+04
 146.1439621,1.9157680e+04
 146.1643962,1.9155738e+04
 146.1848304,1.9150854e+04
 146.2052646,1.9137184e+04
 146.2256988,1.9160982e+04
 146.2461330,1.9158186e+04
 146.2665672,1.9141193e+04
 146.2870014,1.9156988e+04
 146.3074356,1.9158029e+04
 146.3278698,         null
 146.3483039,1.9158311e+04
 146.3687382,1.9156105e+04
 146.3891724,1.9151973e+04
 146.4096065,1.9165318e+04
 146.4300408,1.9171104e+04
 146.4504750,1.9157293e+04
 146.4709091,1.9153143e+04
 146.4913434,1.9159203e+04
 146.5117776,1.9154998e+04
 146.5322118,1.9152881e+04
 146.5526459,1.9149451e+04
 146.5730802,1.9150230e+04
 146.5935144,1.9158375e+04
 146.6139486,1.9142439e+04
 146.6343827,1.9157064e+04
 146.6548170,1.9150971e+04
 146.6752512,1.9152697e+04
 146.6956853,1.9168129e+04
 146.7161196,1.9157344e+04
 146.7365538,1.9150928e+04
 146.7569880,1.9156699e+04
 146.7774221,1.9158648e+04
 146.7978564,1.9146781e+04
 146.8182906,1.9145209e+04
 146.8387247,1.9160270e+04
 146.8591588,1.9167912e+04
 146.8795931,1.9152219e+04
 146.9000272,1.9152850e+04
 146.9204614,1.9135443e+04
 146.9408957,1.9152576e+04
 146.9613298,1.9139412e+04
 146.9817640,1.9148428e+04
 147.0021982,1.9162256e+04
 147.0226324,1.9150734e+04
 147.0430666,1.9151537e+04
 147.0635008,1.9150434e+04
 147.0839351,1.9158492e+04
 147.1043692,1.9161736e+04
 147.1248034,1.9162688e+04
 147.1452375,1.9142508e+04
 147.1656717,1.9166293e+04
 147.1861059,1.9154855e+04
 147.2065400,1.9159543e+04
 147.2269743,1.9157611e+04
 147.2474085,1.9138893e+04
 147.2678427,1.9157916e+04
 147.2882768,1.9156545e+04
 147.3087111,1.9149301e+04
 147.3291453,1.9152816e+04
 147.3495794,1.9159650e+04
 147.3700136,1.9150904e+04
 147.3904478,1.9161664e+04
 147.4108819,1.9152533e+04
 147.4313161,1.9158111e+04
 147.4517504,1.9148553e+04
 147.4721845,1.9152480e+04
 147.4926187,1.9149926e+04
 147.5130529,1.9166500e+04
 147.5334872,1.9147881e+04
 147.5539213,1.9168928e+04
 147.5743554,1.9155848e+04
 147.5947897,1.9150854e+04
 147.6152238,1.9151680e+04
 147.6356580,1.9154062e+04
 147.6560921,1.9152471e+04
 147.6765264,1.9158768e+04
 147.6969606,1.9157088e+04
 147.7173947,1.9156482e+04
 147.7378289,1.9166498e+04
 147.7582631,1.9165322e+04
 147.7786973,1.9151439e+04
 147.7991314,1.9152361e+04
 147.8195657,1.9151186e+04
 147.8399999,1.9157201e+04
 147.8604340,1.9150578e+04
 147.8808681,1.9154238e+04
 147.9013024,         null
 147.9217365,1.9150375e+04
 147.9421707,1.9159678e+04
 147.9626050,1.9154273e+04
 147.9830391,1.9156838e+04
 148.0034732,1.9159705e+04
 148.0239074,1.9152094e+04
 148.0443417,1.9157330e+04
 148.0647758,1.9147891e+04
 148.0852100,1.9157553e+04
 148.1056443,1.9154836e+04
 148.1260783,1.9160898e+04
 148.1465125,1.9149510e+04
 148.1669467,1.9157195e+04
 148.1873809,1.9150814e+04
 148.2078151,1.9165719e+04
 148.2282493,1.9140090e+04
 148.2486835,1.9155980e+04
 148.2691176,1.9150846e+04
 148.2895518,1.9157297e+04
 148.3099860,1.9162881e+04
 148.3304202,1.9152148e+04
 148.3508543,1.9156652e+04
 148.3712885,1.9158906e+04
 148.3917226,1.9157201e+04
 148.4121569,1.9164016e+04
 148.4325911,1.9150951e+04
 148.4530252,1.9153375e+04
 148.4734594,1.9135949e+04
 148.4938936,1.9152219e+04
 148.5143278,1.9169260e+04
 148.5347619,1.9152814e+04
 148.5551961,1.9157609e+04
 148.5756303,1.9169049e+04
 148.5960644,1.9151322e+04
 148.6164987,1.9167121e+04
 148.6369328,1.9149436e+04
 148.6573669,1.9154131e+04
 148.6778011,1.9158555e+04
 148.6982354,1.9160965e+04
 148.7186695,1.9161969e+04
 148.7391036,1.9156955e+04
 148.7595379,1.9168387e+04
 148.7799721,1.9159531e+04
 148.8004062,1.9147629e+04
 148.8208403,1.9144529e+04
 148.8412746,1.9168557e+04
 148.8617087,1.9144867e+04
 148.8821429,1.9158248e+04
 148.9025771,1.9144178e+04
 148.9230112,1.9153945e+04
 148.9434454,1.9158793e+04
 148.9638796,1.9160285e+04
 148.9843137,1.9166168e+04
 149.0047479,1.9148852e+04
 149.0251821,1.9158029e+04
 149.0456162,1.9151746e+04
 149.0660504,1.9161289e+04
 149.0864846,1.9155693e+04
 149.1069187,1.9161795e+04
 149.1273529,1.9152375e+04
 149.1477871,1.9156193e+04
 149.1682212,1.9139564e+04
 149.1886554,1.9160184e+04
 149.2090896,1.9146930e+04
 149.2295238,1.9159545e+04
 149.2499579,1.9168652e+04
 149.2703921,1.9163770e+04
 149.2908263,1.9163295e+04
 149.3112604,         null
 149.3316946,1.9150832e+04
 149.3521288,1.9157449e+04
 149.3725629,1.9163736e+04
 149.3929971,1.9158959e+04
 149.4134313,1.9145984e+04
 149.4338654,1.9160932e+04
 149.4542996,1.9167230e+04
 149.4747337,1.9165299e+04
 149.4951679,1.9164887e+04
 149.5156021,1.9173768e+04
 149.5360363,1.9172492e+04
 149.5564705,1.9162902e+04
 149.5769046,1.9157924e+04
 149.5973388,1.9164574e+04
 149.6177728,1.9159611e+04
 149.6382071,1.9165398e+04
 149.6586413,1.9146043e+04
 149.6790753,1.9159938e+04
 149.6995095,1.9156854e+04
 149.7199438,1.9149070e+04
 149.7403779,1.9145936e+04
 149.7608120,1.9151395e+04
 149.7812463,1.9157111e+04
 149.8016804,1.9160016e+04
 149.8221145,1.9162133e+04
 149.8425487,1.9161053e+04
 149.8629829,1.9159859e+04
 149.8834171,1.9163348e+04
 149.9038512,1.9156900e+04
 149.9242854,1.9156463e+04
 149.9447196,1.9164977e+04
 149.9651537,1.9155381e+04
 149.9855878,1.9158256e+04
 150.0060221,1.9141588e+04
 150.0264562,1.9175393e+04
 150.0468903,1.9157553e+04
 150.0673246,1.9164254e+04
 150.0877587,1.9163129e+04
 150.1081928,1.9154029e+04
 150.1286270,1.9152994e+04
 150.1490612,1.9168727e+04
 150.1694953,1.9158520e+04
 150.1899294,1.9160236e+04
 150.2103637,1.9160189e+04
 150.2307978,1.9156047e+04
 150.2512319,1.9161842e+04
 150.2716661,1.9146648e+04
 150.2921004,1.9158188e+04
 150.3125344,1.9158963e+04
 150.3329686,1.9165115e+04
 150.3534026,1.9160645e+04
 150.3738369,1.9153152e+04
 150.3942711,1.9161746e+04
 150.4147051,1.9155318e+04
 150.4351394,1.9155277e+04
 150.4555735,1.9159465e+04
 150.4760077,1.9153625e+04
 150.4964417,1.9171180e+04
 150.5168760,1.9163803e+04
 150.5373102,1.9146719e+04
 150.5577442,1.9159773e+04
 150.5781785,1.9158449e+04
 150.5986126,1.9162803e+04
 150.6190467,1.9157945e+04
 150.6394809,1.9160221e+04
 150.6599151,1.9161561e+04
 150.6803492,1.9153258e+04
 150.7007833,1.9164971e+04
 150.7212176,1.9161355e+04
 150.7416517,1.9163195e+04
 150.7620858,1.9161621e+04
 150.7825200,1.9152773e+04
 150.8029542,1.9162996e+04
 150.8233883,1.9155072e+04
 150.8438224,1.9160426e+04
 150.8642567,1.9149336e+04
 150.8846907,1.9148252e+04
 150.9051249,1.9153559e+04
 150.9255590,1.9166156e+04
 150.9459932,1.9154936e+04
 150.9664273,1.9166982e+04
 150.9868615,1.9163430e+04
 151.0072956,1.9152166e+04
 151.0277298,1.9161754e+04
 151.0481640,1.9144758e+04
 151.0685980,1.9147244e+04
 151.0890323,1.9158473e+04
 151.1094664,1.9154240e+04
 151.1299005,1.9148096e+04
 151.1503346,1.9161586e+04
 151.1707689,1.9151467e+04
 151.1912029,1.9146768e+04
 151.2116371,1.9150834e+04
 151.2320713,1.9150350e+04
 151.2525055,1.9157369e+04
 151.2729395,1.9160131e+04
 151.2933737,1.9148404e+04
 151.3138079,1.9158672e+04
 151.3342420,1.9157438e+04
 151.3546761,1.9152379e+04
 151.3751104,1.9161352e+04
 151.3955444,1.9167424e+04
 151.4159786,1.9162832e+04
 151.4364127,1.9152631e+04
 151.4568469,1.9161982e+04
 151.4772810,1.9143900e+04
 151.4977152,1.9154986e+04
 151.5181493,1.9154260e+04
 151.5385835,1.9158480e+04
 151.5590176,1.9153990e+04
 151.5794518,1.9144109e+04
 151.5998860,1.9153635e+04
 151.6203201,1.9162785e+04
 151.6407542,1.9156174e+04
 151.6611884,         null
 151.6816225,1.9149076e+04
 151.7020567,1.9158570e+04
 151.7224908,1.9162609e+04
 151.7429250,1.9151609e+04
 151.7633591,1.9152811e+04
 151.7837932,1.9153477e+04
 151.8042273,1.9159617e+04
 151.8246615,1.9162822e+04
 151.8450957,1.9146543e+04
 151.8655297,1.9152607e+04
 151.8859640,1.9156025e+04
 151.9063981,1.9158754e+04
 151.9268322,1.9151926e+04
 151.9472663,1.9154188e+04
 151.9677005,1.9142240e+04
 151.9881347,1.9162553e+04
 152.0085687,1.9151740e+04
 152.0290030,1.9160572e+04
 152.0494371,1.9139795e+04
 152.0698712,1.9159883e+04
 152.0903053,1.9148889e+04
 152.1107395,1.9147938e+04
 152.1311736,1.9157084e+04
 152.1516077,1.9140990e+04
 152.1720419,1.9146748e+04
 152.1924760,1.9150375e+04
 152.2129102,1.9155934e+04
 152.2333443,1.9157861e+04
 152.2537785,1.9166789e+04
 152.2742126,1.9150998e+04
 152.2946467,         null
 152.3150808,1.9152943e+04
 152.3355150,1.9140281e+04
 152.3559491,1.9154160e+04
 152.3763832,1.9153219e+04
 152.3968174,1.9168967e+04
 152.4172516,1.9148236e+04
 152.4376857,1.9160727e+04
 152.4581197,1.9148482e+04
 152.4785540,1.9150629e+04
 152.4989881,1.9149801e+04
 152.5194222,1.9150270e+04
 152.5398564,1.9157240e+04
 152.5602905,1.9158488e+04
 152.5807246,1.9155301e+04
 152.6011587,1.9157855e+04
 152.6215929,1.9160885e+04
 152.6420270,1.9149352e+04
 152.6624611,         null
 152.6828953,1.9161262e+04
 152.7033294,1.9144410e+04
 152.7237635,1.9149768e+04
 152.7441977,1.9149082e+04
 152.7646319,1.9147740e+04
 152.7850659,1.9150543e+04
 152.8055001,1.9160146e+04
 152.8259341,1.9146285e+04
 152.8463683,1.9153139e+04
 152.8668025,1.9139486e+04
 152.8872365,1.9160084e+04
 152.9076707,1.9171451e+04
 152.9281049,1.9135205e+04
 152.9485390,1.9146920e+04
 152.9689730,1.9150781e+04
 152.9894073,1.9158357e+04
 153.0098414,1.9152354e+04
 153.0302754,1.9151588e+04
 153.0507097,1.9145363e+04
 153.0711438,1.9141779e+04
 153.0915778,1.9150279e+04
 153.1120120,1.9150934e+04
 153.1324462,1.9137518e+04
 153.1528802,1.9143262e+04
 153.1733144,1.9157398e+04
 153.1937485,1.9156143e+04
 153.2141827,1.9151932e+04
 153.2346169,1.9143191e+04
 153.2550509,1.9145625e+04
 153.2754851,1.9154070e+04
 153.2959192,1.9142230e+04
 153.3163533,1.9152027e+04
 153.3367874,1.9151723e+04
 153.3572215,1.9144525e+04
 153.3776557,1.9140904e+04
 153.3980898,1.9152326e+04
 153.4185240,1.9139328e+04
 153.4389582,1.9170627e+04
 153.4593922,1.9150330e+04
 153.4798263,1.9146070e+04
 153.5002605,1.9159564e+04
 153.5206946,1.9152416e+04
 153.5411287,1.9143270e+04
 153.5615629,1.9141662e+04
 153.5819969,1.9148707e+04
 153.6024311,1.9155061e+04
 153.6228652,1.9159631e+04
 153.6432993,1.9144297e+04
 153.6637335,1.9158348e+04
 153.6841676,1.9154020e+04
 153.7046016,1.9147422e+04
 153.7250358,1.9145773e+04
 153.7454700,1.9144783e+04
 153.7659040,1.9152092e+04
 153.7863382,1.9148504e+04
 153.8067723,1.9144785e+04
 153.8272064,1.9141117e+04
 153.8476405,1.9143770e+04
 153.8680747,1.9149752e+04
 153.8885087,1.9145514e+04
 153.9089428,1.9149836e+04
 153.9293771,1.9144359e+04
 153.9498112,1.9150648e+04
 153.9702452,1.9149754e+04
 153.9906793,1.9155619e+04
 154.0111136,1.9162066e+04
 154.0315476,1.9150158e+04
 154.0519817,1.9145783e+04
 154.0724159,1.9143871e+04
 154.0928500,1.9146977e+04
 154.1132841,1.9147137e+04
 154.1337182,1.9146754e+04
 154.1541523,1.9139676e+04
 154.1745864,1.9156592e+04
 154.1950206,1.9152576e+04
 154.2154547,1.9144908e+04
 154.2358888,1.9147238e+04
 154.2563229,1.9159365e+04
 154.2767569,1.9153578e+04
 154.2971912,1.9155146e+04
 154.3176253,1.9154438e+04
 154.3380593,1.9163963e+04
 154.3584934,1.9147971e+04
 154.3789276,1.9145703e+04
 154.3993616,1.9151912e+04
 154.4197958,1.9156828e+04
 154.4402300,1.9151539e+04
 154.4606641,1.9150861e+04
 154.4810981,1.9150117e+04
 154.5015322,1.9157678e+04
 154.5219665,1.9139424e+04
 154.5424005,1.9137693e+04
 154.5628346,1.9146342e+04
 154.5832688,1.9147805e+04
 154.6037028,1.9139787e+04
 154.6241369,1.9155879e+04
 154.6445711,1.9154387e+04
 154.6650052,1.9149832e+04
 154.6854393,1.9156609e+04
 154.7058734,1.9151871e+04
 154.7263076,1.9142426e+04
 154.7467416,1.9153402e+04
 154.7671757,1.9142188e+04
 154.7876099,1.9143564e+04
 154.8080440,1.9168352e+04
 154.8284781,1.9142152e+04
 154.8489121,1.9154291e+04
 154.8693463,1.9157125e+04
 154.8897804,1.9151170e+04
 154.9102145,1.9152357e+04
 154.9306487,1.9150443e+04
 154.9510828,1.9159283e+04
 154.9715169,1.9144998e+04
 154.9919510,1.9152990e+04
 155.0123850,1.9157029e+04
 155.0328192,1.9168156e+04
 155.0532533,1.9157561e+04
 155.0736873,1.9159248e+04
 155.0941215,1.9153160e+04
 155.1145557,1.9147100e+04
 155.1349897,1.9147844e+04
 155.1554238,1.9158445e+04
 155.1758580,1.9149160e+04
 155.1962921,1.9153250e+04
 155.2167261,1.9159260e+04
 155.2371602,1.9154102e+04
 155.2575944,1.9145789e+04
 155.2780284,         null
 155.2984625,1.9151020e+04
 155.3188968,1.9151848e+04
 155.3393308,1.9140432e+04
 155.3597649,1.9155740e+04
 155.3801990,1.9159943e+04
 155.4006331,1.9146334e+04
 155.4210672,1.9157830e+04
 155.4415013,1.9152361e+04
 155.4619355,1.9152504e+04
 155.4823695,1.9162938e+04
 155.5028036,1.9159762e+04
 155.5232376,1.9155807e+04
 155.5436718,1.9150018e+04
 155.5641059,         null
 155.5845399,1.9156307e+04
 155.6049741,1.9165223e+04
 155.6254083,1.9153412e+04
 155.6458424,1.9161891e+04
 155.6662764,1.9160434e+04
 155.6867106,1.9157906e+04
 155.7071447,1.9144855e+04
 155.7275787,1.9154988e+04
 155.7480128,1.9155906e+04
 155.7684470,1.9152811e+04
 155.7888810,1.9158750e+04
 155.8093151,1.9157305e+04
 155.8297493,1.9154396e+04
 155.8501833,1.9155139e+04
 155.8706174,1.9169848e+04
 155.8910515,1.9157205e+04
 155.9114857,1.9169453e+04
 155.9319197,1.9144240e+04
 155.9523538,1.9155021e+04
 155.9727880,1.9170666e+04
 155.9932220,1.9155684e+04
 156.0136561,1.9148816e+04
 156.0340901,1.9150582e+04
 156.0545243,1.9156469e+04
 156.0749584,1.9154953e+04
 156.0953925,1.9158461e+04
 156.1158266,1.9152445e+04
 156.1362607,1.9159822e+04
 156.1566948,1.9156152e+04
 156.1771288,1.9156947e+04
 156.1975630,1.9157971e+04
 156.2179971,1.9157066e+04
 156.2384311,1.9157102e+04
 156.2588652,1.9156996e+04
 156.2792994,1.9140057e+04
 156.2997334,1.9160461e+04
 156.3201675,1.9157736e+04
 156.3406017,1.9152443e+04
 156.3610357,1.9153738e+04
 156.3814698,1.9143705e+04
 156.4019039,1.9164039e+04
 156.4223381,1.9158848e+04
 156.4427721,1.9173150e+04
 156.4632062,1.9162990e+04
 156.4836404,1.9165562e+04
 156.5040744,1.9159775e+04
 156.5245085,1.9151910e+04
 156.5449426,1.9159871e+04
 156.5653767,1.9152352e+04
 156.5858107,1.9153146e+04
 156.6062448,1.9161213e+04
 156.6266789,1.9154340e+04
 156.6471130,1.9162189e+04
 156.6675471,1.9179217e+04
 156.6879812,1.9152002e+04
 156.7084153,1.9145129e+04
 156.7288494,1.9156562e+04
 156.7492835,1.9154121e+04
 156.7697175,1.9148230e+04
 156.7901517,1.9148994e+04
 156.8105858,1.9175859e+04
 156.8310199,1.9156447e+04
 156.8514540,1.9156217e+04
 156.8718881,1.9152400e+04
 156.8923221,1.9154770e+04
 156.9127561,1.9147758e+04
 156.9331903,1.9149100e+04
 156.9536244,1.9151770e+04
 156.9740584,1.9170986e+04
 156.9944926,1.9146703e+04
 157.0149267,1.9163482e+04
 157.0353607,1.9147736e+04
 157.0557948,1.9152303e+04
 157.0762290,1.9156342e+04
 157.0966629,1.9163387e+04
 157.1170970,1.9159719e+04
 157.1375312,1.9170518e+04
 157.1579653,1.9161352e+04
 157.1783993,1.9166350e+04
 157.1988334,1.9146465e+04
 157.2192676,1.9149123e+04
 157.2397016,1.9158039e+04
 157.2601357,1.9141969e+04
 157.2805697,1.9158088e+04
 157.3010038,1.9154572e+04
 157.3214379,1.9164178e+04
 157.3418720,1.9147314e+04
 157.3623061,1.9137471e+04
 157.3827402,1.9144404e+04
 157.4031743,1.9160404e+04
 157.4236082,1.9150432e+04
 157.4440424,1.9143182e+04
 157.4644765,1.9150686e+04
 157.4849105,1.9154777e+04
 157.5053447,1.9149678e+04
 157.5257788,1.9152500e+04
 157.5462127,1.9150533e+04
 157.5666468,1.9160070e+04
 157.5870810,1.9157096e+04
 157.6075150,1.9156533e+04
 157.6279491,1.9163268e+04
 157.6483833,1.9158119e+04
 157.6688174,1.9157027e+04
 157.6892513,1.9149146e+04
 157.7096854,1.9145684e+04
 157.7301196,1.9158381e+04
 157.7505536,1.9153842e+04
 157.7709877,1.9158039e+04
 157.7914218,1.9151297e+04
 157.8118558,1.9158039e+04
 157.8322899,1.9153936e+04
 157.8527240,1.9147846e+04
 157.8731581,1.9148506e+04
 157.8935921,1.9145891e+04
 157.9140262,1.9148305e+04
 157.9344602,1.9160414e+04
 157.9548944,1.9145906e+04
 157.9753285,1.9152773e+04
 157.9957624,1.9164473e+04
 158.0161966,1.9161055e+04
 158.0366307,1.9164826e+04
 158.0570647,1.9142646e+04
 158.0774988,1.9146314e+04
 158.0979329,1.9155994e+04
 158.1183670,1.9162955e+04
 158.1388010,1.9148283e+04
 158.1592352,1.9156766e+04
 158.1796692,1.9156600e+04
 158.2001032,1.9153127e+04
 158.2205373,1.9158996e+04
 158.2409715,1.9152938e+04
 158.2614055,         null
 158.2818395,1.9150455e+04
 158.3022737,1.9157311e+04
 158.3227078,1.9150924e+04
 158.3431418,1.9163490e+04
 158.3635758,1.9171518e+04
 158.3840100,1.9155863e+04
 158.4044441,1.9154094e+04
 158.4248781,1.9167707e+04
 158.4453121,1.9153867e+04
 158.4657463,1.9159223e+04
 158.4861803,1.9162244e+04
 158.5066144,1.9152164e+04
 158.5270485,1.9156902e+04
 158.5474825,1.9162980e+04
 158.5679166,1.9164590e+04
 158.5883506,1.9157555e+04
 158.6087847,1.9156164e+04
 158.6292188,1.9152482e+04
 158.6496529,1.9162615e+04
 158.6700870,1.9153816e+04
 158.6905210,1.9176859e+04
 158.7109551,1.9162502e+04
 158.7313890,1.9157562e+04
 158.7518232,1.9151615e+04
 158.7722573,1.9160705e+04
 158.7926914,1.9147334e+04
 158.8131254,1.9160322e+04
 158.8335595,1.9149045e+04
 158.8539936,1.9156822e+04
 158.8744275,1.9163344e+04
 158.8948617,1.9148619e+04
 158.9152958,1.9166369e+04
 158.9357297,1.9162914e+04
 158.9561639,1.9164617e+04
 158.9765980,1.9159334e+04
 158.9970319,1.9148395e+04
 159.0174660,1.9145227e+04
 159.0379002,1.9155186e+04
 159.0583342,1.9164648e+04
 159.0787682,1.9164432e+04
 159.0992023,1.9143107e+04
 159.1196365,1.9160549e+04
 159.1400704,1.9151029e+04
 159.1605045,1.9157742e+04
 159.1809387,1.9159408e+04
 159.2013726,1.9164225e+04
 159.2218067,1.9146205e+04
 159.2422406,1.9158803e+04
 159.2626748,1.9158361e+04
 159.2831089,1.9170135e+04
 159.3035429,1.9156611e+04
 159.3239770,1.9144568e+04
 159.3444111,1.9159662e+04
 159.3648451,1.9151090e+04
 159.3852791,1.9156486e+04
 159.4057133,1.9154734e+04
 159.4261473,1.9164193e+04
 159.4465813,1.9166186e+04
 159.4670155,1.9160164e+04
 159.4874495,1.9162172e+04
 159.5078835,1.9152340e+04
 159.5283175,1.9143469e+04
 159.5487517,1.9166049e+04
 159.5691857,1.9158484e+04
 159.5896197,1.9162619e+04
 159.6100538,1.9161053e+04
 159.6304879,1.9177672e+04
 159.6509219,1.9159299e+04
 159.6713560,1.9155691e+04
 159.6917901,1.9165582e+04
 159.7122241,1.9160688e+04
 159.7326581,1.9159627e+04
 159.7530922,1.9164777e+04
 159.7735263,1.9170092e+04
 159.7939603,1.9155916e+04
 159.8143944,1.9166938e+04
 159.8348284,1.9171326e+04
 159.8552625,1.9152707e+04
 159.8756966,1.9161848e+04
 159.8961305,1.9161514e+04
 159.9165647,1.9160766e+04
 159.9369987,1.9176992e+04
 159.9574328,1.9157945e+04
 159.9778668,1.9166898e+04
 159.9983009,1.9159229e+04
 160.0187350,1.9163541e+04
 160.0391690,1.9150953e+04
 160.0596031,1.9167418e+04
 160.0800371,1.9161096e+04
 160.1004712,1.9158982e+04
 160.1209051,1.9163521e+04
 160.1413393,1.9154846e+04
 160.1617733,1.9163594e+04
 160.1822073,1.9144221e+04
 160.2026415,1.9169941e+04
 160.2230755,1.9139348e+04
 160.2435095,1.9164855e+04
 160.2639435,1.9161752e+04
 160.2843777,1.9163219e+04
 160.3048116,1.9165176e+04
 160.3252457,1.9167396e+04
 160.3456798,1.9161250e+04
 160.3661139,1.9148078e+04
 160.3865478,1.9167076e+04
 160.4069819,1.9168639e+04
 160.4274160,1.9154484e+04
 160.4478500,1.9154268e+04
 160.4682840,1.9167068e+04
 160.4887182,1.9157357e+04
 160.5091521,1.9164010e+04
 160.5295862,1.9167002e+04
 160.5500202,1.9164797e+04
 160.5704543,1.9162822e+04
 160.5908883,1.9156932e+04
 160.6113224,1.9162830e+04
 160.6317563,1.9158629e+04
 160.6521905,1.9162867e+04
 160.6726245,1.9160250e+04
 160.6930585,1.9163855e+04
 160.7134926,1.9163234e+04
 160.7339267,1.9166590e+04
 160.7543606,1.9164732e+04
 160.7747947,1.9165588e+04
 160.7952288,1.9156758e+04
 160.8156629,1.9166008e+04
 160.8360968,1.9153592e+04
 160.8565310,1.9157842e+04
 160.8769650,1.9159398e+04
 160.8973990,1.9162533e+04
 160.9178330,1.9154750e+04
 160.9382672,1.9163240e+04
 160.9587011,1.9156812e+04
 160.9791352,1.9161379e+04
 160.9995693,1.9164826e+04
 161.0200032,1.9154932e+04
 161.0404373,1.9153371e+04
 161.0608713,1.9162904e+04
 161.0813054,1.9163887e+04
 161.1017394,1.9160008e+04
 161.1221735,1.9159307e+04
 161.1426076,1.9171037e+04
 161.1630416,1.9157482e+04
 161.1834756,1.9153217e+04
 161.2039095,1.9161811e+04
 161.2243437,1.9154752e+04
 161.2447777,         null
 161.2652118,1.9165842e+04
 161.2856457,1.9153174e+04
 161.3060799,1.9160121e+04
 161.3265139,1.9157250e+04
 161.3469478,1.9151445e+04
 161.3673820,1.9159943e+04
 161.3878160,1.9158461e+04
 161.4082500,1.9156020e+04
 161.4286840,1.9147338e+04
 161.4491181,1.9149605e+04
 161.4695521,1.9168785e+04
 161.4899861,1.9157277e+04
 161.5104203,1.9160553e+04
 161.5308542,1.9162260e+04
 161.5512882,1.9160137e+04
 161.5717223,1.9157273e+04
 161.5921564,1.9166654e+04
 161.6125903,1.9144570e+04
 161.6330244,1.9165652e+04
 161.6534585,1.9171570e+04
 161.6738926,1.9160426e+04
 161.6943265,1.9160447e+04
 161.7147605,1.9159057e+04
 161.7351947,1.9161744e+04
 161.7556286,1.9160031e+04
 161.7760626,1.9159180e+04
 161.7964967,1.9151732e+04
 161.8169307,1.9150941e+04
 161.8373648,1.9152023e+04
 161.8577988,1.9151373e+04
 161.8782329,1.9161352e+04
 161.8986669,1.9170381e+04
 161.9191009,1.9150768e+04
 161.9395348,1.9164861e+04
 161.9599690,1.9152010e+04
 161.9804030,1.9150795e+04
 162.0008370,1.9156217e+04
 162.0212711,1.9165426e+04
 162.0417051,1.9163906e+04
 162.0621391,1.9151988e+04
 162.0825731,1.9158676e+04
 162.1030072,1.9146459e+04
 162.1234412,1.9146555e+04
 162.1438752,1.9175240e+04
 162.1643093,1.9165359e+04
 162.1847433,1.9165170e+04
 162.2051773,1.9159213e+04
 162.2256113,1.9154508e+04
 162.2460454,1.9151014e+04
 162.2664794,1.9159246e+04
 162.2869134,1.9154086e+04
 162.3073475,1.9148691e+04
 162.3277815,1.9152176e+04
 162.3482155,1.9154211e+04
 162.3686495,1.9150152e+04
 162.3890836,1.9150930e+04
 162.4095176,1.9155416e+04
 162.4299516,1.9153818e+04
 162.4503855,1.9154912e+04
 162.4708196,1.9157844e+04
 162.4912537,1.9172947e+04
 162.5116871,1.9154051e+04
 162.5321212,1.9164561e+04
 162.5525552,1.9153418e+04
 162.5729892,1.9147012e+04
 162.5934232,1.9153600e+04
 162.6138573,1.9148361e+04
 162.6342913,1.9152281e+04
 162.6547253,1.9156539e+04
 162.6751594,1.9157244e+04
 162.6955933,1.9149717e+04
 162.7160274,1.9148557e+04
 162.7364614,1.9153066e+04
 162.7568954,1.9158434e+04
 162.7773294,1.9153643e+04
 162.7977635,1.9168158e+04
 162.8181975,1.9166324e+04
 162.8386315,1.9166359e+04
 162.8590655,1.9159332e+04
 162.8794995,1.9155607e+04
 162.8999336,1.9156447e+04
 162.9203676,1.9169369e+04
 162.9408015,1.9152271e+04
 162.9612356,1.9154447e+04
 162.9816697,1.9149381e+04
 163.0021036,1.9140928e+04
 163.0225376,1.9143604e+04
 163.0429717,1.9153080e+04
 163.0634058,1.9155025e+04
 163.0838397,1.9162873e+04
 163.1042737,1.9154021e+04
 163.1247078,1.9157189e+04
 163.1451417,1.9152666e+04
 163.1655758,1.9151613e+04
 163.1860099,1.9159193e+04
 163.2064438,1.9159434e+04
 163.2268778,1.9147238e+04
 163.2473118,1.9144959e+04
 163.2677459,1.9157967e+04
 163.2881799,1.9153492e+04
 163.3086139,1.9145086e+04
 163.3290480,1.9148344e+04
 163.3494819,1.9150980e+04
 163.3699160,1.9152021e+04
 163.3903499,1.9156006e+04
 163.4107840,1.9149779e+04
 163.4312180,1.9161674e+04
 163.4516519,1.9148779e+04
 163.4720860,1.9147535e+04
 163.4925201,1.9146010e+04
 163.5129541,1.9141170e+04
 163.5333880,1.9175562e+04
 163.5538221,1.9159928e+04
 163.5742561,1.9162559e+04
 163.5946900,1.9144945e+04
 163.6151241,1.9150383e+04
 163.6355582,1.9153148e+04
 163.6559921,1.9155059e+04
 163.6764261,1.9146820e+04
 163.6968602,1.9141928e+04
 163.7172941,1.9162365e+04
 163.7377281,1.9158789e+04
 163.7581622,1.9144842e+04
 163.7785962,1.9144387e+04
 163.7990302,1.9141883e+04
 163.8194642,1.9152986e+04
 163.8398983,1.9160135e+04
 163.8603322,1.9144154e+04
 163.8807662,1.9149156e+04
 163.9012001,1.9146801e+04
 163.9216342,1.9154301e+04
 163.9420683,1.9155354e+04
 163.9625023,1.9170211e+04
 163.9829363,1.9150723e+04
 164.0033703,1.9147311e+04
 164.0238043,1.9150682e+04
 164.0442382,1.9145947e+04
 164.0646723,1.9144322e+04
 164.0851063,1.9153549e+04
 164.1055403,1.9164527e+04
 164.1259743,1.9156217e+04
 164.1464084,1.9146787e+04
 164.1668423,1.9159809e+04
 164.1872763,1.9156611e+04
 164.2077104,1.9151992e+04
 164.2281444,         null
 164.2485783,1.9149186e+04
 164.2690123,1.9161961e+04
 164.2894463,1.9148736e+04
 164.3098803,1.9149637e+04
 164.3303143,1.9164709e+04
 164.3507484,1.9156775e+04
 164.3711824,1.9171934e+04
 164.3916163,1.9152637e+04
 164.4120504,1.9153586e+04
 164.4324844,1.9143148e+04
 164.4529184,1.9156266e+04
 164.4733524,1.9160953e+04
 164.4937865,1.9155920e+04
 164.5142204,1.9150904e+04
 164.5346544,1.9162555e+04
 164.5550884,1.9150037e+04
 164.5755224,1.9142676e+04
 164.5959564,1.9147619e+04
 164.6163904,1.9164160e+04
 164.6368243,1.9152160e+04
 164.6572584,1.9149674e+04
 164.6776924,1.9149707e+04
 164.6981264,1.9150627e+04
 164.7185604,1.9138982e+04
 164.7389944,1.9141307e+04
 164.7594284,1.9146689e+04
 164.7798623,1.9155072e+04
 164.8002964,1.9155191e+04
 164.8207304,1.9134045e+04
 164.8411643,1.9128891e+04
 164.8615984,1.9153787e+04
 164.8820324,1.9143840e+04
 164.9024663,1.9146156e+04
 164.9229003,1.9159285e+04
 164.9433344,1.9159037e+04
 164.9637683,1.9146322e+04
 164.9842023,1.9149021e+04
