        TIME,  PDCSAP_FLUX
 131.5123465,9.0834648e+03
 131.5327809,9.0796572e+03
 131.5532152,9.0885449e+03
 131.5736494,9.0838330e+03
 131.5940837,9.0848438e+03
 131.6145181,9.0905762e+03
 131.6349523,9.0859062e+03
 131.6553865,9.0755215e+03
 131.6758209,9.0839766e+03
 131.6962552,9.0816777e+03
 131.7166894,9.0817422e+03
 131.7371237,9.0845010e+03
 131.7575581,9.0767012e+03
 131.7779923,9.0712764e+03
 131.7984266,9.0773877e+03
 131.8188610,9.0780498e+03
 131.8392952,9.0830029e+03
 131.8597294,9.0803301e+03
 131.8801637,9.0837676e+03
 131.9005980,9.0757725e+03
 131.9210323,9.0788359e+03
 131.9414666,9.0818066e+03
 131.9619009,9.0780137e+03
 131.9823352,9.0851943e+03
 132.0027695,9.0809561e+03
 132.0232037,9.0856309e+03
 132.0436380,9.0790830e+03
 132.0640723,9.0850645e+03
 132.0845065,9.0803672e+03
 132.1049408,9.0826201e+03
 132.1253752,9.0808281e+03
 132.1458094,9.0761982e+03
 132.1662437,9.0848779e+03
 132.1866781,9.0890801e+03
 132.2071124,9.0821963e+03
 132.2275465,9.0790283e+03
 132.2479808,9.0851992e+03
 132.2684152,9.0737520e+03
 132.2888494,9.0781338e+03
 132.3092837,9.0815879e+03
 132.3297181,9.0777432e+03
 132.3501523,9.0848184e+03
 132.3705866,9.0909912e+03
 132.3910209,9.0826484e+03
 132.4114551,9.0826006e+03
 132.4318894,9.0794775e+03
 132.4523237,9.0815059e+03
 132.4727581,9.0865557e+03
 132.4931923,9.0763857e+03
 132.5136266,9.0787988e+03
 132.5340608,9.0824980e+03
 132.5544952,9.0815664e+03
 132.5749294,9.0729053e+03
 132.5953636,9.0807510e+03
 132.6157980,9.0712510e+03
 132.6362323,9.0819121e+03
 132.6566666,9.0817715e+03
 132.6771008,9.0828711e+03
 132.6975352,9.0802871e+03
 132.7179694,9.0781904e+03
 132.7384036,9.0829863e+03
 132.7588380,9.0773271e+03
 132.7792723,9.0826572e+03
 132.7997065,9.0804365e+03
 132.8201408,9.0731201e+03
 132.8405752,9.0820869e+03
 132.8610094,9.0797578e+03
 132.8814436,9.0772803e+03
 132.9018780,9.0827061e+03
 132.9223122,9.0772754e+03
 132.9427465,9.0859521e+03
 132.9631808,9.0800869e+03
 132.9836152,9.0833516e+03
 133.0040494,9.0743857e+03
 133.0244836,9.0777148e+03
 133.0449179,9.0780273e+03
 133.0653522,9.0825059e+03
 133.0857865,9.0755898e+03
 133.1062208,9.0757734e+03
 133.1266551,9.0761816e+03
 133.1470893,9.0707188e+03
 133.1675236,9.0749043e+03
 133.1879579,9.0708838e+03
 133.2083923,9.0765674e+03
 133.2288265,9.0723994e+03
 133.2492608,9.0766875e+03
 133.2696951,9.0738232e+03
 133.2901293,9.0763594e+03
 133.3105636,9.0620693e+03
 133.3309978,9.0720488e+03
 133.3514322,9.0658818e+03
 133.3718665,9.0698564e+03
 133.3923008,9.0708652e+03
 133.4127350,9.0753965e+03
 133.4331693,9.0695645e+03
 133.4536036,9.0737490e+03
 133.4740378,9.0733643e+03
 133.4944722,9.0763252e+03
 133.5149065,9.0826924e+03
 133.5353407,9.0746631e+03
 133.5557750,9.0739678e+03
 133.5762093,9.0746777e+03
 133.5966435,9.0689961e+03
 133.6170778,9.0648652e+03
 133.6375122,9.0768047e+03
 133.6579465,9.0755732e+03
 133.6783806,9.0759512e+03
 133.6988150,9.0760518e+03
 133.7192493,9.0759629e+03
 133.7396835,9.0760137e+03
 133.7601178,9.0731426e+03
 133.7805521,9.0728760e+03
 133.8009863,9.0723018e+03
 133.8214206,9.0739795e+03
 133.8418549,9.0680039e+03
 133.8622892,9.0722988e+03
 133.8827235,9.0698154e+03
 133.9031577,9.0771543e+03
 133.9235920,9.0763906e+03
 133.9440263,9.0738184e+03
 133.9644606,9.0760430e+03
 133.9848948,9.0755420e+03
 134.0053292,9.0753203e+03
 134.0257634,9.0766455e+03
 134.0461976,9.0706982e+03
 134.0666320,9.0763262e+03
 134.0870663,9.0710996e+03
 134.1075005,9.0786816e+03
 134.1279347,9.0705625e+03
 134.1483691,9.0659873e+03
 134.1688034,9.0794082e+03
 134.1892376,9.0768613e+03
 134.2096720,9.0735342e+03
 134.2301062,9.0652959e+03
 134.2505404,9.0719990e+03
 134.2709747,9.0725312e+03
 134.2914091,9.0806211e+03
 134.3118433,9.0729570e+03
 134.3322776,9.0746025e+03
 134.3527119,9.0701094e+03
 134.3731461,9.0686484e+03
 134.3935804,         null
 134.4140147,9.0715205e+03
 134.4344490,9.0700127e+03
 134.4548832,9.0781104e+03
 134.4753175,9.0809111e+03
 134.4957519,9.0722002e+03
 134.5161861,9.0656045e+03
 134.5366204,9.0774590e+03
 134.5570545,9.0708701e+03
 134.5774889,9.0713457e+03
 134.5979232,9.0752949e+03
 134.6183574,9.0764854e+03
 134.6387916,9.0664297e+03
 134.6592260,9.0777686e+03
 134.6796603,9.0789902e+03
 134.7000946,9.0719639e+03
 134.7205289,9.0716543e+03
 134.7409631,9.0735898e+03
 134.7613973,9.0701387e+03
 134.7818316,9.0725889e+03
 134.8022660,9.0762646e+03
 134.8227003,9.0767920e+03
 134.8431344,9.0767686e+03
 134.8635688,9.0713154e+03
 134.8840031,9.0681533e+03
 134.9044374,9.0718887e+03
 134.9248716,9.0728867e+03
 134.9453059,9.0734355e+03
 134.9657402,9.0709004e+03
 134.9861744,9.0699736e+03
 135.0066088,9.0755830e+03
 135.0270430,9.0654668e+03
 135.0474772,9.0707158e+03
 135.0679115,9.0662666e+03
 135.0883459,9.0788291e+03
 135.1087801,9.0803145e+03
 135.1292143,9.0706133e+03
 135.1496487,9.0692705e+03
 135.1700830,9.0749258e+03
 135.1905172,9.0660811e+03
 135.2109514,9.0713193e+03
 135.2313858,9.0742041e+03
 135.2518200,9.0727480e+03
 135.2722543,9.0652275e+03
 135.2926884,9.0761826e+03
 135.3131228,9.0729336e+03
 135.3335571,9.0658721e+03
 135.3539913,9.0689766e+03
 135.3744257,9.0622764e+03
 135.3948599,9.0694502e+03
 135.4152942,9.0687939e+03
 135.4357284,9.0701016e+03
 135.4561628,9.0686816e+03
 135.4765970,9.0779766e+03
 135.4970312,9.0769434e+03
 135.5174656,9.0663359e+03
 135.5378999,9.0677441e+03
 135.5583340,9.0607480e+03
 135.5787683,9.0646660e+03
 135.5992027,9.0690322e+03
 135.6196369,9.0733828e+03
 135.6400711,9.0747988e+03
 135.6605055,9.0654639e+03
 135.6809398,9.0792578e+03
 135.7013740,9.0672549e+03
 135.7218082,9.0691982e+03
 135.7422426,9.0653887e+03
 135.7626768,9.0732549e+03
 135.7831111,9.0635479e+03
 135.8035454,9.0734180e+03
 135.8239796,9.0692109e+03
 135.8444139,9.0703027e+03
 135.8648482,9.0657432e+03
 135.8852824,9.0756455e+03
 135.9057167,9.0686768e+03
 135.9261510,9.0663584e+03
 135.9465852,9.0674502e+03
 135.9670195,9.0676885e+03
 135.9874538,9.0692949e+03
 136.0078880,9.0590361e+03
 136.0283223,9.0654629e+03
 136.0487566,9.0672422e+03
 136.0691908,9.0846904e+03
 136.0896251,9.0618320e+03
 136.1100594,9.0673945e+03
 136.1304937,9.0735840e+03
 136.1509279,9.0655576e+03
 136.1713623,9.0613691e+03
 136.1917965,9.0757051e+03
 136.2122307,9.0736885e+03
 136.2326650,9.0651064e+03
 136.2530994,9.0705840e+03
 136.2735335,9.0703760e+03
 136.2939678,9.0694414e+03
 136.3144022,9.0671465e+03
 136.3348363,9.0753252e+03
 136.3552706,9.0710010e+03
 136.3757049,9.0631230e+03
 136.3961392,9.0726348e+03
 136.4165734,9.0644092e+03
 136.4370077,9.0677119e+03
 136.4574421,9.0733662e+03
 136.4778762,9.0694111e+03
 136.4983105,9.0692588e+03
 136.5187448,9.0680957e+03
 136.5391791,9.0674189e+03
 136.5596133,9.0719570e+03
 136.5800476,9.0638525e+03
 136.6004819,9.0674424e+03
 136.6209161,9.0700869e+03
 136.6413504,9.0668193e+03
 136.6617847,9.0719092e+03
 136.6822190,9.0710029e+03
 136.7026532,9.0699150e+03
 136.7230875,9.0629092e+03
 136.7435217,9.0682451e+03
 136.7639560,9.0712061e+03
 136.7843903,9.0641387e+03
 136.8048245,9.0609033e+03
 136.8252589,9.0639512e+03
 136.8456931,9.0631787e+03
 136.8661274,9.0635859e+03
 136.8865616,9.0627021e+03
 136.9069959,9.0648418e+03
 136.9274302,9.0689111e+03
 136.9478644,9.0620645e+03
 136.9682987,9.0638838e+03
 136.9887330,9.0631875e+03
 137.0091672,9.0690605e+03
 137.0296015,9.0660840e+03
 137.0500358,9.0642832e+03
 137.0704700,9.0694180e+03
 137.0909043,9.0712266e+03
 137.1113386,9.0661318e+03
 137.1317728,9.0637295e+03
 137.1522071,9.0687197e+03
 137.1726413,9.0622158e+03
 137.1930757,9.0624658e+03
 137.2135099,9.0736143e+03
 137.2339441,9.0603213e+03
 137.2543783,9.0692754e+03
 137.2748127,9.0644619e+03
 137.2952469,9.0716650e+03
 137.3156811,9.0618311e+03
 137.3361155,9.0615312e+03
 137.3565497,9.0694961e+03
 137.3769840,         null
 137.3974182,9.0679785e+03
 137.4178526,9.0719717e+03
 137.4382868,9.0665859e+03
 137.4587210,9.0708486e+03
 137.4791554,9.0627676e+03
 137.4995896,9.0641816e+03
 137.5200238,9.0681025e+03
 137.5404581,9.0610967e+03
 137.5608924,9.0683623e+03
 137.5813266,9.0616230e+03
 137.6017609,9.0581270e+03
 137.6221952,9.0677559e+03
 137.6426295,9.0657656e+03
 137.6630637,9.0659326e+03
 137.6834979,9.0681035e+03
 137.7039323,9.0678252e+03
 137.7243665,9.0667236e+03
 137.7448007,9.0659775e+03
 137.7652351,9.0699570e+03
 137.7856693,9.0638809e+03
 137.8061035,9.0627129e+03
 137.8265377,9.0625352e+03
 137.8469720,9.0625684e+03
 137.8674063,9.0637881e+03
 137.8878406,9.0641787e+03
 137.9082747,9.0625967e+03
 137.9287091,9.0550342e+03
 137.9491434,9.0633574e+03
 137.9695775,9.0584111e+03
 137.9900119,9.0683525e+03
 138.0104462,9.0624570e+03
 138.0308803,9.0680430e+03
 138.0513146,9.0687051e+03
 138.0717490,9.0623936e+03
 138.0921832,9.0701602e+03
 138.1126174,9.0683154e+03
 138.1330518,9.0708203e+03
 138.1534860,9.0666240e+03
 138.1739202,9.0631768e+03
 138.1943545,9.0676582e+03
 138.2147888,9.0640371e+03
 138.2352231,9.0584316e+03
 138.2556572,9.0694082e+03
 138.2760916,9.0632061e+03
 138.2965259,9.0676143e+03
 138.3169600,9.0672998e+03
 138.3373943,9.0632881e+03
 138.3578287,9.0635752e+03
 138.3782629,9.0571113e+03
 138.3986971,9.0596631e+03
 138.4191314,9.0678604e+03
 138.4395657,9.0719346e+03
 138.4599999,9.0702754e+03
 138.4804341,9.0641992e+03
 138.5008685,9.0640557e+03
 138.5213027,9.0650449e+03
 138.5417369,9.0849980e+03
 138.5621712,9.0576729e+03
 138.5826055,9.0579824e+03
 138.6030397,9.0715771e+03
 138.6234740,9.0621016e+03
 138.6439082,9.0622158e+03
 138.6643425,9.0610977e+03
 138.6847768,9.0581553e+03
 138.7052109,9.0604707e+03
 138.7256453,9.0581846e+03
 138.7460795,9.0671455e+03
 138.7665137,9.0586641e+03
 138.7869481,9.0630312e+03
 138.8073823,9.0619268e+03
 138.8278165,9.0632832e+03
 138.8482508,9.0577656e+03
 138.8686851,9.0616777e+03
 138.8891194,9.0630410e+03
 138.9095535,9.0646914e+03
 138.9299879,9.0591230e+03
 138.9504222,9.0639375e+03
 138.9708563,9.0674248e+03
 138.9912906,9.0623584e+03
 139.0117249,9.0631572e+03
 139.0321591,9.0581904e+03
 139.0525934,9.0654600e+03
 139.0730277,9.0583164e+03
 139.0934619,9.0637344e+03
 139.1138961,9.0634346e+03
 139.1343304,9.0553633e+03
 139.1547647,9.0567832e+03
 139.1751989,9.0595791e+03
 139.1956332,9.0635732e+03
 139.2160673,9.0582422e+03
 139.2365017,9.0639189e+03
 139.2569360,9.0554336e+03
 139.2773701,9.0619355e+03
 139.2978045,9.0671250e+03
 139.3182387,9.0588350e+03
 139.3386730,9.0593945e+03
 139.3591071,9.0593838e+03
 139.3795415,9.0704941e+03
 139.3999758,9.0624707e+03
 139.4204099,9.0587070e+03
 139.4408443,9.0679980e+03
 139.4612785,9.0620586e+03
 139.4817127,9.0622676e+03
 139.5021470,9.0613574e+03
 139.5225813,9.0568438e+03
 139.5430155,9.0627236e+03
 139.5634497,9.0688330e+03
 139.5838841,9.0644375e+03
 139.6043182,9.0665332e+03
 139.6247525,9.0685371e+03
 139.6451868,9.0667471e+03
 139.6656211,9.0597061e+03
 139.6860553,9.0662305e+03
 139.7064895,9.0706953e+03
 139.7269238,9.0600293e+03
 139.7473580,9.0617754e+03
 139.7677923,9.0578037e+03
 139.7882266,9.0697158e+03
 139.8086608,9.0701309e+03
 139.8290951,9.0574951e+03
 139.8495293,9.0608379e+03
 139.8699636,9.0668691e+03
 139.8903978,9.0583281e+03
 139.9108321,9.0630957e+03
 139.9312663,9.0591172e+03
 139.9517007,9.0710381e+03
 139.9721349,9.0641719e+03
 139.9925691,9.0570938e+03
 140.0130033,9.0543291e+03
 140.0334376,9.0736426e+03
 140.0538719,9.0637871e+03
 140.0743061,9.0639951e+03
 140.0947404,9.0589805e+03
 140.1151746,9.0648672e+03
 140.1356089,9.0625615e+03
 140.1560431,9.0626113e+03
 140.1764774,9.0622734e+03
 140.1969117,9.0633115e+03
 140.2173458,9.0667979e+03
 140.2377802,9.0628545e+03
 140.2582144,9.0637715e+03
 140.2786486,9.0719375e+03
 140.2990828,9.0602227e+03
 140.3195172,9.0700332e+03
 140.3399513,9.0675811e+03
 140.3603856,         null
 140.3808199,9.0674014e+03
 140.4012542,9.0634102e+03
 140.4216884,9.0676924e+03
 140.4421226,9.0680576e+03
 140.4625570,9.0649893e+03
 140.4829911,9.0635967e+03
 140.5034254,9.0673018e+03
 140.5238595,9.0656230e+03
 140.5442939,9.0647451e+03
 140.5647281,9.0646191e+03
 140.5851624,9.0617920e+03
 140.6055966,9.0597178e+03
 140.6260309,9.0646396e+03
 140.6464651,9.0644795e+03
 140.6668993,9.0713838e+03
 140.6873336,9.0692979e+03
 140.7077679,9.0634121e+03
 140.7282020,9.0623828e+03
 140.7486364,9.0639531e+03
 140.7690707,9.0602129e+03
 140.7895048,9.0617578e+03
 140.8099391,9.0663438e+03
 140.8303734,9.0627129e+03
 140.8508077,9.0691377e+03
 140.8712418,9.0703516e+03
 140.8916761,9.0655938e+03
 140.9121104,9.0690703e+03
 140.9325446,9.0669189e+03
 140.9529788,9.0632705e+03
 140.9734132,9.0653350e+03
 140.9938473,9.0629326e+03
 141.0142816,9.0707070e+03
 141.0347158,9.0674502e+03
 141.0551501,9.0670918e+03
 141.0755843,9.0659062e+03
 141.0960186,9.0712744e+03
 141.1164528,9.0657168e+03
 141.1368871,9.0715371e+03
 141.1573213,9.0617930e+03
 141.1777555,9.0636162e+03
 141.1981898,9.0773125e+03
 141.2186241,9.0653330e+03
 141.2390582,9.0680420e+03
 141.2594926,9.0668574e+03
 141.2799268,9.0650088e+03
 141.3003610,9.0699658e+03
 141.3207952,9.0729307e+03
 141.3412296,9.0616846e+03
 141.3616638,9.0667900e+03
 141.3820980,9.0606670e+03
 141.4025322,9.0671104e+03
 141.4229666,9.0626240e+03
 141.4434008,9.0707725e+03
 141.4638349,9.0650107e+03
 141.4842693,9.0617109e+03
 141.5047035,9.0669238e+03
 141.5251377,9.0670576e+03
 141.5455719,9.0692588e+03
 141.5660062,9.0680742e+03
 141.5864405,9.0638613e+03
 141.6068747,9.0641055e+03
 141.6273090,9.0642529e+03
 141.6477433,9.0681729e+03
 141.6681774,9.0712012e+03
 141.6886117,9.0686035e+03
 141.7090460,9.0684473e+03
 141.7294802,9.0664639e+03
 141.7499144,9.0665635e+03
 141.7703488,9.0683535e+03
 141.7907829,9.0577334e+03
 141.8112171,9.0586826e+03
 141.8316514,9.0640283e+03
 141.8520856,9.0627080e+03
 141.8725199,9.0628887e+03
 141.8929541,9.0670371e+03
 141.9133885,9.0705928e+03
 141.9338226,9.0684189e+03
 141.9542569,9.0677129e+03
 141.9746910,9.0635928e+03
 141.9951254,9.0617617e+03
 142.0155596,9.0722559e+03
 142.0359938,9.0709219e+03
 142.0564280,9.0641045e+03
 142.0768623,9.0622520e+03
 142.0972966,9.0599600e+03
 142.1177307,9.0686631e+03
 142.1381651,9.0626484e+03
 142.1585993,9.0673877e+03
 142.1790335,9.0690049e+03
 142.1994677,9.0576680e+03
 142.2199021,9.0661973e+03
 142.2403362,9.0636895e+03
 142.2607704,9.0629004e+03
 142.2812048,9.0631748e+03
 142.3016389,9.0690020e+03
 142.3220732,9.0610498e+03
 142.3425074,9.0641738e+03
 142.3629418,9.0634707e+03
 142.3833759,9.0658379e+03
 142.4038101,9.0626924e+03
 142.4242445,9.0690713e+03
 142.4446786,9.0630586e+03
 142.4651129,9.0626953e+03
 142.4855470,9.0657188e+03
 142.5059814,9.0608438e+03
 142.5264156,9.0637529e+03
 142.5468498,9.0650430e+03
 142.5672840,9.0643184e+03
 142.5877183,9.0701592e+03
 142.6081526,9.0607041e+03
 142.6285867,9.0675391e+03
 142.6490211,9.0659434e+03
 142.6694553,9.0572393e+03
 142.6898894,9.0619512e+03
 142.7103237,9.0668066e+03
 142.7307580,9.0639424e+03
 142.7511922,9.0630850e+03
 142.7716264,9.0600508e+03
 142.7920607,9.0632598e+03
 142.8124949,9.0656621e+03
 142.8329291,9.0608076e+03
 142.8533634,9.0607900e+03
 142.8737977,9.0830625e+03
 142.8942319,9.0590127e+03
 142.9146661,9.0666514e+03
 142.9351004,9.0653359e+03
 142.9555346,9.0682324e+03
 142.9759688,9.0627080e+03
 142.9964030,9.0742861e+03
 143.0168373,9.0714590e+03
 143.0372715,9.0706611e+03
 143.0577058,9.0702910e+03
 143.0781400,9.0648184e+03
 143.0985743,9.0634453e+03
 143.1190085,9.0711182e+03
 143.1394427,9.0677959e+03
 143.1598770,9.0710430e+03
 143.1803112,9.0719873e+03
 143.2007453,9.0627314e+03
 143.2211796,9.0651602e+03
 143.2416139,9.0676504e+03
 143.2620482,9.0619463e+03
 143.2824824,9.0656504e+03
 143.3029166,9.0653262e+03
 143.3233509,9.0634248e+03
 143.3437851,         null
 143.3642193,9.0679004e+03
 143.3846536,9.0646836e+03
 143.4050878,9.0660742e+03
 143.4255220,9.0643164e+03
 143.4459563,9.0703887e+03
 143.4663905,9.0621914e+03
 143.4868247,9.0649561e+03
 143.5072589,9.0590381e+03
 143.5276933,9.0692197e+03
 143.5481275,9.0696768e+03
 143.5685616,9.0642490e+03
 143.5889960,9.0681855e+03
 143.6094302,9.0678818e+03
 143.6298643,9.0646475e+03
 143.6502986,9.0646221e+03
 143.6707329,9.0648447e+03
 143.6911671,9.0637266e+03
 143.7116013,9.0668340e+03
 143.7320355,9.0699990e+03
 143.7524698,9.0662656e+03
 143.7729040,9.0652510e+03
 143.7933382,9.0626748e+03
 143.8137725,9.0633438e+03
 143.8342067,9.0654365e+03
 143.8546409,9.0608174e+03
 143.8750751,9.0624727e+03
 143.8955094,9.0667705e+03
 143.9159436,9.0683086e+03
 143.9363778,9.0634434e+03
 143.9568121,9.0699336e+03
 143.9772463,9.0614922e+03
 143.9976805,9.0626455e+03
 144.0181147,9.0606182e+03
 144.0385491,9.0634746e+03
 144.0589833,9.0701641e+03
 144.0794174,9.0575732e+03
 144.0998518,9.0705957e+03
 144.1202860,9.0648760e+03
 144.1407201,9.0647969e+03
 144.1611544,9.0544707e+03
 144.1815887,9.0648926e+03
 144.2020228,9.0699229e+03
 144.2224571,9.0655400e+03
 144.2428914,9.0639424e+03
 144.2633255,9.0618320e+03
 144.2837598,9.0608721e+03
 144.3041940,9.0663721e+03
 144.3246282,9.0642959e+03
 144.3450625,9.0693652e+03
 144.3654967,9.0643330e+03
 144.3859308,9.0715576e+03
 144.4063652,9.0600000e+03
 144.4267994,9.0674434e+03
 144.4472335,9.0696729e+03
 144.4676678,9.0662842e+03
 144.4881021,9.0636709e+03
 144.5085362,9.0670439e+03
 144.5289704,9.0676777e+03
 144.5494048,9.0718662e+03
 144.5698390,9.0631621e+03
 144.5902731,9.0683125e+03
 144.6107075,9.0597607e+03
 144.6311417,9.0639326e+03
 144.6515758,9.0644326e+03
 144.6720101,9.0655576e+03
 144.6924444,9.0655176e+03
 144.7128785,9.0641797e+03
 144.7333128,9.0628828e+03
 144.7537471,9.0689492e+03
 144.7741812,9.0729326e+03
 144.7946154,9.0737744e+03
 144.8150497,9.0683154e+03
 144.8354840,9.0652090e+03
 144.8559181,9.0659541e+03
 144.8763524,9.0696807e+03
 144.8967866,9.0627031e+03
 144.9172208,9.0698379e+03
 144.9376550,9.0748066e+03
 144.9580893,9.0666777e+03
 144.9785236,9.0698320e+03
 144.9989577,9.0672383e+03
 145.0193920,9.0652695e+03
 145.0398262,9.0598418e+03
 145.0602604,9.0666807e+03
 145.0806947,9.0648965e+03
 145.1011289,9.0707256e+03
 145.1215632,9.0629727e+03
 145.1419973,9.0649150e+03
 145.1624316,9.0631719e+03
 145.1828657,9.0624814e+03
 145.2033000,9.0618955e+03
 145.2237342,9.0670547e+03
 145.2441684,9.0649951e+03
 145.2646027,9.0605996e+03
 145.2850369,9.0647471e+03
 145.3054712,9.0604971e+03
 145.3259053,9.0699121e+03
 145.3463396,9.0609609e+03
 145.3667738,9.0632939e+03
 145.3872080,9.0690029e+03
 145.4076423,9.0657246e+03
 145.4280765,9.0585029e+03
 145.4485106,9.0684541e+03
 145.4689449,9.0670645e+03
 145.4893792,9.0691436e+03
 145.5098133,9.0623057e+03
 145.5302475,9.0589072e+03
 145.5506818,9.0618984e+03
 145.5711161,9.0642939e+03
 145.5915502,9.0623506e+03
 145.6119845,9.0725947e+03
 145.6324188,9.0596582e+03
 145.6528529,9.0629121e+03
 145.6732871,9.0655078e+03
 145.6937213,9.0598760e+03
 145.7141556,9.0705283e+03
 145.7345898,9.0584873e+03
 145.7550240,9.0645420e+03
 145.7754582,9.0696934e+03
 145.7958925,9.0647764e+03
 145.8163267,9.0679375e+03
 145.8367608,9.0675186e+03
 145.8571951,9.0687422e+03
 145.8776294,9.0691514e+03
 145.8980635,9.0774199e+03
 145.9184978,9.0653477e+03
 145.9389320,9.0512930e+03
 145.9593662,9.0616621e+03
 145.9798004,9.0548584e+03
 146.0002347,9.0665312e+03
 146.0206689,9.0662900e+03
 146.0411031,9.0620605e+03
 146.0615374,9.0718652e+03
 146.0819716,9.0631641e+03
 146.1024057,9.0650469e+03
 146.1228399,9.0659775e+03
 146.1432743,9.0595059e+03
 146.1637084,9.0632656e+03
 146.1841426,9.0666660e+03
 146.2045768,9.0651494e+03
 146.2250111,9.0583115e+03
 146.2454453,9.0661338e+03
 146.2658795,9.0677773e+03
 146.2863137,9.0620469e+03
 146.3067479,9.0703740e+03
 146.3271822,         null
 146.3476163,9.0670693e+03
 146.3680506,9.0650098e+03
 146.3884848,9.0651133e+03
 146.4089189,9.0658916e+03
 146.4293533,9.0663506e+03
 146.4497875,9.0609648e+03
 146.4702216,9.0638955e+03
 146.4906559,9.0665459e+03
 146.5110901,9.0665723e+03
 146.5315244,9.0603125e+03
 146.5519585,9.0701904e+03
 146.5723928,9.0605762e+03
 146.5928270,9.0632217e+03
 146.6132612,9.0598115e+03
 146.6336954,9.0606279e+03
 146.6541297,9.0636699e+03
 146.6745639,9.0719688e+03
 146.6949980,9.0714600e+03
 146.7154323,9.0589834e+03
 146.7358666,9.0714648e+03
 146.7563008,9.0638975e+03
 146.7767349,9.0656357e+03
 146.7971692,9.0647480e+03
 146.8176034,9.0682939e+03
 146.8380376,9.0674512e+03
 146.8584718,9.0658672e+03
 146.8789061,9.0648447e+03
 146.8993402,9.0656279e+03
 146.9197744,9.0614307e+03
 146.9402087,9.0561260e+03
 146.9606429,9.0619297e+03
 146.9810771,9.0639199e+03
 147.0015113,9.0627891e+03
 147.0219455,9.0690908e+03
 147.0423797,9.0606914e+03
 147.0628139,9.0654199e+03
 147.0832483,9.0617227e+03
 147.1036824,9.0632256e+03
 147.1241166,9.0605068e+03
 147.1445507,9.0609189e+03
 147.1649850,9.0674023e+03
 147.1854192,9.0694395e+03
 147.2058534,9.0580225e+03
 147.2262877,9.0656865e+03
 147.2467219,9.0569092e+03
 147.2671561,9.0579043e+03
 147.2875902,9.0673164e+03
 147.3080245,9.0619619e+03
 147.3284588,9.0670684e+03
 147.3488929,9.0617168e+03
 147.3693271,9.0607939e+03
 147.3897614,9.0681260e+03
 147.4101955,9.0607217e+03
 147.4306297,9.0650742e+03
 147.4510640,9.0688652e+03
 147.4714982,9.0655205e+03
 147.4919324,9.0673145e+03
 147.5123666,9.0589727e+03
 147.5328009,9.0625498e+03
 147.5532350,9.0614795e+03
 147.5736692,9.0721523e+03
 147.5941035,9.0616270e+03
 147.6145377,9.0619209e+03
 147.6349719,9.0672266e+03
 147.6554060,9.0608682e+03
 147.6758403,9.0598740e+03
 147.6962745,9.0594951e+03
 147.7167086,9.0636738e+03
 147.7371429,9.0659111e+03
 147.7575771,9.0665459e+03
 147.7780114,9.0653174e+03
 147.7984455,9.0644531e+03
 147.8188798,9.0638057e+03
 147.8393140,9.0657344e+03
 147.8597481,9.0734160e+03
 147.8801823,9.0647285e+03
 147.9006166,         null
 147.9210507,9.0633008e+03
 147.9414849,9.0627168e+03
 147.9619193,9.0687705e+03
 147.9823534,9.0633584e+03
 148.0027876,9.0601719e+03
 148.0232218,9.0650762e+03
 148.0436561,9.0658613e+03
 148.0640902,9.0703682e+03
 148.0845244,9.0676621e+03
 148.1049587,9.0696152e+03
 148.1253928,9.0668369e+03
 148.1458271,9.0630713e+03
 148.1662613,9.0754756e+03
 148.1866955,9.0690654e+03
 148.2071297,9.0640791e+03
 148.2275639,9.0665674e+03
 148.2479982,9.0698672e+03
 148.2684323,9.0622295e+03
 148.2888665,9.0636377e+03
 148.3093007,9.0658076e+03
 148.3297349,9.0602881e+03
 148.3501692,9.0630244e+03
 148.3706034,9.0744277e+03
 148.3910375,9.0656719e+03
 148.4114718,9.0721377e+03
 148.4319060,9.0687158e+03
 148.4523402,9.0650098e+03
 148.4727744,9.0595889e+03
 148.4932086,9.0633516e+03
 148.5136428,9.0618604e+03
 148.5340769,9.0633408e+03
 148.5545112,9.0591562e+03
 148.5749454,9.0634199e+03
 148.5953795,9.0697109e+03
 148.6158139,9.0628213e+03
 148.6362481,9.0656016e+03
 148.6566822,9.0661787e+03
 148.6771164,9.0656367e+03
 148.6975507,9.0602734e+03
 148.7179848,9.0688877e+03
 148.7384190,9.0686133e+03
 148.7588533,9.0667227e+03
 148.7792875,9.0658809e+03
 148.7997216,9.0572500e+03
 148.8201558,9.0623936e+03
 148.8405901,9.0605977e+03
 148.8610242,9.0610605e+03
 148.8814584,9.0708350e+03
 148.9018927,9.0597920e+03
 148.9223268,9.0688926e+03
 148.9427611,9.0646074e+03
 148.9631953,9.0581621e+03
 148.9836295,9.0659990e+03
 149.0040637,9.0725820e+03
 149.0244979,9.0637861e+03
 149.0449320,9.0696406e+03
 149.0653663,9.0628252e+03
 149.0858005,9.0603232e+03
 149.1062346,9.0657197e+03
 149.1266689,9.0688506e+03
 149.1471031,9.0748555e+03
 149.1675372,9.0553301e+03
 149.1879714,9.0642773e+03
 149.2084057,9.0748828e+03
 149.2288399,9.0617080e+03
 149.2492740,9.0652256e+03
 149.2697083,9.0665527e+03
 149.2901425,9.0674023e+03
 149.3105766,         null
 149.3310108,9.0635469e+03
 149.3514451,9.0605527e+03
 149.3718792,9.0661973e+03
 149.3923134,9.0666875e+03
 149.4127477,9.0700664e+03
 149.4331818,9.0794727e+03
 149.4536160,9.0651914e+03
 149.4740502,9.0685264e+03
 149.4944844,9.0650049e+03
 149.5149186,9.0677549e+03
 149.5353528,9.0653467e+03
 149.5557871,9.0669023e+03
 149.5762212,9.0723584e+03
 149.5966554,9.0675020e+03
 149.6170895,9.0574004e+03
 149.6375238,9.0623936e+03
 149.6579580,9.0641553e+03
 149.6783921,9.0670908e+03
 149.6988263,9.0659414e+03
 149.7192606,9.0719150e+03
 149.7396948,9.0671035e+03
 149.7601289,9.0755264e+03
 149.7805632,9.0673027e+03
 149.8009974,9.0754590e+03
 149.8214315,9.0665215e+03
 149.8418657,9.0670820e+03
 149.8623000,9.0703096e+03
 149.8827342,9.0691221e+03
 149.9031683,9.0733545e+03
 149.9236026,9.0661152e+03
 149.9440368,9.0799922e+03
 149.9644710,9.0727373e+03
 149.9849051,9.0782744e+03
 150.0053394,9.0689473e+03
 150.0257736,9.0724180e+03
 150.0462077,9.0710801e+03
 150.0666420,9.0658408e+03
 150.0870762,9.0707178e+03
 150.1075103,9.0749697e+03
 150.1279445,9.0677031e+03
 150.1483788,9.0708105e+03
 150.1688129,9.0654043e+03
 150.1892471,9.0649316e+03
 150.2096814,9.0698584e+03
 150.2301155,9.0714033e+03
 150.2505497,9.0698369e+03
 150.2709839,9.0674766e+03
 150.2914182,9.0685186e+03
 150.3118523,9.0699492e+03
 150.3322865,9.0743711e+03
 150.3527206,9.0733008e+03
 150.3731549,9.0629775e+03
 150.3935891,9.0654404e+03
 150.4140232,9.0769014e+03
 150.4344575,9.0707334e+03
 150.4548917,9.0628975e+03
 150.4753259,9.0674814e+03
 150.4957600,9.0733574e+03
 150.5161943,9.0701064e+03
 150.5366284,9.0674844e+03
 150.5570625,9.0689229e+03
 150.5774968,9.0730732e+03
 150.5979310,9.0691201e+03
 150.6183651,9.0698887e+03
 150.6387993,9.0667891e+03
 150.6592336,9.0718896e+03
 150.6796677,9.0690557e+03
 150.7001019,9.0741738e+03
 150.7205362,9.0704590e+03
 150.7409704,9.0654844e+03
 150.7614045,9.0697822e+03
 150.7818387,9.0776641e+03
 150.8022730,9.0747695e+03
 150.8227071,9.0735820e+03
 150.8431413,9.0709932e+03
 150.8635755,9.0696221e+03
 150.8840096,9.0858926e+03
 150.9044438,9.0625381e+03
 150.9248780,9.0639004e+03
 150.9453122,9.0751602e+03
 150.9657464,9.0625781e+03
 150.9861806,9.0652871e+03
 151.0066147,9.0713174e+03
 151.0270490,9.0612021e+03
 151.0474832,9.0536084e+03
 151.0679173,9.0603066e+03
 151.0883516,9.0679307e+03
 151.1087857,9.0742295e+03
 151.1292198,9.0714951e+03
 151.1496540,9.0600059e+03
 151.1700883,9.0766914e+03
 151.1905224,9.0581270e+03
 151.2109566,9.0724092e+03
 151.2313909,9.0743398e+03
 151.2518251,9.0717217e+03
 151.2722592,9.0716279e+03
 151.2926934,9.0672041e+03
 151.3131276,9.0644258e+03
 151.3335617,9.0664082e+03
 151.3539959,9.0741055e+03
 151.3744302,9.0672217e+03
 151.3948643,9.0778125e+03
 151.4152985,9.0688623e+03
 151.4357327,9.0740791e+03
 151.4561669,9.0751201e+03
 151.4766011,9.0728984e+03
 151.4970352,9.0779619e+03
 151.5174694,9.0727734e+03
 151.5379036,9.0800762e+03
 151.5583378,9.0734111e+03
 151.5787720,9.0713486e+03
 151.5992063,9.0738496e+03
 151.6196404,9.0710586e+03
 151.6400746,9.0698906e+03
 151.6605088,         null
 151.6809429,9.0716553e+03
 151.7013771,9.0688896e+03
 151.7218113,9.0688730e+03
 151.7422455,9.0717119e+03
 151.7626797,9.0731006e+03
 151.7831139,9.0751211e+03
 151.8035480,9.0721504e+03
 151.8239822,9.0769717e+03
 151.8444164,9.0796602e+03
 151.8648505,9.0685107e+03
 151.8852848,9.0674531e+03
 151.9057190,9.0762930e+03
 151.9261531,9.0744434e+03
 151.9465873,9.0707568e+03
 151.9670215,9.0707764e+03
 151.9874557,9.0737822e+03
 152.0078898,9.0772266e+03
 152.0283241,9.0678584e+03
 152.0487583,9.0735107e+03
 152.0691924,9.0611943e+03
 152.0896266,9.0668506e+03
 152.1100608,9.0711426e+03
 152.1304949,9.0726094e+03
 152.1509291,9.0683711e+03
 152.1713633,9.0711279e+03
 152.1917975,9.0649814e+03
 152.2122317,9.0701035e+03
 152.2326658,9.0649404e+03
 152.2531001,9.0656553e+03
 152.2735342,9.0717549e+03
 152.2939684,         null
 152.3144025,9.0712031e+03
 152.3348368,9.0686934e+03
 152.3552709,9.0674521e+03
 152.3757050,9.0656562e+03
 152.3961393,9.0682422e+03
 152.4165735,9.0671055e+03
 152.4370077,9.0682061e+03
 152.4574417,9.0699316e+03
 152.4778760,9.0757520e+03
 152.4983102,9.0641904e+03
 152.5187443,9.0704346e+03
 152.5391786,9.0758154e+03
 152.5596128,9.0697314e+03
 152.5800468,9.0701240e+03
 152.6004810,9.0704307e+03
 152.6209153,9.0728242e+03
 152.6413494,9.0705752e+03
 152.6617836,         null
 152.6822177,9.0695557e+03
 152.7026519,9.0662129e+03
 152.7230861,9.0697080e+03
 152.7435203,9.0686631e+03
 152.7639546,9.0770059e+03
 152.7843886,9.0692637e+03
 152.8048228,9.0689297e+03
 152.8252569,9.0607178e+03
 152.8456912,9.0711885e+03
 152.8661254,9.0762500e+03
 152.8865594,9.0597734e+03
 152.9069937,9.0678818e+03
 152.9274279,9.0650596e+03
 152.9478621,9.0660762e+03
 152.9682961,9.0698477e+03
 152.9887304,9.0698154e+03
 153.0091646,9.0662471e+03
 153.0295987,9.0760137e+03
 153.0500330,9.0685635e+03
 153.0704671,9.0710098e+03
 153.0909012,9.0764463e+03
 153.1113354,9.0752949e+03
 153.1317697,9.0812881e+03
 153.1522037,9.0808271e+03
 153.1726379,9.0709844e+03
 153.1930721,9.0684893e+03
 153.2135064,9.0790215e+03
 153.2339406,9.0773184e+03
 153.2543746,9.0728467e+03
 153.2748089,9.0711680e+03
 153.2952431,9.0770576e+03
 153.3156772,9.0744160e+03
 153.3361113,9.0733027e+03
 153.3565455,9.0747676e+03
 153.3769797,9.0786553e+03
 153.3974139,9.0707422e+03
 153.4178481,9.0643418e+03
 153.4382823,9.0651328e+03
 153.4587164,9.0696904e+03
 153.4791506,9.0690176e+03
 153.4995848,9.0693955e+03
 153.5200189,9.0747559e+03
 153.5404531,9.0733564e+03
 153.5608874,9.0722637e+03
 153.5813214,9.0775938e+03
 153.6017556,9.0716875e+03
 153.6221898,9.0656309e+03
 153.6426240,9.0660742e+03
 153.6630581,9.0649883e+03
 153.6834923,9.0696611e+03
 153.7039264,9.0666143e+03
 153.7243606,9.0679600e+03
 153.7447948,9.0666992e+03
 153.7652289,9.0704678e+03
 153.7856632,9.0695088e+03
 153.8060973,9.0650186e+03
 153.8265314,9.0751416e+03
 153.8469656,9.0698643e+03
 153.8673999,9.0694912e+03
 153.8878339,9.0629209e+03
 153.9082681,9.0672959e+03
 153.9287024,9.0729883e+03
 153.9491365,9.0667129e+03
 153.9695706,9.0688457e+03
 153.9900048,9.0695977e+03
 154.0104391,9.0759619e+03
 154.0308731,9.0805166e+03
 154.0513073,9.0653545e+03
 154.0717416,9.0759404e+03
 154.0921756,9.0677891e+03
 154.1126098,9.0719014e+03
 154.1330440,9.0656738e+03
 154.1534781,9.0649463e+03
 154.1739123,9.0639434e+03
 154.1943465,9.0694385e+03
 154.2147807,9.0666543e+03
 154.2352148,9.0648584e+03
 154.2556490,9.0715986e+03
 154.2760831,9.0670820e+03
 154.2965173,9.0729316e+03
 154.3169515,9.0651777e+03
 154.3373856,9.0684033e+03
 154.3578197,9.0675244e+03
 154.3782540,9.0726963e+03
 154.3986881,9.0715518e+03
 154.4191222,9.0701377e+03
 154.4395565,9.0700566e+03
 154.4599907,9.0663174e+03
 154.4804247,9.0639023e+03
 154.5008589,9.0965986e+03
 154.5212932,9.0825674e+03
 154.5417272,9.0714424e+03
 154.5621614,9.0672959e+03
 154.5825957,9.0654941e+03
 154.6030297,9.0663809e+03
 154.6234639,9.0704141e+03
 154.6438981,9.0663896e+03
 154.6643322,9.0620781e+03
 154.6847664,9.0696084e+03
 154.7052006,9.0684424e+03
 154.7256348,9.0681973e+03
 154.7460689,9.0729189e+03
 154.7665031,9.0712891e+03
 154.7869372,9.0732588e+03
 154.8073714,9.0672432e+03
 154.8278056,9.0718877e+03
 154.8482396,9.0706426e+03
 154.8686739,9.0719824e+03
 154.8891081,9.0736816e+03
 154.9095422,9.0702139e+03
 154.9299764,9.0752520e+03
 154.9504106,9.0725449e+03
 154.9708447,9.0769170e+03
 154.9912789,9.0692500e+03
 155.0117130,9.0690039e+03
 155.0321472,9.0804268e+03
 155.0525814,9.0697197e+03
 155.0730154,9.0691172e+03
 155.0934497,9.0710850e+03
 155.1138839,9.0729619e+03
 155.1343179,9.0728604e+03
 155.1547521,9.0724004e+03
 155.1751864,9.0703457e+03
 155.1956205,9.0842637e+03
 155.2160546,9.0683145e+03
 155.2364887,9.0678193e+03
 155.2569230,9.0746162e+03
 155.2773571,         null
 155.2977912,9.0631855e+03
 155.3182255,9.0730684e+03
 155.3386596,9.0756045e+03
 155.3590937,9.0709102e+03
 155.3795279,9.0683535e+03
 155.3999620,9.0658193e+03
 155.4203962,9.0699346e+03
 155.4408304,9.0719492e+03
 155.4612646,9.0699268e+03
 155.4816987,9.0751943e+03
 155.5021328,9.0664102e+03
 155.5225669,9.0704004e+03
 155.5430012,9.0650889e+03
 155.5634353,         null
 155.5838694,9.0650352e+03
 155.6043036,9.0719941e+03
 155.6247378,9.0719795e+03
 155.6451720,9.0634385e+03
 155.6656060,9.0773291e+03
 155.6860403,9.0669414e+03
 155.7064744,9.0728398e+03
 155.7269085,9.0665322e+03
 155.7473427,9.0670820e+03
 155.7677769,9.0714824e+03
 155.7882110,9.0669053e+03
 155.8086451,9.0638154e+03
 155.8290794,9.0744971e+03
 155.8495134,9.0655479e+03
 155.8699476,9.0698027e+03
 155.8903818,9.0668438e+03
 155.9108160,9.0696064e+03
 155.9312501,9.0684414e+03
 155.9516842,9.0680684e+03
 155.9721185,9.0700586e+03
 155.9925525,9.0759648e+03
 156.0129867,9.0704756e+03
 156.0334208,9.0725830e+03
 156.0538550,9.0703242e+03
 156.0742892,9.0651699e+03
 156.0947233,9.0643203e+03
 156.1151575,9.0671250e+03
 156.1355916,9.0687402e+03
 156.1560258,9.0700322e+03
 156.1764598,9.0710098e+03
 156.1968941,9.0733330e+03
 156.2173283,9.0732930e+03
 156.2377623,9.0728652e+03
 156.2581965,9.0687148e+03
 156.2786307,9.0653936e+03
 156.2990648,9.0654951e+03
 156.3194989,9.0708926e+03
 156.3399332,9.0739912e+03
 156.3603672,9.0719082e+03
 156.3808014,9.0756943e+03
 156.4012355,9.0654902e+03
 156.4216698,9.0710049e+03
 156.4421038,9.0647236e+03
 156.4625380,9.0652588e+03
 156.4829723,9.0743477e+03
 156.5034063,9.0738574e+03
 156.5238405,9.0678730e+03
 156.5442746,9.0658594e+03
 156.5647088,9.0713350e+03
 156.5851429,9.0642578e+03
 156.6055771,9.0637891e+03
 156.6260112,9.0687080e+03
 156.6464454,9.0745215e+03
 156.6668795,9.0683564e+03
 156.6873137,9.0723027e+03
 156.7077478,9.0701016e+03
 156.7281820,9.0757246e+03
 156.7486161,9.0690615e+03
 156.7690502,9.0743057e+03
 156.7894844,9.0700879e+03
 156.8099186,9.0747842e+03
 156.8303527,9.0622461e+03
 156.8507869,9.0627031e+03
 156.8712210,9.0748545e+03
 156.8916552,9.0738154e+03
 156.9120892,9.0600771e+03
 156.9325235,9.0700547e+03
 156.9529576,9.0712383e+03
 156.9733917,9.0702432e+03
 156.9938259,9.0694727e+03
 157.0142601,9.0672549e+03
 157.0346941,9.0651055e+03
 157.0551283,9.0668906e+03
 157.0755625,9.0745098e+03
 157.0959966,9.0704033e+03
 157.1164307,9.0682451e+03
 157.1368650,9.0657266e+03
 157.1572991,9.0679736e+03
 157.1777332,9.0684922e+03
 157.1981673,9.0633887e+03
 157.2186016,9.0648213e+03
 157.2390356,9.0646465e+03
 157.2594698,9.0692549e+03
 157.2799039,9.0678555e+03
 157.3003380,9.0654082e+03
 157.3207722,9.0669990e+03
 157.3412063,9.0697168e+03
 157.3616405,9.0700439e+03
 157.3820746,9.0639814e+03
 157.4025088,9.0681504e+03
 157.4229428,9.0696094e+03
 157.4433771,9.0690840e+03
 157.4638112,9.0610020e+03
 157.4842453,9.0726904e+03
 157.5046795,9.0630664e+03
 157.5251137,9.0671035e+03
 157.5455477,9.0698311e+03
 157.5659818,9.0734658e+03
 157.5864161,9.0719424e+03
 157.6068501,9.0677002e+03
 157.6272843,9.0610557e+03
 157.6477185,9.0720625e+03
 157.6681527,9.0702578e+03
 157.6885867,9.0686426e+03
 157.7090209,9.0751758e+03
 157.7294551,9.0718564e+03
 157.7498891,9.0749629e+03
 157.7703233,9.0697188e+03
 157.7907575,9.0673145e+03
 157.8111916,9.0646504e+03
 157.8316257,9.0665732e+03
 157.8520599,9.0703135e+03
 157.8724940,9.0656016e+03
 157.8929281,9.0683398e+03
 157.9133623,9.0683721e+03
 157.9337963,9.0689580e+03
 157.9542306,9.0768828e+03
 157.9746647,9.0711240e+03
 157.9950987,9.0697051e+03
 158.0155330,9.0664346e+03
 158.0359671,9.0707861e+03
 158.0564012,9.0688594e+03
 158.0768353,9.0715674e+03
 158.0972696,9.0689785e+03
 158.1177037,9.0749346e+03
 158.1381377,9.0698623e+03
 158.1585720,9.0731875e+03
 158.1790061,9.0641436e+03
 158.1994402,9.0678799e+03
 158.2198743,9.0683281e+03
 158.2403085,9.0639453e+03
 158.2607426,         null
 158.2811767,9.0650020e+03
 158.3016110,9.0653057e+03
 158.3220451,9.0661709e+03
 158.3424791,9.0696494e+03
 158.3629133,9.0671270e+03
 158.3833475,9.0716816e+03
 158.4037816,9.0643867e+03
 158.4242157,9.0755371e+03
 158.4446498,9.0738916e+03
 158.4650841,9.0739502e+03
 158.4855181,9.0623389e+03
 158.5059522,9.0658232e+03
 158.5263865,9.0626416e+03
 158.5468205,9.0753896e+03
 158.5672546,9.0644180e+03
 158.5876888,9.0671221e+03
 158.6081229,9.0700996e+03
 158.6285571,9.0747227e+03
 158.6489912,9.0689131e+03
 158.6694254,9.0722070e+03
 158.6898595,9.0702695e+03
 158.7102936,9.0658135e+03
 158.7307276,9.0714824e+03
 158.7511619,9.0700283e+03
 158.7715960,9.0748945e+03
 158.7920301,9.0726484e+03
 158.8124643,9.0735439e+03
 158.8328984,9.0682168e+03
 158.8533326,9.0641709e+03
 158.8737666,9.0633154e+03
 158.8942008,9.0660566e+03
 158.9146350,9.0678486e+03
 158.9350690,9.0602686e+03
 158.9555032,9.0564639e+03
 158.9759374,9.0690361e+03
 158.9963714,9.0697031e+03
 159.0168055,9.0669072e+03
 159.0372398,9.0668340e+03
 159.0576738,9.0653174e+03
 159.0781079,9.0670166e+03
 159.0985421,9.0680283e+03
 159.1189763,9.0666279e+03
 159.1394103,9.0633145e+03
 159.1598445,9.0678633e+03
 159.1802787,9.0689912e+03
 159.2007127,9.0715098e+03
 159.2211469,9.0668027e+03
 159.2415809,9.0710176e+03
 159.2620151,9.0682832e+03
 159.2824492,9.0668115e+03
 159.3028834,9.0700645e+03
 159.3233175,9.0618691e+03
 159.3437516,9.0626670e+03
 159.3641858,9.0756455e+03
 159.3846198,9.0652031e+03
 159.4050540,9.0701064e+03
 159.4254882,9.0633174e+03
 159.4459222,9.0594023e+03
 159.4663564,9.0599951e+03
 159.4867906,9.0663555e+03
 159.5072246,9.0678330e+03
 159.5276587,9.0654727e+03
 159.5480929,9.0667129e+03
 159.5685270,9.0692549e+03
 159.5889611,9.0676758e+03
 159.6093952,9.0658984e+03
 159.6298295,9.0687227e+03
 159.6502635,9.0693066e+03
 159.6706976,9.0650615e+03
 159.6911318,9.0757930e+03
 159.7115659,9.0625801e+03
 159.7320000,9.0687578e+03
 159.7524341,9.0647852e+03
 159.7728683,9.0663438e+03
 159.7933024,9.0668252e+03
 159.8137365,9.0656406e+03
 159.8341706,9.0720332e+03
 159.8546048,9.0640225e+03
 159.8750389,9.0711680e+03
 159.8954729,9.0704258e+03
 159.9159071,9.0723936e+03
 159.9363413,9.0691709e+03
 159.9567754,9.0614629e+03
 159.9772095,9.0785693e+03
 159.9976436,9.0639951e+03
 160.0180778,9.0723691e+03
 160.0385119,9.0656289e+03
 160.0589460,9.0746572e+03
 160.0793802,9.0730508e+03
 160.0998143,9.0642422e+03
 160.1202483,9.0682363e+03
 160.1406825,9.0717080e+03
 160.1611167,9.0679199e+03
 160.1815507,9.0699492e+03
 160.2019849,9.0611436e+03
 160.2224190,9.0764141e+03
 160.2428530,9.0676035e+03
 160.2632872,9.0661787e+03
 160.2837214,9.0682090e+03
 160.3041554,9.0654053e+03
 160.3245895,9.0672188e+03
 160.3450238,9.0698760e+03
 160.3654579,9.0705176e+03
 160.3858919,9.0682891e+03
 160.4063260,9.0664580e+03
 160.4267603,9.0690146e+03
 160.4471943,9.0695166e+03
 160.4676284,9.0730371e+03
 160.4880626,9.0659902e+03
 160.5084966,9.0745947e+03
 160.5289308,9.0643584e+03
 160.5493649,9.0668545e+03
 160.5697990,9.0716396e+03
 160.5902331,9.0710264e+03
 160.6106673,9.0757041e+03
 160.6311013,9.0649248e+03
 160.6515355,9.0694336e+03
 160.6719696,9.0637656e+03
 160.6924036,9.0770723e+03
 160.7128379,9.0714766e+03
 160.7332720,9.0620479e+03
 160.7537060,9.0682109e+03
 160.7741401,9.0717451e+03
 160.7945743,9.0708916e+03
 160.8150085,9.0746289e+03
 160.8354425,9.0690615e+03
 160.8558767,9.0717959e+03
 160.8763108,9.0683545e+03
 160.8967448,9.0659219e+03
 160.9171789,9.0648672e+03
 160.9376132,9.0733145e+03
 160.9580472,9.0670820e+03
 160.9784813,9.0881016e+03
 160.9989155,9.0704219e+03
 161.0193495,9.0727959e+03
 161.0397837,9.0684131e+03
 161.0602178,9.0655537e+03
 161.0806519,9.0653428e+03
 161.1010860,9.0718457e+03
 161.1215201,9.0700898e+03
 161.1419543,9.0674609e+03
 161.1623884,9.0690996e+03
 161.1828225,9.0741758e+03
 161.2032565,9.0700381e+03
 161.2236907,9.0628477e+03
 161.2441248,         null
 161.2645589,9.0739824e+03
 161.2849930,9.0662295e+03
 161.3054272,9.0652715e+03
 161.3258613,9.0700801e+03
 161.3462953,9.0684951e+03
 161.3667295,9.0645107e+03
 161.3871636,9.0685068e+03
 161.4075976,9.0677842e+03
 161.4280318,9.0740059e+03
 161.4484660,9.0686621e+03
 161.4689000,9.0726846e+03
 161.4893341,9.0697314e+03
 161.5097683,9.0709785e+03
 161.5302023,9.0689639e+03
 161.5506364,9.0664170e+03
 161.5710706,9.0652109e+03
 161.5915048,9.0767295e+03
 161.6119388,9.0693887e+03
 161.6323729,9.0633604e+03
 161.6528071,9.0777227e+03
 161.6732412,9.0722334e+03
 161.6936752,9.0727793e+03
 161.7141093,9.0729756e+03
 161.7345436,9.0727393e+03
 161.7549776,9.0711963e+03
 161.7754117,9.0749727e+03
 161.7958458,9.0777129e+03
 161.8162799,9.0723018e+03
 161.8367140,9.0727627e+03
 161.8571481,9.0689844e+03
 161.8775823,9.0795840e+03
 161.8980163,9.0748213e+03
 161.9184504,9.0699023e+03
 161.9388845,9.0717100e+03
 161.9593187,9.0658613e+03
 161.9797528,9.0733857e+03
 162.0001869,9.0637637e+03
 162.0206210,9.0704873e+03
 162.0410551,9.0695791e+03
 162.0614892,9.0683477e+03
 162.0819232,9.0639551e+03
 162.1023574,9.0721367e+03
 162.1227915,9.0694834e+03
 162.1432256,9.0731748e+03
 162.1636598,9.0805732e+03
 162.1840939,9.0735459e+03
 162.2045279,9.0742754e+03
 162.2249620,9.0736836e+03
 162.2453962,9.0786172e+03
 162.2658302,9.0710820e+03
 162.2862643,9.0741016e+03
 162.3066985,9.0723438e+03
 162.3271326,9.0633721e+03
 162.3475666,9.0768750e+03
 162.3680007,9.0719346e+03
 162.3884349,9.0797588e+03
 162.4088689,9.0716182e+03
 162.4293031,9.0720527e+03
 162.4497371,9.0716680e+03
 162.4701713,9.0806504e+03
 162.4906054,9.0786709e+03
 162.5110389,9.0694844e+03
 162.5314731,9.0703359e+03
 162.5519071,9.0696514e+03
 162.5723412,9.0686348e+03
 162.5927753,9.0686982e+03
 162.6132095,9.0676572e+03
 162.6336435,9.0772510e+03
 162.6540776,9.0712656e+03
 162.6745118,9.0642178e+03
 162.6949458,9.0776719e+03
 162.7153799,9.0702617e+03
 162.7358140,9.0764629e+03
 162.7562481,9.0766846e+03
 162.7766822,9.0733096e+03
 162.7971163,9.0775518e+03
 162.8175504,9.0700518e+03
 162.8379845,9.0783984e+03
 162.8584186,9.0693418e+03
 162.8788526,9.0735654e+03
 162.8992868,9.0673857e+03
 162.9197210,9.0693428e+03
 162.9401550,9.0659443e+03
 162.9605891,9.0689365e+03
 162.9810233,9.0709414e+03
 163.0014573,9.0733955e+03
 163.0218914,9.0753047e+03
 163.0423256,9.0697129e+03
 163.0627597,9.0721338e+03
 163.0831937,9.0768779e+03
 163.1036278,9.0735420e+03
 163.1240620,9.0674268e+03
 163.1444960,9.0719756e+03
 163.1649301,9.0714287e+03
 163.1853643,9.0681934e+03
 163.2057983,9.0740000e+03
 163.2262324,9.0702598e+03
 163.2466665,9.0757656e+03
 163.2671006,9.0722637e+03
 163.2875347,9.0707539e+03
 163.3079688,9.0681562e+03
 163.3284030,9.0728359e+03
 163.3488370,9.0740664e+03
 163.3692711,9.0707852e+03
 163.3897051,9.0708232e+03
 163.4101393,9.0759229e+03
 163.4305733,9.0756426e+03
 163.4510073,9.0699619e+03
 163.4714415,9.0683926e+03
 163.4918756,9.0784102e+03
 163.5123097,9.0722109e+03
 163.5327437,9.0741963e+03
 163.5531779,9.0732207e+03
 163.5736120,9.0701689e+03
 163.5940460,9.0657598e+03
 163.6144801,9.0665957e+03
 163.6349143,9.0654902e+03
 163.6553483,9.0699521e+03
 163.6757824,9.0687090e+03
 163.6962166,9.0748877e+03
 163.7166506,9.0727031e+03
 163.7370847,9.0732031e+03
 163.7575188,9.0759033e+03
 163.7779529,9.0702803e+03
 163.7983870,9.0708438e+03
 163.8188211,9.0787930e+03
 163.8392553,9.0760410e+03
 163.8596893,9.0712412e+03
 163.8801234,9.0715518e+03
 163.9005574,9.0717881e+03
 163.9209915,9.0677646e+03
 163.9414256,9.0739814e+03
 163.9618597,9.0654883e+03
 163.9822938,9.0753867e+03
 164.0027279,9.0779619e+03
 164.0231620,9.0669287e+03
 164.0435960,9.0695762e+03
 164.0640302,9.0741143e+03
 164.0844643,9.0695605e+03
 164.1048984,9.0744639e+03
 164.1253324,9.0750820e+03
 164.1457666,9.0712920e+03
 164.1662006,9.0716738e+03
 164.1866346,9.0620918e+03
 164.2070688,9.0662451e+03
 164.2275029,         null
 164.2479369,9.0699453e+03
 164.2683710,9.0710977e+03
 164.2888051,9.0685400e+03
 164.3092392,9.0767148e+03
 164.3296733,9.0744180e+03
 164.3501075,9.0680205e+03
 164.3705416,9.0707686e+03
 164.3909756,9.0755010e+03
 164.4114096,9.0666074e+03
 164.4318437,9.0688711e+03
 164.4522778,9.0659355e+03
 164.4727119,9.0702891e+03
 164.4931461,9.0759756e+03
 164.5135801,9.0839424e+03
 164.5340142,9.0749404e+03
 164.5544483,9.0752344e+03
 164.5748824,9.0742207e+03
 164.5953164,9.0791943e+03
 164.6157505,9.0691328e+03
 164.6361845,9.0623594e+03
 164.6566187,9.0711201e+03
 164.6770528,9.0735947e+03
 164.6974869,9.0784082e+03
 164.7179210,9.0737754e+03
 164.7383551,9.0679482e+03
 164.7587891,9.0722236e+03
 164.7792231,9.0753535e+03
 164.7996573,9.0683535e+03
 164.8200914,9.0717500e+03
 164.8405254,9.0727432e+03
 164.8609596,9.0716699e+03
 164.8813937,9.0791572e+03
 164.9018276,9.0744209e+03
 164.9222617,9.0766982e+03
 164.9426959,9.0647627e+03
 164.9631299,9.0735508e+03
 164.9835640,9.0842500e+03
