        TIME,  PDCSAP_FLUX
 131.5125744,7.3397144e+03
 131.5330089,7.3316235e+03
 131.5534433,7.3312368e+03
 131.5738776,7.3269688e+03
 131.5943120,7.3347207e+03
 131.6147465,7.3261831e+03
 131.6351808,7.3287939e+03
 131.6556152,7.3351626e+03
 131.6760497,7.3366372e+03
 131.6964841,7.3276646e+03
 131.7169184,7.3297461e+03
 131.7373528,7.3317012e+03
 131.7577873,7.3308618e+03
 131.7782216,7.3334604e+03
 131.7986560,7.3348579e+03
 131.8190905,7.3318628e+03
 131.8395248,7.3344272e+03
 131.8599592,7.3352549e+03
 131.8803936,7.3324834e+03
 131.9008280,7.3360244e+03
 131.9212624,7.3356943e+03
 131.9416968,7.3282866e+03
 131.9621312,7.3383335e+03
 131.9825656,7.3400977e+03
 132.0030000,7.3398418e+03
 132.0234343,7.3388696e+03
 132.0438688,7.3382520e+03
 132.0643032,7.3296606e+03
 132.0847375,7.3311680e+03
 132.1051719,7.3318188e+03
 132.1256064,7.3349771e+03
 132.1460407,7.3285679e+03
 132.1664751,7.3277065e+03
 132.1869096,7.3357280e+03
 132.2073440,7.3389736e+03
 132.2277783,7.3368120e+03
 132.2482127,7.3398325e+03
 132.2686472,7.3301553e+03
 132.2890815,7.3311597e+03
 132.3095159,7.3440259e+03
 132.3299504,7.3405376e+03
 132.3503847,7.3353770e+03
 132.3708191,7.3345884e+03
 132.3912535,7.3330796e+03
 132.4116879,7.3381421e+03
 132.4321223,7.3357319e+03
 132.4525566,7.3319028e+03
 132.4729911,7.3421240e+03
 132.4934254,7.3341855e+03
 132.5138598,7.3336538e+03
 132.5342941,7.3375708e+03
 132.5547286,7.3328115e+03
 132.5751630,7.3367026e+03
 132.5955973,7.3310840e+03
 132.6160318,7.3356001e+03
 132.6364662,7.3316260e+03
 132.6569006,7.3383989e+03
 132.6773349,7.3377227e+03
 132.6977694,7.3269106e+03
 132.7182038,7.3316196e+03
 132.7386381,7.3357427e+03
 132.7590726,7.3359077e+03
 132.7795070,7.3292007e+03
 132.7999413,7.3369678e+03
 132.8203757,7.3371777e+03
 132.8408102,7.3280259e+03
 132.8612445,7.3406050e+03
 132.8816789,7.3266172e+03
 132.9021134,7.3338208e+03
 132.9225477,7.3408198e+03
 132.9429821,7.3345054e+03
 132.9634164,7.3454170e+03
 132.9838509,7.3341924e+03
 133.0042852,7.3346226e+03
 133.0247196,7.3410425e+03
 133.0451540,7.3406265e+03
 133.0655884,7.3331401e+03
 133.0860228,7.3335610e+03
 133.1064572,7.3296606e+03
 133.1268916,7.3408760e+03
 133.1473260,7.3377026e+03
 133.1677604,7.3334526e+03
 133.1881948,7.3328506e+03
 133.2086293,7.3359219e+03
 133.2290636,7.3369673e+03
 133.2494980,7.3354106e+03
 133.2699324,7.3361270e+03
 133.2903668,7.3316782e+03
 133.3108011,7.3350918e+03
 133.3312354,7.3311758e+03
 133.3516699,7.3320396e+03
 133.3721043,7.3336289e+03
 133.3925387,7.3343633e+03
 133.4129731,7.3306821e+03
 133.4334075,7.3329175e+03
 133.4538419,7.3245815e+03
 133.4742762,7.3306333e+03
 133.4947107,7.3381514e+03
 133.5151451,7.3330776e+03
 133.5355794,7.3331421e+03
 133.5560139,7.3299282e+03
 133.5764482,7.3383550e+03
 133.5968825,7.3294868e+03
 133.6173169,7.3338618e+03
 133.6377514,7.3383091e+03
 133.6581858,7.3313218e+03
 133.6786201,7.3323896e+03
 133.6990546,7.3406514e+03
 133.7194890,7.3401470e+03
 133.7399233,7.3331274e+03
 133.7603577,7.3325049e+03
 133.7807922,7.3325063e+03
 133.8012265,7.3335815e+03
 133.8216608,7.3340859e+03
 133.8420952,7.3328516e+03
 133.8625296,7.3323989e+03
 133.8829640,7.3249956e+03
 133.9033984,7.3334800e+03
 133.9238328,7.3276841e+03
 133.9442672,7.3373447e+03
 133.9647016,7.3395083e+03
 133.9851359,7.3374502e+03
 134.0055704,7.3353052e+03
 134.0260047,7.3312910e+03
 134.0464390,7.3257158e+03
 134.0668735,7.3354536e+03
 134.0873079,7.3335254e+03
 134.1077422,7.3335728e+03
 134.1281766,7.3348564e+03
 134.1486111,7.3388652e+03
 134.1690455,7.3325688e+03
 134.1894798,7.3334062e+03
 134.2099142,7.3292881e+03
 134.2303486,7.3320786e+03
 134.2507829,7.3333042e+03
 134.2712173,7.3360806e+03
 134.2916518,7.3338257e+03
 134.3120861,7.3332266e+03
 134.3325205,7.3304819e+03
 134.3529550,7.3339648e+03
 134.3733892,7.3355605e+03
 134.3938236,         null
 134.4142580,7.3314414e+03
 134.4346924,7.3263364e+03
 134.4551268,7.3241460e+03
 134.4755612,7.3269707e+03
 134.4959957,7.3313628e+03
 134.5164300,7.3333853e+03
 134.5368643,7.3316528e+03
 134.5572986,7.3317085e+03
 134.5777331,7.3308062e+03
 134.5981675,7.3236924e+03
 134.6186018,7.3330181e+03
 134.6390362,7.3295688e+03
 134.6594707,7.3284541e+03
 134.6799050,7.3317251e+03
 134.7003394,7.3327070e+03
 134.7207738,7.3327134e+03
 134.7412082,7.3270371e+03
 134.7616425,7.3337861e+03
 134.7820769,7.3330264e+03
 134.8025114,7.3293916e+03
 134.8229457,7.3372207e+03
 134.8433800,7.3315063e+03
 134.8638145,7.3312769e+03
 134.8842489,7.3287739e+03
 134.9046833,7.3342046e+03
 134.9251176,7.3323130e+03
 134.9455521,7.3342773e+03
 134.9659864,7.3296089e+03
 134.9864207,7.3302866e+03
 135.0068552,7.3357017e+03
 135.0272896,7.3321094e+03
 135.0477239,7.3311299e+03
 135.0681583,7.3309893e+03
 135.0885927,7.3363813e+03
 135.1090270,7.3328857e+03
 135.1294614,7.3338828e+03
 135.1498959,7.3336846e+03
 135.1703303,7.3360601e+03
 135.1907646,7.3394458e+03
 135.2111989,7.3352642e+03
 135.2316334,7.3325840e+03
 135.2520677,7.3370796e+03
 135.2725021,7.3351719e+03
 135.2929364,7.3293096e+03
 135.3133709,7.3330967e+03
 135.3338052,7.3359116e+03
 135.3542395,7.3291196e+03
 135.3746740,7.3350469e+03
 135.3951084,7.3343862e+03
 135.4155428,7.3313135e+03
 135.4359771,7.3340098e+03
 135.4564115,7.3359927e+03
 135.4768459,7.3274307e+03
 135.4972802,7.3329321e+03
 135.5177147,7.3273389e+03
 135.5381491,7.3311636e+03
 135.5585833,7.3347061e+03
 135.5790177,7.3356670e+03
 135.5994522,7.3340811e+03
 135.6198865,7.3282705e+03
 135.6403209,7.3333477e+03
 135.6607554,7.3327422e+03
 135.6811897,7.3314697e+03
 135.7016240,7.3343765e+03
 135.7220584,7.3318433e+03
 135.7424929,7.3315894e+03
 135.7629272,7.3370693e+03
 135.7833615,7.3317451e+03
 135.8037960,7.3344810e+03
 135.8242303,7.3260293e+03
 135.8446647,7.3337954e+03
 135.8650991,7.3340415e+03
 135.8855334,7.3321191e+03
 135.9059678,7.3362314e+03
 135.9264022,7.3350527e+03
 135.9468365,7.3371089e+03
 135.9672709,7.3363770e+03
 135.9877053,7.3365024e+03
 136.0081396,7.3375942e+03
 136.0285741,7.3330020e+03
 136.0490085,7.3383545e+03
 136.0694427,7.3322397e+03
 136.0898771,7.3337480e+03
 136.1103116,7.3332642e+03
 136.1307460,7.3333662e+03
 136.1511803,7.3333174e+03
 136.1716147,7.3344331e+03
 136.1920491,7.3300220e+03
 136.2124834,7.3290845e+03
 136.2329178,7.3261807e+03
 136.2533522,7.3274131e+03
 136.2737865,7.3389663e+03
 136.2942209,7.3410205e+03
 136.3146554,7.3358535e+03
 136.3350897,7.3264243e+03
 136.3555240,7.3312080e+03
 136.3759584,7.3281890e+03
 136.3963928,7.3306201e+03
 136.4168272,7.3350884e+03
 136.4372615,7.3388730e+03
 136.4576960,7.3311919e+03
 136.4781303,7.3356577e+03
 136.4985647,7.3320054e+03
 136.5189990,7.3320410e+03
 136.5394334,7.3290967e+03
 136.5598678,7.3323965e+03
 136.5803022,7.3319463e+03
 136.6007365,7.3281709e+03
 136.6211709,7.3294736e+03
 136.6416053,7.3309414e+03
 136.6620397,7.3317769e+03
 136.6824740,7.3294458e+03
 136.7029084,7.3349048e+03
 136.7233428,7.3369087e+03
 136.7437771,7.3323584e+03
 136.7642115,7.3271890e+03
 136.7846459,7.3330420e+03
 136.8050802,7.3275894e+03
 136.8255147,7.3268750e+03
 136.8459490,7.3343491e+03
 136.8663834,7.3356455e+03
 136.8868177,7.3298882e+03
 136.9072522,7.3341182e+03
 136.9276865,7.3339346e+03
 136.9481208,7.3299404e+03
 136.9685553,7.3341489e+03
 136.9889897,7.3334893e+03
 137.0094239,7.3302334e+03
 137.0298583,7.3265771e+03
 137.0502928,7.3260435e+03
 137.0707271,7.3297451e+03
 137.0911614,7.3384639e+03
 137.1115959,7.3357051e+03
 137.1320302,7.3306548e+03
 137.1524645,7.3376743e+03
 137.1728989,7.3347617e+03
 137.1933334,7.3322241e+03
 137.2137677,7.3353799e+03
 137.2342020,7.3244004e+03
 137.2546363,7.3339771e+03
 137.2750708,7.3301328e+03
 137.2955051,7.3292612e+03
 137.3159394,7.3321558e+03
 137.3363739,7.3352739e+03
 137.3568083,7.3384473e+03
 137.3772426,         null
 137.3976769,7.3316260e+03
 137.4181114,7.3324692e+03
 137.4385457,7.3299624e+03
 137.4589800,7.3302012e+03
 137.4794145,7.3323848e+03
 137.4998489,7.3335835e+03
 137.5202831,7.3354058e+03
 137.5407175,7.3244517e+03
 137.5611520,7.3324204e+03
 137.5815862,7.3297778e+03
 137.6020206,7.3295132e+03
 137.6224551,7.3374014e+03
 137.6428894,7.3293184e+03
 137.6633237,7.3259404e+03
 137.6837581,7.3322710e+03
 137.7041926,7.3255000e+03
 137.7246268,7.3322979e+03
 137.7450612,7.3364399e+03
 137.7654957,7.3246060e+03
 137.7859299,7.3274590e+03
 137.8063643,7.3289053e+03
 137.8267986,7.3294185e+03
 137.8472330,7.3308662e+03
 137.8676674,7.3224614e+03
 137.8881018,7.3336504e+03
 137.9085360,7.3288623e+03
 137.9289705,7.3238643e+03
 137.9494049,7.3301802e+03
 137.9698391,7.3301792e+03
 137.9902736,7.3216353e+03
 138.0107080,7.3262505e+03
 138.0311422,7.3305439e+03
 138.0515766,7.3318877e+03
 138.0720111,7.3358159e+03
 138.0924454,7.3274121e+03
 138.1128797,7.3322075e+03
 138.1333142,7.3306689e+03
 138.1537485,7.3226392e+03
 138.1741828,7.3327495e+03
 138.1946172,7.3323545e+03
 138.2150516,7.3365322e+03
 138.2354860,7.3302261e+03
 138.2559203,7.3303979e+03
 138.2763547,7.3309893e+03
 138.2967891,7.3265552e+03
 138.3172234,7.3317515e+03
 138.3376577,7.3246719e+03
 138.3580922,7.3301221e+03
 138.3785266,7.3311562e+03
 138.3989608,7.3313203e+03
 138.4193953,7.3296963e+03
 138.4398297,7.3268052e+03
 138.4602639,7.3261948e+03
 138.4806983,7.3314307e+03
 138.5011328,7.3319736e+03
 138.5215670,7.3304888e+03
 138.5420014,7.3285322e+03
 138.5624357,7.3297397e+03
 138.5828701,7.3247612e+03
 138.6033045,7.3279956e+03
 138.6237388,7.3345454e+03
 138.6441732,7.3268936e+03
 138.6646076,7.3252319e+03
 138.6850419,7.3279658e+03
 138.7054762,7.3248481e+03
 138.7259107,7.3295264e+03
 138.7463450,7.3296978e+03
 138.7667793,7.3226250e+03
 138.7872137,7.3338252e+03
 138.8076481,7.3284272e+03
 138.8280824,7.3223218e+03
 138.8485167,7.3278604e+03
 138.8689512,7.3318462e+03
 138.8893856,7.3261401e+03
 138.9098198,7.3266157e+03
 138.9302543,7.3301162e+03
 138.9506886,7.3280684e+03
 138.9711229,7.3310244e+03
 138.9915573,7.3274136e+03
 139.0119917,7.3280093e+03
 139.0324260,7.3281382e+03
 139.0528603,7.3236665e+03
 139.0732948,7.3300879e+03
 139.0937291,7.3251309e+03
 139.1141634,7.3317749e+03
 139.1345978,7.3228945e+03
 139.1550322,7.3271968e+03
 139.1754665,7.3313423e+03
 139.1959009,7.3301348e+03
 139.2163351,7.3294751e+03
 139.2367696,7.3248711e+03
 139.2572040,7.3264858e+03
 139.2776382,7.3288057e+03
 139.2980727,7.3332051e+03
 139.3185070,7.3262964e+03
 139.3389414,7.3321875e+03
 139.3593756,7.3302915e+03
 139.3798101,7.3258647e+03
 139.4002445,7.3284722e+03
 139.4206787,7.3230386e+03
 139.4411132,7.3274961e+03
 139.4615475,7.3313955e+03
 139.4819818,7.3290210e+03
 139.5024162,7.3239302e+03
 139.5228506,7.3336104e+03
 139.5432849,7.3249468e+03
 139.5637192,7.3343457e+03
 139.5841537,7.3295791e+03
 139.6045880,7.3260513e+03
 139.6250223,7.3274863e+03
 139.6454567,7.3314116e+03
 139.6658911,7.3299644e+03
 139.6863254,7.3300566e+03
 139.7067597,7.3261460e+03
 139.7271941,7.3241245e+03
 139.7476285,7.3303638e+03
 139.7680628,7.3275400e+03
 139.7884972,7.3301602e+03
 139.8089315,7.3325308e+03
 139.8293659,7.3259746e+03
 139.8498002,7.3260942e+03
 139.8702346,7.3358433e+03
 139.8906689,7.3335732e+03
 139.9111033,7.3285527e+03
 139.9315377,7.3226797e+03
 139.9519721,7.3294395e+03
 139.9724064,7.3370571e+03
 139.9928407,7.3254644e+03
 140.0132750,7.3351406e+03
 140.0337094,7.3363320e+03
 140.0541438,7.3301011e+03
 140.0745781,7.3320576e+03
 140.0950125,7.3301992e+03
 140.1154468,7.3332915e+03
 140.1358812,7.3361367e+03
 140.1563155,7.3341313e+03
 140.1767499,7.3292231e+03
 140.1971843,7.3275669e+03
 140.2176185,7.3294004e+03
 140.2380530,7.3348438e+03
 140.2584873,7.3303555e+03
 140.2789216,7.3217490e+03
 140.2993559,7.3395942e+03
 140.3197904,7.3319448e+03
 140.3402246,7.3323086e+03
 140.3606590,         null
 140.3810933,7.3254219e+03
 140.4015278,7.3247729e+03
 140.4219621,7.3283369e+03
 140.4423964,7.3311196e+03
 140.4628309,7.3227134e+03
 140.4832651,7.3223579e+03
 140.5036995,7.3273853e+03
 140.5241337,7.3294526e+03
 140.5445682,7.3261177e+03
 140.5650025,7.3318755e+03
 140.5854369,7.3327744e+03
 140.6058712,7.3271636e+03
 140.6263056,7.3305840e+03
 140.6467399,7.3282031e+03
 140.6671742,7.3206709e+03
 140.6876086,7.3258667e+03
 140.7080430,7.3302178e+03
 140.7284772,7.3301367e+03
 140.7489117,7.3366372e+03
 140.7693460,7.3348354e+03
 140.7897803,7.3367012e+03
 140.8102146,7.3345449e+03
 140.8306491,7.3320679e+03
 140.8510834,7.3307095e+03
 140.8715177,7.3305327e+03
 140.8919520,7.3268950e+03
 140.9123865,7.3221147e+03
 140.9328207,7.3292939e+03
 140.9532551,7.3202939e+03
 140.9736895,7.3261128e+03
 140.9941238,7.3308877e+03
 141.0145581,7.3294868e+03
 141.0349925,7.3347632e+03
 141.0554268,7.3234512e+03
 141.0758612,7.3276128e+03
 141.0962955,7.3308545e+03
 141.1167299,7.3321440e+03
 141.1371642,7.3280649e+03
 141.1575986,7.3239077e+03
 141.1780328,7.3367715e+03
 141.1984672,7.3319170e+03
 141.2189016,7.3294727e+03
 141.2393358,7.3312417e+03
 141.2597703,7.3377480e+03
 141.2802046,7.3275054e+03
 141.3006389,7.3229448e+03
 141.3210732,7.3245151e+03
 141.3415077,7.3255391e+03
 141.3619420,7.3250195e+03
 141.3823763,7.3288018e+03
 141.4028106,7.3259517e+03
 141.4232451,7.3426816e+03
 141.4436794,7.3249858e+03
 141.4641137,7.3266592e+03
 141.4845481,7.3282324e+03
 141.5049824,7.3272041e+03
 141.5254167,7.3306475e+03
 141.5458510,7.3322529e+03
 141.5662854,7.3303164e+03
 141.5867198,7.3276997e+03
 141.6071541,7.3289155e+03
 141.6275885,7.3340312e+03
 141.6480229,7.3241670e+03
 141.6684571,7.3376011e+03
 141.6888914,7.3321846e+03
 141.7093259,7.3279619e+03
 141.7297601,7.3295762e+03
 141.7501945,7.3283691e+03
 141.7706289,7.3269834e+03
 141.7910632,7.3319517e+03
 141.8114975,7.3324868e+03
 141.8319318,7.3350420e+03
 141.8523662,7.3287349e+03
 141.8728005,7.3326968e+03
 141.8932349,7.3285708e+03
 141.9136693,7.3297349e+03
 141.9341036,7.3336914e+03
 141.9545379,7.3282803e+03
 141.9749721,7.3308003e+03
 141.9954066,7.3331860e+03
 142.0158409,7.3239146e+03
 142.0362752,7.3279795e+03
 142.0567095,7.3269863e+03
 142.0771440,7.3271108e+03
 142.0975783,7.3261953e+03
 142.1180125,7.3239966e+03
 142.1384470,7.3240186e+03
 142.1588813,7.3265625e+03
 142.1793156,7.3301279e+03
 142.1997499,7.3244927e+03
 142.2201843,7.3280220e+03
 142.2406186,7.3257002e+03
 142.2610529,7.3296064e+03
 142.2814874,7.3294053e+03
 142.3019216,7.3267417e+03
 142.3223559,7.3263862e+03
 142.3427903,7.3269297e+03
 142.3632247,7.3258833e+03
 142.3836590,7.3252656e+03
 142.4040933,7.3290674e+03
 142.4245277,7.3254521e+03
 142.4449620,7.3410557e+03
 142.4653963,7.3249941e+03
 142.4858306,7.3258857e+03
 142.5062650,7.3244482e+03
 142.5266993,7.3268633e+03
 142.5471337,7.3285752e+03
 142.5675679,7.3203755e+03
 142.5880024,7.3182427e+03
 142.6084367,7.3282070e+03
 142.6288709,7.3313511e+03
 142.6493054,7.3354297e+03
 142.6697397,7.3311616e+03
 142.6901739,7.3329502e+03
 142.7106083,7.3238901e+03
 142.7310427,7.3234111e+03
 142.7514770,7.3263481e+03
 142.7719113,7.3263813e+03
 142.7923457,7.3295747e+03
 142.8127800,7.3233135e+03
 142.8332143,7.3271968e+03
 142.8536486,7.3265571e+03
 142.8740831,7.3266255e+03
 142.8945173,7.3283359e+03
 142.9149516,7.3312305e+03
 142.9353861,7.3286528e+03
 142.9558203,7.3247236e+03
 142.9762546,7.3177607e+03
 142.9966889,7.3230605e+03
 143.0171233,7.3202563e+03
 143.0375577,7.3319043e+03
 143.0579920,7.3305605e+03
 143.0784263,7.3204321e+03
 143.0988607,7.3265132e+03
 143.1192950,7.3286528e+03
 143.1397293,7.3283208e+03
 143.1601637,7.3307524e+03
 143.1805980,7.3295630e+03
 143.2010322,7.3283350e+03
 143.2214666,7.3253242e+03
 143.2419010,7.3306792e+03
 143.2623353,7.3275850e+03
 143.2827697,7.3270938e+03
 143.3032040,7.3265835e+03
 143.3236383,7.3290254e+03
 143.3440727,         null
 143.3645069,7.3228340e+03
 143.3849413,7.3269141e+03
 143.4053757,7.3365845e+03
 143.4258099,7.3270083e+03
 143.4462443,7.3307373e+03
 143.4666787,7.3293643e+03
 143.4871129,7.3319282e+03
 143.5075472,7.3277798e+03
 143.5279817,7.3276519e+03
 143.5484160,7.3267612e+03
 143.5688502,7.3260811e+03
 143.5892846,7.3241870e+03
 143.6097190,7.3276807e+03
 143.6301532,7.3281240e+03
 143.6505875,7.3266543e+03
 143.6710220,7.3273574e+03
 143.6914562,7.3279263e+03
 143.7118905,7.3319238e+03
 143.7323249,7.3297539e+03
 143.7527592,7.3199419e+03
 143.7731935,7.3305864e+03
 143.7936279,7.3267959e+03
 143.8140622,7.3329619e+03
 143.8344965,7.3252910e+03
 143.8549308,7.3301030e+03
 143.8753651,7.3281333e+03
 143.8957995,7.3316372e+03
 143.9162338,7.3225776e+03
 143.9366681,7.3281680e+03
 143.9571025,7.3268340e+03
 143.9775368,7.3271733e+03
 143.9979710,7.3295342e+03
 144.0184054,7.3299644e+03
 144.0388398,7.3329180e+03
 144.0592741,7.3295527e+03
 144.0797084,7.3263696e+03
 144.1001428,7.3269082e+03
 144.1205771,7.3283696e+03
 144.1410113,7.3259258e+03
 144.1614457,7.3287129e+03
 144.1818801,7.3204136e+03
 144.2023143,7.3289893e+03
 144.2227486,7.3295977e+03
 144.2431831,7.3308130e+03
 144.2636173,7.3303735e+03
 144.2840516,7.3363115e+03
 144.3044859,7.3231152e+03
 144.3249203,7.3281606e+03
 144.3453546,7.3245557e+03
 144.3657889,7.3167812e+03
 144.3862232,7.3305635e+03
 144.4066576,7.3261118e+03
 144.4270919,7.3192632e+03
 144.4475261,7.3187871e+03
 144.4679606,7.3235093e+03
 144.4883949,7.3281357e+03
 144.5088291,7.3252568e+03
 144.5292634,7.3296938e+03
 144.5496978,7.3183115e+03
 144.5701322,7.3142573e+03
 144.5905664,7.3227393e+03
 144.6110008,7.3251919e+03
 144.6314351,7.3198638e+03
 144.6518694,7.3174736e+03
 144.6723037,7.3230405e+03
 144.6927381,7.3250200e+03
 144.7131723,7.3254785e+03
 144.7336067,7.3234658e+03
 144.7540411,7.3262095e+03
 144.7744753,7.3262520e+03
 144.7949096,7.3283984e+03
 144.8153440,7.3266724e+03
 144.8357784,7.3248779e+03
 144.8562126,7.3217549e+03
 144.8766469,7.3269404e+03
 144.8970812,7.3284360e+03
 144.9175156,7.3222812e+03
 144.9379499,7.3210488e+03
 144.9583842,7.3245918e+03
 144.9788186,7.3272529e+03
 144.9992528,7.3265664e+03
 145.0196872,7.3127524e+03
 145.0401215,7.3215669e+03
 145.0605558,7.3221890e+03
 145.0809901,7.3214331e+03
 145.1014245,7.3218462e+03
 145.1218589,7.3286094e+03
 145.1422931,7.3277974e+03
 145.1627274,7.3259888e+03
 145.1831616,7.3264321e+03
 145.2035961,7.3252104e+03
 145.2240304,7.3202134e+03
 145.2444646,7.3214507e+03
 145.2648990,7.3198828e+03
 145.2853333,7.3210962e+03
 145.3057676,7.3238584e+03
 145.3262019,7.3213423e+03
 145.3466363,7.3228760e+03
 145.3670706,7.3208501e+03
 145.3875048,7.3193979e+03
 145.4079392,7.3248271e+03
 145.4283736,7.3305068e+03
 145.4488078,7.3236943e+03
 145.4692421,7.3191914e+03
 145.4896765,7.3318975e+03
 145.5101107,7.3292207e+03
 145.5305450,7.3264517e+03
 145.5509794,7.3228032e+03
 145.5714138,7.3265503e+03
 145.5918480,7.3263569e+03
 145.6122823,7.3256943e+03
 145.6327167,7.3271128e+03
 145.6531509,7.3307695e+03
 145.6735853,7.3256846e+03
 145.6940195,7.3220107e+03
 145.7144539,7.3232642e+03
 145.7348882,7.3226558e+03
 145.7553225,7.3213364e+03
 145.7757568,7.3271577e+03
 145.7961912,7.3266470e+03
 145.8166255,7.3350044e+03
 145.8370597,7.3224082e+03
 145.8574941,7.3210234e+03
 145.8779284,7.3218374e+03
 145.8983626,7.3263271e+03
 145.9187970,7.3271885e+03
 145.9392314,7.3281099e+03
 145.9596656,7.3271162e+03
 145.9800999,7.3249507e+03
 146.0005343,7.3296211e+03
 146.0209686,7.3287578e+03
 146.0414028,7.3287852e+03
 146.0618372,7.3273589e+03
 146.0822716,7.3260557e+03
 146.1027058,7.3263174e+03
 146.1231401,7.3244370e+03
 146.1435745,7.3231069e+03
 146.1640087,7.3283438e+03
 146.1844430,7.3268452e+03
 146.2048773,7.3186763e+03
 146.2253116,7.3244541e+03
 146.2457460,7.3286006e+03
 146.2661803,7.3252612e+03
 146.2866146,7.3275410e+03
 146.3070489,7.3327681e+03
 146.3274832,         null
 146.3479174,7.3336270e+03
 146.3683518,7.3249360e+03
 146.3887861,7.3248770e+03
 146.4092203,7.3236421e+03
 146.4296548,7.3284746e+03
 146.4500891,7.3262246e+03
 146.4705233,7.3282129e+03
 146.4909577,7.3294766e+03
 146.5113920,7.3277349e+03
 146.5318263,7.3272236e+03
 146.5522605,7.3216953e+03
 146.5726949,7.3238242e+03
 146.5931292,7.3252534e+03
 146.6135635,7.3253677e+03
 146.6339977,7.3219575e+03
 146.6544322,7.3234829e+03
 146.6748665,7.3289565e+03
 146.6953007,7.3245903e+03
 146.7157351,7.3190586e+03
 146.7361694,7.3204336e+03
 146.7566037,7.3270679e+03
 146.7770379,7.3243735e+03
 146.7974723,7.3261665e+03
 146.8179066,7.3280156e+03
 146.8383408,7.3291011e+03
 146.8587751,7.3239243e+03
 146.8792095,7.3251660e+03
 146.8996437,7.3208813e+03
 146.9200781,7.3235303e+03
 146.9405125,7.3325957e+03
 146.9609467,7.3306592e+03
 146.9813810,7.3298081e+03
 147.0018153,7.3284463e+03
 147.0222496,7.3297847e+03
 147.0426839,7.3251064e+03
 147.0631182,7.3260610e+03
 147.0835526,7.3260479e+03
 147.1039868,7.3290005e+03
 147.1244211,7.3342119e+03
 147.1448553,7.3247734e+03
 147.1652897,7.3303643e+03
 147.1857240,7.3279849e+03
 147.2061582,7.3300615e+03
 147.2265926,7.3340127e+03
 147.2470269,7.3311143e+03
 147.2674612,7.3258164e+03
 147.2878955,7.3247988e+03
 147.3083299,7.3259937e+03
 147.3287642,7.3263867e+03
 147.3491984,7.3353442e+03
 147.3696327,7.3329238e+03
 147.3900671,7.3291548e+03
 147.4105013,7.3247197e+03
 147.4309356,7.3306694e+03
 147.4513700,7.3351865e+03
 147.4718042,7.3233188e+03
 147.4922385,7.3337925e+03
 147.5126728,7.3311631e+03
 147.5331072,7.3293613e+03
 147.5535414,7.3395996e+03
 147.5739757,7.3284541e+03
 147.5944101,7.3254121e+03
 147.6148443,7.3348223e+03
 147.6352786,7.3330469e+03
 147.6557128,7.3323569e+03
 147.6761472,7.3343335e+03
 147.6965815,7.3290708e+03
 147.7170157,7.3341831e+03
 147.7374501,7.3264438e+03
 147.7578844,7.3257676e+03
 147.7783187,7.3214438e+03
 147.7987529,7.3277158e+03
 147.8191873,7.3255024e+03
 147.8396216,7.3329556e+03
 147.8600558,7.3324839e+03
 147.8804901,7.3323203e+03
 147.9009245,         null
 147.9213587,7.3299761e+03
 147.9417930,7.3301885e+03
 147.9622274,7.3310552e+03
 147.9826616,7.3309058e+03
 148.0030959,7.3284883e+03
 148.0235302,7.3245132e+03
 148.0439646,7.3311348e+03
 148.0643988,7.3244468e+03
 148.0848331,7.3260234e+03
 148.1052675,7.3333872e+03
 148.1257017,7.3302144e+03
 148.1461360,7.3350581e+03
 148.1665703,7.3307500e+03
 148.1870046,7.3293921e+03
 148.2074389,7.3284429e+03
 148.2278732,7.3317646e+03
 148.2483076,7.3294868e+03
 148.2687418,7.3258521e+03
 148.2891761,7.3302134e+03
 148.3096103,7.3297568e+03
 148.3300446,7.3316221e+03
 148.3504789,7.3345679e+03
 148.3709132,7.3341353e+03
 148.3913474,7.3313887e+03
 148.4117818,7.3256470e+03
 148.4322161,7.3289082e+03
 148.4526504,7.3403525e+03
 148.4730847,7.3333516e+03
 148.4935190,7.3251533e+03
 148.5139533,7.3373774e+03
 148.5343875,7.3288193e+03
 148.5548219,7.3319243e+03
 148.5752562,7.3283735e+03
 148.5956904,7.3307847e+03
 148.6161248,7.3295732e+03
 148.6365591,7.3259248e+03
 148.6569933,7.3313979e+03
 148.6774275,7.3337979e+03
 148.6978619,7.3315049e+03
 148.7182961,7.3289116e+03
 148.7387304,7.3296387e+03
 148.7591648,7.3309873e+03
 148.7795991,7.3260400e+03
 148.8000333,7.3317930e+03
 148.8204676,7.3262803e+03
 148.8409020,7.3275278e+03
 148.8613362,7.3313315e+03
 148.8817705,7.3365190e+03
 148.9022049,7.3341030e+03
 148.9226391,7.3335229e+03
 148.9430733,7.3263867e+03
 148.9635076,7.3280972e+03
 148.9839419,7.3321963e+03
 149.0043762,7.3306997e+03
 149.0248105,7.3329414e+03
 149.0452447,7.3335166e+03
 149.0656791,7.3278491e+03
 149.0861134,7.3318989e+03
 149.1065476,7.3341587e+03
 149.1269820,7.3306533e+03
 149.1474162,7.3354512e+03
 149.1678504,7.3367007e+03
 149.1882847,7.3251543e+03
 149.2087191,7.3267349e+03
 149.2291534,7.3271367e+03
 149.2495876,7.3299888e+03
 149.2700220,7.3324839e+03
 149.2904563,7.3278818e+03
 149.3108905,         null
 149.3313247,7.3286621e+03
 149.3517591,7.3374663e+03
 149.3721933,7.3317173e+03
 149.3926276,7.3250386e+03
 149.4130620,7.3313735e+03
 149.4334962,7.3312842e+03
 149.4539305,7.3383345e+03
 149.4743648,7.3375195e+03
 149.4947990,7.3259561e+03
 149.5152333,7.3309961e+03
 149.5356676,7.3335640e+03
 149.5561020,7.3334023e+03
 149.5765362,7.3283647e+03
 149.5969705,7.3336245e+03
 149.6174047,7.3258921e+03
 149.6378390,7.3313076e+03
 149.6582733,7.3324648e+03
 149.6787075,7.3342632e+03
 149.6991418,7.3313892e+03
 149.7195762,7.3376689e+03
 149.7400105,7.3367100e+03
 149.7604446,7.3287852e+03
 149.7808790,7.3283228e+03
 149.8013133,7.3334668e+03
 149.8217475,7.3261201e+03
 149.8421818,7.3289844e+03
 149.8626162,7.3302026e+03
 149.8830505,7.3308862e+03
 149.9034846,7.3327334e+03
 149.9239190,7.3257549e+03
 149.9443533,7.3385278e+03
 149.9647876,7.3380332e+03
 149.9852218,7.3303374e+03
 150.0056561,7.3338369e+03
 150.0260904,7.3284399e+03
 150.0465246,7.3287148e+03
 150.0669590,7.3312700e+03
 150.0873933,7.3267964e+03
 150.1078275,7.3391846e+03
 150.1282617,7.3276577e+03
 150.1486961,7.3298862e+03
 150.1691303,7.3280332e+03
 150.1895646,7.3314902e+03
 150.2099990,7.3313110e+03
 150.2304331,7.3338018e+03
 150.2508674,7.3282295e+03
 150.2713017,7.3264585e+03
 150.2917361,7.3334702e+03
 150.3121703,7.3241274e+03
 150.3326045,7.3296890e+03
 150.3530387,7.3323462e+03
 150.3734731,7.3335518e+03
 150.3939074,7.3356006e+03
 150.4143416,7.3339395e+03
 150.4347759,7.3306689e+03
 150.4552102,7.3414419e+03
 150.4756445,7.3253882e+03
 150.4960787,7.3332739e+03
 150.5165131,7.3311553e+03
 150.5369473,7.3242734e+03
 150.5573815,7.3333696e+03
 150.5778159,7.3327158e+03
 150.5982502,7.3337041e+03
 150.6186843,7.3247739e+03
 150.6391186,7.3279458e+03
 150.6595530,7.3346782e+03
 150.6799872,7.3380020e+03
 150.7004214,7.3359072e+03
 150.7208558,7.3357271e+03
 150.7412901,7.3305083e+03
 150.7617243,7.3298345e+03
 150.7821586,7.3275693e+03
 150.8025929,7.3267114e+03
 150.8230271,7.3297544e+03
 150.8434614,7.3336440e+03
 150.8638958,7.3331089e+03
 150.8843299,7.3421538e+03
 150.9047642,7.3306011e+03
 150.9251985,7.3384482e+03
 150.9456328,7.3359531e+03
 150.9660670,7.3337432e+03
 150.9865013,7.3341519e+03
 151.0069355,7.3297329e+03
 151.0273699,7.3327817e+03
 151.0478041,7.3318281e+03
 151.0682383,7.3318574e+03
 151.0886727,7.3329668e+03
 151.1091069,7.3357402e+03
 151.1295411,7.3333447e+03
 151.1499754,7.3329287e+03
 151.1704098,7.3382012e+03
 151.1908439,7.3241328e+03
 151.2112782,7.3319663e+03
 151.2317126,7.3327988e+03
 151.2521469,7.3356953e+03
 151.2725810,7.3254219e+03
 151.2930153,7.3310317e+03
 151.3134497,7.3341782e+03
 151.3338838,7.3278584e+03
 151.3543181,7.3285005e+03
 151.3747525,7.3302607e+03
 151.3951867,7.3333496e+03
 151.4156209,7.3250698e+03
 151.4360552,7.3330474e+03
 151.4564895,7.3326445e+03
 151.4769237,7.3344932e+03
 151.4973580,7.3279858e+03
 151.5177923,7.3347812e+03
 151.5382265,7.3281553e+03
 151.5586608,7.3303130e+03
 151.5790951,7.3290322e+03
 151.5995295,7.3286021e+03
 151.6199636,7.3361318e+03
 151.6403979,7.3300122e+03
 151.6608322,         null
 151.6812664,7.3317485e+03
 151.7017007,7.3287285e+03
 151.7221350,7.3282085e+03
 151.7425692,7.3372021e+03
 151.7630035,7.3318569e+03
 151.7834378,7.3331499e+03
 151.8038719,7.3334204e+03
 151.8243063,7.3379858e+03
 151.8447406,7.3383496e+03
 151.8651747,7.3293462e+03
 151.8856091,7.3320801e+03
 151.9060434,7.3316045e+03
 151.9264775,7.3402524e+03
 151.9469118,7.3324976e+03
 151.9673462,7.3299429e+03
 151.9877804,7.3313218e+03
 152.0082146,7.3306606e+03
 152.0286490,7.3390269e+03
 152.0490832,7.3356235e+03
 152.0695174,7.3322803e+03
 152.0899517,7.3365840e+03
 152.1103860,7.3348003e+03
 152.1308202,7.3317954e+03
 152.1512545,7.3308950e+03
 152.1716887,7.3286206e+03
 152.1921230,7.3305767e+03
 152.2125572,7.3293066e+03
 152.2329915,7.3301079e+03
 152.2534259,7.3294707e+03
 152.2738600,7.3321948e+03
 152.2942943,         null
 152.3147285,7.3319077e+03
 152.3351628,7.3306733e+03
 152.3555971,7.3295972e+03
 152.3760313,7.3312935e+03
 152.3964656,7.3358027e+03
 152.4168999,7.3282896e+03
 152.4373341,7.3368521e+03
 152.4577683,7.3298232e+03
 152.4782027,7.3252681e+03
 152.4986369,7.3368872e+03
 152.5190711,7.3232002e+03
 152.5395054,7.3247109e+03
 152.5599397,7.3346069e+03
 152.5803739,7.3288687e+03
 152.6008081,7.3309131e+03
 152.6212425,7.3299268e+03
 152.6416766,7.3366465e+03
 152.6621109,         null
 152.6825452,7.3371655e+03
 152.7029794,7.3361445e+03
 152.7234137,7.3330654e+03
 152.7438479,7.3366572e+03
 152.7642823,7.3259380e+03
 152.7847165,7.3256294e+03
 152.8051507,7.3304521e+03
 152.8255849,7.3321367e+03
 152.8460192,7.3299272e+03
 152.8664535,7.3425376e+03
 152.8868877,7.3327095e+03
 152.9073220,7.3289854e+03
 152.9277563,7.3308052e+03
 152.9481905,7.3354116e+03
 152.9686247,7.3279136e+03
 152.9890590,7.3326436e+03
 153.0094933,7.3375894e+03
 153.0299275,7.3311968e+03
 153.0503618,7.3305103e+03
 153.0707961,7.3368779e+03
 153.0912302,7.3295718e+03
 153.1116645,7.3286060e+03
 153.1320988,7.3271416e+03
 153.1525330,7.3286177e+03
 153.1729673,7.3332695e+03
 153.1934015,7.3285005e+03
 153.2138359,7.3385342e+03
 153.2342701,7.3280308e+03
 153.2547043,7.3308071e+03
 153.2751386,7.3358076e+03
 153.2955729,7.3327158e+03
 153.3160070,7.3393022e+03
 153.3364413,7.3363369e+03
 153.3568755,7.3340620e+03
 153.3773098,7.3291606e+03
 153.3977441,7.3321338e+03
 153.4181784,7.3231265e+03
 153.4386127,7.3315186e+03
 153.4590468,7.3335679e+03
 153.4794811,7.3339678e+03
 153.4999154,7.3256929e+03
 153.5203496,7.3298906e+03
 153.5407838,7.3255591e+03
 153.5612182,7.3350962e+03
 153.5816523,7.3338564e+03
 153.6020866,7.3331304e+03
 153.6225208,7.3275728e+03
 153.6429551,7.3321738e+03
 153.6633893,7.3292456e+03
 153.6838236,7.3323667e+03
 153.7042577,7.3322695e+03
 153.7246921,7.3369922e+03
 153.7451263,7.3409541e+03
 153.7655605,7.3364487e+03
 153.7859948,7.3354961e+03
 153.8064291,7.3316221e+03
 153.8268632,7.3406631e+03
 153.8472975,7.3408984e+03
 153.8677318,7.3322588e+03
 153.8881660,7.3314683e+03
 153.9086002,7.3337446e+03
 153.9290346,7.3304263e+03
 153.9494688,7.3266992e+03
 153.9699030,7.3393638e+03
 153.9903372,7.3362275e+03
 154.0107716,7.3309033e+03
 154.0312057,7.3310195e+03
 154.0516400,7.3318745e+03
 154.0720743,7.3369414e+03
 154.0925085,7.3284521e+03
 154.1129427,7.3326665e+03
 154.1333770,7.3279580e+03
 154.1538112,7.3341113e+03
 154.1742455,7.3357993e+03
 154.1946797,7.3261250e+03
 154.2151139,7.3325239e+03
 154.2355482,7.3292520e+03
 154.2559824,7.3420898e+03
 154.2764166,7.3293062e+03
 154.2968509,7.3357402e+03
 154.3172852,7.3289819e+03
 154.3377193,7.3395654e+03
 154.3581536,7.3296851e+03
 154.3785879,7.3297104e+03
 154.3990221,7.3323677e+03
 154.4194563,7.3381763e+03
 154.4398906,7.3410688e+03
 154.4603249,7.3372012e+03
 154.4807590,7.3299717e+03
 154.5011933,7.3360195e+03
 154.5216276,7.3314668e+03
 154.5420618,7.3313794e+03
 154.5624960,7.3385015e+03
 154.5829304,7.3316519e+03
 154.6033645,7.3315762e+03
 154.6237987,7.3314707e+03
 154.6442330,7.3322769e+03
 154.6646672,7.3334380e+03
 154.6851015,7.3412046e+03
 154.7055357,7.3315713e+03
 154.7259701,7.3364951e+03
 154.7464042,7.3348599e+03
 154.7668384,7.3365591e+03
 154.7872727,7.3368774e+03
 154.8077069,7.3346157e+03
 154.8281412,7.3346377e+03
 154.8485753,7.3307720e+03
 154.8690096,7.3359619e+03
 154.8894439,7.3397334e+03
 154.9098781,7.3335107e+03
 154.9303124,7.3316396e+03
 154.9507466,7.3354180e+03
 154.9711808,7.3292446e+03
 154.9916151,7.3316919e+03
 155.0120492,7.3375361e+03
 155.0324836,7.3382817e+03
 155.0529178,7.3368604e+03
 155.0733519,7.3323501e+03
 155.0937863,7.3344106e+03
 155.1142205,7.3322686e+03
 155.1346547,7.3369014e+03
 155.1550889,7.3352612e+03
 155.1755232,7.3348770e+03
 155.1959575,7.3334443e+03
 155.2163916,7.3331670e+03
 155.2368258,7.3339917e+03
 155.2572602,7.3342773e+03
 155.2776943,         null
 155.2981285,7.3384438e+03
 155.3185629,7.3285190e+03
 155.3389970,7.3353701e+03
 155.3594313,7.3339438e+03
 155.3798655,7.3309512e+03
 155.4002997,7.3345234e+03
 155.4207340,7.3273452e+03
 155.4411682,7.3352788e+03
 155.4616025,7.3307954e+03
 155.4820367,7.3327842e+03
 155.5024709,7.3370601e+03
 155.5229050,7.3364858e+03
 155.5433394,7.3365303e+03
 155.5637736,         null
 155.5842077,7.3403457e+03
 155.6046421,7.3375522e+03
 155.6250763,7.3428169e+03
 155.6455105,7.3279429e+03
 155.6659447,7.3305220e+03
 155.6863790,7.3356519e+03
 155.7068132,7.3289541e+03
 155.7272474,7.3364336e+03
 155.7476816,7.3312637e+03
 155.7681159,7.3342891e+03
 155.7885501,7.3286768e+03
 155.8089843,7.3298193e+03
 155.8294186,7.3353486e+03
 155.8498528,7.3339438e+03
 155.8702870,7.3326782e+03
 155.8907212,7.3371260e+03
 155.9111556,7.3320654e+03
 155.9315897,7.3383467e+03
 155.9520239,7.3276641e+03
 155.9724583,7.3315015e+03
 155.9928924,7.3298154e+03
 156.0133266,7.3340513e+03
 156.0337607,7.3328599e+03
 156.0541951,7.3363071e+03
 156.0746293,7.3278066e+03
 156.0950635,7.3338120e+03
 156.1154978,7.3406035e+03
 156.1359320,7.3327642e+03
 156.1563662,7.3271797e+03
 156.1768004,7.3374229e+03
 156.1972347,7.3311494e+03
 156.2176689,7.3383613e+03
 156.2381030,7.3223931e+03
 156.2585373,7.3351362e+03
 156.2789716,7.3381074e+03
 156.2994057,7.3292822e+03
 156.3198399,7.3322256e+03
 156.3402743,7.3312656e+03
 156.3607084,7.3381689e+03
 156.3811426,7.3308193e+03
 156.4015769,7.3258496e+03
 156.4220112,7.3401367e+03
 156.4424453,7.3294800e+03
 156.4628795,7.3337935e+03
 156.4833139,7.3269380e+03
 156.5037480,7.3310273e+03
 156.5241822,7.3296211e+03
 156.5446164,7.3379473e+03
 156.5650507,7.3289165e+03
 156.5854849,7.3387383e+03
 156.6059191,7.3305386e+03
 156.6263533,7.3369941e+03
 156.6467876,7.3288198e+03
 156.6672218,7.3280435e+03
 156.6876560,7.3352236e+03
 156.7080902,7.3286890e+03
 156.7285245,7.3363125e+03
 156.7489587,7.3621680e+03
 156.7693928,7.3340215e+03
 156.7898271,7.3292422e+03
 156.8102613,7.3344551e+03
 156.8306956,7.3302373e+03
 156.8511298,7.3281929e+03
 156.8715640,7.3343037e+03
 156.8919982,7.3268867e+03
 156.9124324,7.3328765e+03
 156.9328667,7.3258027e+03
 156.9533009,7.3273350e+03
 156.9737350,7.3380557e+03
 156.9941693,7.3266187e+03
 157.0146036,7.3292920e+03
 157.0350377,7.3304307e+03
 157.0554719,7.3359023e+03
 157.0759062,7.3288574e+03
 157.0963403,7.3330693e+03
 157.1167746,7.3337012e+03
 157.1372089,7.3314365e+03
 157.1576431,7.3372183e+03
 157.1780772,7.3255947e+03
 157.1985114,7.3274985e+03
 157.2189458,7.3246953e+03
 157.2393799,7.3331660e+03
 157.2598141,7.3282988e+03
 157.2802483,7.3295620e+03
 157.3006825,7.3312207e+03
 157.3211168,7.3271768e+03
 157.3415510,7.3425747e+03
 157.3619852,7.3325908e+03
 157.3824194,7.3250835e+03
 157.4028536,7.3319189e+03
 157.4232877,7.3320176e+03
 157.4437221,7.3357358e+03
 157.4641563,7.3350752e+03
 157.4845904,7.3327256e+03
 157.5050247,7.3270889e+03
 157.5254589,7.3317578e+03
 157.5458930,7.3323311e+03
 157.5663273,7.3185596e+03
 157.5867616,7.3309341e+03
 157.6071957,7.3285044e+03
 157.6276299,7.3346558e+03
 157.6480642,7.3301401e+03
 157.6684984,7.3328359e+03
 157.6889325,7.3348926e+03
 157.7093668,7.3308677e+03
 157.7298011,7.3678091e+03
 157.7502352,7.3250791e+03
 157.7706694,7.3276045e+03
 157.7911037,7.3284746e+03
 157.8115378,7.3233564e+03
 157.8319720,7.3320566e+03
 157.8524063,7.3306855e+03
 157.8728405,7.3276724e+03
 157.8932747,7.3289824e+03
 157.9137089,7.3274795e+03
 157.9341430,7.3348203e+03
 157.9545773,7.3351284e+03
 157.9750115,7.3337871e+03
 157.9954456,7.3262554e+03
 158.0158800,7.3368652e+03
 158.0363142,7.3303623e+03
 158.0567483,7.3368027e+03
 158.0771825,7.3266494e+03
 158.0976168,7.3278213e+03
 158.1180510,7.3272388e+03
 158.1384851,7.3282480e+03
 158.1589194,7.3252671e+03
 158.1793536,7.3442832e+03
 158.1997877,7.3272500e+03
 158.2202220,7.3261235e+03
 158.2406563,7.3330210e+03
 158.2610904,         null
 158.2815246,7.3263818e+03
 158.3019589,7.3278154e+03
 158.3223931,7.3379360e+03
 158.3428272,7.3366587e+03
 158.3632614,7.3297588e+03
 158.3836957,7.3292358e+03
 158.4041299,7.3329639e+03
 158.4245640,7.3273774e+03
 158.4449983,7.3276807e+03
 158.4654326,7.3298232e+03
 158.4858667,7.3258662e+03
 158.5063009,7.3317524e+03
 158.5267352,7.3315078e+03
 158.5471693,7.3347773e+03
 158.5676035,7.3301816e+03
 158.5880377,7.3281465e+03
 158.6084719,7.3319653e+03
 158.6289061,7.3281445e+03
 158.6493403,7.3328950e+03
 158.6697746,7.3304390e+03
 158.6902087,7.3313555e+03
 158.7106429,7.3318047e+03
 158.7310770,7.3278604e+03
 158.7515113,7.3296401e+03
 158.7719455,7.3310723e+03
 158.7923797,7.3306348e+03
 158.8128140,7.3336348e+03
 158.8332482,7.3333755e+03
 158.8536824,7.3280288e+03
 158.8741165,7.3349971e+03
 158.8945508,7.3203047e+03
 158.9149850,7.3320767e+03
 158.9354191,7.3279370e+03
 158.9558534,7.3295947e+03
 158.9762876,7.3356382e+03
 158.9967217,7.3342129e+03
 159.0171559,7.3283584e+03
 159.0375902,7.3208784e+03
 159.0580243,7.3310181e+03
 159.0784585,7.3313218e+03
 159.0988927,7.3322378e+03
 159.1193270,7.3324258e+03
 159.1397611,7.3310952e+03
 159.1601953,7.3282939e+03
 159.1806296,7.3323213e+03
 159.2010637,7.3276841e+03
 159.2214979,7.3332036e+03
 159.2419320,7.3305088e+03
 159.2623663,7.3353354e+03
 159.2828005,7.3256919e+03
 159.3032347,7.3318154e+03
 159.3236689,7.3312471e+03
 159.3441031,7.3270239e+03
 159.3645373,7.3297202e+03
 159.3849714,7.3285327e+03
 159.4054057,7.3296191e+03
 159.4258399,7.3284541e+03
 159.4462740,7.3326797e+03
 159.4667083,7.3272827e+03
 159.4871425,7.3280449e+03
 159.5075766,7.3332334e+03
 159.5280108,7.3335435e+03
 159.5484451,7.3264692e+03
 159.5688792,7.3260581e+03
 159.5893134,7.3296479e+03
 159.6097475,7.3304487e+03
 159.6301818,7.3247500e+03
 159.6506159,7.3326914e+03
 159.6710501,7.3273003e+03
 159.6914844,7.3354341e+03
 159.7119185,7.3301841e+03
 159.7323527,7.3241865e+03
 159.7527869,7.3233540e+03
 159.7732211,7.3309863e+03
 159.7936553,7.3313076e+03
 159.8140895,7.3334160e+03
 159.8345237,7.3279399e+03
 159.8549579,7.3241494e+03
 159.8753921,7.3282900e+03
 159.8958262,7.3247158e+03
 159.9162605,7.3253647e+03
 159.9366947,7.3266206e+03
 159.9571289,7.3270298e+03
 159.9775630,7.3270820e+03
 159.9979972,7.3222788e+03
 160.0184314,7.3303398e+03
 160.0388656,7.3263447e+03
 160.0592998,7.3297104e+03
 160.0797340,7.3241021e+03
 160.1001682,7.3317197e+03
 160.1206023,7.3306040e+03
 160.1410366,7.3259312e+03
 160.1614708,7.3236641e+03
 160.1819049,7.3266025e+03
 160.2023391,7.3302593e+03
 160.2227733,7.3236255e+03
 160.2432074,7.3232031e+03
 160.2636416,7.3264673e+03
 160.2840759,7.3227573e+03
 160.3045100,7.3215005e+03
 160.3249442,7.3307773e+03
 160.3453785,7.3291724e+03
 160.3658127,7.3252441e+03
 160.3862468,7.3317192e+03
 160.4066809,7.3283452e+03
 160.4271152,7.3276455e+03
 160.4475493,7.3231699e+03
 160.4679835,7.3233604e+03
 160.4884178,7.3230210e+03
 160.5088519,7.3249648e+03
 160.5292861,7.3245894e+03
 160.5497203,7.3281567e+03
 160.5701544,7.3222710e+03
 160.5905886,7.3313052e+03
 160.6110228,7.3270918e+03
 160.6314569,7.3287842e+03
 160.6518912,7.3265269e+03
 160.6723254,7.3319111e+03
 160.6927595,7.3288882e+03
 160.7131937,7.3286426e+03
 160.7336279,7.3263940e+03
 160.7540620,7.3412432e+03
 160.7744962,7.3251284e+03
 160.7949305,7.3252822e+03
 160.8153647,7.3254995e+03
 160.8357987,7.3286343e+03
 160.8562330,7.3259282e+03
 160.8766672,7.3276484e+03
 160.8971013,7.3267275e+03
 160.9175355,7.3316187e+03
 160.9379698,7.3281138e+03
 160.9584038,7.3359766e+03
 160.9788380,7.3308491e+03
 160.9992723,7.3286255e+03
 161.0197064,7.3303403e+03
 161.0401406,7.3225815e+03
 161.0605748,7.3323628e+03
 161.0810089,7.3344854e+03
 161.1014431,7.3295835e+03
 161.1218773,7.3238799e+03
 161.1423116,7.3276836e+03
 161.1627457,7.3218608e+03
 161.1831798,7.3324795e+03
 161.2036139,7.3257407e+03
 161.2240482,7.3253027e+03
 161.2444824,         null
 161.2649166,7.3284121e+03
 161.2853506,7.3208828e+03
 161.3057849,7.3315322e+03
 161.3262191,7.3247871e+03
 161.3466532,7.3307476e+03
 161.3670875,7.3298467e+03
 161.3875216,7.3313809e+03
 161.4079557,7.3289829e+03
 161.4283899,7.3275078e+03
 161.4488242,7.3264810e+03
 161.4692583,7.3332339e+03
 161.4896924,7.3250474e+03
 161.5101267,7.3240752e+03
 161.5305608,7.3288862e+03
 161.5509950,7.3273262e+03
 161.5714291,7.3348218e+03
 161.5918634,7.3241655e+03
 161.6122975,7.3255679e+03
 161.6327317,7.3258218e+03
 161.6531659,7.3261172e+03
 161.6736001,7.3332266e+03
 161.6940342,7.3307427e+03
 161.7144684,7.3334717e+03
 161.7349026,7.3280093e+03
 161.7553367,7.3341733e+03
 161.7757709,7.3302202e+03
 161.7962051,7.3323877e+03
 161.8166392,7.3296782e+03
 161.8370734,7.3379688e+03
 161.8575076,7.3255854e+03
 161.8779419,7.3306323e+03
 161.8983759,7.3463823e+03
 161.9188101,7.3307998e+03
 161.9392442,7.3345127e+03
 161.9596785,7.3311157e+03
 161.9801126,7.3319512e+03
 162.0005468,7.3355977e+03
 162.0209810,7.3251724e+03
 162.0414151,7.3306416e+03
 162.0618493,7.3359404e+03
 162.0822834,7.3324419e+03
 162.1027177,7.3330903e+03
 162.1231518,7.3263423e+03
 162.1435859,7.3358438e+03
 162.1640202,7.3351670e+03
 162.1844543,7.3348857e+03
 162.2048884,7.3340928e+03
 162.2253226,7.3276548e+03
 162.2457569,7.3292754e+03
 162.2661909,7.3363428e+03
 162.2866251,7.3366084e+03
 162.3070594,7.3328438e+03
 162.3274935,7.3310264e+03
 162.3479276,7.3306450e+03
 162.3683618,7.3286958e+03
 162.3887960,7.3281753e+03
 162.4092301,7.3265615e+03
 162.4296643,7.3267891e+03
 162.4500983,7.3336538e+03
 162.4705326,7.3362915e+03
 162.4909668,7.3360073e+03
 162.5114003,7.3338550e+03
 162.5318346,7.3282705e+03
 162.5522687,7.3264800e+03
 162.5727028,7.3321973e+03
 162.5931370,7.3298740e+03
 162.6135713,7.3306670e+03
 162.6340053,7.3354849e+03
 162.6544395,7.3279146e+03
 162.6748738,7.3413916e+03
 162.6953078,7.3325234e+03
 162.7157420,7.3399585e+03
 162.7361762,7.3360586e+03
 162.7566103,7.3368491e+03
 162.7770445,7.3317407e+03
 162.7974787,7.3315669e+03
 162.8179128,7.3354917e+03
 162.8383470,7.3299736e+03
 162.8587812,7.3300352e+03
 162.8792152,7.3366719e+03
 162.8996495,7.3351079e+03
 162.9200836,7.3385356e+03
 162.9405177,7.3293213e+03
 162.9609519,7.3373413e+03
 162.9813861,7.3346411e+03
 163.0018202,7.3273599e+03
 163.0222544,7.3478867e+03
 163.0426886,7.3386475e+03
 163.0631228,7.3303213e+03
 163.0835568,7.3315156e+03
 163.1039910,7.3365693e+03
 163.1244253,7.3285015e+03
 163.1448593,7.3340190e+03
 163.1652935,7.3341807e+03
 163.1857278,7.3281685e+03
 163.2061618,7.3328916e+03
 163.2265960,7.3350601e+03
 163.2470301,7.3315210e+03
 163.2674643,7.3311211e+03
 163.2878984,7.3359785e+03
 163.3083326,7.3345400e+03
 163.3287669,7.3284697e+03
 163.3492009,7.3289370e+03
 163.3696351,7.3312021e+03
 163.3900691,7.3404062e+03
 163.4105034,7.3282280e+03
 163.4309376,7.3303706e+03
 163.4513716,7.3320610e+03
 163.4718059,7.3293633e+03
 163.4922400,7.3312632e+03
 163.5126742,7.3256147e+03
 163.5331082,7.3348706e+03
 163.5535425,7.3293369e+03
 163.5739767,7.3332861e+03
 163.5944107,7.3332466e+03
 163.6148449,7.3343833e+03
 163.6352791,7.3316157e+03
 163.6557132,7.3347480e+03
 163.6761473,7.3377129e+03
 163.6965816,7.3331143e+03
 163.7170156,7.3343926e+03
 163.7374498,7.3350493e+03
 163.7578840,7.3324375e+03
 163.7783181,7.3330986e+03
 163.7987523,7.3330518e+03
 163.8191864,7.3350161e+03
 163.8396207,7.3279673e+03
 163.8600547,7.3300229e+03
 163.8804889,7.3345444e+03
 163.9009229,7.3286108e+03
 163.9213572,7.3317676e+03
 163.9417913,7.3313618e+03
 163.9622255,7.3240688e+03
 163.9826596,7.3305532e+03
 164.0030938,7.3359424e+03
 164.0235279,7.3350957e+03
 164.0439620,7.3294287e+03
 164.0643962,7.3308135e+03
 164.0848304,7.3296611e+03
 164.1052645,7.3331685e+03
 164.1256986,7.3315454e+03
 164.1461328,7.3410591e+03
 164.1665669,7.3365024e+03
 164.1870010,7.3350366e+03
 164.2074353,7.3325596e+03
 164.2278694,         null
 164.2483035,7.3299683e+03
 164.2687376,7.3281182e+03
 164.2891718,7.3325054e+03
 164.3096059,7.3338330e+03
 164.3300401,7.3375811e+03
 164.3504743,7.3329746e+03
 164.3709085,7.3364927e+03
 164.3913425,7.3329014e+03
 164.4117767,7.3335586e+03
 164.4322108,7.3319053e+03
 164.4526450,7.3258335e+03
 164.4730791,7.3252485e+03
 164.4935134,7.3325762e+03
 164.5139474,7.3346377e+03
 164.5343816,7.3323037e+03
 164.5548157,7.3388408e+03
 164.5752499,7.3266455e+03
 164.5956840,7.3290986e+03
 164.6161181,7.3380249e+03
 164.6365522,7.3355410e+03
 164.6569864,7.3311636e+03
 164.6774206,7.3344023e+03
 164.6978547,7.3346001e+03
 164.7182889,7.3317134e+03
 164.7387230,7.3306543e+03
 164.7591572,7.3350459e+03
 164.7795912,7.3348247e+03
 164.8000254,7.3321172e+03
 164.8204596,7.3381533e+03
 164.8408936,7.3340142e+03
 164.8613279,7.3387441e+03
 164.8817620,7.3298721e+03
 164.9021961,7.3285264e+03
 164.9226302,7.3383799e+03
 164.9430644,7.3355498e+03
 164.9634985,7.3329429e+03
 164.9839326,7.3376582e+03
