        TIME,  PDCSAP_FLUX
 131.5121755,1.5620542e+04
 131.5326098,1.5625913e+04
 131.5530440,1.5621891e+04
 131.5734780,1.5614976e+04
 131.5939122,1.5608447e+04
 131.6143465,1.5623043e+04
 131.6347806,1.5622288e+04
 131.6552148,1.5614315e+04
 131.6756491,1.5629258e+04
 131.6960833,1.5615605e+04
 131.7165174,1.5605976e+04
 131.7369515,1.5612423e+04
 131.7573858,1.5615029e+04
 131.7778199,1.5626083e+04
 131.7982541,1.5625145e+04
 131.8186884,1.5616832e+04
 131.8391225,1.5623559e+04
 131.8595567,1.5615199e+04
 131.8799909,1.5625335e+04
 131.9004250,1.5623513e+04
 131.9208592,1.5610927e+04
 131.9412934,1.5615240e+04
 131.9617276,1.5618115e+04
 131.9821618,1.5625248e+04
 132.0025960,1.5617573e+04
 132.0230301,1.5619074e+04
 132.0434643,1.5607722e+04
 132.0638985,1.5623135e+04
 132.0843326,1.5626453e+04
 132.1047668,1.5628482e+04
 132.1252011,1.5616385e+04
 132.1456352,1.5620452e+04
 132.1660694,1.5605464e+04
 132.1865036,1.5610287e+04
 132.2069378,1.5621879e+04
 132.2273719,1.5619959e+04
 132.2478061,1.5598378e+04
 132.2682404,1.5623981e+04
 132.2886745,1.5620896e+04
 132.3091087,1.5617433e+04
 132.3295429,1.5607064e+04
 132.3499770,1.5616647e+04
 132.3704112,1.5629907e+04
 132.3908454,1.5625522e+04
 132.4112796,1.5603866e+04
 132.4317138,1.5616703e+04
 132.4521479,1.5631963e+04
 132.4725822,1.5620900e+04
 132.4930163,1.5725227e+04
 132.5134505,1.5602388e+04
 132.5338846,1.5619395e+04
 132.5543189,1.5608550e+04
 132.5747531,1.5628305e+04
 132.5951871,1.5624260e+04
 132.6156214,1.5613793e+04
 132.6360556,1.5619146e+04
 132.6564898,1.5607478e+04
 132.6769239,1.5622410e+04
 132.6973582,1.5611156e+04
 132.7177923,1.5622066e+04
 132.7382264,1.5608133e+04
 132.7586607,1.5623223e+04
 132.7790949,1.5611999e+04
 132.7995290,1.5622458e+04
 132.8199632,1.5611885e+04
 132.8403975,1.5626915e+04
 132.8608315,1.5614778e+04
 132.8812657,1.5616291e+04
 132.9017000,1.5599946e+04
 132.9221341,1.5613042e+04
 132.9425683,1.5614379e+04
 132.9630025,1.5609844e+04
 132.9834367,1.5628324e+04
 133.0038708,1.5620434e+04
 133.0243050,1.5614964e+04
 133.0447392,1.5627553e+04
 133.0651734,1.5615066e+04
 133.0856076,1.5625830e+04
 133.1060417,1.5630378e+04
 133.1264759,1.5618355e+04
 133.1469101,1.5637468e+04
 133.1673443,1.5621052e+04
 133.1877785,1.5628554e+04
 133.2082128,1.5634520e+04
 133.2286468,1.5614460e+04
 133.2490810,1.5623541e+04
 133.2695152,1.5614521e+04
 133.2899494,1.5617446e+04
 133.3103836,1.5621524e+04
 133.3308177,1.5621641e+04
 133.3512519,1.5619289e+04
 133.3716861,1.5618980e+04
 133.3921203,1.5612661e+04
 133.4125545,1.5623434e+04
 133.4329887,1.5612401e+04
 133.4534229,1.5622992e+04
 133.4738569,1.5617582e+04
 133.4942912,1.5616755e+04
 133.5147254,1.5621436e+04
 133.5351595,1.5612304e+04
 133.5555938,1.5619889e+04
 133.5760279,1.5615934e+04
 133.5964620,1.5623469e+04
 133.6168962,1.5628892e+04
 133.6373305,1.5620505e+04
 133.6577647,1.5623952e+04
 133.6781988,1.5622093e+04
 133.6986330,1.5639470e+04
 133.7190672,1.5616878e+04
 133.7395013,1.5612811e+04
 133.7599355,1.5638835e+04
 133.7803698,1.5614866e+04
 133.8008038,1.5621568e+04
 133.8212380,1.5624113e+04
 133.8416722,1.5608287e+04
 133.8621064,1.5619960e+04
 133.8825406,1.5608952e+04
 133.9029748,1.5641254e+04
 133.9234089,1.5612891e+04
 133.9438431,1.5634396e+04
 133.9642773,1.5626999e+04
 133.9847114,1.5609937e+04
 134.0051457,1.5619879e+04
 134.0255798,1.5625103e+04
 134.0460139,1.5634150e+04
 134.0664482,1.5620177e+04
 134.0868824,1.5614559e+04
 134.1073165,1.5611408e+04
 134.1277506,1.5618224e+04
 134.1481849,1.5617612e+04
 134.1686191,1.5638150e+04
 134.1890532,1.5614845e+04
 134.2094875,1.5624493e+04
 134.2299216,1.5632535e+04
 134.2503557,1.5617777e+04
 134.2707899,1.5638542e+04
 134.2912242,1.5616339e+04
 134.3116583,1.5613850e+04
 134.3320924,1.5603443e+04
 134.3525267,1.5619740e+04
 134.3729608,1.5627035e+04
 134.3933950,         null
 134.4138292,1.5612600e+04
 134.4342633,1.5611251e+04
 134.4546975,1.5624152e+04
 134.4751317,1.5624518e+04
 134.4955660,1.5626211e+04
 134.5160001,1.5620105e+04
 134.5364342,1.5623938e+04
 134.5568683,1.5618546e+04
 134.5773026,1.5623086e+04
 134.5977368,1.5616118e+04
 134.6181709,1.5615020e+04
 134.6386050,1.5610669e+04
 134.6590393,1.5618247e+04
 134.6794735,1.5615011e+04
 134.6999077,1.5611525e+04
 134.7203419,1.5625537e+04
 134.7407760,1.5636101e+04
 134.7612101,1.5625061e+04
 134.7816443,1.5617725e+04
 134.8020786,1.5614049e+04
 134.8225128,1.5620971e+04
 134.8429468,1.5606432e+04
 134.8633811,1.5618382e+04
 134.8838153,1.5625786e+04
 134.9042495,1.5621027e+04
 134.9246835,1.5607761e+04
 134.9451178,1.5648712e+04
 134.9655520,1.5620474e+04
 134.9859861,1.5613339e+04
 135.0064204,1.5622945e+04
 135.0268545,1.5618118e+04
 135.0472886,1.5611527e+04
 135.0677228,1.5618787e+04
 135.0881571,1.5609894e+04
 135.1085911,1.5623989e+04
 135.1290253,1.5606496e+04
 135.1494596,1.5627097e+04
 135.1698938,1.5611500e+04
 135.1903279,1.5616393e+04
 135.2107620,1.5616170e+04
 135.2311963,1.5616168e+04
 135.2516304,1.5610319e+04
 135.2720646,1.5634723e+04
 135.2924986,1.5615742e+04
 135.3129329,1.5619227e+04
 135.3333671,1.5622357e+04
 135.3538012,1.5620135e+04
 135.3742355,1.5616515e+04
 135.3946696,1.5622305e+04
 135.4151038,1.5622306e+04
 135.4355379,1.5618407e+04
 135.4559722,1.5618289e+04
 135.4764063,1.5620072e+04
 135.4968404,1.5617976e+04
 135.5172747,1.5620209e+04
 135.5377089,1.5631094e+04
 135.5581429,1.5605587e+04
 135.5785771,1.5614840e+04
 135.5990114,1.5623168e+04
 135.6194455,1.5615123e+04
 135.6398797,1.5612941e+04
 135.6603139,1.5627416e+04
 135.6807481,1.5614765e+04
 135.7011822,1.5604837e+04
 135.7216164,1.5620263e+04
 135.7420506,1.5619509e+04
 135.7624847,1.5612395e+04
 135.7829189,1.5613780e+04
 135.8033532,1.5610554e+04
 135.8237872,1.5609347e+04
 135.8442214,1.5610303e+04
 135.8646556,1.5614264e+04
 135.8850898,1.5616090e+04
 135.9055239,1.5602034e+04
 135.9259581,1.5611734e+04
 135.9463922,1.5622393e+04
 135.9668265,1.5614267e+04
 135.9872606,1.5604270e+04
 136.0076947,1.5614341e+04
 136.0281290,1.5619812e+04
 136.0485632,1.5616434e+04
 136.0689972,1.5614239e+04
 136.0894314,1.5609984e+04
 136.1098657,1.5604047e+04
 136.1302999,1.5624058e+04
 136.1507339,1.5617349e+04
 136.1711682,1.5607852e+04
 136.1916024,1.5609884e+04
 136.2120365,1.5611517e+04
 136.2324706,1.5611603e+04
 136.2529049,1.5614074e+04
 136.2733390,1.5614655e+04
 136.2937732,1.5622755e+04
 136.3142074,1.5637250e+04
 136.3346415,1.5607060e+04
 136.3550757,1.5607664e+04
 136.3755099,1.5614669e+04
 136.3959440,1.5608523e+04
 136.4163782,1.5616523e+04
 136.4368124,1.5607642e+04
 136.4572467,1.5599996e+04
 136.4776807,1.5604465e+04
 136.4981149,1.5619340e+04
 136.5185491,1.5619439e+04
 136.5389833,1.5613548e+04
 136.5594174,1.5609112e+04
 136.5798516,1.5617989e+04
 136.6002858,1.5613890e+04
 136.6207199,1.5619278e+04
 136.6411541,1.5605783e+04
 136.6615883,1.5610605e+04
 136.6820225,1.5606105e+04
 136.7024566,1.5613659e+04
 136.7228908,1.5612340e+04
 136.7433249,1.5617758e+04
 136.7637592,1.5616139e+04
 136.7841933,1.5617630e+04
 136.8046274,1.5624892e+04
 136.8250617,1.5611635e+04
 136.8454958,1.5622451e+04
 136.8659300,1.5609147e+04
 136.8863641,1.5613537e+04
 136.9067984,1.5618761e+04
 136.9272325,1.5623043e+04
 136.9476666,1.5614055e+04
 136.9681009,1.5616310e+04
 136.9885351,1.5614437e+04
 137.0089691,1.5626016e+04
 137.0294033,1.5604216e+04
 137.0498376,1.5607584e+04
 137.0702716,1.5600302e+04
 137.0907058,1.5614992e+04
 137.1111401,1.5614954e+04
 137.1315742,1.5610210e+04
 137.1520083,1.5611305e+04
 137.1724425,1.5609507e+04
 137.1928768,1.5618669e+04
 137.2133108,1.5611779e+04
 137.2337450,1.5617611e+04
 137.2541791,1.5622710e+04
 137.2746134,1.5609385e+04
 137.2950475,1.5612924e+04
 137.3154816,1.5605096e+04
 137.3359159,1.5622132e+04
 137.3563500,1.5599878e+04
 137.3767842,         null
 137.3972183,1.5621448e+04
 137.4176526,1.5609794e+04
 137.4380867,1.5615970e+04
 137.4585208,1.5617868e+04
 137.4789551,1.5627983e+04
 137.4993892,1.5628612e+04
 137.5198233,1.5619871e+04
 137.5402575,1.5619514e+04
 137.5606918,1.5610211e+04
 137.5811258,1.5612195e+04
 137.6015600,1.5622319e+04
 137.6219943,1.5603290e+04
 137.6424284,1.5609374e+04
 137.6628625,1.5618112e+04
 137.6832967,1.5600566e+04
 137.7037309,1.5604820e+04
 137.7241650,1.5611723e+04
 137.7445992,1.5606738e+04
 137.7650335,1.5625882e+04
 137.7854675,1.5617801e+04
 137.8059017,1.5612785e+04
 137.8263358,1.5607302e+04
 137.8467700,1.5615571e+04
 137.8672042,1.5597644e+04
 137.8876384,1.5610927e+04
 137.9080724,1.5618977e+04
 137.9285067,1.5607118e+04
 137.9489409,1.5610584e+04
 137.9693749,1.5609591e+04
 137.9898092,1.5620905e+04
 138.0102434,1.5610410e+04
 138.0306775,1.5612364e+04
 138.0511116,1.5615463e+04
 138.0715459,1.5613689e+04
 138.0919801,1.5591878e+04
 138.1124141,1.5575511e+04
 138.1328484,1.5588436e+04
 138.1532826,1.5574925e+04
 138.1737166,1.5581491e+04
 138.1941508,1.5574879e+04
 138.2145851,1.5577702e+04
 138.2350192,1.5568910e+04
 138.2554533,1.5588001e+04
 138.2758876,1.5578260e+04
 138.2963217,1.5570231e+04
 138.3167558,1.5572936e+04
 138.3371900,1.5571557e+04
 138.3576242,1.5573012e+04
 138.3780584,1.5578052e+04
 138.3984925,1.5572829e+04
 138.4189268,1.5583423e+04
 138.4393609,1.5581070e+04
 138.4597950,1.5591987e+04
 138.4802292,1.5588594e+04
 138.5006634,1.5595556e+04
 138.5210975,1.5615432e+04
 138.5415317,1.5616776e+04
 138.5619658,1.5619890e+04
 138.5824000,1.5623409e+04
 138.6028342,1.5611640e+04
 138.6232683,1.5619325e+04
 138.6437025,1.5611230e+04
 138.6641367,1.5620964e+04
 138.6845708,1.5628746e+04
 138.7050049,1.5618202e+04
 138.7254392,1.5623191e+04
 138.7458733,1.5620854e+04
 138.7663074,1.5615066e+04
 138.7867417,1.5620989e+04
 138.8071758,1.5611807e+04
 138.8276099,1.5616641e+04
 138.8480441,1.5611100e+04
 138.8684783,1.5610388e+04
 138.8889125,1.5625226e+04
 138.9093466,1.5610088e+04
 138.9297808,1.5613305e+04
 138.9502150,1.5608926e+04
 138.9706490,1.5613033e+04
 138.9910832,1.5608901e+04
 139.0115175,1.5626465e+04
 139.0319515,1.5611546e+04
 139.0523857,1.5609080e+04
 139.0728200,1.5602068e+04
 139.0932540,1.5608241e+04
 139.1136882,1.5618619e+04
 139.1341224,1.5616599e+04
 139.1545565,1.5619055e+04
 139.1749907,1.5618374e+04
 139.1954249,1.5609183e+04
 139.2158589,1.5626284e+04
 139.2362932,1.5622748e+04
 139.2567274,1.5610609e+04
 139.2771614,1.5614797e+04
 139.2975957,1.5609144e+04
 139.3180299,1.5608767e+04
 139.3384640,1.5624210e+04
 139.3588981,1.5609809e+04
 139.3793323,1.5612633e+04
 139.3997665,1.5609016e+04
 139.4202006,1.5618065e+04
 139.4406348,1.5608083e+04
 139.4610690,1.5609521e+04
 139.4815031,1.5611474e+04
 139.5019372,1.5606459e+04
 139.5223715,1.5612948e+04
 139.5428056,1.5615810e+04
 139.5632397,1.5602005e+04
 139.5836740,1.5617205e+04
 139.6041081,1.5613544e+04
 139.6245422,1.5620536e+04
 139.6449764,1.5605720e+04
 139.6654106,1.5616714e+04
 139.6858447,1.5614578e+04
 139.7062789,1.5605333e+04
 139.7267130,1.5621174e+04
 139.7471472,1.5603703e+04
 139.7675814,1.5622837e+04
 139.7880155,1.5595980e+04
 139.8084497,1.5612974e+04
 139.8288838,1.5604603e+04
 139.8493180,1.5606896e+04
 139.8697522,1.5601230e+04
 139.8901863,1.5613066e+04
 139.9106205,1.5614824e+04
 139.9310547,1.5611594e+04
 139.9514889,1.5608559e+04
 139.9719230,1.5618892e+04
 139.9923571,1.5609998e+04
 140.0127912,1.5621393e+04
 140.0332255,1.5613975e+04
 140.0536596,1.5608083e+04
 140.0740938,1.5611882e+04
 140.0945280,1.5613321e+04
 140.1149621,1.5612719e+04
 140.1353963,1.5613520e+04
 140.1558303,1.5608733e+04
 140.1762646,1.5602367e+04
 140.1966988,1.5608683e+04
 140.2171328,1.5605966e+04
 140.2375671,1.5616820e+04
 140.2580012,1.5619559e+04
 140.2784353,1.5619522e+04
 140.2988695,1.5620078e+04
 140.3193037,1.5613259e+04
 140.3397378,1.5608332e+04
 140.3601719,         null
 140.3806061,1.5613979e+04
 140.4010404,1.5626238e+04
 140.4214744,1.5629976e+04
 140.4419086,1.5609413e+04
 140.4623429,1.5621541e+04
 140.4827769,1.5622665e+04
 140.5032111,1.5617084e+04
 140.5236451,1.5615159e+04
 140.5440794,1.5609805e+04
 140.5645136,1.5611934e+04
 140.5849477,1.5608595e+04
 140.6053819,1.5612669e+04
 140.6258160,1.5598510e+04
 140.6462502,1.5604215e+04
 140.6666843,1.5612373e+04
 140.6871185,1.5609548e+04
 140.7075527,1.5601541e+04
 140.7279867,1.5618192e+04
 140.7484210,1.5612572e+04
 140.7688552,1.5605847e+04
 140.7892892,1.5614631e+04
 140.8097234,1.5610968e+04
 140.8301576,1.5608177e+04
 140.8505918,1.5617633e+04
 140.8710258,1.5611788e+04
 140.8914600,1.5604014e+04
 140.9118943,1.5625060e+04
 140.9323283,1.5619185e+04
 140.9527625,1.5607997e+04
 140.9731967,1.5613820e+04
 140.9936308,1.5608303e+04
 141.0140650,1.5619915e+04
 141.0344991,1.5639408e+04
 141.0549333,1.5616896e+04
 141.0753674,1.5603914e+04
 141.0958016,1.5621979e+04
 141.1162357,1.5618184e+04
 141.1366699,1.5624281e+04
 141.1571041,1.5599246e+04
 141.1775381,1.5616563e+04
 141.1979724,1.5625206e+04
 141.2184065,1.5610709e+04
 141.2388406,1.5611263e+04
 141.2592749,1.5610008e+04
 141.2797090,1.5605729e+04
 141.3001431,1.5619874e+04
 141.3205772,1.5614049e+04
 141.3410115,1.5612217e+04
 141.3614456,1.5615877e+04
 141.3818797,1.5614893e+04
 141.4023139,1.5606020e+04
 141.4227481,1.5601408e+04
 141.4431823,1.5611765e+04
 141.4636163,1.5602145e+04
 141.4840506,1.5612363e+04
 141.5044847,1.5613484e+04
 141.5249188,1.5607163e+04
 141.5453529,1.5611115e+04
 141.5657871,1.5608962e+04
 141.5862214,1.5626882e+04
 141.6066554,1.5618823e+04
 141.6270897,1.5611612e+04
 141.6475238,1.5607198e+04
 141.6679579,1.5611617e+04
 141.6883920,1.5619828e+04
 141.7088263,1.5610998e+04
 141.7292604,1.5608266e+04
 141.7496945,1.5611885e+04
 141.7701288,1.5624559e+04
 141.7905628,1.5616406e+04
 141.8109970,1.5617920e+04
 141.8314311,1.5611769e+04
 141.8518653,1.5614967e+04
 141.8722994,1.5612603e+04
 141.8927336,1.5614541e+04
 141.9131678,1.5615180e+04
 141.9336019,1.5614266e+04
 141.9540361,1.5620569e+04
 141.9744701,1.5596564e+04
 141.9949044,1.5615862e+04
 142.0153385,1.5606626e+04
 142.0357726,1.5618919e+04
 142.0562067,1.5613805e+04
 142.0766410,1.5628069e+04
 142.0970751,1.5614973e+04
 142.1175092,1.5606432e+04
 142.1379434,1.5616104e+04
 142.1583776,1.5623317e+04
 142.1788117,1.5614684e+04
 142.1992458,1.5619790e+04
 142.2196801,1.5612568e+04
 142.2401141,1.5619648e+04
 142.2605483,1.5604235e+04
 142.2809825,1.5627517e+04
 142.3014166,1.5624503e+04
 142.3218507,1.5618487e+04
 142.3422849,1.5638983e+04
 142.3627191,1.5621052e+04
 142.3831532,1.5610233e+04
 142.4035873,1.5610426e+04
 142.4240216,1.5616866e+04
 142.4444556,1.5620194e+04
 142.4648898,1.5621104e+04
 142.4853239,1.5608521e+04
 142.5057581,1.5607700e+04
 142.5261923,1.5618150e+04
 142.5466264,1.5629457e+04
 142.5670605,1.5622520e+04
 142.5874947,1.5616110e+04
 142.6079289,1.5617081e+04
 142.6283629,1.5612393e+04
 142.6487972,1.5619344e+04
 142.6692313,1.5627403e+04
 142.6896654,1.5621328e+04
 142.7100995,1.5611562e+04
 142.7305338,1.5614700e+04
 142.7509678,1.5613350e+04
 142.7714020,1.5607079e+04
 142.7918362,1.5606294e+04
 142.8122703,1.5616641e+04
 142.8327044,1.5626280e+04
 142.8531386,1.5625281e+04
 142.8735728,1.5615208e+04
 142.8940069,1.5607913e+04
 142.9144410,1.5615042e+04
 142.9348753,1.5628502e+04
 142.9553093,1.5627024e+04
 142.9757435,1.5610826e+04
 142.9961775,1.5620810e+04
 143.0166118,1.5606738e+04
 143.0370459,1.5620129e+04
 143.0574801,1.5625406e+04
 143.0779142,1.5629618e+04
 143.0983484,1.5622949e+04
 143.1187825,1.5616233e+04
 143.1392167,1.5618313e+04
 143.1596508,1.5621913e+04
 143.1800850,1.5617271e+04
 143.2005190,1.5619354e+04
 143.2209532,1.5619211e+04
 143.2413874,1.5624811e+04
 143.2618216,1.5623415e+04
 143.2822557,1.5620472e+04
 143.3026899,1.5609309e+04
 143.3231240,1.5612317e+04
 143.3435582,         null
 143.3639922,1.5619094e+04
 143.3844265,1.5639250e+04
 143.4048606,1.5609269e+04
 143.4252947,1.5640893e+04
 143.4457289,1.5618433e+04
 143.4661631,1.5616799e+04
 143.4865971,1.5614071e+04
 143.5070313,1.5622435e+04
 143.5274655,1.5618786e+04
 143.5478997,1.5629811e+04
 143.5683337,1.5624415e+04
 143.5887680,1.5621243e+04
 143.6092021,1.5624101e+04
 143.6296362,1.5629751e+04
 143.6500703,1.5616335e+04
 143.6705046,1.5618657e+04
 143.6909386,1.5629609e+04
 143.7113728,1.5623083e+04
 143.7318069,1.5622336e+04
 143.7522411,1.5621472e+04
 143.7726752,1.5627837e+04
 143.7931094,1.5617267e+04
 143.8135435,1.5615273e+04
 143.8339777,1.5615203e+04
 143.8544118,1.5614883e+04
 143.8748458,1.5619439e+04
 143.8952801,1.5615411e+04
 143.9157142,1.5615640e+04
 143.9361483,1.5622723e+04
 143.9565825,1.5624671e+04
 143.9770167,1.5608301e+04
 143.9974507,1.5620332e+04
 144.0178849,1.5618223e+04
 144.0383191,1.5623271e+04
 144.0587533,1.5620232e+04
 144.0791873,1.5620181e+04
 144.0996216,1.5615243e+04
 144.1200557,1.5608828e+04
 144.1404898,1.5622748e+04
 144.1609239,1.5626035e+04
 144.1813581,1.5608729e+04
 144.2017922,1.5623143e+04
 144.2222263,1.5614812e+04
 144.2426606,1.5614641e+04
 144.2630946,1.5628227e+04
 144.2835288,1.5611536e+04
 144.3039629,1.5620727e+04
 144.3243971,1.5616534e+04
 144.3448312,1.5625449e+04
 144.3652654,1.5626464e+04
 144.3856994,1.5609169e+04
 144.4061336,1.5626184e+04
 144.4265678,1.5624146e+04
 144.4470018,1.5618492e+04
 144.4674361,1.5787386e+04
 144.4878702,1.5620901e+04
 144.5083043,1.5617721e+04
 144.5287384,1.5609195e+04
 144.5491727,1.5616651e+04
 144.5696068,1.5614756e+04
 144.5900408,1.5615557e+04
 144.6104751,1.5616238e+04
 144.6309092,1.5609889e+04
 144.6513433,1.5616281e+04
 144.6717774,1.5627230e+04
 144.6922117,1.5636212e+04
 144.7126457,1.5622736e+04
 144.7330798,1.5617563e+04
 144.7535141,1.5639705e+04
 144.7739481,1.5622534e+04
 144.7943823,1.5609917e+04
 144.8148164,1.5631112e+04
 144.8352507,1.5624138e+04
 144.8556847,1.5625392e+04
 144.8761188,1.5622685e+04
 144.8965530,1.5620531e+04
 144.9169871,1.5630024e+04
 144.9374213,1.5621280e+04
 144.9578554,1.5624835e+04
 144.9782897,1.5629166e+04
 144.9987237,1.5623360e+04
 145.0191578,1.5628999e+04
 145.0395920,1.5620100e+04
 145.0600261,1.5619188e+04
 145.0804603,1.5612757e+04
 145.1008944,1.5622178e+04
 145.1213287,1.5631800e+04
 145.1417627,1.5617977e+04
 145.1621968,1.5616341e+04
 145.1826309,1.5615101e+04
 145.2030651,1.5617887e+04
 145.2234993,1.5615811e+04
 145.2439333,1.5614731e+04
 145.2643675,1.5616035e+04
 145.2848017,1.5616798e+04
 145.3052358,1.5619045e+04
 145.3256699,1.5620914e+04
 145.3461041,1.5627027e+04
 145.3665383,1.5616467e+04
 145.3869723,1.5622921e+04
 145.4074065,1.5622709e+04
 145.4278407,1.5613747e+04
 145.4482747,1.5610544e+04
 145.4687089,1.5627436e+04
 145.4891431,1.5622097e+04
 145.5095771,1.5614500e+04
 145.5300113,1.5621763e+04
 145.5504454,1.5604978e+04
 145.5708797,1.5618461e+04
 145.5913137,1.5620077e+04
 145.6117478,1.5620952e+04
 145.6321821,1.5614320e+04
 145.6526161,1.5618995e+04
 145.6730503,1.5612265e+04
 145.6934843,1.5618297e+04
 145.7139185,1.5615786e+04
 145.7343527,1.5627572e+04
 145.7547868,1.5621767e+04
 145.7752209,1.5625571e+04
 145.7956551,1.5619904e+04
 145.8160892,1.5612587e+04
 145.8365233,1.5618114e+04
 145.8569575,1.5622685e+04
 145.8773916,1.5616253e+04
 145.8978257,1.5623956e+04
 145.9182599,1.5617606e+04
 145.9386941,1.5623956e+04
 145.9591281,1.5615702e+04
 145.9795622,1.5623212e+04
 145.9999965,1.5604263e+04
 146.0204306,1.5615473e+04
 146.0408646,1.5622991e+04
 146.0612989,1.5610329e+04
 146.0817330,1.5622396e+04
 146.1021671,1.5621986e+04
 146.1226012,1.5614853e+04
 146.1430354,1.5617485e+04
 146.1634695,1.5614919e+04
 146.1839036,1.5614431e+04
 146.2043377,1.5610793e+04
 146.2247719,1.5621734e+04
 146.2452060,1.5628709e+04
 146.2656402,1.5618259e+04
 146.2860743,1.5627880e+04
 146.3065084,1.5625191e+04
 146.3269426,         null
 146.3473766,1.5625608e+04
 146.3678108,1.5622686e+04
 146.3882450,1.5617134e+04
 146.4086790,1.5611268e+04
 146.4291132,1.5617012e+04
 146.4495474,1.5615667e+04
 146.4699814,1.5612984e+04
 146.4904157,1.5616010e+04
 146.5108498,1.5617769e+04
 146.5312839,1.5631355e+04
 146.5517180,1.5620925e+04
 146.5721522,1.5623717e+04
 146.5925863,1.5615323e+04
 146.6130205,1.5627100e+04
 146.6334545,1.5618238e+04
 146.6538887,1.5612344e+04
 146.6743229,1.5628372e+04
 146.6947569,1.5611987e+04
 146.7151911,1.5617437e+04
 146.7356253,1.5607509e+04
 146.7560594,1.5625471e+04
 146.7764934,1.5612057e+04
 146.7969277,1.5620332e+04
 146.8173618,1.5615358e+04
 146.8377958,1.5625570e+04
 146.8582300,1.5608309e+04
 146.8786642,1.5615092e+04
 146.8990983,1.5601884e+04
 146.9195324,1.5616838e+04
 146.9399666,1.5625450e+04
 146.9604007,1.5615704e+04
 146.9808348,1.5621769e+04
 147.0012689,1.5609734e+04
 147.0217031,1.5618399e+04
 147.0421372,1.5628326e+04
 147.0625713,1.5626560e+04
 147.0830056,1.5618555e+04
 147.1034396,1.5618410e+04
 147.1238737,1.5617919e+04
 147.1443078,1.5633355e+04
 147.1647420,1.5613229e+04
 147.1851761,1.5609779e+04
 147.2056101,1.5622443e+04
 147.2260444,1.5612064e+04
 147.2464785,1.5621525e+04
 147.2669126,1.5613598e+04
 147.2873467,1.5622315e+04
 147.3077809,1.5620671e+04
 147.3282150,1.5620857e+04
 147.3486491,1.5617081e+04
 147.3690832,1.5615405e+04
 147.3895174,1.5609667e+04
 147.4099515,1.5620978e+04
 147.4303856,1.5625482e+04
 147.4508198,1.5641646e+04
 147.4712539,1.5632269e+04
 147.4916880,1.5624971e+04
 147.5121221,1.5610978e+04
 147.5325564,1.5616944e+04
 147.5529904,1.5620863e+04
 147.5734245,1.5612502e+04
 147.5938587,1.5618869e+04
 147.6142928,1.5616917e+04
 147.6347269,1.5616361e+04
 147.6551609,1.5617470e+04
 147.6755952,1.5624271e+04
 147.6960293,1.5612764e+04
 147.7164633,1.5620096e+04
 147.7368976,1.5614114e+04
 147.7573317,1.5614594e+04
 147.7777658,1.5617263e+04
 147.7981998,1.5619608e+04
 147.8186341,1.5608422e+04
 147.8390682,1.5617683e+04
 147.8595022,1.5618298e+04
 147.8799364,1.5623851e+04
 147.9003706,         null
 147.9208046,1.5607646e+04
 147.9412388,1.5625882e+04
 147.9616730,1.5621766e+04
 147.9821070,1.5623560e+04
 148.0025411,1.5626209e+04
 148.0229753,1.5610880e+04
 148.0434095,1.5602244e+04
 148.0638435,1.5612732e+04
 148.0842777,1.5615417e+04
 148.1047119,1.5611007e+04
 148.1251459,1.5604761e+04
 148.1455800,1.5604093e+04
 148.1660142,1.5613989e+04
 148.1864483,1.5611795e+04
 148.2068824,1.5609723e+04
 148.2273166,1.5611394e+04
 148.2477508,1.5609615e+04
 148.2681848,1.5606505e+04
 148.2886189,1.5625222e+04
 148.3090531,1.5620622e+04
 148.3294872,1.5631623e+04
 148.3499213,1.5612899e+04
 148.3703554,1.5628807e+04
 148.3907895,1.5614088e+04
 148.4112237,1.5611552e+04
 148.4316578,1.5623125e+04
 148.4520920,1.5615540e+04
 148.4725261,1.5631646e+04
 148.4929602,1.5636966e+04
 148.5133943,1.5622052e+04
 148.5338284,1.5620720e+04
 148.5542626,1.5622315e+04
 148.5746967,1.5627066e+04
 148.5951307,1.5621005e+04
 148.6155650,1.5610648e+04
 148.6359991,1.5617812e+04
 148.6564331,1.5623573e+04
 148.6768672,1.5611479e+04
 148.6973015,1.5622395e+04
 148.7177355,1.5609084e+04
 148.7381696,1.5617408e+04
 148.7586038,1.5630950e+04
 148.7790380,1.5619513e+04
 148.7994720,1.5623415e+04
 148.8199061,1.5617229e+04
 148.8403403,1.5620995e+04
 148.8607744,1.5621923e+04
 148.8812085,1.5614162e+04
 148.9016427,1.5628226e+04
 148.9220767,1.5612326e+04
 148.9425109,1.5615221e+04
 148.9629450,1.5606259e+04
 148.9833791,1.5603084e+04
 149.0038132,1.5612369e+04
 149.0242474,1.5600736e+04
 149.0446814,1.5604689e+04
 149.0651156,1.5626726e+04
 149.0855497,1.5617882e+04
 149.1059838,1.5627014e+04
 149.1264180,1.5615539e+04
 149.1468521,1.5608319e+04
 149.1672861,1.5607222e+04
 149.1877202,1.5618479e+04
 149.2081545,1.5626269e+04
 149.2285886,1.5618668e+04
 149.2490226,1.5613368e+04
 149.2694568,1.5610271e+04
 149.2898910,1.5621964e+04
 149.3103250,         null
 149.3307591,1.5622333e+04
 149.3511933,1.5613937e+04
 149.3716273,1.5618961e+04
 149.3920615,1.5629517e+04
 149.4124957,1.5606553e+04
 149.4329297,1.5622562e+04
 149.4533638,1.5611498e+04
 149.4737980,1.5607917e+04
 149.4942321,1.5633947e+04
 149.5146662,1.5604524e+04
 149.5351003,1.5630199e+04
 149.5555345,1.5618592e+04
 149.5759686,1.5609029e+04
 149.5964027,1.5610139e+04
 149.6168367,1.5614727e+04
 149.6372709,1.5617380e+04
 149.6577050,1.5619438e+04
 149.6781391,1.5618066e+04
 149.6985732,1.5622384e+04
 149.7190074,1.5611995e+04
 149.7394415,1.5625674e+04
 149.7598756,1.5607345e+04
 149.7803098,1.5613619e+04
 149.8007439,1.5615541e+04
 149.8211779,1.5620013e+04
 149.8416120,1.5614082e+04
 149.8620463,1.5612390e+04
 149.8824804,1.5614251e+04
 149.9029144,1.5611180e+04
 149.9233486,1.5605452e+04
 149.9437827,1.5621854e+04
 149.9642168,1.5610183e+04
 149.9846509,1.5615450e+04
 150.0050851,1.5622822e+04
 150.0255192,1.5604435e+04
 150.0459532,1.5614590e+04
 150.0663874,1.5611048e+04
 150.0868216,1.5609039e+04
 150.1072556,1.5614552e+04
 150.1276897,1.5614156e+04
 150.1481239,1.5614034e+04
 150.1685579,1.5617479e+04
 150.1889921,1.5609352e+04
 150.2094263,1.5606567e+04
 150.2298603,1.5618261e+04
 150.2502944,1.5613411e+04
 150.2707285,1.5607528e+04
 150.2911627,1.5608604e+04
 150.3115968,1.5613145e+04
 150.3320309,1.5617532e+04
 150.3524649,1.5615987e+04
 150.3728991,1.5622535e+04
 150.3933332,1.5614867e+04
 150.4137672,1.5616278e+04
 150.4342015,1.5620816e+04
 150.4546356,1.5618399e+04
 150.4750697,1.5612702e+04
 150.4955037,1.5613600e+04
 150.5159379,1.5596687e+04
 150.5363720,1.5618042e+04
 150.5568061,1.5604489e+04
 150.5772403,1.5615905e+04
 150.5976744,1.5608351e+04
 150.6181084,1.5612817e+04
 150.6385425,1.5607651e+04
 150.6589767,1.5617351e+04
 150.6794108,1.5620256e+04
 150.6998449,1.5624919e+04
 150.7202791,1.5609137e+04
 150.7407132,1.5623218e+04
 150.7611472,1.5612635e+04
 150.7815813,1.5603346e+04
 150.8020155,1.5623254e+04
 150.8224496,1.5607453e+04
 150.8428837,1.5608098e+04
 150.8633179,1.5619212e+04
 150.8837519,1.5610823e+04
 150.9041860,1.5622207e+04
 150.9246201,1.5612573e+04
 150.9450543,1.5602785e+04
 150.9654884,1.5610756e+04
 150.9859225,1.5611511e+04
 151.0063565,1.5616307e+04
 151.0267907,1.5612801e+04
 151.0472248,1.5611238e+04
 151.0676588,1.5624951e+04
 151.0880930,1.5613662e+04
 151.1085272,1.5616906e+04
 151.1289612,1.5611751e+04
 151.1493953,1.5619003e+04
 151.1698295,1.5615238e+04
 151.1902635,1.5625213e+04
 151.2106976,1.5614310e+04
 151.2311318,1.5625859e+04
 151.2515660,1.5610978e+04
 151.2720000,1.5609751e+04
 151.2924341,1.5616823e+04
 151.3128683,1.5612059e+04
 151.3333023,1.5621616e+04
 151.3537364,1.5609729e+04
 151.3741706,1.5609669e+04
 151.3946046,1.5607713e+04
 151.4150388,1.5603716e+04
 151.4354729,1.5610386e+04
 151.4559070,1.5611110e+04
 151.4763411,1.5614017e+04
 151.4967752,1.5613236e+04
 151.5172093,1.5612146e+04
 151.5376434,1.5602976e+04
 151.5580775,1.5613336e+04
 151.5785116,1.5606876e+04
 151.5989459,1.5600364e+04
 151.6193799,1.5615064e+04
 151.6398140,1.5602933e+04
 151.6602481,         null
 151.6806822,1.5609690e+04
 151.7011163,1.5624072e+04
 151.7215504,1.5601021e+04
 151.7419845,1.5610061e+04
 151.7624186,1.5606495e+04
 151.7828527,1.5612243e+04
 151.8032868,1.5603857e+04
 151.8237210,1.5625405e+04
 151.8441551,1.5618503e+04
 151.8645891,1.5615399e+04
 151.8850233,1.5597477e+04
 151.9054574,1.5610429e+04
 151.9258914,1.5616426e+04
 151.9463255,1.5600096e+04
 151.9667597,1.5609445e+04
 151.9871938,1.5617715e+04
 152.0076279,1.5609737e+04
 152.0280621,1.5616200e+04
 152.0484962,1.5610523e+04
 152.0689302,1.5609763e+04
 152.0893643,1.5600839e+04
 152.1097985,1.5616108e+04
 152.1302325,1.5615273e+04
 152.1506666,1.5606833e+04
 152.1711007,1.5607817e+04
 152.1915348,1.5612154e+04
 152.2119689,1.5632971e+04
 152.2324030,1.5640604e+04
 152.2528372,1.5604376e+04
 152.2732713,1.5619267e+04
 152.2937054,         null
 152.3141394,1.5618709e+04
 152.3345736,1.5615771e+04
 152.3550077,1.5613920e+04
 152.3754417,1.5602409e+04
 152.3958759,1.5615354e+04
 152.4163100,1.5624300e+04
 152.4367441,1.5612208e+04
 152.4571781,1.5602593e+04
 152.4776123,1.5608247e+04
 152.4980464,1.5611617e+04
 152.5184804,1.5614228e+04
 152.5389146,1.5610736e+04
 152.5593487,1.5615403e+04
 152.5797828,1.5606110e+04
 152.6002169,1.5618013e+04
 152.6206511,1.5608972e+04
 152.6410851,1.5613452e+04
 152.6615192,         null
 152.6819533,1.5605826e+04
 152.7023874,1.5616598e+04
 152.7228215,1.5614096e+04
 152.7432556,1.5613551e+04
 152.7636898,1.5607368e+04
 152.7841238,1.5616325e+04
 152.8045579,1.5616426e+04
 152.8249919,1.5622074e+04
 152.8454261,1.5617951e+04
 152.8658602,1.5622708e+04
 152.8862942,1.5614684e+04
 152.9067284,1.5609262e+04
 152.9271625,1.5622359e+04
 152.9475966,1.5603367e+04
 152.9680306,1.5608362e+04
 152.9884648,1.5617850e+04
 153.0088990,1.5602900e+04
 153.0293330,1.5611154e+04
 153.0497672,1.5619622e+04
 153.0702013,1.5616544e+04
 153.0906353,1.5614500e+04
 153.1110694,1.5609533e+04
 153.1315036,1.5616619e+04
 153.1519376,1.5621602e+04
 153.1723717,1.5609936e+04
 153.1928058,1.5629845e+04
 153.2132400,1.5611885e+04
 153.2336741,1.5608958e+04
 153.2541081,1.5636324e+04
 153.2745423,1.5614461e+04
 153.2949764,1.5614187e+04
 153.3154104,1.5614962e+04
 153.3358445,1.5606990e+04
 153.3562786,1.5612990e+04
 153.3767127,1.5601608e+04
 153.3971468,1.5622333e+04
 153.4175810,1.5605814e+04
 153.4380151,1.5612437e+04
 153.4584491,1.5616270e+04
 153.4788832,1.5620678e+04
 153.4993174,1.5612651e+04
 153.5197514,1.5613461e+04
 153.5401855,1.5608096e+04
 153.5606197,1.5620010e+04
 153.5810537,1.5610981e+04
 153.6014878,1.5614536e+04
 153.6219219,1.5610676e+04
 153.6423560,1.5613513e+04
 153.6627901,1.5610964e+04
 153.6832242,1.5607761e+04
 153.7036582,1.5620957e+04
 153.7240924,1.5616071e+04
 153.7445265,1.5610892e+04
 153.7649605,1.5604421e+04
 153.7853947,1.5620390e+04
 153.8058288,1.5622589e+04
 153.8262628,1.5622858e+04
 153.8466969,1.5603154e+04
 153.8671311,1.5610674e+04
 153.8875651,1.5612440e+04
 153.9079992,1.5611947e+04
 153.9284334,1.5623010e+04
 153.9488675,1.5618997e+04
 153.9693015,1.5600127e+04
 153.9897356,1.5607614e+04
 154.0101698,1.5612307e+04
 154.0306038,1.5613542e+04
 154.0510379,1.5617251e+04
 154.0714721,1.5608568e+04
 154.0919061,1.5624313e+04
 154.1123402,1.5610206e+04
 154.1327743,1.5611616e+04
 154.1532084,1.5620067e+04
 154.1736425,1.5619539e+04
 154.1940766,1.5600108e+04
 154.2145107,1.5608482e+04
 154.2349448,1.5619902e+04
 154.2553789,1.5613920e+04
 154.2758129,1.5611092e+04
 154.2962470,1.5599412e+04
 154.3166811,1.5607391e+04
 154.3371151,1.5613888e+04
 154.3575492,1.5624022e+04
 154.3779834,1.5619869e+04
 154.3984174,1.5610823e+04
 154.4188515,1.5605151e+04
 154.4392857,1.5605334e+04
 154.4597198,1.5606169e+04
 154.4801538,1.5611395e+04
 154.5005879,1.5613741e+04
 154.5210221,1.5613984e+04
 154.5414561,1.5607302e+04
 154.5618902,1.5611514e+04
 154.5823244,1.5617282e+04
 154.6027584,1.5618080e+04
 154.6231925,1.5612798e+04
 154.6436266,1.5614095e+04
 154.6640607,1.5613840e+04
 154.6844948,1.5612832e+04
 154.7049289,1.5623358e+04
 154.7253630,1.5608066e+04
 154.7457970,1.5620097e+04
 154.7662311,1.5623649e+04
 154.7866652,1.5607767e+04
 154.8070993,1.5606598e+04
 154.8275334,1.5615641e+04
 154.8479674,1.5612540e+04
 154.8684016,1.5611166e+04
 154.8888357,1.5604879e+04
 154.9092698,1.5602801e+04
 154.9297039,1.5624976e+04
 154.9501380,1.5610117e+04
 154.9705721,1.5613989e+04
 154.9910062,1.5608655e+04
 155.0114402,1.5606486e+04
 155.0318743,1.5594841e+04
 155.0523084,1.5607070e+04
 155.0727424,1.5608410e+04
 155.0931766,1.5614626e+04
 155.1136107,1.5609181e+04
 155.1340447,1.5610475e+04
 155.1544788,1.5603779e+04
 155.1749130,1.5606721e+04
 155.1953471,1.5615295e+04
 155.2157811,1.5610107e+04
 155.2362152,1.5609564e+04
 155.2566494,1.5616312e+04
 155.2770833,         null
 155.2975174,1.5616413e+04
 155.3179516,1.5609064e+04
 155.3383856,1.5607151e+04
 155.3588197,1.5609926e+04
 155.3792538,1.5604761e+04
 155.3996879,1.5616802e+04
 155.4201220,1.5613930e+04
 155.4405561,1.5624209e+04
 155.4609903,1.5617300e+04
 155.4814242,1.5611577e+04
 155.5018583,1.5609028e+04
 155.5222923,1.5620413e+04
 155.5427265,1.5604298e+04
 155.5631606,         null
 155.5835946,1.5616979e+04
 155.6040288,1.5610676e+04
 155.6244629,1.5615579e+04
 155.6448970,1.5624823e+04
 155.6653310,1.5618801e+04
 155.6857651,1.5611640e+04
 155.7061992,1.5613083e+04
 155.7266332,1.5616251e+04
 155.7470673,1.5624948e+04
 155.7675015,1.5624303e+04
 155.7879355,1.5630091e+04
 155.8083696,1.5612907e+04
 155.8288038,1.5616267e+04
 155.8492377,1.5617751e+04
 155.8696718,1.5607754e+04
 155.8901059,1.5612255e+04
 155.9105401,1.5609429e+04
 155.9309741,1.5613723e+04
 155.9514082,1.5617968e+04
 155.9718424,1.5622603e+04
 155.9922764,1.5622183e+04
 156.0127104,1.5610438e+04
 156.0331444,1.5613311e+04
 156.0535786,1.5617303e+04
 156.0740127,1.5604638e+04
 156.0944468,1.5616241e+04
 156.1148809,1.5624408e+04
 156.1353150,1.5616228e+04
 156.1557490,1.5616046e+04
 156.1761830,1.5611723e+04
 156.1966172,1.5618454e+04
 156.2170513,1.5610833e+04
 156.2374853,1.5625639e+04
 156.2579194,1.5612633e+04
 156.2783536,1.5618813e+04
 156.2987875,1.5626836e+04
 156.3192216,1.5615309e+04
 156.3396558,1.5622984e+04
 156.3600898,1.5616741e+04
 156.3805239,1.5621927e+04
 156.4009580,1.5609277e+04
 156.4213922,1.5619271e+04
 156.4418261,1.5615224e+04
 156.4622602,1.5619177e+04
 156.4826944,1.5610572e+04
 156.5031284,1.5617105e+04
 156.5235625,1.5611357e+04
 156.5439966,1.5605040e+04
 156.5644306,1.5612141e+04
 156.5848647,1.5624402e+04
 156.6052988,1.5613306e+04
 156.6257329,1.5605625e+04
 156.6461670,1.5610196e+04
 156.6666011,1.5611175e+04
 156.6870351,1.5616407e+04
 156.7074692,1.5601541e+04
 156.7279033,1.5633544e+04
 156.7483374,1.5615680e+04
 156.7687714,1.5623713e+04
 156.7892056,1.5620819e+04
 156.8096396,1.5627667e+04
 156.8300737,1.5623551e+04
 156.8505078,1.5615341e+04
 156.8709419,1.5623925e+04
 156.8913760,1.5621560e+04
 156.9118099,1.5624744e+04
 156.9322441,1.5623330e+04
 156.9526782,1.5625800e+04
 156.9731122,1.5619884e+04
 156.9935464,1.5628685e+04
 157.0139804,1.5625173e+04
 157.0344144,1.5613244e+04
 157.0548485,1.5622646e+04
 157.0752827,1.5630219e+04
 157.0957167,1.5624653e+04
 157.1161508,1.5619172e+04
 157.1365849,1.5617858e+04
 157.1570190,1.5625562e+04
 157.1774530,1.5619330e+04
 157.1978871,1.5615112e+04
 157.2183213,1.5624185e+04
 157.2387552,1.5619128e+04
 157.2591893,1.6262264e+04
 157.2796234,1.5604396e+04
 157.3000575,1.5609475e+04
 157.3204915,1.5625464e+04
 157.3409256,1.5625160e+04
 157.3613597,1.5620477e+04
 157.3817938,1.5621436e+04
 157.4022279,1.5623878e+04
 157.4226618,1.5612661e+04
 157.4430960,1.5623166e+04
 157.4635301,1.5624616e+04
 157.4839641,1.5617713e+04
 157.5043983,1.5616769e+04
 157.5248323,1.5613552e+04
 157.5452663,1.5626197e+04
 157.5657004,1.5626167e+04
 157.5861346,1.5618843e+04
 157.6065685,1.5615920e+04
 157.6270026,1.5615493e+04
 157.6474368,1.5603931e+04
 157.6678709,1.5611688e+04
 157.6883049,1.5616650e+04
 157.7087389,1.5621545e+04
 157.7291731,1.5631402e+04
 157.7496071,1.5624363e+04
 157.7700412,1.5619397e+04
 157.7904753,1.5617815e+04
 157.8109093,1.5610931e+04
 157.8313434,1.5615456e+04
 157.8517775,1.5621104e+04
 157.8722115,1.5618953e+04
 157.8926456,1.5619508e+04
 157.9130797,1.5620521e+04
 157.9335137,1.5620446e+04
 157.9539478,1.5625638e+04
 157.9743819,1.5625973e+04
 157.9948159,1.5620564e+04
 158.0152501,1.5620848e+04
 158.0356841,1.5621460e+04
 158.0561181,1.5629580e+04
 158.0765522,1.5619548e+04
 158.0969864,1.5609309e+04
 158.1174204,1.5619604e+04
 158.1378544,1.5622743e+04
 158.1582886,1.5617688e+04
 158.1787227,1.5611646e+04
 158.1991566,1.5624644e+04
 158.2195907,1.5615820e+04
 158.2400249,1.5627210e+04
 158.2604589,         null
 158.2808929,1.5619297e+04
 158.3013271,1.5638696e+04
 158.3217612,1.5625107e+04
 158.3421951,1.5618052e+04
 158.3626292,1.5629171e+04
 158.3830634,1.5618964e+04
 158.4034975,1.5620758e+04
 158.4239314,1.5629498e+04
 158.4443655,1.5609126e+04
 158.4647997,1.5607514e+04
 158.4852337,1.5616326e+04
 158.5056677,1.5605471e+04
 158.5261019,1.5618820e+04
 158.5465359,1.5621365e+04
 158.5669699,1.5620420e+04
 158.5874040,1.5610146e+04
 158.6078381,1.5626682e+04
 158.6282722,1.5616803e+04
 158.6487062,1.5625552e+04
 158.6691404,1.5614322e+04
 158.6895744,1.5622903e+04
 158.7100084,1.5620489e+04
 158.7304424,1.5616724e+04
 158.7508766,1.5623979e+04
 158.7713107,1.5617817e+04
 158.7917447,1.5616690e+04
 158.8121788,1.5618435e+04
 158.8326129,1.5621619e+04
 158.8530469,1.5625948e+04
 158.8734809,1.5614734e+04
 158.8939151,1.5621931e+04
 158.9143491,1.5629476e+04
 158.9347831,1.5623948e+04
 158.9552173,1.5615101e+04
 158.9756513,1.5636877e+04
 158.9960853,1.5626507e+04
 159.0165194,1.5622018e+04
 159.0369536,1.5611145e+04
 159.0573875,1.5618822e+04
 159.0778216,1.5628521e+04
 159.0982557,1.5625732e+04
 159.1186898,1.5627786e+04
 159.1391238,1.5621087e+04
 159.1595579,1.5627497e+04
 159.1799920,1.5612129e+04
 159.2004260,1.5624779e+04
 159.2208601,1.5627700e+04
 159.2412940,1.5618418e+04
 159.2617282,1.5618744e+04
 159.2821623,1.5626548e+04
 159.3025963,1.5638367e+04
 159.3230304,1.5613121e+04
 159.3434645,1.5621142e+04
 159.3638985,1.5621960e+04
 159.3843325,1.5617063e+04
 159.4047667,1.5620710e+04
 159.4252007,1.5628036e+04
 159.4456347,1.5626751e+04
 159.4660689,1.5616077e+04
 159.4865029,1.5634832e+04
 159.5069369,1.5631548e+04
 159.5273710,1.5631420e+04
 159.5478051,1.5627527e+04
 159.5682391,1.5627345e+04
 159.5886732,1.5625561e+04
 159.6091072,1.5619921e+04
 159.6295414,1.5624062e+04
 159.6499754,1.5633418e+04
 159.6704094,1.5628896e+04
 159.6908436,1.5613846e+04
 159.7112776,1.5599657e+04
 159.7317116,1.5627625e+04
 159.7521457,1.5615246e+04
 159.7725797,1.5630832e+04
 159.7930138,1.5622686e+04
 159.8134479,1.5624601e+04
 159.8338819,1.5616928e+04
 159.8543160,1.5611045e+04
 159.8747501,1.5629106e+04
 159.8951840,1.5620190e+04
 159.9156182,1.5619509e+04
 159.9360523,1.5609486e+04
 159.9564863,1.5624312e+04
 159.9769204,1.5621374e+04
 159.9973544,1.5615321e+04
 160.0177885,1.5624789e+04
 160.0382226,1.5620730e+04
 160.0586566,1.5622225e+04
 160.0790907,1.5626295e+04
 160.0995248,1.5606184e+04
 160.1199587,1.5623049e+04
 160.1403929,1.5629736e+04
 160.1608269,1.5611057e+04
 160.1812609,1.5620181e+04
 160.2016951,1.5621516e+04
 160.2221291,1.5613775e+04
 160.2425631,1.5628880e+04
 160.2629972,1.5626583e+04
 160.2834313,1.5617964e+04
 160.3038653,1.5629007e+04
 160.3242993,1.5626107e+04
 160.3447335,1.5621358e+04
 160.3651676,1.5618926e+04
 160.3856015,1.5618629e+04
 160.4060356,1.5618690e+04
 160.4264697,1.5620985e+04
 160.4469037,1.5634331e+04
 160.4673378,1.5620769e+04
 160.4877719,1.5620556e+04
 160.5082059,1.5625320e+04
 160.5286399,1.5630063e+04
 160.5490740,1.5622246e+04
 160.5695081,1.5628840e+04
 160.5899421,1.5615645e+04
 160.6103762,1.5611405e+04
 160.6308101,1.5619818e+04
 160.6512443,1.5621071e+04
 160.6716783,1.5635608e+04
 160.6921123,1.5616077e+04
 160.7125465,1.5639882e+04
 160.7329805,1.5630983e+04
 160.7534145,1.5613835e+04
 160.7738485,1.5613208e+04
 160.7942827,1.5619994e+04
 160.8147168,1.5624919e+04
 160.8351507,1.5618663e+04
 160.8555849,1.5615654e+04
 160.8760189,1.5607202e+04
 160.8964529,1.5622676e+04
 160.9168869,1.5632434e+04
 160.9373211,1.5621501e+04
 160.9577551,1.5605872e+04
 160.9781891,1.5607257e+04
 160.9986233,1.5620082e+04
 161.0190572,1.5623082e+04
 161.0394913,1.5626044e+04
 161.0599253,1.5620777e+04
 161.0803594,1.5617062e+04
 161.1007934,1.5628773e+04
 161.1212275,1.5619704e+04
 161.1416617,1.5611124e+04
 161.1620956,1.5616662e+04
 161.1825297,1.5627499e+04
 161.2029636,1.5622902e+04
 161.2233978,1.5625580e+04
 161.2438318,         null
 161.2642659,1.5621202e+04
 161.2846998,1.5615222e+04
 161.3051340,1.5620131e+04
 161.3255681,1.5609842e+04
 161.3460020,1.5616476e+04
 161.3664362,1.5628289e+04
 161.3868702,1.5622258e+04
 161.4073042,1.5634471e+04
 161.4277382,1.5607900e+04
 161.4481724,1.5619160e+04
 161.4686063,1.5627743e+04
 161.4890404,1.5614589e+04
 161.5094745,1.5620304e+04
 161.5299085,1.5618543e+04
 161.5503425,1.5638594e+04
 161.5707766,1.5614546e+04
 161.5912108,1.5633666e+04
 161.6116447,1.5615652e+04
 161.6320788,1.5613653e+04
 161.6525129,1.5613520e+04
 161.6729470,1.5611076e+04
 161.6933809,1.5606951e+04
 161.7138150,1.5620628e+04
 161.7342491,1.5610104e+04
 161.7546831,1.5617472e+04
 161.7751171,1.5628587e+04
 161.7955512,1.5601924e+04
 161.8159852,1.5634374e+04
 161.8364193,1.5613727e+04
 161.8568533,1.5611514e+04
 161.8772875,1.5616828e+04
 161.8977214,1.5609808e+04
 161.9181555,1.5619412e+04
 161.9385894,1.5624569e+04
 161.9590236,1.5614981e+04
 161.9794576,1.5608788e+04
 161.9998917,1.5608418e+04
 162.0203257,1.5607154e+04
 162.0407598,1.5615990e+04
 162.0611938,1.5621871e+04
 162.0816278,1.5606995e+04
 162.1020619,1.5615488e+04
 162.1224960,1.5616071e+04
 162.1429299,1.5621711e+04
 162.1633641,1.5615630e+04
 162.1837981,1.5605545e+04
 162.2042321,1.5615709e+04
 162.2246661,1.5605760e+04
 162.2451003,1.5631140e+04
 162.2655342,1.5615186e+04
 162.2859683,1.5613570e+04
 162.3064024,1.5615430e+04
 162.3268365,1.5616710e+04
 162.3472704,1.5612031e+04
 162.3677045,1.5623982e+04
 162.3881386,1.5614023e+04
 162.4085726,1.5618836e+04
 162.4290066,1.5614551e+04
 162.4494405,1.5614697e+04
 162.4698747,1.5626879e+04
 162.4903087,1.5610967e+04
 162.5107422,1.5611536e+04
 162.5311763,1.5601850e+04
 162.5516103,1.5615932e+04
 162.5720443,1.5615969e+04
 162.5924784,1.5616366e+04
 162.6129125,1.5620725e+04
 162.6333465,1.5613823e+04
 162.6537805,1.5612236e+04
 162.6742147,1.5616396e+04
 162.6946486,1.5614055e+04
 162.7150826,1.5620510e+04
 162.7355167,1.5605390e+04
 162.7559507,1.5614139e+04
 162.7763848,1.5611656e+04
 162.7968188,1.5605108e+04
 162.8172529,1.5614811e+04
 162.8376869,1.5618997e+04
 162.8581210,1.5616191e+04
 162.8785549,1.5617438e+04
 162.8989890,1.5616854e+04
 162.9194231,1.5625199e+04
 162.9398570,1.5612219e+04
 162.9602911,1.5615806e+04
 162.9807252,1.5617413e+04
 163.0011592,1.5611418e+04
 163.0215932,1.5619818e+04
 163.0420274,1.5626267e+04
 163.0624614,1.5618262e+04
 163.0828953,1.5617472e+04
 163.1033294,1.5617387e+04
 163.1237635,1.5602854e+04
 163.1441975,1.5616149e+04
 163.1646315,1.5620996e+04
 163.1850657,1.5614474e+04
 163.2054996,1.5619530e+04
 163.2259336,1.5621160e+04
 163.2463677,1.5613717e+04
 163.2668017,1.5616183e+04
 163.2872358,1.5611023e+04
 163.3076698,1.5614928e+04
 163.3281039,1.5603578e+04
 163.3485379,1.5614112e+04
 163.3689719,1.5640488e+04
 163.3894059,1.5604737e+04
 163.4098400,1.5602995e+04
 163.4302741,1.5608097e+04
 163.4507080,1.5614083e+04
 163.4711421,1.5618401e+04
 163.4915762,1.5616170e+04
 163.5120102,1.5611049e+04
 163.5324442,1.5604245e+04
 163.5528783,1.5602170e+04
 163.5733123,1.5607676e+04
 163.5937463,1.5612844e+04
 163.6141803,1.5621047e+04
 163.6346145,1.5614105e+04
 163.6550484,1.5607842e+04
 163.6754824,1.5610975e+04
 163.6959166,1.5600633e+04
 163.7163505,1.5614337e+04
 163.7367845,1.5605668e+04
 163.7572186,1.5623253e+04
 163.7776526,1.5609098e+04
 163.7980867,1.5616978e+04
 163.8185207,1.5609592e+04
 163.8389548,1.5604642e+04
 163.8593888,1.5624865e+04
 163.8798228,1.5611282e+04
 163.9002568,1.5611135e+04
 163.9206909,1.5613200e+04
 163.9411249,1.5611044e+04
 163.9615590,1.5607257e+04
 163.9819930,1.5612609e+04
 164.0024270,1.5611300e+04
 164.0228611,1.5611086e+04
 164.0432950,1.5601160e+04
 164.0637291,1.5609597e+04
 164.0841632,1.5613861e+04
 164.1045972,1.5610340e+04
 164.1250312,1.5616220e+04
 164.1454653,1.5613812e+04
 164.1658992,1.5610716e+04
 164.1863333,1.5616095e+04
 164.2067674,1.5615587e+04
 164.2272014,         null
 164.2476354,1.5621458e+04
 164.2680694,1.5604534e+04
 164.2885034,1.5613825e+04
 164.3089375,1.5615484e+04
 164.3293715,1.5606047e+04
 164.3498056,1.5608944e+04
 164.3702397,1.5606228e+04
 164.3906736,1.5615312e+04
 164.4111076,1.5649036e+04
 164.4315417,1.5616399e+04
 164.4519757,1.5607421e+04
 164.4724097,1.5612346e+04
 164.4928439,1.5614683e+04
 164.5132778,1.5611961e+04
 164.5337118,1.5602622e+04
 164.5541459,1.5618726e+04
 164.5745799,1.5631485e+04
 164.5950139,1.5615729e+04
 164.6154480,1.5592527e+04
 164.6358819,1.5611134e+04
 164.6563160,1.5610693e+04
 164.6767501,1.5623612e+04
 164.6971841,1.5614324e+04
 164.7176181,1.5605570e+04
 164.7380522,1.5613424e+04
 164.7584862,1.5606753e+04
 164.7789201,1.5613319e+04
 164.7993543,1.5607003e+04
 164.8197883,1.5599509e+04
 164.8402222,1.5612004e+04
 164.8606564,1.5606124e+04
 164.8810904,1.5613167e+04
 164.9015243,1.5618881e+04
 164.9219584,1.5614633e+04
 164.9423925,1.5605658e+04
 164.9628264,1.5614758e+04
 164.9832604,1.5620315e+04
