        TIME,  PDCSAP_FLUX
 131.5120446,2.2474707e+04
 131.5324793,2.2476906e+04
 131.5529138,2.2479756e+04
 131.5733483,2.2474402e+04
 131.5937828,2.2472033e+04
 131.6142175,2.2469898e+04
 131.6346519,2.2474678e+04
 131.6550865,2.2477059e+04
 131.6755211,2.2488088e+04
 131.6959557,2.2476820e+04
 131.7163901,2.2472336e+04
 131.7368247,2.2478742e+04
 131.7572593,2.2469316e+04
 131.7776938,2.2478350e+04
 131.7981283,2.2476979e+04
 131.8185630,2.2475814e+04
 131.8389974,2.2473281e+04
 131.8594320,2.2478020e+04
 131.8798665,2.2483199e+04
 131.9003011,2.2471492e+04
 131.9207357,2.2475730e+04
 131.9411702,2.2477652e+04
 131.9616048,2.2484949e+04
 131.9820393,2.2477195e+04
 132.0024739,2.2466596e+04
 132.0229083,2.2480082e+04
 132.0433430,2.2468965e+04
 132.0637775,2.2469273e+04
 132.0842120,2.2484166e+04
 132.1046465,2.2483217e+04
 132.1250812,2.2476055e+04
 132.1455156,2.2469264e+04
 132.1659502,2.2473662e+04
 132.1863848,2.2474947e+04
 132.2068194,2.2461654e+04
 132.2272538,2.2469746e+04
 132.2476884,2.2472363e+04
 132.2681230,2.2474992e+04
 132.2885575,2.2477199e+04
 132.3089920,2.2481090e+04
 132.3294267,2.2483441e+04
 132.3498611,2.2472127e+04
 132.3702957,2.2482180e+04
 132.3907302,2.2473551e+04
 132.4111648,2.2467252e+04
 132.4315993,2.2460662e+04
 132.4520339,2.2480725e+04
 132.4724685,2.2477973e+04
 132.4929030,2.2469051e+04
 132.5133375,2.2480863e+04
 132.5337720,2.2480176e+04
 132.5542066,2.2478580e+04
 132.5746412,2.2468705e+04
 132.5950756,2.2480461e+04
 132.6155103,2.2479402e+04
 132.6359448,2.2477371e+04
 132.6563794,2.2468285e+04
 132.6768138,2.2474510e+04
 132.6972485,2.2475838e+04
 132.7176830,2.2483158e+04
 132.7381175,2.2466482e+04
 132.7585521,2.2481314e+04
 132.7789867,2.2467486e+04
 132.7994211,2.2476855e+04
 132.8198557,2.2466127e+04
 132.8402903,2.2470111e+04
 132.8607248,2.2484506e+04
 132.8811593,2.2471338e+04
 132.9015940,2.2467488e+04
 132.9220284,2.2468422e+04
 132.9424630,2.2478318e+04
 132.9628975,2.2476037e+04
 132.9833322,2.2473752e+04
 133.0037666,2.2476270e+04
 133.0242012,2.2480176e+04
 133.0446357,2.2471709e+04
 133.0650703,2.2481482e+04
 133.0855048,2.2477879e+04
 133.1059394,2.2471840e+04
 133.1263739,2.2476627e+04
 133.1468085,2.2469939e+04
 133.1672430,2.2469635e+04
 133.1876776,2.2480777e+04
 133.2081122,2.2471684e+04
 133.2285467,2.2477721e+04
 133.2489812,2.2471854e+04
 133.2694158,2.2479406e+04
 133.2898503,2.2479842e+04
 133.3102849,2.2478967e+04
 133.3307193,2.2478266e+04
 133.3511540,2.2471955e+04
 133.3715885,2.2468574e+04
 133.3920231,2.2478635e+04
 133.4124576,2.2477471e+04
 133.4328922,2.2471180e+04
 133.4533267,2.2477967e+04
 133.4737612,2.2472514e+04
 133.4941958,2.2478363e+04
 133.5146304,2.2478402e+04
 133.5350648,2.2464600e+04
 133.5554995,2.2463324e+04
 133.5759340,2.2475986e+04
 133.5963685,2.2477166e+04
 133.6168030,2.2478186e+04
 133.6372377,2.2480064e+04
 133.6576722,2.2485041e+04
 133.6781067,2.2486029e+04
 133.6985413,2.2480781e+04
 133.7189759,2.2473629e+04
 133.7394103,2.2484814e+04
 133.7598449,2.2468008e+04
 133.7802795,2.2479537e+04
 133.8007140,2.2476391e+04
 133.8211485,2.2476574e+04
 133.8415830,2.2481146e+04
 133.8620176,2.2470400e+04
 133.8824521,2.2471699e+04
 133.9028867,2.2468264e+04
 133.9233212,2.2471891e+04
 133.9437558,2.2474707e+04
 133.9641903,2.2483607e+04
 133.9846248,2.2486039e+04
 134.0050594,2.2472664e+04
 134.0254940,2.2474652e+04
 134.0459284,2.2473646e+04
 134.0663631,2.2484342e+04
 134.0867976,2.2469578e+04
 134.1072321,2.2495910e+04
 134.1276666,2.2466113e+04
 134.1481013,2.2482760e+04
 134.1685358,2.2469951e+04
 134.1889703,2.2487258e+04
 134.2094049,2.2474580e+04
 134.2298394,2.2465936e+04
 134.2502739,2.2475938e+04
 134.2707084,2.2466469e+04
 134.2911431,2.2475186e+04
 134.3115775,2.2475170e+04
 134.3320121,2.2474717e+04
 134.3524467,2.2474623e+04
 134.3728812,2.2467955e+04
 134.3933157,         null
 134.4137503,2.2475512e+04
 134.4341848,2.2471887e+04
 134.4546194,2.2473959e+04
 134.4750539,2.2467316e+04
 134.4954886,2.2469838e+04
 134.5159230,2.2469822e+04
 134.5363575,2.2468207e+04
 134.5567920,2.2467561e+04
 134.5772266,2.2469074e+04
 134.5976612,2.2479627e+04
 134.6180956,2.2477006e+04
 134.6385302,2.2475273e+04
 134.6589648,2.2474916e+04
 134.6793994,2.2473412e+04
 134.6998339,2.2469996e+04
 134.7202685,2.2472023e+04
 134.7407030,2.2463033e+04
 134.7611375,2.2468367e+04
 134.7815720,2.2465379e+04
 134.8020066,2.2462500e+04
 134.8224412,2.2470973e+04
 134.8428756,2.2477143e+04
 134.8633103,2.2472127e+04
 134.8837448,2.2472387e+04
 134.9041794,2.2482357e+04
 134.9246138,2.2471672e+04
 134.9450485,2.2482072e+04
 134.9654830,2.2473357e+04
 134.9859175,2.2477377e+04
 135.0063521,2.2468900e+04
 135.0267866,2.2474426e+04
 135.0472211,2.2481967e+04
 135.0676556,2.2476383e+04
 135.0880903,2.2467213e+04
 135.1085247,2.2478072e+04
 135.1289593,2.2482064e+04
 135.1493939,2.2478883e+04
 135.1698285,2.2478545e+04
 135.1902629,2.2468994e+04
 135.2106974,2.2484682e+04
 135.2311321,2.2462914e+04
 135.2515665,2.2480129e+04
 135.2720011,2.2479434e+04
 135.2924355,2.2478738e+04
 135.3128702,2.2488121e+04
 135.3333047,2.2473135e+04
 135.3537392,2.2476119e+04
 135.3741738,2.2481266e+04
 135.3946083,2.2474328e+04
 135.4150429,2.2473572e+04
 135.4354773,2.2480312e+04
 135.4559120,2.2479686e+04
 135.4763465,2.2478242e+04
 135.4967810,2.2476016e+04
 135.5172156,2.2470742e+04
 135.5376502,2.2474688e+04
 135.5580846,2.2475230e+04
 135.5785191,2.2483406e+04
 135.5989538,2.2480305e+04
 135.6193882,2.2476178e+04
 135.6398228,2.2481250e+04
 135.6602574,2.2483172e+04
 135.6806920,2.2473283e+04
 135.7011264,2.2475217e+04
 135.7215609,2.2475633e+04
 135.7419956,2.2469125e+04
 135.7624300,2.2478693e+04
 135.7828646,2.2475398e+04
 135.8032992,2.2477826e+04
 135.8237337,2.2474574e+04
 135.8441682,2.2473705e+04
 135.8646027,2.2480264e+04
 135.8850373,2.2475996e+04
 135.9054718,2.2478875e+04
 135.9259064,2.2480598e+04
 135.9463408,2.2477102e+04
 135.9667755,2.2475088e+04
 135.9872100,2.2480807e+04
 136.0076444,2.2478832e+04
 136.0280791,2.2478699e+04
 136.0485136,2.2473293e+04
 136.0689481,2.2478805e+04
 136.0893826,2.2480201e+04
 136.1098172,2.2477982e+04
 136.1302518,2.2473361e+04
 136.1506862,2.2480484e+04
 136.1711209,2.2464902e+04
 136.1915554,2.2483205e+04
 136.2119899,2.2472994e+04
 136.2324244,2.2470555e+04
 136.2528590,2.2480852e+04
 136.2732935,2.2468758e+04
 136.2937280,2.2477832e+04
 136.3141627,2.2471451e+04
 136.3345971,2.2471736e+04
 136.3550317,2.2470109e+04
 136.3754662,2.2466617e+04
 136.3959007,2.2475732e+04
 136.4163353,2.2470650e+04
 136.4367698,2.2478852e+04
 136.4572045,2.2477861e+04
 136.4776389,2.2482107e+04
 136.4980734,2.2471082e+04
 136.5185080,2.2473424e+04
 136.5389425,2.2478277e+04
 136.5593771,2.2477285e+04
 136.5798116,2.2473943e+04
 136.6002461,2.2485516e+04
 136.6206807,2.2480955e+04
 136.6411152,2.2478914e+04
 136.6615498,2.2483949e+04
 136.6819843,2.2476377e+04
 136.7024188,2.2470158e+04
 136.7228534,2.2473070e+04
 136.7432878,2.2477699e+04
 136.7637225,2.2463137e+04
 136.7841570,2.2486727e+04
 136.8045914,2.2465898e+04
 136.8250261,2.2468426e+04
 136.8454606,2.2472322e+04
 136.8658952,2.2465033e+04
 136.8863296,2.2469801e+04
 136.9067642,2.2474451e+04
 136.9271988,2.2476191e+04
 136.9476332,2.2485270e+04
 136.9680679,2.2479127e+04
 136.9885024,2.2472658e+04
 137.0089368,2.2477385e+04
 137.0293714,2.2473543e+04
 137.0498060,2.2469477e+04
 137.0702405,2.2472980e+04
 137.0906750,2.2477441e+04
 137.1111096,2.2469494e+04
 137.1315441,2.2475379e+04
 137.1519786,2.2473018e+04
 137.1724132,2.2471521e+04
 137.1928478,2.2473254e+04
 137.2132822,2.2478137e+04
 137.2337168,2.2473201e+04
 137.2541512,2.2482656e+04
 137.2745858,2.2467924e+04
 137.2950204,2.2467203e+04
 137.3154548,2.2459559e+04
 137.3358895,2.2468830e+04
 137.3563240,2.2476006e+04
 137.3767585,         null
 137.3971930,2.2471781e+04
 137.4176276,2.2474531e+04
 137.4380622,2.2474141e+04
 137.4584966,2.2461762e+04
 137.4789312,2.2467898e+04
 137.4993658,2.2474611e+04
 137.5198002,2.2470041e+04
 137.5402347,2.2467629e+04
 137.5606694,2.2474309e+04
 137.5811038,2.2476168e+04
 137.6015384,2.2475818e+04
 137.6219730,2.2469107e+04
 137.6424075,2.2474434e+04
 137.6628420,2.2465229e+04
 137.6832765,2.2470875e+04
 137.7037111,2.2464072e+04
 137.7241456,2.2467832e+04
 137.7445801,2.2470262e+04
 137.7650148,2.2465516e+04
 137.7854492,2.2462936e+04
 137.8058837,2.2468355e+04
 137.8263182,2.2470131e+04
 137.8467528,2.2467221e+04
 137.8671873,2.2471604e+04
 137.8876219,2.2466666e+04
 137.9080563,2.2465861e+04
 137.9284909,2.2465576e+04
 137.9489255,2.2474271e+04
 137.9693599,2.2472438e+04
 137.9897946,2.2456096e+04
 138.0102291,2.2470652e+04
 138.0306635,2.2462559e+04
 138.0510981,2.2469920e+04
 138.0715327,2.2462000e+04
 138.0919672,2.2470184e+04
 138.1124017,2.2468990e+04
 138.1328363,2.2472109e+04
 138.1532708,2.2465705e+04
 138.1737053,2.2469928e+04
 138.1941398,2.2471520e+04
 138.2145745,2.2465775e+04
 138.2350090,2.2471258e+04
 138.2554434,2.2462719e+04
 138.2758781,2.2465191e+04
 138.2963126,2.2473074e+04
 138.3167470,2.2473621e+04
 138.3371816,2.2478867e+04
 138.3576162,2.2470443e+04
 138.3780507,2.2461205e+04
 138.3984852,2.2464277e+04
 138.4189198,2.2478910e+04
 138.4393543,2.2471236e+04
 138.4597888,2.2469488e+04
 138.4802233,2.2463330e+04
 138.5006579,2.2470428e+04
 138.5210924,2.2467318e+04
 138.5415269,2.2467062e+04
 138.5619614,2.2469695e+04
 138.5823960,2.2468707e+04
 138.6028305,2.2479334e+04
 138.6232650,2.2468115e+04
 138.6436996,2.2472096e+04
 138.6641341,2.2466775e+04
 138.6845687,2.2475217e+04
 138.7050031,2.2472611e+04
 138.7254377,2.2466418e+04
 138.7458723,2.2471992e+04
 138.7663067,2.2474246e+04
 138.7867413,2.2480227e+04
 138.8071759,2.2469162e+04
 138.8276103,2.2462480e+04
 138.8480448,2.2465328e+04
 138.8684795,2.2469416e+04
 138.8889140,2.2471434e+04
 138.9093484,2.2476137e+04
 138.9297831,2.2470248e+04
 138.9502176,2.2474375e+04
 138.9706520,2.2462244e+04
 138.9910866,2.2457029e+04
 139.0115212,2.2463402e+04
 139.0319556,2.2456754e+04
 139.0523901,2.2467191e+04
 139.0728248,2.2459398e+04
 139.0932592,2.2454504e+04
 139.1136937,2.2458695e+04
 139.1341283,2.2458154e+04
 139.1545628,2.2459291e+04
 139.1749973,2.2458441e+04
 139.1954319,2.2462725e+04
 139.2158663,2.2487072e+04
 139.2363009,2.2460639e+04
 139.2567355,2.2474053e+04
 139.2771699,2.2485369e+04
 139.2976045,2.2466230e+04
 139.3180391,2.2468059e+04
 139.3384736,2.2476986e+04
 139.3589080,2.2483641e+04
 139.3793427,2.2469207e+04
 139.3997772,2.2483352e+04
 139.4202116,2.2467779e+04
 139.4406463,2.2470562e+04
 139.4610808,2.2463559e+04
 139.4815152,2.2476643e+04
 139.5019497,2.2469297e+04
 139.5223844,2.2474217e+04
 139.5428188,2.2463863e+04
 139.5632533,2.2470348e+04
 139.5836880,2.2467846e+04
 139.6041224,2.2463477e+04
 139.6245569,2.2470746e+04
 139.6449915,2.2469285e+04
 139.6654261,2.2469521e+04
 139.6858605,2.2471887e+04
 139.7062951,2.2465256e+04
 139.7267296,2.2471473e+04
 139.7471641,2.2468166e+04
 139.7675986,2.2458490e+04
 139.7880332,2.2473170e+04
 139.8084677,2.2470803e+04
 139.8289022,2.2475912e+04
 139.8493368,2.2470604e+04
 139.8697713,2.2472580e+04
 139.8902058,2.2481412e+04
 139.9106404,2.2473520e+04
 139.9310749,2.2480520e+04
 139.9515095,2.2470684e+04
 139.9719439,2.2472432e+04
 139.9923785,2.2477527e+04
 140.0128129,2.2478568e+04
 140.0332475,2.2471871e+04
 140.0536821,2.2475760e+04
 140.0741166,2.2481580e+04
 140.0945511,2.2480121e+04
 140.1149856,2.2469334e+04
 140.1354202,2.2476982e+04
 140.1558546,2.2474238e+04
 140.1762892,2.2475402e+04
 140.1967238,2.2479574e+04
 140.2171582,2.2478932e+04
 140.2375928,2.2481156e+04
 140.2580273,2.2478986e+04
 140.2784618,2.2470250e+04
 140.2988963,2.2477135e+04
 140.3193309,2.2473174e+04
 140.3397654,2.2476385e+04
 140.3601999,         null
 140.3806344,2.2476420e+04
 140.4010690,2.2470621e+04
 140.4215035,2.2481484e+04
 140.4419380,2.2475256e+04
 140.4623726,2.2470432e+04
 140.4828070,2.2472936e+04
 140.5032416,2.2473670e+04
 140.5236760,2.2469994e+04
 140.5441106,2.2476572e+04
 140.5645452,2.2479410e+04
 140.5849797,2.2472080e+04
 140.6054142,2.2481012e+04
 140.6258487,2.2478602e+04
 140.6462833,2.2472152e+04
 140.6667177,2.2471010e+04
 140.6871523,2.2474512e+04
 140.7075868,2.2457193e+04
 140.7280213,2.2477320e+04
 140.7484559,2.2477266e+04
 140.7688904,2.2465158e+04
 140.7893248,2.2473082e+04
 140.8097594,2.2470518e+04
 140.8301940,2.2472971e+04
 140.8506285,2.2468162e+04
 140.8710629,2.2477604e+04
 140.8914975,2.2480195e+04
 140.9119321,2.2470693e+04
 140.9323665,2.2479082e+04
 140.9528010,2.2479605e+04
 140.9732357,2.2473443e+04
 140.9936701,2.2467869e+04
 141.0141046,2.2470850e+04
 141.0345391,2.2466627e+04
 141.0549737,2.2467543e+04
 141.0754082,2.2462018e+04
 141.0958427,2.2488615e+04
 141.1162772,2.2468971e+04
 141.1367118,2.2484180e+04
 141.1571463,2.2465896e+04
 141.1775807,2.2474680e+04
 141.1980153,2.2476023e+04
 141.2184499,2.2481436e+04
 141.2388843,2.2483889e+04
 141.2593189,2.2473424e+04
 141.2797534,2.2468104e+04
 141.3001879,2.2465242e+04
 141.3206224,2.2482582e+04
 141.3410570,2.2468102e+04
 141.3614915,2.2479613e+04
 141.3819260,2.2472350e+04
 141.4023605,2.2460619e+04
 141.4227951,2.2463232e+04
 141.4432296,2.2460076e+04
 141.4636641,2.2481957e+04
 141.4840987,2.2482250e+04
 141.5045332,2.2469939e+04
 141.5249676,2.2479936e+04
 141.5454021,2.2483848e+04
 141.5658367,2.2470146e+04
 141.5862713,2.2469785e+04
 141.6067057,2.2473734e+04
 141.6271403,2.2485023e+04
 141.6475749,2.2470295e+04
 141.6680093,2.2472928e+04
 141.6884438,2.2477037e+04
 141.7088784,2.2470600e+04
 141.7293129,2.2473934e+04
 141.7497474,2.2461490e+04
 141.7701820,2.2485828e+04
 141.7906164,2.2475250e+04
 141.8110509,2.2468914e+04
 141.8314855,2.2475738e+04
 141.8519200,2.2472287e+04
 141.8723545,2.2479518e+04
 141.8927890,2.2473518e+04
 141.9132236,2.2469203e+04
 141.9336581,2.2467977e+04
 141.9540926,2.2480422e+04
 141.9745270,2.2475420e+04
 141.9949616,2.2472232e+04
 142.0153962,2.2472938e+04
 142.0358306,2.2475797e+04
 142.0562651,2.2469236e+04
 142.0766997,2.2484688e+04
 142.0971342,2.2463566e+04
 142.1175687,2.2475154e+04
 142.1380033,2.2465385e+04
 142.1584378,2.2474598e+04
 142.1788722,2.2469350e+04
 142.1993067,2.2468039e+04
 142.2197414,2.2473953e+04
 142.2401758,2.2475164e+04
 142.2606103,2.2465834e+04
 142.2810449,2.2477750e+04
 142.3014793,2.2463904e+04
 142.3219139,2.2477219e+04
 142.3423484,2.2468012e+04
 142.3627830,2.2473055e+04
 142.3832174,2.2460219e+04
 142.4036519,2.2475459e+04
 142.4240866,2.2467639e+04
 142.4445210,2.2478250e+04
 142.4649555,2.2464080e+04
 142.4853899,2.2485320e+04
 142.5058245,2.2474361e+04
 142.5262590,2.2471359e+04
 142.5466936,2.2465621e+04
 142.5671280,2.2477721e+04
 142.5875626,2.2474715e+04
 142.6079971,2.2473383e+04
 142.6284315,2.2475904e+04
 142.6488662,2.2465035e+04
 142.6693007,2.2471869e+04
 142.6897351,2.2471613e+04
 142.7101696,2.2471633e+04
 142.7306042,2.2476564e+04
 142.7510386,2.2477557e+04
 142.7714732,2.2478184e+04
 142.7919078,2.2492973e+04
 142.8123422,2.2478816e+04
 142.8327767,2.2469971e+04
 142.8532112,2.2473309e+04
 142.8736459,2.2474504e+04
 142.8940803,2.2465934e+04
 142.9145148,2.2468328e+04
 142.9349494,2.2467963e+04
 142.9553838,2.2471738e+04
 142.9758183,2.2467092e+04
 142.9962528,2.2471832e+04
 143.0166874,2.2466770e+04
 143.0371219,2.2467979e+04
 143.0575564,2.2475787e+04
 143.0779909,2.2477721e+04
 143.0984254,2.2470561e+04
 143.1188600,2.2473523e+04
 143.1392945,2.2467033e+04
 143.1597290,2.2468480e+04
 143.1801635,2.2462025e+04
 143.2005979,2.2465480e+04
 143.2210324,2.2463246e+04
 143.2414670,2.2467779e+04
 143.2619016,2.2472031e+04
 143.2823361,2.2477479e+04
 143.3027706,2.2470059e+04
 143.3232051,2.2475428e+04
 143.3436396,         null
 143.3640740,2.2473094e+04
 143.3845087,2.2468896e+04
 143.4049432,2.2472209e+04
 143.4253776,2.2481070e+04
 143.4458122,2.2477521e+04
 143.4662467,2.2478559e+04
 143.4866811,2.2473998e+04
 143.5071156,2.2472506e+04
 143.5275503,2.2472096e+04
 143.5479848,2.2473271e+04
 143.5684192,2.2471664e+04
 143.5888538,2.2473973e+04
 143.6092883,2.2479281e+04
 143.6297227,2.2470996e+04
 143.6501572,2.2476371e+04
 143.6705918,2.2483076e+04
 143.6910263,2.2472928e+04
 143.7114608,2.2477896e+04
 143.7318953,2.2482766e+04
 143.7523298,2.2475898e+04
 143.7727643,2.2476934e+04
 143.7931988,2.2466492e+04
 143.8136333,2.2474955e+04
 143.8340679,2.2468811e+04
 143.8545024,2.2475098e+04
 143.8749368,2.2472570e+04
 143.8953714,2.2470441e+04
 143.9158059,2.2478160e+04
 143.9362403,2.2474055e+04
 143.9566749,2.2466100e+04
 143.9771094,2.2480057e+04
 143.9975439,2.2470594e+04
 144.0179784,2.2467658e+04
 144.0384130,2.2476812e+04
 144.0588475,2.2470979e+04
 144.0792819,2.2479027e+04
 144.0997165,2.2473035e+04
 144.1201510,2.2474977e+04
 144.1405854,2.2474205e+04
 144.1610199,2.2474859e+04
 144.1814546,2.2482826e+04
 144.2018890,2.2479693e+04
 144.2223235,2.2477943e+04
 144.2427581,2.2472393e+04
 144.2631925,2.2478018e+04
 144.2836270,2.2473752e+04
 144.3040615,2.2467328e+04
 144.3244960,2.2479023e+04
 144.3449305,2.2473488e+04
 144.3653651,2.2479955e+04
 144.3857995,2.2476818e+04
 144.4062341,2.2478406e+04
 144.4266686,2.2483672e+04
 144.4471030,2.2486475e+04
 144.4675376,2.2480385e+04
 144.4879721,2.2479762e+04
 144.5084065,2.2480605e+04
 144.5288410,2.2474760e+04
 144.5492756,2.2474189e+04
 144.5697101,2.2481900e+04
 144.5901446,2.2469893e+04
 144.6105792,2.2477918e+04
 144.6310137,2.2477570e+04
 144.6514481,2.2468734e+04
 144.6718826,2.2476084e+04
 144.6923172,2.2472629e+04
 144.7127516,2.2466693e+04
 144.7331861,2.2470088e+04
 144.7536207,2.2465898e+04
 144.7740551,2.2474305e+04
 144.7944896,2.2466951e+04
 144.8149242,2.2488354e+04
 144.8353588,2.2479344e+04
 144.8557932,2.2467414e+04
 144.8762277,2.2486545e+04
 144.8966622,2.2476367e+04
 144.9170967,2.2482506e+04
 144.9375312,2.2466873e+04
 144.9579657,2.2475240e+04
 144.9784003,2.2480615e+04
 144.9988347,2.2487824e+04
 145.0192692,2.2485807e+04
 145.0397037,2.2481182e+04
 145.0601382,2.2491975e+04
 145.0805727,2.2485186e+04
 145.1010073,2.2475416e+04
 145.1214419,2.2486182e+04
 145.1418763,2.2483088e+04
 145.1623108,2.2472307e+04
 145.1827452,2.2484551e+04
 145.2031798,2.2477674e+04
 145.2236143,2.2472090e+04
 145.2440487,2.2492293e+04
 145.2644833,2.2480834e+04
 145.2849178,2.2478768e+04
 145.3053523,2.2481486e+04
 145.3257867,2.2476908e+04
 145.3462213,2.2483008e+04
 145.3666558,2.2481934e+04
 145.3870902,2.2487852e+04
 145.4075248,2.2476334e+04
 145.4279593,2.2476197e+04
 145.4483937,2.2473914e+04
 145.4688283,2.2489877e+04
 145.4892629,2.2478645e+04
 145.5096973,2.2473406e+04
 145.5301318,2.2478355e+04
 145.5505663,2.2483551e+04
 145.5710009,2.2477746e+04
 145.5914353,2.2481760e+04
 145.6118698,2.2475180e+04
 145.6323044,2.2481076e+04
 145.6527388,2.2483793e+04
 145.6731733,2.2474861e+04
 145.6936077,2.2465953e+04
 145.7140423,2.2502246e+04
 145.7344768,2.2483691e+04
 145.7549113,2.2475824e+04
 145.7753458,2.2475100e+04
 145.7957803,2.2471186e+04
 145.8162148,2.2484787e+04
 145.8366492,2.2479127e+04
 145.8570838,2.2478533e+04
 145.8775183,2.2480332e+04
 145.8979527,2.2482988e+04
 145.9183873,2.2481312e+04
 145.9388218,2.2478154e+04
 145.9592562,2.2482719e+04
 145.9796907,2.2481592e+04
 146.0001253,2.2474777e+04
 146.0205598,2.2475639e+04
 146.0409942,2.2484172e+04
 146.0614288,2.2469496e+04
 146.0818633,2.2475600e+04
 146.1022977,2.2479641e+04
 146.1227322,2.2470535e+04
 146.1431668,2.2478910e+04
 146.1636013,2.2474793e+04
 146.1840358,2.2470623e+04
 146.2044703,2.2483176e+04
 146.2249048,2.2483725e+04
 146.2453393,2.2482883e+04
 146.2657738,2.2475957e+04
 146.2862083,2.2508941e+04
 146.3066428,2.2476924e+04
 146.3270773,         null
 146.3475117,2.2481100e+04
 146.3679463,2.2476574e+04
 146.3883808,2.2475516e+04
 146.4088152,2.2473838e+04
 146.4292498,2.2475316e+04
 146.4496843,2.2476639e+04
 146.4701187,2.2497053e+04
 146.4905533,2.2476936e+04
 146.5109878,2.2462012e+04
 146.5314223,2.2482637e+04
 146.5518567,2.2473736e+04
 146.5722913,2.2474914e+04
 146.5927257,2.2477275e+04
 146.6131602,2.2485422e+04
 146.6335946,2.2476807e+04
 146.6540292,2.2478580e+04
 146.6744637,2.2479271e+04
 146.6948981,2.2472738e+04
 146.7153327,2.2476979e+04
 146.7357672,2.2474604e+04
 146.7562017,2.2478852e+04
 146.7766361,2.2481031e+04
 146.7970707,2.2475512e+04
 146.8175052,2.2481086e+04
 146.8379396,2.2482688e+04
 146.8583741,2.2475578e+04
 146.8788087,2.2470164e+04
 146.8992431,2.2480734e+04
 146.9196776,2.2476873e+04
 146.9401122,2.2472398e+04
 146.9605466,2.2480928e+04
 146.9809811,2.2471801e+04
 147.0014156,2.2483930e+04
 147.0218501,2.2473857e+04
 147.0422846,2.2484109e+04
 147.0627191,2.2476258e+04
 147.0831537,2.2482137e+04
 147.1035881,2.2473902e+04
 147.1240226,2.2478814e+04
 147.1444570,2.2475742e+04
 147.1648916,2.2474275e+04
 147.1853261,2.2479855e+04
 147.2057605,2.2482850e+04
 147.2261951,2.2481363e+04
 147.2466296,2.2485828e+04
 147.2670640,2.2471299e+04
 147.2874984,2.2475686e+04
 147.3079330,2.2479855e+04
 147.3283675,2.2487619e+04
 147.3488019,2.2482258e+04
 147.3692364,2.2482451e+04
 147.3896710,2.2485971e+04
 147.4101054,2.2475014e+04
 147.4305399,2.2482320e+04
 147.4509745,2.2471178e+04
 147.4714089,2.2484365e+04
 147.4918434,2.2475768e+04
 147.5122779,2.2479611e+04
 147.5327125,2.2469074e+04
 147.5531469,2.2476742e+04
 147.5735814,2.2471645e+04
 147.5940160,2.2485365e+04
 147.6144503,2.2478748e+04
 147.6348848,2.2473936e+04
 147.6553192,2.2483707e+04
 147.6757538,2.2472312e+04
 147.6961883,2.2476107e+04
 147.7166227,2.2485812e+04
 147.7370573,2.2478133e+04
 147.7574918,2.2479846e+04
 147.7779263,2.2486037e+04
 147.7983607,2.2470674e+04
 147.8187953,2.2483262e+04
 147.8392298,2.2489068e+04
 147.8596642,2.2478684e+04
 147.8800986,2.2474545e+04
 147.9005332,         null
 147.9209676,2.2477500e+04
 147.9414021,2.2479545e+04
 147.9618367,2.2484949e+04
 147.9822711,2.2485953e+04
 148.0027056,2.2475904e+04
 148.0231401,2.2483248e+04
 148.0435747,2.2482641e+04
 148.0640091,2.2479055e+04
 148.0844436,2.2473109e+04
 148.1048782,2.2473254e+04
 148.1253125,2.2476098e+04
 148.1457470,2.2483963e+04
 148.1661815,2.2472023e+04
 148.1866160,2.2477867e+04
 148.2070505,2.2469018e+04
 148.2274850,2.2477658e+04
 148.2479196,2.2464377e+04
 148.2683540,2.2476629e+04
 148.2887885,2.2475023e+04
 148.3092229,2.2478047e+04
 148.3296574,2.2478059e+04
 148.3500919,2.2481609e+04
 148.3705264,2.2469838e+04
 148.3909608,2.2482271e+04
 148.4113954,2.2471971e+04
 148.4318299,2.2471957e+04
 148.4522644,2.2479316e+04
 148.4726989,2.2469287e+04
 148.4931333,2.2479471e+04
 148.5135678,2.2471053e+04
 148.5340022,2.2471725e+04
 148.5544368,2.2479092e+04
 148.5748713,2.2483566e+04
 148.5953057,2.2466768e+04
 148.6157403,2.2482023e+04
 148.6361748,2.2483490e+04
 148.6566091,2.2481637e+04
 148.6770436,2.2468312e+04
 148.6974782,2.2477570e+04
 148.7179126,2.2473666e+04
 148.7383471,2.2472109e+04
 148.7587817,2.2481900e+04
 148.7792162,2.2477895e+04
 148.7996506,2.2477807e+04
 148.8200850,2.2475520e+04
 148.8405196,2.2474611e+04
 148.8609540,2.2470203e+04
 148.8813885,2.2479742e+04
 148.9018231,2.2474566e+04
 148.9222575,2.2471012e+04
 148.9426920,2.2466809e+04
 148.9631264,2.2474182e+04
 148.9835609,2.2474982e+04
 149.0039954,2.2473639e+04
 149.0244299,2.2467869e+04
 149.0448643,2.2480984e+04
 149.0652989,2.2477369e+04
 149.0857334,2.2472312e+04
 149.1061677,2.2479156e+04
 149.1266023,2.2470240e+04
 149.1470368,2.2478883e+04
 149.1674712,2.2473287e+04
 149.1879057,2.2467803e+04
 149.2083403,2.2476012e+04
 149.2287747,2.2478289e+04
 149.2492091,2.2465332e+04
 149.2696437,2.2475756e+04
 149.2900782,2.2471658e+04
 149.3105126,         null
 149.3309471,2.2479240e+04
 149.3513816,2.2477537e+04
 149.3718160,2.2465152e+04
 149.3922505,2.2483381e+04
 149.4126851,2.2468895e+04
 149.4331195,2.2477229e+04
 149.4535540,2.2474264e+04
 149.4739884,2.2480641e+04
 149.4944229,2.2469637e+04
 149.5148574,2.2470715e+04
 149.5352919,2.2463961e+04
 149.5557265,2.2485906e+04
 149.5761608,2.2471438e+04
 149.5965953,2.2483125e+04
 149.6170297,2.2471328e+04
 149.6374643,2.2480453e+04
 149.6578988,2.2471881e+04
 149.6783332,2.2477223e+04
 149.6987676,2.2473934e+04
 149.7192022,2.2466340e+04
 149.7396367,2.2468264e+04
 149.7600711,2.2460523e+04
 149.7805057,2.2472986e+04
 149.8009401,2.2472020e+04
 149.8213745,2.2477521e+04
 149.8418090,2.2479227e+04
 149.8622436,2.2478066e+04
 149.8826781,2.2475873e+04
 149.9031124,2.2475881e+04
 149.9235470,2.2460852e+04
 149.9439815,2.2471521e+04
 149.9644160,2.2466285e+04
 149.9848504,2.2466080e+04
 150.0052849,2.2463418e+04
 150.0257194,2.2462965e+04
 150.0461538,2.2475100e+04
 150.0665884,2.2468428e+04
 150.0870229,2.2468125e+04
 150.1074572,2.2476363e+04
 150.1278917,2.2465049e+04
 150.1483263,2.2460492e+04
 150.1687607,2.2470818e+04
 150.1891951,2.2469221e+04
 150.2096297,2.2474570e+04
 150.2300641,2.2459691e+04
 150.2504986,2.2462139e+04
 150.2709331,2.2465346e+04
 150.2913676,2.2468488e+04
 150.3118020,2.2465992e+04
 150.3322365,2.2463400e+04
 150.3526709,2.2471691e+04
 150.3731054,2.2457996e+04
 150.3935399,2.2461939e+04
 150.4139743,2.2455447e+04
 150.4344089,2.2455064e+04
 150.4548433,2.2458516e+04
 150.4752778,2.2459018e+04
 150.4957122,2.2469023e+04
 150.5161468,2.2461234e+04
 150.5365813,2.2465406e+04
 150.5570156,2.2457576e+04
 150.5774502,2.2468625e+04
 150.5978847,2.2455498e+04
 150.6183191,2.2459139e+04
 150.6387535,2.2462311e+04
 150.6591881,2.2455311e+04
 150.6796225,2.2460295e+04
 150.7000570,2.2463791e+04
 150.7204915,2.2469781e+04
 150.7409260,2.2460836e+04
 150.7613604,2.2453568e+04
 150.7817949,2.2468754e+04
 150.8022294,2.2471674e+04
 150.8226638,2.2466391e+04
 150.8430983,2.2453566e+04
 150.8635328,2.2461367e+04
 150.8839672,2.2478086e+04
 150.9044017,2.2468512e+04
 150.9248362,2.2469078e+04
 150.9452706,2.2461781e+04
 150.9657051,2.2464131e+04
 150.9861396,2.2475711e+04
 151.0065740,2.2462934e+04
 151.0270085,2.2467053e+04
 151.0474430,2.2466320e+04
 151.0678774,2.2461744e+04
 151.0883120,2.2468043e+04
 151.1087464,2.2458941e+04
 151.1291808,2.2463600e+04
 151.1496153,2.2471596e+04
 151.1700498,2.2457648e+04
 151.1904842,2.2455346e+04
 151.2109187,2.2462111e+04
 151.2313533,2.2471805e+04
 151.2517877,2.2464686e+04
 151.2722221,2.2459189e+04
 151.2926566,2.2462660e+04
 151.3130911,2.2463352e+04
 151.3335255,2.2477461e+04
 151.3539600,2.2457752e+04
 151.3743946,2.2470629e+04
 151.3948289,2.2467514e+04
 151.4152634,2.2462033e+04
 151.4356979,2.2461486e+04
 151.4561323,2.2462611e+04
 151.4765668,2.2472822e+04
 151.4970013,2.2466031e+04
 151.5174357,2.2461186e+04
 151.5378702,2.2455453e+04
 151.5583047,2.2453188e+04
 151.5787391,2.2452781e+04
 151.5991737,2.2449736e+04
 151.6196081,2.2459068e+04
 151.6400426,2.2468701e+04
 151.6604770,         null
 151.6809115,2.2455617e+04
 151.7013460,2.2470391e+04
 151.7217804,2.2471189e+04
 151.7422149,2.2464338e+04
 151.7626494,2.2460029e+04
 151.7830838,2.2462574e+04
 151.8035182,2.2464865e+04
 151.8239528,2.2462086e+04
 151.8443872,2.2476488e+04
 151.8648216,2.2474199e+04
 151.8852562,2.2463768e+04
 151.9056906,2.2465707e+04
 151.9261250,2.2468672e+04
 151.9465595,2.2461926e+04
 151.9669940,2.2463371e+04
 151.9874285,2.2465811e+04
 152.0078629,2.2463521e+04
 152.0282974,2.2471965e+04
 152.0487319,2.2472609e+04
 152.0691663,2.2469455e+04
 152.0896007,2.2466342e+04
 152.1100353,2.2474994e+04
 152.1304697,2.2465508e+04
 152.1509041,2.2473424e+04
 152.1713386,2.2462012e+04
 152.1917731,2.2471256e+04
 152.2122075,2.2473799e+04
 152.2326420,2.2464688e+04
 152.2530766,2.2466855e+04
 152.2735109,2.2469891e+04
 152.2939454,         null
 152.3143797,2.2469326e+04
 152.3348143,2.2462984e+04
 152.3552488,2.2463928e+04
 152.3756831,2.2478402e+04
 152.3961177,2.2466645e+04
 152.4165522,2.2454797e+04
 152.4369866,2.2460832e+04
 152.4574210,2.2469721e+04
 152.4778556,2.2469004e+04
 152.4982900,2.2465936e+04
 152.5187244,2.2469998e+04
 152.5391589,2.2465227e+04
 152.5595934,2.2474340e+04
 152.5800278,2.2485336e+04
 152.6004622,2.2466412e+04
 152.6208968,2.2466459e+04
 152.6413312,2.2464527e+04
 152.6617656,         null
 152.6822001,2.2470402e+04
 152.7026345,2.2474674e+04
 152.7230690,2.2459783e+04
 152.7435035,2.2476400e+04
 152.7639380,2.2467930e+04
 152.7843724,2.2466467e+04
 152.8048069,2.2460346e+04
 152.8252412,2.2468283e+04
 152.8456758,2.2473973e+04
 152.8661102,2.2471793e+04
 152.8865446,2.2476400e+04
 152.9069792,2.2466980e+04
 152.9274136,2.2473752e+04
 152.9478481,2.2466459e+04
 152.9682824,2.2480154e+04
 152.9887170,2.2472350e+04
 153.0091515,2.2469881e+04
 153.0295858,2.2473297e+04
 153.0500204,2.2474143e+04
 153.0704548,2.2484748e+04
 153.0908892,2.2466186e+04
 153.1113237,2.2471648e+04
 153.1317582,2.2476641e+04
 153.1521926,2.2460295e+04
 153.1726270,2.2459135e+04
 153.1930615,2.2469293e+04
 153.2134960,2.2463080e+04
 153.2339305,2.2464498e+04
 153.2543649,2.2466795e+04
 153.2747994,2.2460674e+04
 153.2952339,2.2466721e+04
 153.3156682,2.2463031e+04
 153.3361027,2.2473006e+04
 153.3565371,2.2465125e+04
 153.3769716,2.2469131e+04
 153.3974061,2.2466551e+04
 153.4178406,2.2471746e+04
 153.4382751,2.2468705e+04
 153.4587094,2.2474811e+04
 153.4791439,2.2469936e+04
 153.4995784,2.2470344e+04
 153.5200128,2.2489078e+04
 153.5404473,2.2472805e+04
 153.5608818,2.2457965e+04
 153.5813162,2.2465973e+04
 153.6017506,2.2469775e+04
 153.6221851,2.2470754e+04
 153.6426195,2.2474350e+04
 153.6630540,2.2471371e+04
 153.6834884,2.2464041e+04
 153.7039228,2.2466361e+04
 153.7243574,2.2468852e+04
 153.7447918,2.2466955e+04
 153.7652262,2.2469895e+04
 153.7856607,2.2472258e+04
 153.8060952,2.2465320e+04
 153.8265295,2.2475635e+04
 153.8469640,2.2476781e+04
 153.8673985,2.2474123e+04
 153.8878329,2.2483766e+04
 153.9082673,2.2460955e+04
 153.9287019,2.2479996e+04
 153.9491363,2.2468445e+04
 153.9695707,2.2483766e+04
 153.9900052,2.2472381e+04
 154.0104397,2.2472715e+04
 154.0308741,2.2476023e+04
 154.0513085,2.2480037e+04
 154.0717431,2.2478699e+04
 154.0921774,2.2471746e+04
 154.1126119,2.2469049e+04
 154.1330463,2.2484289e+04
 154.1534808,2.2476232e+04
 154.1739152,2.2467561e+04
 154.1943497,2.2475795e+04
 154.2147841,2.2465141e+04
 154.2352186,2.2473883e+04
 154.2556530,2.2474824e+04
 154.2760874,2.2470873e+04
 154.2965219,2.2465885e+04
 154.3169564,2.2472227e+04
 154.3373907,2.2479053e+04
 154.3578252,2.2470373e+04
 154.3782597,2.2476098e+04
 154.3986941,2.2469484e+04
 154.4191285,2.2478947e+04
 154.4395631,2.2471928e+04
 154.4599975,2.2470264e+04
 154.4804319,2.2475705e+04
 154.5008663,2.2476619e+04
 154.5213009,2.2473344e+04
 154.5417352,2.2474268e+04
 154.5621697,2.2465189e+04
 154.5826042,2.2466857e+04
 154.6030386,2.2478914e+04
 154.6234730,2.2481252e+04
 154.6439075,2.2476539e+04
 154.6643419,2.2471254e+04
 154.6847764,2.2479523e+04
 154.7052108,2.2485271e+04
 154.7256454,2.2466592e+04
 154.7460797,2.2478098e+04
 154.7665142,2.2474670e+04
 154.7869486,2.2475379e+04
 154.8073830,2.2479803e+04
 154.8278175,2.2467428e+04
 154.8482518,2.2463248e+04
 154.8686864,2.2478213e+04
 154.8891208,2.2471715e+04
 154.9095553,2.2471037e+04
 154.9299897,2.2469387e+04
 154.9504242,2.2470535e+04
 154.9708586,2.2468002e+04
 154.9912931,2.2479865e+04
 155.0117274,2.2477850e+04
 155.0321620,2.2476002e+04
 155.0525964,2.2485092e+04
 155.0730307,2.2477348e+04
 155.0934653,2.2469432e+04
 155.1138997,2.2476535e+04
 155.1343341,2.2466566e+04
 155.1547685,2.2483086e+04
 155.1752031,2.2478969e+04
 155.1956375,2.2467344e+04
 155.2160719,2.2476629e+04
 155.2365063,2.2471195e+04
 155.2569408,2.2488424e+04
 155.2773752,         null
 155.2978096,2.2472080e+04
 155.3182442,2.2475189e+04
 155.3386785,2.2474727e+04
 155.3591130,2.2475531e+04
 155.3795474,2.2478160e+04
 155.3999818,2.2485080e+04
 155.4204163,2.2463951e+04
 155.4408507,2.2481586e+04
 155.4612853,2.2466217e+04
 155.4817196,2.2475682e+04
 155.5021541,2.2479680e+04
 155.5225884,2.2489779e+04
 155.5430229,2.2471582e+04
 155.5634574,         null
 155.5838917,2.2473637e+04
 155.6043263,2.2467830e+04
 155.6247607,2.2479898e+04
 155.6451951,2.2478078e+04
 155.6656295,2.2474125e+04
 155.6860640,2.2488906e+04
 155.7064985,2.2487201e+04
 155.7269328,2.2478355e+04
 155.7473672,2.2476498e+04
 155.7678018,2.2477906e+04
 155.7882361,2.2481795e+04
 155.8086706,2.2489764e+04
 155.8291051,2.2485385e+04
 155.8495394,2.2485904e+04
 155.8699739,2.2476744e+04
 155.8904083,2.2469740e+04
 155.9108429,2.2480541e+04
 155.9312772,2.2468320e+04
 155.9517116,2.2481316e+04
 155.9721462,2.2481135e+04
 155.9925805,2.2477738e+04
 156.0130150,2.2480322e+04
 156.0334493,2.2470361e+04
 156.0538838,2.2478248e+04
 156.0743183,2.2479230e+04
 156.0947527,2.2479471e+04
 156.1151871,2.2477801e+04
 156.1356216,2.2483689e+04
 156.1560560,2.2472713e+04
 156.1764904,2.2490279e+04
 156.1969249,2.2478590e+04
 156.2173593,2.2471594e+04
 156.2377937,2.2474916e+04
 156.2582281,2.2475781e+04
 156.2786626,2.2482043e+04
 156.2990970,2.2485264e+04
 156.3195314,2.2489049e+04
 156.3399659,2.2482281e+04
 156.3604003,2.2484182e+04
 156.3808347,2.2483119e+04
 156.4012692,2.2476537e+04
 156.4217037,2.2482482e+04
 156.4421380,2.2471244e+04
 156.4625725,2.2474281e+04
 156.4830070,2.2479752e+04
 156.5034413,2.2486635e+04
 156.5238758,2.2471018e+04
 156.5443102,2.2477701e+04
 156.5647446,2.2468611e+04
 156.5851791,2.2479082e+04
 156.6056135,2.2468943e+04
 156.6260479,2.2476799e+04
 156.6464824,2.2481920e+04
 156.6669168,2.2486873e+04
 156.6873512,2.2477012e+04
 156.7077857,2.2473570e+04
 156.7282201,2.2477650e+04
 156.7486545,2.2473127e+04
 156.7690889,2.2480973e+04
 156.7895234,2.2479137e+04
 156.8099578,2.2485668e+04
 156.8303923,2.2485533e+04
 156.8508267,2.2478363e+04
 156.8712611,2.2471719e+04
 156.8916956,2.2486770e+04
 156.9121299,2.2483139e+04
 156.9325644,2.2467611e+04
 156.9529988,2.2477613e+04
 156.9734332,2.2479354e+04
 156.9938677,2.2489703e+04
 157.0143021,2.2473227e+04
 157.0347365,2.2476148e+04
 157.0551709,2.2478355e+04
 157.0756054,2.2479902e+04
 157.0960398,2.2475592e+04
 157.1164742,2.2482441e+04
 157.1369087,2.2480352e+04
 157.1573431,2.2482441e+04
 157.1777775,2.2477242e+04
 157.1982119,2.2488160e+04
 157.2186464,2.2470336e+04
 157.2390808,2.2479518e+04
 157.2595152,2.2485535e+04
 157.2799496,2.2477820e+04
 157.3003840,2.2482080e+04
 157.3208185,2.2475639e+04
 157.3412529,2.2478873e+04
 157.3616873,2.2477160e+04
 157.3821218,2.2478090e+04
 157.4025562,2.2477961e+04
 157.4229905,2.2480271e+04
 157.4434250,2.2490344e+04
 157.4638595,2.2479986e+04
 157.4842938,2.2481848e+04
 157.5047283,2.2484695e+04
 157.5251627,2.2482109e+04
 157.5455971,2.2485953e+04
 157.5660315,2.2470307e+04
 157.5864660,2.2494479e+04
 157.6069004,2.2474299e+04
 157.6273348,2.2478758e+04
 157.6477693,2.2468805e+04
 157.6682037,2.2482148e+04
 157.6886381,2.2481156e+04
 157.7090725,2.2471939e+04
 157.7295070,2.2475865e+04
 157.7499413,2.2481705e+04
 157.7703758,2.2484303e+04
 157.7908103,2.2480361e+04
 157.8112446,2.2472869e+04
 157.8316790,2.2470629e+04
 157.8521135,2.2478420e+04
 157.8725479,2.2475781e+04
 157.8929823,2.2479287e+04
 157.9134167,2.2474918e+04
 157.9338510,2.2472494e+04
 157.9542856,2.2480139e+04
 157.9747200,2.2483801e+04
 157.9951543,2.2473467e+04
 158.0155888,2.2493664e+04
 158.0360233,2.2489365e+04
 158.0564576,2.2473857e+04
 158.0768920,2.2489096e+04
 158.0973265,2.2476469e+04
 158.1177610,2.2482801e+04
 158.1381953,2.2489285e+04
 158.1586298,2.2480977e+04
 158.1790642,2.2480152e+04
 158.1994985,2.2477453e+04
 158.2199330,2.2480527e+04
 158.2403675,2.2482686e+04
 158.2608018,         null
 158.2812362,2.2481258e+04
 158.3016707,2.2484363e+04
 158.3221052,2.2482109e+04
 158.3425395,2.2473896e+04
 158.3629739,2.2476875e+04
 158.3834084,2.2485031e+04
 158.4038428,2.2479963e+04
 158.4242772,2.2477975e+04
 158.4447116,2.2478789e+04
 158.4651461,2.2481479e+04
 158.4855804,2.2473293e+04
 158.5060148,2.2483949e+04
 158.5264494,2.2480277e+04
 158.5468837,2.2488109e+04
 158.5673181,2.2478322e+04
 158.5877525,2.2479553e+04
 158.6081869,2.2482633e+04
 158.6286213,2.2488141e+04
 158.6490558,2.2488811e+04
 158.6694903,2.2488865e+04
 158.6899246,2.2483504e+04
 158.7103590,2.2480283e+04
 158.7307933,2.2481416e+04
 158.7512278,2.2485486e+04
 158.7716623,2.2478463e+04
 158.7920967,2.2482088e+04
 158.8125311,2.2479941e+04
 158.8329655,2.2487143e+04
 158.8533999,2.2481598e+04
 158.8738342,2.2474734e+04
 158.8942688,2.2476428e+04
 158.9147032,2.2475379e+04
 158.9351375,2.2485424e+04
 158.9555720,2.2472600e+04
 158.9760064,2.2478658e+04
 158.9964407,2.2473273e+04
 159.0168752,2.2479979e+04
 159.0373097,2.2480102e+04
 159.0577440,2.2480330e+04
 159.0781784,2.2479898e+04
 159.0986128,2.2471252e+04
 159.1190473,2.2480787e+04
 159.1394816,2.2492328e+04
 159.1599161,2.2473959e+04
 159.1803506,2.2482338e+04
 159.2007849,2.2479443e+04
 159.2212193,2.2494422e+04
 159.2416536,2.2476217e+04
 159.2620881,2.2475209e+04
 159.2825225,2.2481867e+04
 159.3029569,2.2471977e+04
 159.3233914,2.2488941e+04
 159.3438258,2.2477217e+04
 159.3642602,2.2488482e+04
 159.3846945,2.2479623e+04
 159.4051290,2.2484033e+04
 159.4255634,2.2484129e+04
 159.4459977,2.2479898e+04
 159.4664322,2.2475322e+04
 159.4868666,2.2470912e+04
 159.5073010,2.2485223e+04
 159.5277354,2.2481654e+04
 159.5481699,2.2478006e+04
 159.5686042,2.2479631e+04
 159.5890386,2.2479680e+04
 159.6094730,2.2480990e+04
 159.6299075,2.2484529e+04
 159.6503418,2.2477215e+04
 159.6707762,2.2479348e+04
 159.6912107,2.2481787e+04
 159.7116451,2.2472713e+04
 159.7320795,2.2476135e+04
 159.7525139,2.2473879e+04
 159.7729483,2.2475266e+04
 159.7933827,2.2468490e+04
 159.8138171,2.2482637e+04
 159.8342515,2.2478590e+04
 159.8546859,2.2463070e+04
 159.8751203,2.2473410e+04
 159.8955546,2.2474781e+04
 159.9159891,2.2476186e+04
 159.9364235,2.2471002e+04
 159.9568579,2.2485385e+04
 159.9772924,2.2485281e+04
 159.9977268,2.2466000e+04
 160.0181612,2.2471914e+04
 160.0385956,2.2463791e+04
 160.0590300,2.2469742e+04
 160.0794644,2.2482850e+04
 160.0998988,2.2477650e+04
 160.1203331,2.2467697e+04
 160.1407676,2.2476297e+04
 160.1612020,2.2469436e+04
 160.1816363,2.2472611e+04
 160.2020708,2.2479961e+04
 160.2225052,2.2474100e+04
 160.2429395,2.2479045e+04
 160.2633739,2.2475535e+04
 160.2838084,2.2492111e+04
 160.3042427,2.2478543e+04
 160.3246771,2.2474275e+04
 160.3451116,2.2473410e+04
 160.3655461,2.2470809e+04
 160.3859804,2.2472443e+04
 160.4064148,2.2493395e+04
 160.4268493,2.2475469e+04
 160.4472836,2.2469377e+04
 160.4677180,2.2474445e+04
 160.4881525,2.2481766e+04
 160.5085868,2.2472572e+04
 160.5290212,2.2466676e+04
 160.5494556,2.2473770e+04
 160.5698900,2.2479344e+04
 160.5903244,2.2471682e+04
 160.6107588,2.2475893e+04
 160.6311931,2.2474145e+04
 160.6516276,2.2471701e+04
 160.6720620,2.2473348e+04
 160.6924963,2.2468232e+04
 160.7129308,2.2489842e+04
 160.7333652,2.2468141e+04
 160.7537995,2.2479627e+04
 160.7742339,2.2471945e+04
 160.7946684,2.2477631e+04
 160.8151028,2.2473902e+04
 160.8355371,2.2477883e+04
 160.8559716,2.2479855e+04
 160.8764060,2.2461670e+04
 160.8968403,2.2487014e+04
 160.9172747,2.2465623e+04
 160.9377092,2.2475996e+04
 160.9581435,2.2481260e+04
 160.9785779,2.2478270e+04
 160.9990124,2.2477283e+04
 161.0194467,2.2473070e+04
 161.0398811,2.2481336e+04
 161.0603155,2.2467688e+04
 161.0807499,2.2480971e+04
 161.1011843,2.2459977e+04
 161.1216187,2.2473471e+04
 161.1420532,2.2473697e+04
 161.1624875,2.2468898e+04
 161.1829219,2.2476908e+04
 161.2033561,2.2484117e+04
 161.2237906,2.2477277e+04
 161.2442250,         null
 161.2646594,2.2473770e+04
 161.2850937,2.2465982e+04
 161.3055282,2.2479930e+04
 161.3259626,2.2466721e+04
 161.3463969,2.2460496e+04
 161.3668314,2.2458963e+04
 161.3872658,2.2471785e+04
 161.4077001,2.2471854e+04
 161.4281345,2.2475002e+04
 161.4485690,2.2483756e+04
 161.4690033,2.2468822e+04
 161.4894377,2.2465924e+04
 161.5098722,2.2462896e+04
 161.5303065,2.2483617e+04
 161.5507409,2.2466699e+04
 161.5711753,2.2478672e+04
 161.5916097,2.2480145e+04
 161.6120440,2.2465188e+04
 161.6324784,2.2482658e+04
 161.6529129,2.2476174e+04
 161.6733473,2.2477965e+04
 161.6937816,2.2465863e+04
 161.7142160,2.2478473e+04
 161.7346505,2.2468617e+04
 161.7550848,2.2469777e+04
 161.7755192,2.2466504e+04
 161.7959536,2.2473062e+04
 161.8163880,2.2470449e+04
 161.8368224,2.2472477e+04
 161.8572567,2.2465654e+04
 161.8776912,2.2473650e+04
 161.8981255,2.2472240e+04
 161.9185599,2.2473912e+04
 161.9389942,2.2481162e+04
 161.9594287,2.2481383e+04
 161.9798631,2.2478383e+04
 162.0002975,2.2479160e+04
 162.0207319,2.2466350e+04
 162.0411663,2.2465076e+04
 162.0616006,2.2470943e+04
 162.0820349,2.2468670e+04
 162.1024694,2.2478777e+04
 162.1229038,2.2466863e+04
 162.1433381,2.2475059e+04
 162.1637726,2.2477863e+04
 162.1842070,2.2462248e+04
 162.2046413,2.2473982e+04
 162.2250756,2.2471830e+04
 162.2455101,2.2467131e+04
 162.2659444,2.2466492e+04
 162.2863788,2.2473414e+04
 162.3068133,2.2470477e+04
 162.3272477,2.2470754e+04
 162.3476820,2.2462582e+04
 162.3681164,2.2470674e+04
 162.3885508,2.2473150e+04
 162.4089851,2.2457516e+04
 162.4294195,2.2470609e+04
 162.4498538,2.2467439e+04
 162.4702883,2.2473734e+04
 162.4907227,2.2475809e+04
 162.5111565,2.2473930e+04
 162.5315909,2.2469904e+04
 162.5520252,2.2471734e+04
 162.5724596,2.2475766e+04
 162.5928940,2.2472807e+04
 162.6133285,2.2469654e+04
 162.6337628,2.2476438e+04
 162.6541971,2.2468570e+04
 162.6746316,2.2476557e+04
 162.6950659,2.2471428e+04
 162.7155003,2.2473244e+04
 162.7359347,2.2469521e+04
 162.7563691,2.2464857e+04
 162.7768034,2.2470688e+04
 162.7972378,2.2471418e+04
 162.8176722,2.2480045e+04
 162.8381066,2.2477568e+04
 162.8585410,2.2470555e+04
 162.8789753,2.2468238e+04
 162.8994097,2.2474045e+04
 162.9198441,2.2473809e+04
 162.9402784,2.2471455e+04
 162.9607128,2.2475672e+04
 162.9811473,2.2475525e+04
 163.0015815,2.2476498e+04
 163.0220159,2.2475227e+04
 163.0424504,2.2470338e+04
 163.0628848,2.2468000e+04
 163.0833191,2.2462047e+04
 163.1037534,2.2477086e+04
 163.1241879,2.2476766e+04
 163.1446222,2.2478066e+04
 163.1650566,2.2473160e+04
 163.1854911,2.2468635e+04
 163.2059253,2.2468465e+04
 163.2263597,2.2467107e+04
 163.2467941,2.2479564e+04
 163.2672285,2.2470875e+04
 163.2876629,2.2475283e+04
 163.3080972,2.2468412e+04
 163.3285317,2.2467498e+04
 163.3489660,2.2472078e+04
 163.3694004,2.2465387e+04
 163.3898346,2.2472150e+04
 163.4102691,2.2470041e+04
 163.4307035,2.2462141e+04
 163.4511378,2.2470543e+04
 163.4715722,2.2477039e+04
 163.4920066,2.2468814e+04
 163.5124410,2.2471625e+04
 163.5328753,2.2472393e+04
 163.5533097,2.2469748e+04
 163.5737441,2.2474756e+04
 163.5941784,2.2465395e+04
 163.6146128,2.2477455e+04
 163.6350473,2.2471244e+04
 163.6554815,2.2470006e+04
 163.6759159,2.2477223e+04
 163.6963504,2.2478287e+04
 163.7167846,2.2469473e+04
 163.7372190,2.2461102e+04
 163.7576534,2.2562168e+04
 163.7780878,2.2459814e+04
 163.7985221,2.2474076e+04
 163.8189565,2.2473945e+04
 163.8393910,2.2468012e+04
 163.8598253,2.2470252e+04
 163.8802596,2.2472648e+04
 163.9006939,2.2460992e+04
 163.9211284,2.2478488e+04
 163.9415628,2.2472676e+04
 163.9619971,2.2474377e+04
 163.9824315,2.2471980e+04
 164.0028659,2.2472496e+04
 164.0233002,2.2474777e+04
 164.0437345,2.2477125e+04
 164.0641690,2.2476078e+04
 164.0846034,2.2477650e+04
 164.1050377,2.2467637e+04
 164.1254720,2.2469439e+04
 164.1459065,2.2467049e+04
 164.1663407,2.2462910e+04
 164.1867751,2.2466936e+04
 164.2072096,2.2479641e+04
 164.2276439,         null
 164.2480782,2.2479055e+04
 164.2685126,2.2467945e+04
 164.2889470,2.2467451e+04
 164.3093813,2.2467164e+04
 164.3298157,2.2471471e+04
 164.3502502,2.2469711e+04
 164.3706845,2.2476377e+04
 164.3911188,2.2469391e+04
 164.4115532,2.2457824e+04
 164.4319875,2.2470922e+04
 164.4524219,2.2473424e+04
 164.4728563,2.2476197e+04
 164.4932907,2.2472875e+04
 164.5137250,2.2468074e+04
 164.5341594,2.2465033e+04
 164.5545937,2.2463891e+04
 164.5750281,2.2461016e+04
 164.5954625,2.2470207e+04
 164.6158968,2.2471279e+04
 164.6363311,2.2468539e+04
 164.6567656,2.2460486e+04
 164.6771999,2.2477031e+04
 164.6976343,2.2474607e+04
 164.7180687,2.2475457e+04
 164.7385030,2.2473764e+04
 164.7589374,2.2470168e+04
 164.7793717,2.2464248e+04
 164.7998061,2.2467961e+04
 164.8202405,2.2467934e+04
 164.8406747,2.2464926e+04
 164.8611092,2.2466467e+04
 164.8815436,2.2467883e+04
 164.9019778,2.2463656e+04
 164.9224122,2.2474605e+04
 164.9428467,2.2462643e+04
 164.9632809,2.2467895e+04
 164.9837153,2.2462361e+04
