        TIME,  PDCSAP_FLUX
 131.5126791,2.0431256e+04
 131.5331136,2.0430162e+04
 131.5535481,2.0431568e+04
 131.5739824,2.0436533e+04
 131.5944168,2.0430035e+04
 131.6148513,2.0426928e+04
 131.6352856,2.0438066e+04
 131.6557200,2.0432521e+04
 131.6761545,2.0428977e+04
 131.6965889,2.0437002e+04
 131.7170232,2.0435145e+04
 131.7374576,2.0444332e+04
 131.7578922,2.0430512e+04
 131.7783265,2.0432262e+04
 131.7987609,2.0426020e+04
 131.8191954,2.0426707e+04
 131.8396297,2.0425600e+04
 131.8600641,2.0429672e+04
 131.8804985,2.0434475e+04
 131.9009329,2.0437334e+04
 131.9213673,2.0432846e+04
 131.9418017,2.0428990e+04
 131.9622361,2.0439984e+04
 131.9826705,2.0436414e+04
 132.0031049,2.0430273e+04
 132.0235393,2.0435115e+04
 132.0439738,2.0428637e+04
 132.0644082,2.0427100e+04
 132.0848425,2.0437715e+04
 132.1052769,2.0431553e+04
 132.1257114,2.0425715e+04
 132.1461457,2.0437145e+04
 132.1665801,2.0427516e+04
 132.1870146,2.0426207e+04
 132.2074490,2.0427852e+04
 132.2278833,2.0427822e+04
 132.2483177,2.0433727e+04
 132.2687522,2.0427889e+04
 132.2891865,2.0437441e+04
 132.3096209,2.0432934e+04
 132.3300555,2.0432762e+04
 132.3504898,2.0432062e+04
 132.3709242,2.0435148e+04
 132.3913586,2.0439002e+04
 132.4117930,2.0433902e+04
 132.4322274,2.0438701e+04
 132.4526618,2.0434312e+04
 132.4730963,2.0433035e+04
 132.4935306,2.0429791e+04
 132.5139650,2.0430869e+04
 132.5343993,2.0427844e+04
 132.5548338,2.0435922e+04
 132.5752682,2.0432172e+04
 132.5957025,2.0434354e+04
 132.6161370,2.0446010e+04
 132.6365714,2.0433301e+04
 132.6570058,2.0438896e+04
 132.6774401,2.0431334e+04
 132.6978746,2.0430373e+04
 132.7183090,2.0425217e+04
 132.7387433,2.0428584e+04
 132.7591779,2.0429590e+04
 132.7796123,2.0434338e+04
 132.8000466,2.0434129e+04
 132.8204810,2.0430545e+04
 132.8409155,2.0420047e+04
 132.8613498,2.0426904e+04
 132.8817842,2.0424080e+04
 132.9022187,2.0429139e+04
 132.9226530,2.0428928e+04
 132.9430874,2.0430320e+04
 132.9635218,2.0428936e+04
 132.9839563,2.0438172e+04
 133.0043906,2.0434539e+04
 133.0248250,2.0434203e+04
 133.0452594,2.0435691e+04
 133.0656938,2.0485920e+04
 133.0861282,2.0434408e+04
 133.1065626,2.0441338e+04
 133.1269970,2.0428508e+04
 133.1474314,2.0424289e+04
 133.1678658,2.0438502e+04
 133.1883002,2.0429545e+04
 133.2087347,2.0434529e+04
 133.2291690,2.0422361e+04
 133.2496034,2.0428576e+04
 133.2700378,2.0426900e+04
 133.2904722,2.0425855e+04
 133.3109066,2.0432170e+04
 133.3313409,2.0439965e+04
 133.3517754,2.0434244e+04
 133.3722098,2.0416811e+04
 133.3926442,2.0430035e+04
 133.4130786,2.0422293e+04
 133.4335130,2.0433881e+04
 133.4539474,2.0434990e+04
 133.4743817,2.0425879e+04
 133.4948162,2.0480344e+04
 133.5152506,2.0431742e+04
 133.5356849,2.0433383e+04
 133.5561194,2.0438225e+04
 133.5765538,2.0425670e+04
 133.5969881,2.0430312e+04
 133.6174225,2.0439590e+04
 133.6378570,2.0433203e+04
 133.6582914,2.0416477e+04
 133.6787257,2.0425385e+04
 133.6991602,2.0429654e+04
 133.7195946,2.0422344e+04
 133.7400289,2.0428162e+04
 133.7604633,2.0426973e+04
 133.7808978,2.0430723e+04
 133.8013321,2.0420891e+04
 133.8217665,2.0428979e+04
 133.8422009,2.0430516e+04
 133.8626353,2.0430227e+04
 133.8830697,2.0424828e+04
 133.9035041,2.0434354e+04
 133.9239385,2.0427256e+04
 133.9443729,2.0444275e+04
 133.9648073,2.0437795e+04
 133.9852415,2.0430221e+04
 134.0056760,2.0418537e+04
 134.0261104,2.0427008e+04
 134.0465447,2.0435773e+04
 134.0669792,2.0422291e+04
 134.0874136,2.0422865e+04
 134.1078479,2.0424297e+04
 134.1282823,2.0422988e+04
 134.1487168,2.0427043e+04
 134.1691512,2.0430322e+04
 134.1895855,2.0433793e+04
 134.2100200,2.0425375e+04
 134.2304544,2.0424100e+04
 134.2508887,2.0420980e+04
 134.2713231,2.0432186e+04
 134.2917576,2.0429422e+04
 134.3121919,2.0423105e+04
 134.3326263,2.0444432e+04
 134.3530608,2.0429600e+04
 134.3734951,2.0429891e+04
 134.3939295,         null
 134.4143639,2.0430742e+04
 134.4347982,2.0444584e+04
 134.4552326,2.0432770e+04
 134.4756670,2.0441754e+04
 134.4961015,2.0430061e+04
 134.5165358,2.0433420e+04
 134.5369702,2.0429723e+04
 134.5574045,2.0432367e+04
 134.5778390,2.0427768e+04
 134.5982734,2.0430242e+04
 134.6187077,2.0428621e+04
 134.6391421,2.0425537e+04
 134.6595766,2.0430334e+04
 134.6800110,2.0431018e+04
 134.7004454,2.0429158e+04
 134.7208797,2.0422359e+04
 134.7413141,2.0435584e+04
 134.7617484,2.0429717e+04
 134.7821828,2.0439346e+04
 134.8026173,2.0427094e+04
 134.8230517,2.0427090e+04
 134.8434860,2.0429449e+04
 134.8639205,2.0437781e+04
 134.8843549,2.0427143e+04
 134.9047893,2.0422514e+04
 134.9252236,2.0434311e+04
 134.9456581,2.0430654e+04
 134.9660924,2.0432721e+04
 134.9865267,2.0432535e+04
 135.0069612,2.0433027e+04
 135.0273956,2.0433057e+04
 135.0478299,2.0423178e+04
 135.0682643,2.0425230e+04
 135.0886988,2.0429885e+04
 135.1091331,2.0439607e+04
 135.1295675,2.0432779e+04
 135.1500020,2.0440578e+04
 135.1704364,2.0425264e+04
 135.1908706,2.0426180e+04
 135.2113050,2.0433908e+04
 135.2317395,2.0434221e+04
 135.2521738,2.0435418e+04
 135.2726082,2.0435836e+04
 135.2930425,2.0431914e+04
 135.3134770,2.0424457e+04
 135.3339114,2.0432607e+04
 135.3543457,2.0432668e+04
 135.3747801,2.0434967e+04
 135.3952145,2.0430986e+04
 135.4156489,2.0434754e+04
 135.4360832,2.0432340e+04
 135.4565177,2.0429758e+04
 135.4769521,2.0430578e+04
 135.4973864,2.0434473e+04
 135.5178209,2.0435604e+04
 135.5382552,2.0431963e+04
 135.5586895,2.0437717e+04
 135.5791239,2.0447111e+04
 135.5995584,2.0439742e+04
 135.6199927,2.0441281e+04
 135.6404271,2.0425088e+04
 135.6608616,2.0438119e+04
 135.6812960,2.0438879e+04
 135.7017302,2.0431471e+04
 135.7221646,2.0427705e+04
 135.7425991,2.0434193e+04
 135.7630334,2.0430729e+04
 135.7834678,2.0436949e+04
 135.8039023,2.0438863e+04
 135.8243366,2.0428125e+04
 135.8447709,2.0436104e+04
 135.8652053,2.0431988e+04
 135.8856397,2.0435598e+04
 135.9060741,2.0439045e+04
 135.9265085,2.0449799e+04
 135.9469428,2.0449908e+04
 135.9673773,2.0436283e+04
 135.9878116,2.0436654e+04
 136.0082459,2.0431074e+04
 136.0286804,2.0431387e+04
 136.0491148,2.0436998e+04
 136.0695491,2.0434404e+04
 136.0899835,2.0435281e+04
 136.1104179,2.0438424e+04
 136.1308523,2.0434150e+04
 136.1512866,2.0440219e+04
 136.1717211,2.0442518e+04
 136.1921555,2.0436080e+04
 136.2125898,2.0442805e+04
 136.2330241,2.0437982e+04
 136.2534586,2.0442666e+04
 136.2738929,2.0434197e+04
 136.2943273,2.0436934e+04
 136.3147618,2.0433213e+04
 136.3351961,2.0430938e+04
 136.3556304,2.0436844e+04
 136.3760648,2.0436689e+04
 136.3964992,2.0434471e+04
 136.4169336,2.0441072e+04
 136.4373680,2.0434289e+04
 136.4578025,2.0448104e+04
 136.4782367,2.0450068e+04
 136.4986711,2.0436578e+04
 136.5191055,2.0438346e+04
 136.5395399,2.0442293e+04
 136.5599743,2.0437230e+04
 136.5804086,2.0447379e+04
 136.6008430,2.0445822e+04
 136.6212774,2.0441406e+04
 136.6417118,2.0442168e+04
 136.6621462,2.0436420e+04
 136.6825805,2.0442992e+04
 136.7030149,2.0443984e+04
 136.7234493,2.0442947e+04
 136.7438836,2.0449471e+04
 136.7643181,2.0440820e+04
 136.7847524,2.0440092e+04
 136.8051867,2.0442152e+04
 136.8256212,2.0436781e+04
 136.8460556,2.0438748e+04
 136.8664900,2.0438439e+04
 136.8869242,2.0449104e+04
 136.9073587,2.0442232e+04
 136.9277931,2.0447494e+04
 136.9482274,2.0451777e+04
 136.9686619,2.0435111e+04
 136.9890962,2.0449584e+04
 137.0095305,2.0436867e+04
 137.0299649,2.0440373e+04
 137.0503994,2.0435209e+04
 137.0708336,2.0438830e+04
 137.0912680,2.0446500e+04
 137.1117025,2.0451363e+04
 137.1321368,2.0442258e+04
 137.1525712,2.0443432e+04
 137.1730055,2.0449059e+04
 137.1934400,2.0449850e+04
 137.2138743,2.0445426e+04
 137.2343087,2.0441109e+04
 137.2547429,2.0434555e+04
 137.2751774,2.0444148e+04
 137.2956118,2.0439283e+04
 137.3160461,2.0440793e+04
 137.3364805,2.0443059e+04
 137.3569149,2.0437641e+04
 137.3773493,         null
 137.3977836,2.0442061e+04
 137.4182181,2.0446020e+04
 137.4386524,2.0447113e+04
 137.4590867,2.0444613e+04
 137.4795212,2.0452164e+04
 137.4999556,2.0445393e+04
 137.5203898,2.0444059e+04
 137.5408242,2.0439582e+04
 137.5612587,2.0442605e+04
 137.5816930,2.0439926e+04
 137.6021273,2.0445479e+04
 137.6225618,2.0451479e+04
 137.6429962,2.0438434e+04
 137.6634305,2.0446387e+04
 137.6838648,2.0450979e+04
 137.7042993,2.0456035e+04
 137.7247336,2.0458672e+04
 137.7451679,2.0457166e+04
 137.7656024,2.0449199e+04
 137.7860367,2.0450746e+04
 137.8064711,2.0451354e+04
 137.8269053,2.0452613e+04
 137.8473398,2.0441588e+04
 137.8677742,2.0453867e+04
 137.8882086,2.0451023e+04
 137.9086428,2.0447666e+04
 137.9290773,2.0441914e+04
 137.9495117,2.0452020e+04
 137.9699459,2.0448998e+04
 137.9903804,2.0456363e+04
 138.0108148,2.0445279e+04
 138.0312491,2.0452078e+04
 138.0516834,2.0440287e+04
 138.0721179,2.0458967e+04
 138.0925523,2.0450797e+04
 138.1129866,2.0451143e+04
 138.1334210,2.0443977e+04
 138.1538554,2.0460084e+04
 138.1742897,2.0458254e+04
 138.1947240,2.0452145e+04
 138.2151585,2.0452531e+04
 138.2355929,2.0447465e+04
 138.2560271,2.0448428e+04
 138.2764616,2.0453295e+04
 138.2968960,2.0453811e+04
 138.3173303,2.0452807e+04
 138.3377646,2.0445533e+04
 138.3581991,2.0449762e+04
 138.3786335,2.0454150e+04
 138.3990677,2.0446346e+04
 138.4195022,2.0464549e+04
 138.4399366,2.0458721e+04
 138.4603708,2.0456234e+04
 138.4808052,2.0455424e+04
 138.5012397,2.0461992e+04
 138.5216739,2.0465465e+04
 138.5421083,2.0460959e+04
 138.5625427,2.0465436e+04
 138.5829771,2.0441180e+04
 138.6034114,2.0455795e+04
 138.6238458,2.0452926e+04
 138.6442802,2.0454615e+04
 138.6647145,2.0452094e+04
 138.6851489,2.0460668e+04
 138.7055832,2.0453244e+04
 138.7260176,2.0457775e+04
 138.7464520,2.0456652e+04
 138.7668863,2.0456033e+04
 138.7873207,2.0448000e+04
 138.8077551,2.0466289e+04
 138.8281894,2.0458629e+04
 138.8486237,2.0449311e+04
 138.8690582,2.0458736e+04
 138.8894926,2.0458471e+04
 138.9099268,2.0460570e+04
 138.9303613,2.0455572e+04
 138.9507957,2.0453184e+04
 138.9712299,2.0462816e+04
 138.9916643,2.0454156e+04
 139.0120988,2.0465098e+04
 139.0325330,2.0464457e+04
 139.0529674,2.0448990e+04
 139.0734018,2.0447473e+04
 139.0938361,2.0482354e+04
 139.1142705,2.0460541e+04
 139.1347048,2.0457051e+04
 139.1551392,2.0462854e+04
 139.1755736,2.0461342e+04
 139.1960079,2.0461018e+04
 139.2164422,2.0460402e+04
 139.2368767,2.0460152e+04
 139.2573110,2.0460828e+04
 139.2777453,2.0454363e+04
 139.2981798,2.0455531e+04
 139.3186141,2.0469938e+04
 139.3390485,2.0466188e+04
 139.3594827,2.0456967e+04
 139.3799172,2.0455477e+04
 139.4003516,2.0464510e+04
 139.4207858,2.0465014e+04
 139.4412203,2.0463920e+04
 139.4616547,2.0455490e+04
 139.4820889,2.0466875e+04
 139.5025233,2.0466975e+04
 139.5229577,2.0453607e+04
 139.5433920,2.0461396e+04
 139.5638264,2.0459225e+04
 139.5842608,2.0460438e+04
 139.6046951,2.0456457e+04
 139.6251295,2.0467164e+04
 139.6455638,2.0471477e+04
 139.6659983,2.0455998e+04
 139.6864325,2.0448605e+04
 139.7068669,2.0458662e+04
 139.7273013,2.0472246e+04
 139.7477356,2.0467406e+04
 139.7681700,2.0470510e+04
 139.7886043,2.0469117e+04
 139.8090387,2.0467920e+04
 139.8294731,2.0475336e+04
 139.8499074,2.0465176e+04
 139.8703418,2.0459584e+04
 139.8907761,2.0464350e+04
 139.9112105,2.0462289e+04
 139.9316449,2.0470416e+04
 139.9520793,2.0468975e+04
 139.9725136,2.0469688e+04
 139.9929479,2.0471529e+04
 140.0133822,2.0465281e+04
 140.0338166,2.0467016e+04
 140.0542510,2.0467939e+04
 140.0746854,2.0469727e+04
 140.0951197,2.0457270e+04
 140.1155541,2.0465783e+04
 140.1359884,2.0462496e+04
 140.1564227,2.0467377e+04
 140.1768571,2.0463434e+04
 140.1972915,2.0468803e+04
 140.2177258,2.0463000e+04
 140.2381602,2.0467445e+04
 140.2585946,2.0471584e+04
 140.2790288,2.0474215e+04
 140.2994632,2.0465572e+04
 140.3198976,2.0466072e+04
 140.3403319,2.0467855e+04
 140.3607663,         null
 140.3812006,2.0462031e+04
 140.4016351,2.0463361e+04
 140.4220693,2.0469357e+04
 140.4425037,2.0470086e+04
 140.4629381,2.0467014e+04
 140.4833724,2.0460488e+04
 140.5038067,2.0461783e+04
 140.5242410,2.0462033e+04
 140.5446755,2.0470188e+04
 140.5651098,2.0478527e+04
 140.5855442,2.0464986e+04
 140.6059785,2.0468990e+04
 140.6264129,2.0465549e+04
 140.6468472,2.0463621e+04
 140.6672815,2.0471377e+04
 140.6877159,2.0480201e+04
 140.7081503,2.0473293e+04
 140.7285845,2.0480158e+04
 140.7490190,2.0473646e+04
 140.7694533,2.0466279e+04
 140.7898876,2.0470869e+04
 140.8103220,2.0465734e+04
 140.8307564,2.0469580e+04
 140.8511908,2.0465215e+04
 140.8716250,2.0463430e+04
 140.8920594,2.0464416e+04
 140.9124938,2.0463340e+04
 140.9329281,2.0468893e+04
 140.9533624,2.0479303e+04
 140.9737969,2.0469244e+04
 140.9942311,2.0471490e+04
 141.0146655,2.0475498e+04
 141.0350998,2.0469049e+04
 141.0555342,2.0464422e+04
 141.0759685,2.0469504e+04
 141.0964029,2.0461625e+04
 141.1168372,2.0470061e+04
 141.1372716,2.0469072e+04
 141.1577059,2.0470156e+04
 141.1781402,2.0470562e+04
 141.1985746,2.0480557e+04
 141.2190090,2.0469689e+04
 141.2394432,2.0474561e+04
 141.2598777,2.0482396e+04
 141.2803120,2.0465740e+04
 141.3007463,2.0463311e+04
 141.3211806,2.0485891e+04
 141.3416151,2.0470559e+04
 141.3620494,2.0462207e+04
 141.3824837,2.0475379e+04
 141.4029180,2.0494645e+04
 141.4233525,2.0468191e+04
 141.4437868,2.0464393e+04
 141.4642211,2.0466980e+04
 141.4846555,2.0471713e+04
 141.5050899,2.0465068e+04
 141.5255241,2.0473098e+04
 141.5459585,2.0474932e+04
 141.5663928,2.0464221e+04
 141.5868273,2.0468906e+04
 141.6072615,2.0465574e+04
 141.6276960,2.0468555e+04
 141.6481303,2.0461953e+04
 141.6685645,2.0466299e+04
 141.6889989,2.0460910e+04
 141.7094333,2.0464625e+04
 141.7298676,2.0467379e+04
 141.7503019,2.0466865e+04
 141.7707364,2.0475943e+04
 141.7911706,2.0472688e+04
 141.8116050,2.0468721e+04
 141.8320393,2.0471361e+04
 141.8524737,2.0459926e+04
 141.8729080,2.0463484e+04
 141.8933424,2.0460531e+04
 141.9137768,2.0469385e+04
 141.9342110,2.0455025e+04
 141.9546454,2.0459996e+04
 141.9750796,2.0467357e+04
 141.9955141,2.0470779e+04
 142.0159484,2.0467307e+04
 142.0363827,2.0464627e+04
 142.0568170,2.0469396e+04
 142.0772515,2.0461848e+04
 142.0976858,2.0461406e+04
 142.1181200,2.0475963e+04
 142.1385545,2.0457979e+04
 142.1589888,2.0476270e+04
 142.1794231,2.0463939e+04
 142.1998574,2.0463180e+04
 142.2202919,2.0462164e+04
 142.2407261,2.0472379e+04
 142.2611604,2.0467582e+04
 142.2815949,2.0468268e+04
 142.3020291,2.0457600e+04
 142.3224635,2.0464164e+04
 142.3428978,2.0464945e+04
 142.3633322,2.0466148e+04
 142.3837665,2.0469057e+04
 142.4042008,2.0464424e+04
 142.4246353,2.0465377e+04
 142.4450695,2.0475156e+04
 142.4655039,2.0461266e+04
 142.4859381,2.0468598e+04
 142.5063725,2.0466506e+04
 142.5268069,2.0472381e+04
 142.5472412,2.0482451e+04
 142.5676755,2.0489084e+04
 142.5881099,2.0470609e+04
 142.6085442,2.0468541e+04
 142.6289785,2.0465348e+04
 142.6494129,2.0460697e+04
 142.6698473,2.0469891e+04
 142.6902815,2.0465363e+04
 142.7107158,2.0459787e+04
 142.7311503,2.0463877e+04
 142.7515845,2.0472191e+04
 142.7720189,2.0462508e+04
 142.7924533,2.0465367e+04
 142.8128875,2.0464564e+04
 142.8333219,2.0461693e+04
 142.8537562,2.0469854e+04
 142.8741906,2.0455998e+04
 142.8946249,2.0465877e+04
 142.9150592,2.0463570e+04
 142.9354937,2.0467350e+04
 142.9559279,2.0466941e+04
 142.9763622,2.0465010e+04
 142.9967965,2.0465266e+04
 143.0172309,2.0475416e+04
 143.0376652,2.0460791e+04
 143.0580996,2.0463906e+04
 143.0785339,2.0466129e+04
 143.0989682,2.0468770e+04
 143.1194026,2.0465533e+04
 143.1398369,2.0462975e+04
 143.1602713,2.0475064e+04
 143.1807056,2.0468029e+04
 143.2011398,2.0465854e+04
 143.2215742,2.0471039e+04
 143.2420086,2.0467691e+04
 143.2624429,2.0468121e+04
 143.2828773,2.0456109e+04
 143.3033116,2.0463393e+04
 143.3237459,2.0463459e+04
 143.3441803,         null
 143.3646145,2.0462307e+04
 143.3850489,2.0458076e+04
 143.4054833,2.0468545e+04
 143.4259175,2.0468188e+04
 143.4463519,2.0474969e+04
 143.4667863,2.0469551e+04
 143.4872205,2.0472449e+04
 143.5076548,2.0472805e+04
 143.5280893,2.0480807e+04
 143.5485236,2.0450902e+04
 143.5689578,2.0456408e+04
 143.5893923,2.0466992e+04
 143.6098266,2.0458637e+04
 143.6302608,2.0463623e+04
 143.6506952,2.0472385e+04
 143.6711296,2.0468857e+04
 143.6915638,2.0462334e+04
 143.7119982,2.0465939e+04
 143.7324325,2.0458910e+04
 143.7528668,2.0458510e+04
 143.7733012,2.0457709e+04
 143.7937355,2.0461625e+04
 143.8141698,2.0467768e+04
 143.8346042,2.0471357e+04
 143.8550385,2.0453900e+04
 143.8754727,2.0457082e+04
 143.8959071,2.0462836e+04
 143.9163415,2.0461361e+04
 143.9367757,2.0455738e+04
 143.9572101,2.0462480e+04
 143.9776445,2.0465900e+04
 143.9980787,2.0450404e+04
 144.0185130,2.0467545e+04
 144.0389474,2.0466639e+04
 144.0593818,2.0463867e+04
 144.0798160,2.0459055e+04
 144.1002504,2.0462264e+04
 144.1206848,2.0473123e+04
 144.1411190,2.0455459e+04
 144.1615533,2.0464324e+04
 144.1819877,2.0467232e+04
 144.2024220,2.0461303e+04
 144.2228563,2.0462795e+04
 144.2432907,2.0462803e+04
 144.2637250,2.0461766e+04
 144.2841593,2.0463611e+04
 144.3045936,2.0458895e+04
 144.3250279,2.0471236e+04
 144.3454623,2.0463393e+04
 144.3658966,2.0458111e+04
 144.3863308,2.0460330e+04
 144.4067652,2.0456988e+04
 144.4271996,2.0460691e+04
 144.4476338,2.0463195e+04
 144.4680682,2.0461883e+04
 144.4885025,2.0461256e+04
 144.5089368,2.0453467e+04
 144.5293711,2.0465277e+04
 144.5498055,2.0453473e+04
 144.5702398,2.0459045e+04
 144.5906741,2.0466678e+04
 144.6111085,2.0451252e+04
 144.6315428,2.0462578e+04
 144.6519770,2.0455533e+04
 144.6724114,2.0459129e+04
 144.6928458,2.0463135e+04
 144.7132800,2.0465330e+04
 144.7337143,2.0461256e+04
 144.7541488,2.0465070e+04
 144.7745830,2.0450963e+04
 144.7950173,2.0463195e+04
 144.8154516,2.0463496e+04
 144.8358861,2.0456441e+04
 144.8563203,2.0449145e+04
 144.8767546,2.0454637e+04
 144.8971889,2.0445693e+04
 144.9176232,2.0450969e+04
 144.9380576,2.0459779e+04
 144.9584919,2.0451678e+04
 144.9789263,2.0458188e+04
 144.9993605,2.0448947e+04
 145.0197949,2.0459676e+04
 145.0402292,2.0459900e+04
 145.0606635,2.0461799e+04
 145.0810978,2.0462922e+04
 145.1015321,2.0461586e+04
 145.1219666,2.0455211e+04
 145.1424008,2.0456041e+04
 145.1628351,2.0455240e+04
 145.1832693,2.0470137e+04
 145.2037037,2.0456561e+04
 145.2241381,2.0458234e+04
 145.2445723,2.0464387e+04
 145.2650067,2.0459062e+04
 145.2854410,2.0454414e+04
 145.3058753,2.0461381e+04
 145.3263096,2.0444143e+04
 145.3467440,2.0458549e+04
 145.3671783,2.0466748e+04
 145.3876125,2.0451961e+04
 145.4080469,2.0456535e+04
 145.4284813,2.0463979e+04
 145.4489155,2.0453355e+04
 145.4693498,2.0449176e+04
 145.4897842,2.0456295e+04
 145.5102184,2.0447867e+04
 145.5306527,2.0458055e+04
 145.5510871,2.0453316e+04
 145.5715215,2.0451227e+04
 145.5919557,2.0453020e+04
 145.6123900,2.0462377e+04
 145.6328244,2.0454326e+04
 145.6532586,2.0447895e+04
 145.6736930,2.0454758e+04
 145.6941272,2.0466410e+04
 145.7145616,2.0459186e+04
 145.7349959,2.0461404e+04
 145.7554302,2.0479004e+04
 145.7758645,2.0461127e+04
 145.7962989,2.0445629e+04
 145.8167332,2.0447396e+04
 145.8371674,2.0456688e+04
 145.8576018,2.0448764e+04
 145.8780361,2.0447188e+04
 145.8984703,2.0446361e+04
 145.9189047,2.0454336e+04
 145.9393391,2.0447768e+04
 145.9597733,2.0458951e+04
 145.9802076,2.0453553e+04
 146.0006420,2.0460043e+04
 146.0210763,2.0465607e+04
 146.0415105,2.0446883e+04
 146.0619449,2.0460838e+04
 146.0823793,2.0448482e+04
 146.1028135,2.0462551e+04
 146.1232478,2.0453793e+04
 146.1436822,2.0453963e+04
 146.1641164,2.0451477e+04
 146.1845507,2.0449619e+04
 146.2049850,2.0450904e+04
 146.2254193,2.0441727e+04
 146.2458536,2.0449963e+04
 146.2662880,2.0454971e+04
 146.2867223,2.0462297e+04
 146.3071566,2.0445613e+04
 146.3275909,         null
 146.3480251,2.0450453e+04
 146.3684595,2.0455170e+04
 146.3888938,2.0439898e+04
 146.4093280,2.0464262e+04
 146.4297624,2.0451629e+04
 146.4501968,2.0456264e+04
 146.4706310,2.0452176e+04
 146.4910654,2.0455857e+04
 146.5114997,2.0453248e+04
 146.5319340,2.0453848e+04
 146.5523682,2.0442545e+04
 146.5728026,2.0447631e+04
 146.5932369,2.0452924e+04
 146.6136712,2.0454611e+04
 146.6341054,2.0447775e+04
 146.6545398,2.0447979e+04
 146.6749742,2.0454266e+04
 146.6954084,2.0459754e+04
 146.7158428,2.0445857e+04
 146.7362771,2.0455217e+04
 146.7567114,2.0457303e+04
 146.7771456,2.0448252e+04
 146.7975800,2.0457332e+04
 146.8180143,2.0442506e+04
 146.8384485,2.0441848e+04
 146.8588828,2.0456053e+04
 146.8793172,2.0443793e+04
 146.8997514,2.0452775e+04
 146.9201857,2.0455723e+04
 146.9406201,2.0453533e+04
 146.9610544,2.0450707e+04
 146.9814887,2.0450348e+04
 147.0019230,2.0447229e+04
 147.0223573,2.0455354e+04
 147.0427916,2.0454162e+04
 147.0632259,2.0452115e+04
 147.0836603,2.0451975e+04
 147.1040945,2.0444301e+04
 147.1245288,2.0452730e+04
 147.1449630,2.0456562e+04
 147.1653974,2.0443469e+04
 147.1858317,2.0455930e+04
 147.2062659,2.0449719e+04
 147.2267003,2.0453535e+04
 147.2471346,2.0449162e+04
 147.2675689,2.0452576e+04
 147.2880031,2.0452623e+04
 147.3084375,2.0458428e+04
 147.3288718,2.0444248e+04
 147.3493060,2.0457820e+04
 147.3697403,2.0455932e+04
 147.3901747,2.0448652e+04
 147.4106089,2.0611906e+04
 147.4310432,2.0453479e+04
 147.4514776,2.0443518e+04
 147.4719118,2.0452453e+04
 147.4923461,2.0451412e+04
 147.5127804,2.0445102e+04
 147.5332148,2.0452887e+04
 147.5536490,2.0451219e+04
 147.5740833,2.0438920e+04
 147.5945178,2.0453910e+04
 147.6149520,2.0451582e+04
 147.6353863,2.0451527e+04
 147.6558205,2.0449396e+04
 147.6762549,2.0444164e+04
 147.6966892,2.0455252e+04
 147.7171234,2.0444189e+04
 147.7375577,2.0446379e+04
 147.7579920,2.0443070e+04
 147.7784263,2.0443396e+04
 147.7988605,2.0449543e+04
 147.8192949,2.0457451e+04
 147.8397292,2.0449111e+04
 147.8601634,2.0445184e+04
 147.8805977,2.0445818e+04
 147.9010321,         null
 147.9214663,2.0453049e+04
 147.9419006,2.0449873e+04
 147.9623350,2.0452170e+04
 147.9827692,2.0446729e+04
 148.0032035,2.0455186e+04
 148.0236378,2.0445941e+04
 148.0440722,2.0453012e+04
 148.0645064,2.0448113e+04
 148.0849407,2.0447674e+04
 148.1053751,2.0451373e+04
 148.1258093,2.0448758e+04
 148.1462436,2.0444945e+04
 148.1666779,2.0448418e+04
 148.1871122,2.0454584e+04
 148.2075465,2.0445875e+04
 148.2279808,2.0437727e+04
 148.2484152,2.0451148e+04
 148.2688494,2.0463293e+04
 148.2892837,2.0448555e+04
 148.3097180,2.0446561e+04
 148.3301523,2.0443979e+04
 148.3505866,2.0451426e+04
 148.3710208,2.0439180e+04
 148.3914550,2.0449510e+04
 148.4118894,2.0445977e+04
 148.4323237,2.0445436e+04
 148.4527580,2.0443312e+04
 148.4731923,2.0443676e+04
 148.4936266,2.0443332e+04
 148.5140609,2.0439906e+04
 148.5344951,2.0454137e+04
 148.5549295,2.0448146e+04
 148.5753638,2.0456432e+04
 148.5957980,2.0453893e+04
 148.6162324,2.0449549e+04
 148.6366667,2.0445904e+04
 148.6571008,2.0454473e+04
 148.6775351,2.0453006e+04
 148.6979695,2.0453357e+04
 148.7184037,2.0452945e+04
 148.7388380,2.0441721e+04
 148.7592724,2.0439855e+04
 148.7797067,2.0450195e+04
 148.8001409,2.0442746e+04
 148.8205752,2.0451775e+04
 148.8410096,2.0448082e+04
 148.8614438,2.0448605e+04
 148.8818780,2.0443947e+04
 148.9023124,2.0442572e+04
 148.9227466,2.0454262e+04
 148.9431809,2.0436857e+04
 148.9636152,2.0447545e+04
 148.9840495,2.0444465e+04
 149.0044838,2.0443873e+04
 149.0249181,2.0440123e+04
 149.0453523,2.0440746e+04
 149.0657866,2.0445797e+04
 149.0862209,2.0442914e+04
 149.1066551,2.0440305e+04
 149.1270895,2.0463361e+04
 149.1475238,2.0441191e+04
 149.1679580,2.0446994e+04
 149.1883923,2.0439059e+04
 149.2088267,2.0447383e+04
 149.2292609,2.0443684e+04
 149.2496951,2.0446121e+04
 149.2701295,2.0432783e+04
 149.2905638,2.0441129e+04
 149.3109980,         null
 149.3314323,2.0450707e+04
 149.3518667,2.0442000e+04
 149.3723008,2.0440037e+04
 149.3927351,2.0449002e+04
 149.4131695,2.0447154e+04
 149.4336037,2.0448746e+04
 149.4540380,2.0453691e+04
 149.4744723,2.0441172e+04
 149.4949066,2.0446506e+04
 149.5153408,2.0445652e+04
 149.5357751,2.0449758e+04
 149.5562095,2.0438354e+04
 149.5766437,2.0443586e+04
 149.5970780,2.0455350e+04
 149.6175122,2.0439102e+04
 149.6379465,2.0445252e+04
 149.6583808,2.0449061e+04
 149.6788150,2.0454650e+04
 149.6992493,2.0445555e+04
 149.7196837,2.0441348e+04
 149.7401180,2.0448973e+04
 149.7605521,2.0443713e+04
 149.7809865,2.0450559e+04
 149.8014208,2.0435299e+04
 149.8218550,2.0439621e+04
 149.8422893,2.0444182e+04
 149.8627236,2.0443992e+04
 149.8831579,2.0465646e+04
 149.9035921,2.0443807e+04
 149.9240265,2.0439369e+04
 149.9444608,2.0446773e+04
 149.9648950,2.0434168e+04
 149.9853292,2.0442787e+04
 150.0057636,2.0450109e+04
 150.0261979,2.0444287e+04
 150.0466321,2.0445320e+04
 150.0670664,2.0452473e+04
 150.0875007,2.0442725e+04
 150.1079349,2.0435158e+04
 150.1283692,2.0439668e+04
 150.1488036,2.0434553e+04
 150.1692377,2.0440596e+04
 150.1896720,2.0442531e+04
 150.2101064,2.0441582e+04
 150.2305406,2.0434693e+04
 150.2509749,2.0440883e+04
 150.2714091,2.0452266e+04
 150.2918435,2.0448342e+04
 150.3122777,2.0448162e+04
 150.3327120,2.0447357e+04
 150.3531461,2.0434354e+04
 150.3735805,2.0434936e+04
 150.3940148,2.0436562e+04
 150.4144490,2.0443125e+04
 150.4348833,2.0443184e+04
 150.4553176,2.0444268e+04
 150.4757519,2.0445957e+04
 150.4961861,2.0444094e+04
 150.5166204,2.0441863e+04
 150.5370547,2.0441996e+04
 150.5574889,2.0439582e+04
 150.5779233,2.0440561e+04
 150.5983575,2.0445244e+04
 150.6187917,2.0444604e+04
 150.6392260,2.0441305e+04
 150.6596604,2.0439914e+04
 150.6800945,2.0445199e+04
 150.7005288,2.0438223e+04
 150.7209632,2.0438613e+04
 150.7413975,2.0445162e+04
 150.7618316,2.0452777e+04
 150.7822659,2.0452410e+04
 150.8027003,2.0441801e+04
 150.8231345,2.0434160e+04
 150.8435687,2.0437805e+04
 150.8640031,2.0450389e+04
 150.8844373,2.0452684e+04
 150.9048715,2.0444811e+04
 150.9253058,2.0443441e+04
 150.9457401,2.0444979e+04
 150.9661744,2.0444824e+04
 150.9866086,2.0445193e+04
 151.0070428,2.0445684e+04
 151.0274772,2.0437484e+04
 151.0479114,2.0436326e+04
 151.0683456,2.0442932e+04
 151.0887800,2.0441576e+04
 151.1092143,2.0442115e+04
 151.1296484,2.0439699e+04
 151.1500827,2.0443510e+04
 151.1705171,2.0442602e+04
 151.1909512,2.0445695e+04
 151.2113855,2.0446643e+04
 151.2318199,2.0445510e+04
 151.2522541,2.0443666e+04
 151.2726883,2.0450500e+04
 151.2931226,2.0440682e+04
 151.3135570,2.0431684e+04
 151.3339911,2.0443580e+04
 151.3544254,2.0447576e+04
 151.3748598,2.0435777e+04
 151.3952939,2.0449461e+04
 151.4157282,2.0440883e+04
 151.4361625,2.0443312e+04
 151.4565967,2.0442080e+04
 151.4770310,2.0445809e+04
 151.4974653,2.0446574e+04
 151.5178995,2.0440707e+04
 151.5383338,2.0443098e+04
 151.5587681,2.0442521e+04
 151.5792023,2.0440193e+04
 151.5996367,2.0434584e+04
 151.6200709,2.0440082e+04
 151.6405051,2.0441924e+04
 151.6609394,         null
 151.6813737,2.0449234e+04
 151.7018079,2.0446084e+04
 151.7222422,2.0443541e+04
 151.7426764,2.0448010e+04
 151.7631107,2.0447361e+04
 151.7835450,2.0447863e+04
 151.8039791,2.0449396e+04
 151.8244135,2.0446695e+04
 151.8448478,2.0444492e+04
 151.8652819,2.0442850e+04
 151.8857163,2.0452805e+04
 151.9061506,2.0449855e+04
 151.9265847,2.0444621e+04
 151.9470190,2.0449217e+04
 151.9674533,2.0443635e+04
 151.9878876,2.0438006e+04
 152.0083218,2.0440416e+04
 152.0287561,2.0446920e+04
 152.0491904,2.0445100e+04
 152.0696246,2.0452078e+04
 152.0900588,2.0446357e+04
 152.1104932,2.0454154e+04
 152.1309273,2.0450281e+04
 152.1513616,2.0447791e+04
 152.1717959,2.0454535e+04
 152.1922301,2.0445178e+04
 152.2126644,2.0448293e+04
 152.2330986,2.0446068e+04
 152.2535330,2.0443805e+04
 152.2739672,2.0443387e+04
 152.2944014,         null
 152.3148356,2.0441178e+04
 152.3352699,2.0439889e+04
 152.3557042,2.0447627e+04
 152.3761384,2.0446949e+04
 152.3965727,2.0438125e+04
 152.4170070,2.0446057e+04
 152.4374412,2.0455795e+04
 152.4578754,2.0443270e+04
 152.4783097,2.0444100e+04
 152.4987440,2.0444736e+04
 152.5191782,2.0443256e+04
 152.5396125,2.0450941e+04
 152.5600468,2.0454059e+04
 152.5804809,2.0456223e+04
 152.6009152,2.0447494e+04
 152.6213495,2.0448430e+04
 152.6417837,2.0452777e+04
 152.6622180,         null
 152.6826522,2.0448408e+04
 152.7030865,2.0446844e+04
 152.7235207,2.0446773e+04
 152.7439550,2.0441412e+04
 152.7643893,2.0446359e+04
 152.7848235,2.0447660e+04
 152.8052577,2.0441215e+04
 152.8256919,2.0444061e+04
 152.8461263,2.0438336e+04
 152.8665605,2.0443160e+04
 152.8869947,2.0454371e+04
 152.9074290,2.0446461e+04
 152.9278633,2.0443742e+04
 152.9482975,2.0448119e+04
 152.9687317,2.0448072e+04
 152.9891660,2.0443514e+04
 153.0096003,2.0446984e+04
 153.0300344,2.0444002e+04
 153.0504688,2.0447732e+04
 153.0709030,2.0443967e+04
 153.0913372,2.0457191e+04
 153.1117714,2.0441754e+04
 153.1322058,2.0436773e+04
 153.1526399,2.0450031e+04
 153.1730742,2.0442273e+04
 153.1935084,2.0454279e+04
 153.2139428,2.0449705e+04
 153.2343771,2.0447244e+04
 153.2548112,2.0454229e+04
 153.2752456,2.0449920e+04
 153.2956798,2.0448406e+04
 153.3161140,2.0444498e+04
 153.3365482,2.0447305e+04
 153.3569825,2.0447629e+04
 153.3774167,2.0443324e+04
 153.3978510,2.0447066e+04
 153.4182853,2.0444197e+04
 153.4387195,2.0452086e+04
 153.4591537,2.0447400e+04
 153.4795879,2.0447900e+04
 153.5000223,2.0443914e+04
 153.5204564,2.0445129e+04
 153.5408907,2.0447400e+04
 153.5613250,2.0448875e+04
 153.5817592,2.0440869e+04
 153.6021934,2.0432295e+04
 153.6226277,2.0445941e+04
 153.6430619,2.0441848e+04
 153.6634962,2.0450016e+04
 153.6839304,2.0456143e+04
 153.7043646,2.0446586e+04
 153.7247989,2.0443465e+04
 153.7452332,2.0441531e+04
 153.7656673,2.0439979e+04
 153.7861017,2.0440996e+04
 153.8065359,2.0448053e+04
 153.8269700,2.0439666e+04
 153.8474043,2.0442180e+04
 153.8678386,2.0440281e+04
 153.8882728,2.0428119e+04
 153.9087070,2.0438895e+04
 153.9291414,2.0442227e+04
 153.9495756,2.0438949e+04
 153.9700098,2.0437434e+04
 153.9904440,2.0436406e+04
 154.0108783,2.0437303e+04
 154.0313125,2.0448080e+04
 154.0517467,2.0433697e+04
 154.0721811,2.0444172e+04
 154.0926152,2.0441895e+04
 154.1130495,2.0439525e+04
 154.1334837,2.0434033e+04
 154.1539179,2.0457244e+04
 154.1743522,2.0436902e+04
 154.1947864,2.0442990e+04
 154.2152207,2.0435723e+04
 154.2356549,2.0438312e+04
 154.2560892,2.0448023e+04
 154.2765233,2.0445354e+04
 154.2969576,2.0448172e+04
 154.3173919,2.0445439e+04
 154.3378260,2.0440371e+04
 154.3582603,2.0432449e+04
 154.3786946,2.0424779e+04
 154.3991287,2.0450820e+04
 154.4195630,2.0441326e+04
 154.4399973,2.0431904e+04
 154.4604316,2.0435230e+04
 154.4808657,2.0433562e+04
 154.5012999,2.0436781e+04
 154.5217343,2.0440518e+04
 154.5421684,2.0435484e+04
 154.5626026,2.0437348e+04
 154.5830370,2.0434439e+04
 154.6034711,2.0444438e+04
 154.6239054,2.0435244e+04
 154.6443396,2.0427059e+04
 154.6647738,2.0442180e+04
 154.6852081,2.0435119e+04
 154.7056423,2.0436846e+04
 154.7260766,2.0437646e+04
 154.7465108,2.0430936e+04
 154.7669450,2.0440707e+04
 154.7873793,2.0435977e+04
 154.8078135,2.0431637e+04
 154.8282477,2.0440160e+04
 154.8486819,2.0441424e+04
 154.8691162,2.0436758e+04
 154.8895504,2.0435119e+04
 154.9099847,2.0442635e+04
 154.9304189,2.0432594e+04
 154.9508531,2.0434301e+04
 154.9712874,2.0430268e+04
 154.9917216,2.0433611e+04
 155.0121557,2.0438658e+04
 155.0325901,2.0433057e+04
 155.0530243,2.0433486e+04
 155.0734584,2.0435721e+04
 155.0938928,2.0426385e+04
 155.1143270,2.0427018e+04
 155.1347611,2.0441055e+04
 155.1551954,2.0436969e+04
 155.1756297,2.0428457e+04
 155.1960639,2.0429441e+04
 155.2164981,2.0436861e+04
 155.2369323,2.0431094e+04
 155.2573666,2.0434990e+04
 155.2778008,         null
 155.2982350,2.0431398e+04
 155.3186693,2.0430932e+04
 155.3391035,2.0426051e+04
 155.3595377,2.0436635e+04
 155.3799719,2.0435889e+04
 155.4004061,2.0435486e+04
 155.4208404,2.0439885e+04
 155.4412746,2.0431402e+04
 155.4617089,2.0428305e+04
 155.4821431,2.0435844e+04
 155.5025773,2.0432023e+04
 155.5230114,2.0429932e+04
 155.5434458,2.0430742e+04
 155.5638800,         null
 155.5843141,2.0435641e+04
 155.6047484,2.0435004e+04
 155.6251827,2.0434119e+04
 155.6456169,2.0438488e+04
 155.6660510,2.0426705e+04
 155.6864854,2.0431336e+04
 155.7069196,2.0424033e+04
 155.7273537,2.0427828e+04
 155.7477879,2.0430576e+04
 155.7682223,2.0431150e+04
 155.7886564,2.0432523e+04
 155.8090906,2.0433908e+04
 155.8295249,2.0434338e+04
 155.8499591,2.0434404e+04
 155.8703933,2.0432904e+04
 155.8908275,2.0435459e+04
 155.9112618,2.0432947e+04
 155.9316960,2.0437248e+04
 155.9521302,2.0434482e+04
 155.9725645,2.0431361e+04
 155.9929986,2.0430701e+04
 156.0134329,2.0429006e+04
 156.0338670,2.0441281e+04
 156.0543013,2.0438793e+04
 156.0747355,2.0431334e+04
 156.0951698,2.0428408e+04
 156.1156040,2.0423871e+04
 156.1360382,2.0438043e+04
 156.1564724,2.0429811e+04
 156.1769066,2.0427162e+04
 156.1973409,2.0432043e+04
 156.2177751,2.0425285e+04
 156.2382092,2.0434193e+04
 156.2586434,2.0417441e+04
 156.2790778,2.0440541e+04
 156.2995119,2.0433650e+04
 156.3199461,2.0425816e+04
 156.3403804,2.0443496e+04
 156.3608146,2.0425846e+04
 156.3812488,2.0429682e+04
 156.4016830,2.0429865e+04
 156.4221173,2.0433213e+04
 156.4425514,2.0437619e+04
 156.4629857,2.0429754e+04
 156.4834200,2.0433902e+04
 156.5038541,2.0435596e+04
 156.5242883,2.0429041e+04
 156.5447225,2.0421850e+04
 156.5651567,2.0435535e+04
 156.5855910,2.0430488e+04
 156.6060252,2.0428973e+04
 156.6264594,2.0433457e+04
 156.6468936,2.0430715e+04
 156.6673278,2.0428154e+04
 156.6877621,2.0430621e+04
 156.7081963,2.0449547e+04
 156.7286305,2.0431520e+04
 156.7490647,2.0437916e+04
 156.7694988,2.0430398e+04
 156.7899331,2.0426795e+04
 156.8103674,2.0442486e+04
 156.8308016,2.0440869e+04
 156.8512358,2.0435395e+04
 156.8716700,2.0424062e+04
 156.8921042,2.0445307e+04
 156.9125383,2.0429994e+04
 156.9329727,2.0428682e+04
 156.9534069,2.0433443e+04
 156.9738410,2.0431820e+04
 156.9942753,2.0431775e+04
 157.0147095,2.0430553e+04
 157.0351436,2.0438475e+04
 157.0555778,2.0430486e+04
 157.0760122,2.0428445e+04
 157.0964463,2.0435740e+04
 157.1168805,2.0430971e+04
 157.1373148,2.0434287e+04
 157.1577490,2.0442119e+04
 157.1781831,2.0439359e+04
 157.1986173,2.0429264e+04
 157.2190517,2.0423213e+04
 157.2394858,2.0427014e+04
 157.2599200,2.0431197e+04
 157.2803542,2.0430635e+04
 157.3007884,2.0431836e+04
 157.3212226,2.0435176e+04
 157.3416568,2.0445576e+04
 157.3620910,2.0430080e+04
 157.3825252,2.0432475e+04
 157.4029595,2.0427385e+04
 157.4233936,2.0430076e+04
 157.4438279,2.0439498e+04
 157.4642621,2.0423408e+04
 157.4846962,2.0426441e+04
 157.5051305,2.0430729e+04
 157.5255647,2.0442439e+04
 157.5459988,2.0429275e+04
 157.5664330,2.0429508e+04
 157.5868673,2.0434609e+04
 157.6073014,2.0432389e+04
 157.6277357,2.0430086e+04
 157.6481700,2.0428670e+04
 157.6686042,2.0435064e+04
 157.6890383,2.0432771e+04
 157.7094725,2.0430758e+04
 157.7299068,2.0436186e+04
 157.7503409,2.0427426e+04
 157.7707751,2.0431381e+04
 157.7912094,2.0431742e+04
 157.8116435,2.0435535e+04
 157.8320777,2.0437445e+04
 157.8525119,2.0428482e+04
 157.8729461,2.0425938e+04
 157.8933803,2.0438041e+04
 157.9138146,2.0434568e+04
 157.9342487,2.0431236e+04
 157.9546830,2.0424781e+04
 157.9751172,2.0431740e+04
 157.9955513,2.0430914e+04
 158.0159856,2.0438363e+04
 158.0364198,2.0442744e+04
 158.0568539,2.0426389e+04
 158.0772881,2.0432586e+04
 158.0977224,2.0431369e+04
 158.1181566,2.0438750e+04
 158.1385907,2.0434734e+04
 158.1590250,2.0434480e+04
 158.1794592,2.0419012e+04
 158.1998933,2.0435379e+04
 158.2203275,2.0431910e+04
 158.2407618,2.0430945e+04
 158.2611959,         null
 158.2816301,2.0440391e+04
 158.3020644,2.0428619e+04
 158.3224986,2.0437725e+04
 158.3429327,2.0438801e+04
 158.3633669,2.0436166e+04
 158.3838012,2.0422969e+04
 158.4042354,2.0435223e+04
 158.4246695,2.0428869e+04
 158.4451037,2.0428783e+04
 158.4655380,2.0434668e+04
 158.4859721,2.0441314e+04
 158.5064063,2.0432096e+04
 158.5268406,2.0431963e+04
 158.5472747,2.0438812e+04
 158.5677089,2.0440898e+04
 158.5881431,2.0435467e+04
 158.6085773,2.0437605e+04
 158.6290115,2.0430809e+04
 158.6494457,2.0437570e+04
 158.6698800,2.0434564e+04
 158.6903141,2.0437051e+04
 158.7107483,2.0436273e+04
 158.7311824,2.0440912e+04
 158.7516167,2.0430887e+04
 158.7720509,2.0430486e+04
 158.7924851,2.0436926e+04
 158.8129193,2.0431703e+04
 158.8333535,2.0434135e+04
 158.8537877,2.0434506e+04
 158.8742218,2.0438990e+04
 158.8946561,2.0438928e+04
 158.9150903,2.0434814e+04
 158.9355244,2.0438945e+04
 158.9559587,2.0438723e+04
 158.9763929,2.0433605e+04
 158.9968270,2.0429977e+04
 159.0172611,2.0443016e+04
 159.0376954,2.0441850e+04
 159.0581295,2.0431297e+04
 159.0785637,2.0434734e+04
 159.0989979,2.0444238e+04
 159.1194322,2.0431092e+04
 159.1398663,2.0435393e+04
 159.1603005,2.0433188e+04
 159.1807348,2.0439463e+04
 159.2011689,2.0439225e+04
 159.2216031,2.0441598e+04
 159.2420372,2.0429338e+04
 159.2624715,2.0432391e+04
 159.2829057,2.0438498e+04
 159.3033398,2.0439143e+04
 159.3237740,2.0453461e+04
 159.3442082,2.0434865e+04
 159.3646424,2.0438215e+04
 159.3850765,2.0438156e+04
 159.4055108,2.0433389e+04
 159.4259450,2.0434766e+04
 159.4463791,2.0440664e+04
 159.4668134,2.0435602e+04
 159.4872476,2.0440836e+04
 159.5076816,2.0446297e+04
 159.5281158,2.0437715e+04
 159.5485501,2.0438873e+04
 159.5689842,2.0437531e+04
 159.5894184,2.0445635e+04
 159.6098526,2.0431680e+04
 159.6302869,2.0429400e+04
 159.6507210,2.0443908e+04
 159.6711552,2.0441846e+04
 159.6915894,2.0434279e+04
 159.7120235,2.0443172e+04
 159.7324577,2.0435707e+04
 159.7528919,2.0442568e+04
 159.7733261,2.0444426e+04
 159.7937603,2.0442545e+04
 159.8141945,2.0446273e+04
 159.8346287,2.0441826e+04
 159.8550628,2.0436568e+04
 159.8754970,2.0445459e+04
 159.8959311,2.0431602e+04
 159.9163654,2.0440184e+04
 159.9367996,2.0436439e+04
 159.9572338,2.0444312e+04
 159.9776679,2.0435693e+04
 159.9981021,2.0431398e+04
 160.0185363,2.0443070e+04
 160.0389705,2.0446805e+04
 160.0594047,2.0436488e+04
 160.0798389,2.0440688e+04
 160.1002730,2.0447086e+04
 160.1207071,2.0444633e+04
 160.1411414,2.0438316e+04
 160.1615756,2.0437980e+04
 160.1820097,2.0443758e+04
 160.2024440,2.0443307e+04
 160.2228781,2.0442881e+04
 160.2433122,2.0448080e+04
 160.2637464,2.0443320e+04
 160.2841807,2.0442170e+04
 160.3046148,2.0443723e+04
 160.3250490,2.0446689e+04
 160.3454832,2.0434844e+04
 160.3659174,2.0430828e+04
 160.3863515,2.0451564e+04
 160.4067857,2.0448957e+04
 160.4272200,2.0443971e+04
 160.4476540,2.0438707e+04
 160.4680882,2.0432633e+04
 160.4885225,2.0445293e+04
 160.5089566,2.0443576e+04
 160.5293907,2.0442914e+04
 160.5498249,2.0447947e+04
 160.5702591,2.0443094e+04
 160.5906933,2.0452787e+04
 160.6111275,2.0449797e+04
 160.6315615,2.0438018e+04
 160.6519958,2.0439908e+04
 160.6724300,2.0433660e+04
 160.6928641,2.0441494e+04
 160.7132983,2.0437246e+04
 160.7337325,2.0444961e+04
 160.7541666,2.0441307e+04
 160.7746008,2.0441266e+04
 160.7950351,2.0438418e+04
 160.8154692,2.0435814e+04
 160.8359033,2.0438650e+04
 160.8563376,2.0438326e+04
 160.8767718,2.0444049e+04
 160.8972058,2.0446338e+04
 160.9176400,2.0452619e+04
 160.9380743,2.0480064e+04
 160.9585084,2.0448705e+04
 160.9789425,2.0443742e+04
 160.9993768,2.0455447e+04
 161.0198109,2.0447455e+04
 161.0402450,2.0434682e+04
 161.0606792,2.0436254e+04
 161.0811134,2.0452756e+04
 161.1015476,2.0440537e+04
 161.1219817,2.0442193e+04
 161.1424160,2.0455029e+04
 161.1628501,2.0452051e+04
 161.1832843,2.0446928e+04
 161.2037183,2.0442336e+04
 161.2241526,2.0444365e+04
 161.2445868,         null
 161.2650209,2.0451176e+04
 161.2854550,2.0441613e+04
 161.3058893,2.0443439e+04
 161.3263235,2.0456770e+04
 161.3467575,2.0450777e+04
 161.3671918,2.0455605e+04
 161.3876260,2.0450215e+04
 161.4080600,2.0457105e+04
 161.4284942,2.0447645e+04
 161.4489285,2.0441684e+04
 161.4693625,2.0444754e+04
 161.4897967,2.0453305e+04
 161.5102310,2.0449260e+04
 161.5306650,2.0445898e+04
 161.5510992,2.0440145e+04
 161.5715334,2.0439176e+04
 161.5919676,2.0449453e+04
 161.6124017,2.0445100e+04
 161.6328359,2.0441145e+04
 161.6532701,2.0445975e+04
 161.6737043,2.0442943e+04
 161.6941384,2.0462348e+04
 161.7145725,2.0449197e+04
 161.7350068,2.0450551e+04
 161.7554409,2.0445510e+04
 161.7758750,2.0449477e+04
 161.7963092,2.0449535e+04
 161.8167434,2.0448350e+04
 161.8371775,2.0446816e+04
 161.8576117,2.0441012e+04
 161.8780460,2.0449873e+04
 161.8984800,2.0450777e+04
 161.9189142,2.0450334e+04
 161.9393483,2.0459561e+04
 161.9597825,2.0447541e+04
 161.9802167,2.0451535e+04
 162.0006509,2.0446143e+04
 162.0210850,2.0447305e+04
 162.0415192,2.0458336e+04
 162.0619533,2.0449166e+04
 162.0823874,2.0453801e+04
 162.1028217,2.0454889e+04
 162.1232558,2.0445822e+04
 162.1436899,2.0459221e+04
 162.1641242,2.0443156e+04
 162.1845583,2.0450625e+04
 162.2049924,2.0458393e+04
 162.2254265,2.0450178e+04
 162.2458608,2.0460512e+04
 162.2662949,2.0460090e+04
 162.2867290,2.0451480e+04
 162.3071633,2.0466914e+04
 162.3275974,2.0457203e+04
 162.3480315,2.0450941e+04
 162.3684657,2.0450744e+04
 162.3888999,2.0447160e+04
 162.4093340,2.0453395e+04
 162.4297681,2.0459098e+04
 162.4502022,2.0453561e+04
 162.4706364,2.0452045e+04
 162.4910706,2.0456002e+04
 162.5115042,2.0451674e+04
 162.5319384,2.0459188e+04
 162.5523725,2.0455387e+04
 162.5728066,2.0452027e+04
 162.5932408,2.0458334e+04
 162.6136750,2.0452471e+04
 162.6341091,2.0450396e+04
 162.6545433,2.0453471e+04
 162.6749775,2.0461248e+04
 162.6954116,2.0465094e+04
 162.7158457,2.0463779e+04
 162.7362799,2.0462043e+04
 162.7567140,2.0462754e+04
 162.7771482,2.0458301e+04
 162.7975823,2.0454373e+04
 162.8180165,2.0448180e+04
 162.8384507,2.0463809e+04
 162.8588848,2.0450805e+04
 162.8793189,2.0456305e+04
 162.8997531,2.0467367e+04
 162.9201873,2.0464822e+04
 162.9406213,2.0455844e+04
 162.9610555,2.0458227e+04
 162.9814897,2.0454006e+04
 163.0019238,2.0463189e+04
 163.0223579,2.0465197e+04
 163.0427922,2.0458307e+04
 163.0632263,2.0459732e+04
 163.0836604,2.0461627e+04
 163.1040945,2.0455117e+04
 163.1245288,2.0462520e+04
 163.1449628,2.0462635e+04
 163.1653970,2.0463143e+04
 163.1858312,2.0457139e+04
 163.2062653,2.0456279e+04
 163.2266994,2.0444791e+04
 163.2471336,2.0459664e+04
 163.2675677,2.0458262e+04
 163.2880019,2.0463691e+04
 163.3084360,2.0454812e+04
 163.3288703,2.0454848e+04
 163.3493043,2.0467098e+04
 163.3697385,2.0459346e+04
 163.3901725,2.0450582e+04
 163.4106068,2.0460375e+04
 163.4310409,2.0457305e+04
 163.4514750,2.0462539e+04
 163.4719092,2.0460529e+04
 163.4923434,2.0463791e+04
 163.5127775,2.0455326e+04
 163.5332116,2.0464441e+04
 163.5536458,2.0463787e+04
 163.5740800,2.0457402e+04
 163.5945140,2.0464107e+04
 163.6149482,2.0459561e+04
 163.6353824,2.0457621e+04
 163.6558164,2.0457936e+04
 163.6762506,2.0463766e+04
 163.6966848,2.0461670e+04
 163.7171189,2.0461037e+04
 163.7375530,2.0460547e+04
 163.7579872,2.0461850e+04
 163.7784213,2.0462012e+04
 163.7988555,2.0469158e+04
 163.8192896,2.0464420e+04
 163.8397238,2.0484375e+04
 163.8601579,2.0465906e+04
 163.8805920,2.0458221e+04
 163.9010261,2.0458600e+04
 163.9214603,2.0466982e+04
 163.9418945,2.0464434e+04
 163.9623286,2.0458543e+04
 163.9827627,2.0471064e+04
 164.0031969,2.0469717e+04
 164.0236310,2.0469346e+04
 164.0440651,2.0466768e+04
 164.0644993,2.0463859e+04
 164.0849334,2.0469168e+04
 164.1053676,2.0463832e+04
 164.1258016,2.0455270e+04
 164.1462359,2.0457590e+04
 164.1666699,2.0464789e+04
 164.1871040,2.0451574e+04
 164.2075383,2.0459467e+04
 164.2279724,         null
 164.2484065,2.0468146e+04
 164.2688406,2.0468387e+04
 164.2892747,2.0460496e+04
 164.3097089,2.0467137e+04
 164.3301430,2.0463236e+04
 164.3505773,2.0463266e+04
 164.3710114,2.0458447e+04
 164.3914454,2.0467803e+04
 164.4118796,2.0471879e+04
 164.4323137,2.0456357e+04
 164.4527478,2.0465299e+04
 164.4731820,2.0471328e+04
 164.4936162,2.0460549e+04
 164.5140503,2.0457438e+04
 164.5344844,2.0472877e+04
 164.5549185,2.0464895e+04
 164.5753527,2.0462266e+04
 164.5957868,2.0461406e+04
 164.6162209,2.0469092e+04
 164.6366550,2.0454430e+04
 164.6570892,2.0470961e+04
 164.6775233,2.0468148e+04
 164.6979575,2.0471434e+04
 164.7183916,2.0459812e+04
 164.7388257,2.0464234e+04
 164.7592599,2.0458369e+04
 164.7796939,2.0466877e+04
 164.8001281,2.0469535e+04
 164.8205623,2.0466996e+04
 164.8409963,2.0468178e+04
 164.8614305,2.0469375e+04
 164.8818647,2.0464727e+04
 164.9022987,2.0464014e+04
 164.9227328,2.0472273e+04
 164.9431671,2.0470928e+04
 164.9636011,2.0463545e+04
 164.9840352,2.0466939e+04
