        TIME,  PDCSAP_FLUX
 131.5119230,4.0206914e+04
 131.5323575,4.0205422e+04
 131.5527918,4.0207898e+04
 131.5732260,4.0210086e+04
 131.5936603,4.0207672e+04
 131.6140947,4.0206371e+04
 131.6345290,4.0213984e+04
 131.6549633,4.0202125e+04
 131.6753977,4.0197664e+04
 131.6958320,4.0207703e+04
 131.7162663,4.0201609e+04
 131.7367006,4.0208527e+04
 131.7571350,4.0202879e+04
 131.7775692,4.0210086e+04
 131.7980036,4.0207000e+04
 131.8184380,4.0193516e+04
 131.8388722,4.0199863e+04
 131.8593065,4.0209785e+04
 131.8797409,4.0203984e+04
 131.9001752,4.0187512e+04
 131.9206095,4.0202844e+04
 131.9410438,4.0206605e+04
 131.9614781,4.0203371e+04
 131.9819125,4.0195543e+04
 132.0023468,4.0197406e+04
 132.0227810,4.0202730e+04
 132.0432154,4.0205090e+04
 132.0636498,4.0199555e+04
 132.0840840,4.0215297e+04
 132.1045183,4.0206570e+04
 132.1249527,4.0196031e+04
 132.1453870,4.0203379e+04
 132.1658213,4.0198367e+04
 132.1862557,4.0203570e+04
 132.2066900,4.0207984e+04
 132.2271242,4.0204129e+04
 132.2475586,4.0205375e+04
 132.2679930,4.0196445e+04
 132.2884272,4.0240297e+04
 132.3088615,4.0200273e+04
 132.3292960,4.0206590e+04
 132.3497302,4.0200859e+04
 132.3701645,4.0205816e+04
 132.3905988,4.0206145e+04
 132.4110331,4.0204078e+04
 132.4314675,4.0189227e+04
 132.4519018,4.0206395e+04
 132.4723362,4.0199801e+04
 132.4927704,4.0190152e+04
 132.5132048,4.0199539e+04
 132.5336390,4.0189598e+04
 132.5540734,4.0193371e+04
 132.5745077,4.0198984e+04
 132.5949419,4.0192957e+04
 132.6153764,4.0193090e+04
 132.6358107,4.0187742e+04
 132.6562450,4.0179203e+04
 132.6766792,4.0203156e+04
 132.6971137,4.0198934e+04
 132.7175480,4.0201539e+04
 132.7379822,4.0191391e+04
 132.7584166,4.0193699e+04
 132.7788510,4.0197520e+04
 132.7992852,4.0193371e+04
 132.8197195,4.0194707e+04
 132.8401539,4.0201699e+04
 132.8605881,4.0189473e+04
 132.8810225,4.0188332e+04
 132.9014569,4.0209453e+04
 132.9218911,4.0193148e+04
 132.9423254,4.0188664e+04
 132.9627597,4.0189891e+04
 132.9831942,4.0197395e+04
 133.0036284,4.0192340e+04
 133.0240627,4.0185148e+04
 133.0444970,4.0200961e+04
 133.0649314,4.0180273e+04
 133.0853657,4.0196281e+04
 133.1058000,4.0190570e+04
 133.1262343,4.0192652e+04
 133.1466686,4.0175230e+04
 133.1671030,4.0192879e+04
 133.1875373,4.0192188e+04
 133.2079717,4.0188004e+04
 133.2284059,4.0179156e+04
 133.2488403,4.0184117e+04
 133.2692746,4.0195512e+04
 133.2897089,4.0196516e+04
 133.3101432,4.0180465e+04
 133.3305774,4.0180398e+04
 133.3510119,4.0191297e+04
 133.3714462,4.0197070e+04
 133.3918805,4.0191805e+04
 133.4123148,4.0189367e+04
 133.4327491,4.0192594e+04
 133.4531835,4.0184578e+04
 133.4736177,4.0178891e+04
 133.4940521,4.0191348e+04
 133.5144864,4.0188871e+04
 133.5349207,4.0197016e+04
 133.5553551,4.0180828e+04
 133.5757894,4.0178688e+04
 133.5962236,4.0188500e+04
 133.6166579,4.0186008e+04
 133.6370924,4.0182031e+04
 133.6575267,4.0182000e+04
 133.6779609,4.0187211e+04
 133.6983953,4.0190613e+04
 133.7188296,4.0201012e+04
 133.7392639,4.0180914e+04
 133.7596982,4.0181977e+04
 133.7801326,4.0180508e+04
 133.8005668,4.0185801e+04
 133.8210011,4.0187656e+04
 133.8414355,4.0185777e+04
 133.8618698,4.0171855e+04
 133.8823041,4.0181324e+04
 133.9027384,4.0184895e+04
 133.9231727,4.0178336e+04
 133.9436071,4.0181195e+04
 133.9640414,4.0178348e+04
 133.9844756,4.0186422e+04
 134.0049100,4.0178965e+04
 134.0253443,4.0173508e+04
 134.0457786,4.0173734e+04
 134.0662130,4.0175633e+04
 134.0866473,4.0179199e+04
 134.1070815,4.0172906e+04
 134.1275158,4.0184289e+04
 134.1479503,4.0180500e+04
 134.1683846,4.0169844e+04
 134.1888188,4.0178738e+04
 134.2092532,4.0184516e+04
 134.2296875,4.0175898e+04
 134.2501218,4.0175059e+04
 134.2705561,4.0180434e+04
 134.2909905,4.0171805e+04
 134.3114247,4.0169832e+04
 134.3318590,4.0182766e+04
 134.3522935,4.0176477e+04
 134.3727277,4.0170988e+04
 134.3931620,         null
 134.4135963,4.0177516e+04
 134.4340306,4.0178117e+04
 134.4544650,4.0164305e+04
 134.4748993,4.0165445e+04
 134.4953337,4.0184078e+04
 134.5157679,4.0174172e+04
 134.5362022,4.0181285e+04
 134.5566365,4.0176430e+04
 134.5770709,4.0163957e+04
 134.5975052,4.0173316e+04
 134.6179394,4.0176367e+04
 134.6383737,4.0180359e+04
 134.6588082,4.0166066e+04
 134.6792425,4.0165266e+04
 134.6996768,4.0173219e+04
 134.7201111,4.0173098e+04
 134.7405454,4.0172488e+04
 134.7609797,4.0167695e+04
 134.7814140,4.0169840e+04
 134.8018484,4.0172996e+04
 134.8222827,4.0161602e+04
 134.8427169,4.0157922e+04
 134.8631514,4.0167309e+04
 134.8835857,4.0169305e+04
 134.9040200,4.0163961e+04
 134.9244542,4.0162691e+04
 134.9448886,4.0172645e+04
 134.9653229,4.0172543e+04
 134.9857572,4.0184766e+04
 135.0061916,4.0169316e+04
 135.0266259,4.0181281e+04
 135.0470601,4.0169105e+04
 135.0674944,4.0159328e+04
 135.0879289,4.0178988e+04
 135.1083631,4.0172059e+04
 135.1287974,4.0166027e+04
 135.1492318,4.0169199e+04
 135.1696661,4.0165566e+04
 135.1901004,4.0164562e+04
 135.2105347,4.0182676e+04
 135.2309691,4.0172086e+04
 135.2514033,4.0174637e+04
 135.2718376,4.0173848e+04
 135.2922718,4.0174227e+04
 135.3127063,4.0179859e+04
 135.3331406,4.0163945e+04
 135.3535748,4.0170051e+04
 135.3740092,4.0166191e+04
 135.3944435,4.0162215e+04
 135.4148779,4.0175160e+04
 135.4353121,4.0171059e+04
 135.4557465,4.0155129e+04
 135.4761808,4.0152547e+04
 135.4966150,4.0174746e+04
 135.5170494,4.0176484e+04
 135.5374838,4.0170234e+04
 135.5579180,4.0179270e+04
 135.5783523,4.0172082e+04
 135.5987867,4.0172059e+04
 135.6192209,4.0165816e+04
 135.6396552,4.0164070e+04
 135.6600897,4.0163539e+04
 135.6805240,4.0161496e+04
 135.7009582,4.0170898e+04
 135.7213925,4.0161535e+04
 135.7418269,4.0160395e+04
 135.7622612,4.0151312e+04
 135.7826955,4.0175117e+04
 135.8031299,4.0176711e+04
 135.8235641,4.0167594e+04
 135.8439984,4.0175492e+04
 135.8644327,4.0169398e+04
 135.8848671,4.0180055e+04
 135.9053014,4.0161773e+04
 135.9257357,4.0175246e+04
 135.9461699,4.0231238e+04
 135.9666043,4.0184852e+04
 135.9870386,4.0170914e+04
 136.0074729,4.0173660e+04
 136.0279073,4.0178402e+04
 136.0483416,4.0165309e+04
 136.0687758,4.0170621e+04
 136.0892101,4.0170773e+04
 136.1096445,4.0164535e+04
 136.1300789,4.0164344e+04
 136.1505131,4.0169008e+04
 136.1709475,4.0165266e+04
 136.1913818,4.0159629e+04
 136.2118160,4.0168828e+04
 136.2322503,4.0161383e+04
 136.2526848,4.0160121e+04
 136.2731190,4.0168379e+04
 136.2935533,4.0176746e+04
 136.3139877,4.0164129e+04
 136.3344219,4.0168887e+04
 136.3548562,4.0165723e+04
 136.3752906,4.0160188e+04
 136.3957249,4.0174484e+04
 136.4161592,4.0162613e+04
 136.4365935,4.0172434e+04
 136.4570279,4.0155891e+04
 136.4774621,4.0156180e+04
 136.4978965,4.0157797e+04
 136.5183308,4.0166359e+04
 136.5387651,4.0162148e+04
 136.5591994,4.0159293e+04
 136.5796337,4.0165992e+04
 136.6000680,4.0167383e+04
 136.6205023,4.0162016e+04
 136.6409367,4.0166258e+04
 136.6613710,4.0169621e+04
 136.6818053,4.0167641e+04
 136.7022396,4.0160270e+04
 136.7226739,4.0162598e+04
 136.7431081,4.0159129e+04
 136.7635426,4.0164484e+04
 136.7839769,4.0164129e+04
 136.8044111,4.0165617e+04
 136.8248455,4.0172848e+04
 136.8452798,4.0161305e+04
 136.8657141,4.0166418e+04
 136.8861483,4.0168152e+04
 136.9065828,4.0156367e+04
 136.9270171,4.0166129e+04
 136.9474513,4.0165957e+04
 136.9678857,4.0154324e+04
 136.9883200,4.0156094e+04
 137.0087542,4.0173312e+04
 137.0291886,4.0167980e+04
 137.0496230,4.0170828e+04
 137.0700572,4.0172305e+04
 137.0904915,4.0167414e+04
 137.1109259,4.0164422e+04
 137.1313601,4.0160742e+04
 137.1517944,4.0162301e+04
 137.1722288,4.0161609e+04
 137.1926632,4.0165625e+04
 137.2130974,4.0168836e+04
 137.2335317,4.0169883e+04
 137.2539659,4.0174266e+04
 137.2744003,4.0173141e+04
 137.2948346,4.0163324e+04
 137.3152689,4.0175559e+04
 137.3357033,4.0172199e+04
 137.3561376,4.0161129e+04
 137.3765719,         null
 137.3970061,4.0170797e+04
 137.4174405,4.0175000e+04
 137.4378748,4.0174836e+04
 137.4583091,4.0175594e+04
 137.4787435,4.0162586e+04
 137.4991778,4.0170641e+04
 137.5196120,4.0158113e+04
 137.5400463,4.0171723e+04
 137.5604807,4.0168082e+04
 137.5809149,4.0163105e+04
 137.6013493,4.0183418e+04
 137.6217837,4.0166727e+04
 137.6422180,4.0174586e+04
 137.6626522,4.0161168e+04
 137.6830865,4.0175344e+04
 137.7035209,4.0167086e+04
 137.7239551,4.0170902e+04
 137.7443894,4.0166621e+04
 137.7648239,4.0164809e+04
 137.7852581,4.0171438e+04
 137.8056924,4.0180566e+04
 137.8261266,4.0172645e+04
 137.8465610,4.0169855e+04
 137.8669953,4.0172852e+04
 137.8874296,4.0162957e+04
 137.9078639,4.0175059e+04
 137.9282983,4.0170914e+04
 137.9487326,4.0177777e+04
 137.9691668,4.0173168e+04
 137.9896012,4.0167086e+04
 138.0100355,4.0179367e+04
 138.0304697,4.0164547e+04
 138.0509040,4.0164930e+04
 138.0713385,4.0180773e+04
 138.0917728,4.0167375e+04
 138.1122070,4.0185012e+04
 138.1326414,4.0185223e+04
 138.1530757,4.0185156e+04
 138.1735099,4.0178688e+04
 138.1939442,4.0165719e+04
 138.2143786,4.0171625e+04
 138.2348130,4.0168812e+04
 138.2552472,4.0172145e+04
 138.2756816,4.0171125e+04
 138.2961159,4.0174965e+04
 138.3165501,4.0159172e+04
 138.3369844,4.0173043e+04
 138.3574188,4.0178125e+04
 138.3778531,4.0190633e+04
 138.3982873,4.0174266e+04
 138.4187218,4.0186906e+04
 138.4391561,4.0181555e+04
 138.4595903,4.0172191e+04
 138.4800246,4.0185082e+04
 138.5004590,4.0171484e+04
 138.5208932,4.0181375e+04
 138.5413275,4.0185262e+04
 138.5617618,4.0178453e+04
 138.5821962,4.0185949e+04
 138.6026305,4.0167574e+04
 138.6230648,4.0177184e+04
 138.6434991,4.0185168e+04
 138.6639334,4.0168184e+04
 138.6843677,4.0175781e+04
 138.7048019,4.0180680e+04
 138.7252363,4.0176945e+04
 138.7456706,4.0185832e+04
 138.7661049,4.0180828e+04
 138.7865393,4.0184172e+04
 138.8069736,4.0175020e+04
 138.8274078,4.0180355e+04
 138.8478421,4.0181883e+04
 138.8682765,4.0191988e+04
 138.8887108,4.0194504e+04
 138.9091450,4.0184703e+04
 138.9295794,4.0189285e+04
 138.9500137,4.0178359e+04
 138.9704480,4.0183238e+04
 138.9908823,4.0185172e+04
 139.0113167,4.0171340e+04
 139.0317509,4.0195227e+04
 139.0521852,4.0198391e+04
 139.0726196,4.0186645e+04
 139.0930538,4.0188039e+04
 139.1134881,4.0186293e+04
 139.1339224,4.0206195e+04
 139.1543567,4.0190191e+04
 139.1747911,4.0186168e+04
 139.1952254,4.0194203e+04
 139.2156596,4.0190020e+04
 139.2360940,4.0209762e+04
 139.2565283,4.0189074e+04
 139.2769625,4.0189832e+04
 139.2973969,4.0193156e+04
 139.3178312,4.0199168e+04
 139.3382655,4.0206660e+04
 139.3586997,4.0202035e+04
 139.3791342,4.0194223e+04
 139.3995685,4.0194355e+04
 139.4200027,4.0190203e+04
 139.4404371,4.0185734e+04
 139.4608714,4.0184688e+04
 139.4813056,4.0194117e+04
 139.5017399,4.0189539e+04
 139.5221743,4.0210465e+04
 139.5426085,4.0210199e+04
 139.5630428,4.0197152e+04
 139.5834772,4.0202586e+04
 139.6039115,4.0186176e+04
 139.6243458,4.0202770e+04
 139.6447801,4.0200840e+04
 139.6652145,4.0192773e+04
 139.6856487,4.0193125e+04
 139.7060830,4.0205160e+04
 139.7265173,4.0190055e+04
 139.7469516,4.0215852e+04
 139.7673859,4.0203078e+04
 139.7878202,4.0195504e+04
 139.8082545,4.0202930e+04
 139.8286888,4.0201422e+04
 139.8491232,4.0203719e+04
 139.8695575,4.0216238e+04
 139.8899918,4.0208809e+04
 139.9104261,4.0213012e+04
 139.9308604,4.0213730e+04
 139.9512948,4.0213281e+04
 139.9717290,4.0207699e+04
 139.9921633,4.0207570e+04
 140.0125975,4.0206012e+04
 140.0330319,4.0201883e+04
 140.0534662,4.0203094e+04
 140.0739005,4.0211656e+04
 140.0943348,4.0198398e+04
 140.1147692,4.0206043e+04
 140.1352035,4.0195172e+04
 140.1556377,4.0220723e+04
 140.1760721,4.0203242e+04
 140.1965064,4.0214863e+04
 140.2169406,4.0211555e+04
 140.2373750,4.0206848e+04
 140.2578093,4.0202723e+04
 140.2782435,4.0224805e+04
 140.2986778,4.0204758e+04
 140.3191122,4.0215746e+04
 140.3395464,4.0213859e+04
 140.3599807,         null
 140.3804150,4.0213836e+04
 140.4008495,4.0208840e+04
 140.4212837,4.0213406e+04
 140.4417180,4.0201234e+04
 140.4621524,4.0213012e+04
 140.4825866,4.0222254e+04
 140.5030209,4.0224270e+04
 140.5234551,4.0215184e+04
 140.5438895,4.0215008e+04
 140.5643238,4.0217984e+04
 140.5847581,4.0213934e+04
 140.6051924,4.0228121e+04
 140.6256267,4.0216773e+04
 140.6460610,4.0223801e+04
 140.6664952,4.0231242e+04
 140.6869296,4.0222523e+04
 140.7073639,4.0222246e+04
 140.7277982,4.0237031e+04
 140.7482326,4.0220266e+04
 140.7686669,4.0215211e+04
 140.7891011,4.0213094e+04
 140.8095354,4.0224207e+04
 140.8299698,4.0231457e+04
 140.8504041,4.0219297e+04
 140.8708383,4.0215578e+04
 140.8912726,4.0223609e+04
 140.9117070,4.0235676e+04
 140.9321412,4.0221723e+04
 140.9525755,4.0218082e+04
 140.9730099,4.0217785e+04
 140.9934441,4.0245051e+04
 141.0138784,4.0225332e+04
 141.0343127,4.0215113e+04
 141.0547470,4.0222441e+04
 141.0751813,4.0222352e+04
 141.0956156,4.0238273e+04
 141.1160500,4.0245938e+04
 141.1364843,4.0222566e+04
 141.1569186,4.0225832e+04
 141.1773528,4.0223602e+04
 141.1977872,4.0226840e+04
 141.2182215,4.0227211e+04
 141.2386557,4.0216793e+04
 141.2590901,4.0210785e+04
 141.2795244,4.0227043e+04
 141.2999586,4.0223582e+04
 141.3203929,4.0220859e+04
 141.3408273,4.0219242e+04
 141.3612616,4.0222883e+04
 141.3816958,4.0234730e+04
 141.4021301,4.0224297e+04
 141.4225645,4.0223656e+04
 141.4429988,4.0222324e+04
 141.4634330,4.0232062e+04
 141.4838674,4.0237875e+04
 141.5043017,4.0227895e+04
 141.5247359,4.0226973e+04
 141.5451702,4.0230301e+04
 141.5656045,4.0235496e+04
 141.5860389,4.0237387e+04
 141.6064731,4.0224691e+04
 141.6269075,4.0235473e+04
 141.6473419,4.0230480e+04
 141.6677761,4.0229059e+04
 141.6882104,4.0241109e+04
 141.7086448,4.0215184e+04
 141.7290790,4.0234559e+04
 141.7495133,4.0231969e+04
 141.7699477,4.0234523e+04
 141.7903819,4.0245082e+04
 141.8108162,4.0219863e+04
 141.8312505,4.0234527e+04
 141.8516848,4.0227840e+04
 141.8721191,4.0237238e+04
 141.8925534,4.0233102e+04
 141.9129878,4.0221406e+04
 141.9334220,4.0232590e+04
 141.9538563,4.0235902e+04
 141.9742905,4.0236348e+04
 141.9947249,4.0229867e+04
 142.0151592,4.0238453e+04
 142.0355934,4.0251227e+04
 142.0560277,4.0237555e+04
 142.0764621,4.0229535e+04
 142.0968964,4.0223988e+04
 142.1173306,4.0231746e+04
 142.1377650,4.0224223e+04
 142.1581993,4.0240625e+04
 142.1786335,4.0231039e+04
 142.1990678,4.0231426e+04
 142.2195022,4.0228281e+04
 142.2399364,4.0235637e+04
 142.2603707,4.0239492e+04
 142.2808051,4.0224984e+04
 142.3012393,4.0244336e+04
 142.3216736,4.0227176e+04
 142.3421079,4.0239555e+04
 142.3625423,4.0232379e+04
 142.3829765,4.0236691e+04
 142.4034108,4.0232312e+04
 142.4238452,4.0232051e+04
 142.4442794,4.0228789e+04
 142.4647137,4.0243406e+04
 142.4851479,4.0245008e+04
 142.5055823,4.0236668e+04
 142.5260166,4.0233082e+04
 142.5464509,4.0238629e+04
 142.5668851,4.0244234e+04
 142.5873195,4.0245117e+04
 142.6077538,4.0240699e+04
 142.6281880,4.0222418e+04
 142.6486224,4.0231613e+04
 142.6690567,4.0234363e+04
 142.6894909,4.0222340e+04
 142.7099252,4.0248340e+04
 142.7303596,4.0247305e+04
 142.7507938,4.0224465e+04
 142.7712281,4.0245301e+04
 142.7916625,4.0232059e+04
 142.8120967,4.0234273e+04
 142.8325310,4.0236867e+04
 142.8529653,4.0240285e+04
 142.8733997,4.0234234e+04
 142.8938339,4.0234836e+04
 142.9142682,4.0247887e+04
 142.9347026,4.0241293e+04
 142.9551368,4.0255051e+04
 142.9755711,4.0242707e+04
 142.9960053,4.0235273e+04
 143.0164397,4.0239336e+04
 143.0368740,4.0233254e+04
 143.0573083,4.0243945e+04
 143.0777426,4.0228105e+04
 143.0981769,4.0234949e+04
 143.1186112,4.0227418e+04
 143.1390455,4.0233508e+04
 143.1594798,4.0250270e+04
 143.1799141,4.0234359e+04
 143.2003483,4.0240633e+04
 143.2207826,4.0241426e+04
 143.2412170,4.0235621e+04
 143.2616513,4.0236691e+04
 143.2820856,4.0238742e+04
 143.3025199,4.0239094e+04
 143.3229542,4.0250012e+04
 143.3433885,         null
 143.3638227,4.0248344e+04
 143.3842571,4.0236492e+04
 143.4046914,4.0234609e+04
 143.4251256,4.0235668e+04
 143.4455600,4.0240238e+04
 143.4659943,4.0237809e+04
 143.4864285,4.0241699e+04
 143.5068628,4.0250660e+04
 143.5272972,4.0237285e+04
 143.5477315,4.0237082e+04
 143.5681657,4.0237121e+04
 143.5886001,4.0248027e+04
 143.6090344,4.0238496e+04
 143.6294686,4.0228855e+04
 143.6499028,4.0243863e+04
 143.6703372,4.0235105e+04
 143.6907714,4.0249973e+04
 143.7112057,4.0241613e+04
 143.7316400,4.0232355e+04
 143.7520743,4.0242977e+04
 143.7725086,4.0242086e+04
 143.7929429,4.0230750e+04
 143.8133772,4.0234523e+04
 143.8338115,4.0231711e+04
 143.8542458,4.0227164e+04
 143.8746800,4.0238211e+04
 143.8951144,4.0261621e+04
 143.9155487,4.0247137e+04
 143.9359829,4.0233672e+04
 143.9564173,4.0238242e+04
 143.9768516,4.0239707e+04
 143.9972858,4.0248703e+04
 144.0177201,4.0242113e+04
 144.0381545,4.0243367e+04
 144.0585888,4.0238570e+04
 144.0790230,4.0239684e+04
 144.0994574,4.0225418e+04
 144.1198917,4.0232680e+04
 144.1403259,4.0243625e+04
 144.1607601,4.0243945e+04
 144.1811945,4.0235242e+04
 144.2016287,4.0235816e+04
 144.2220630,4.0233730e+04
 144.2424974,4.0249703e+04
 144.2629316,4.0219324e+04
 144.2833659,4.0238707e+04
 144.3038002,4.0241168e+04
 144.3242345,4.0228926e+04
 144.3446688,4.0235137e+04
 144.3651031,4.0222051e+04
 144.3855373,4.0238695e+04
 144.4059717,4.0238348e+04
 144.4264060,4.0229477e+04
 144.4468402,4.0236738e+04
 144.4672746,4.0238902e+04
 144.4877089,4.0226176e+04
 144.5081431,4.0238324e+04
 144.5285773,4.0220828e+04
 144.5490117,4.0232074e+04
 144.5694460,4.0227098e+04
 144.5898802,4.0221984e+04
 144.6103146,4.0235270e+04
 144.6307489,4.0236281e+04
 144.6511831,4.0230625e+04
 144.6716174,4.0224031e+04
 144.6920518,4.0235309e+04
 144.7124860,4.0230109e+04
 144.7329203,4.0223910e+04
 144.7533547,4.0238949e+04
 144.7737889,4.0234141e+04
 144.7942232,4.0234215e+04
 144.8146575,4.0241215e+04
 144.8350918,4.0227207e+04
 144.8555260,4.0228711e+04
 144.8759603,4.0241852e+04
 144.8963946,4.0218488e+04
 144.9168289,4.0232535e+04
 144.9372632,4.0235945e+04
 144.9576975,4.0233512e+04
 144.9781319,4.0217348e+04
 144.9985661,4.0219188e+04
 145.0190004,4.0222367e+04
 145.0394347,4.0226617e+04
 145.0598690,4.0224672e+04
 145.0803032,4.0229488e+04
 145.1007375,4.0236188e+04
 145.1211719,4.0219871e+04
 145.1416061,4.0213238e+04
 145.1620404,4.0222637e+04
 145.1824746,4.0232180e+04
 145.2029090,4.0222344e+04
 145.2233433,4.0221598e+04
 145.2437775,4.0232832e+04
 145.2642119,4.0227441e+04
 145.2846462,4.0215160e+04
 145.3050805,4.0225328e+04
 145.3255146,4.0223117e+04
 145.3459490,4.0218945e+04
 145.3663833,4.0223770e+04
 145.3868175,4.0221465e+04
 145.4072519,4.0220043e+04
 145.4276862,4.0223270e+04
 145.4481204,4.0218332e+04
 145.4685547,4.0226000e+04
 145.4889891,4.0218398e+04
 145.5094233,4.0228324e+04
 145.5298576,4.0218707e+04
 145.5502918,4.0222359e+04
 145.5707262,4.0217348e+04
 145.5911604,4.0218195e+04
 145.6115947,4.0218621e+04
 145.6320291,4.0216691e+04
 145.6524633,4.0223797e+04
 145.6728976,4.0218562e+04
 145.6933318,4.0220238e+04
 145.7137662,4.0201730e+04
 145.7342004,4.0218965e+04
 145.7546347,4.0208176e+04
 145.7750690,4.0219406e+04
 145.7955033,4.0205379e+04
 145.8159376,4.0225371e+04
 145.8363718,4.0207977e+04
 145.8568062,4.0222207e+04
 145.8772405,4.0214156e+04
 145.8976747,4.0205855e+04
 145.9181091,4.0210988e+04
 145.9385433,4.0203562e+04
 145.9589775,4.0223090e+04
 145.9794118,4.0219812e+04
 145.9998462,4.0213090e+04
 146.0202805,4.0221797e+04
 146.0407147,4.0222684e+04
 146.0611491,4.0213035e+04
 146.0815834,4.0201586e+04
 146.1020175,4.0212941e+04
 146.1224518,4.0207551e+04
 146.1428862,4.0205105e+04
 146.1633204,4.0214520e+04
 146.1837547,4.0208820e+04
 146.2041890,4.0207258e+04
 146.2246233,4.0212332e+04
 146.2450576,4.0208465e+04
 146.2654918,4.0212363e+04
 146.2859261,4.0196891e+04
 146.3063604,4.0198684e+04
 146.3267947,         null
 146.3472289,4.0221348e+04
 146.3676633,4.0212422e+04
 146.3880976,4.0215359e+04
 146.4085318,4.0197164e+04
 146.4289661,4.0198535e+04
 146.4494004,4.0206387e+04
 146.4698346,4.0201457e+04
 146.4902690,4.0214258e+04
 146.5107033,4.0202938e+04
 146.5311376,4.0195895e+04
 146.5515718,4.0195109e+04
 146.5720061,4.0197883e+04
 146.5924404,4.0193723e+04
 146.6128747,4.0201660e+04
 146.6333089,4.0203477e+04
 146.6537433,4.0206457e+04
 146.6741776,4.0196301e+04
 146.6946118,4.0204129e+04
 146.7150462,4.0202930e+04
 146.7354804,4.0196375e+04
 146.7559147,4.0191461e+04
 146.7763489,4.0205891e+04
 146.7967833,4.0196383e+04
 146.8172176,4.0203082e+04
 146.8376518,4.0190711e+04
 146.8580860,4.0197723e+04
 146.8785204,4.0188707e+04
 146.8989546,4.0195105e+04
 146.9193889,4.0195555e+04
 146.9398233,4.0207020e+04
 146.9602575,4.0196008e+04
 146.9806918,4.0198426e+04
 147.0011260,4.0197602e+04
 147.0215603,4.0197445e+04
 147.0419946,4.0195027e+04
 147.0624289,4.0191941e+04
 147.0828633,4.0186801e+04
 147.1032975,4.0195004e+04
 147.1237317,4.0178133e+04
 147.1441659,4.0190703e+04
 147.1646003,4.0184340e+04
 147.1850346,4.0192152e+04
 147.2054688,4.0184508e+04
 147.2259032,4.0183973e+04
 147.2463375,4.0180695e+04
 147.2667717,4.0185238e+04
 147.2872059,4.0187527e+04
 147.3076403,4.0180766e+04
 147.3280746,4.0177871e+04
 147.3485088,4.0182602e+04
 147.3689431,4.0174445e+04
 147.3893774,4.0176422e+04
 147.4098116,4.0190293e+04
 147.4302459,4.0171418e+04
 147.4506803,4.0170957e+04
 147.4711145,4.0173988e+04
 147.4915487,4.0171559e+04
 147.5119830,4.0170695e+04
 147.5324174,4.0168160e+04
 147.5528516,4.0179586e+04
 147.5732859,4.0173535e+04
 147.5937203,4.0186797e+04
 147.6141544,4.0173941e+04
 147.6345887,4.0182824e+04
 147.6550229,4.0166219e+04
 147.6754573,4.0180961e+04
 147.6958916,4.0177664e+04
 147.7163258,4.0170461e+04
 147.7367601,4.0166828e+04
 147.7571944,4.0168488e+04
 147.7776287,4.0163336e+04
 147.7980629,4.0174156e+04
 147.8184973,4.0174219e+04
 147.8389315,4.0167746e+04
 147.8593657,4.0164496e+04
 147.8798000,4.0176309e+04
 147.9002344,         null
 147.9206686,4.0176234e+04
 147.9411028,4.0164840e+04
 147.9615372,4.0168949e+04
 147.9819714,4.0180027e+04
 148.0024057,4.0175176e+04
 148.0228400,4.0160406e+04
 148.0432743,4.0157297e+04
 148.0637085,4.0163316e+04
 148.0841428,4.0158363e+04
 148.1045772,4.0161168e+04
 148.1250114,4.0159211e+04
 148.1454456,4.0177594e+04
 148.1658799,4.0158703e+04
 148.1863142,4.0157379e+04
 148.2067485,4.0156148e+04
 148.2271828,4.0151734e+04
 148.2476171,4.0158793e+04
 148.2680513,4.0144500e+04
 148.2884856,4.0155988e+04
 148.3089199,4.0164262e+04
 148.3293542,4.0149801e+04
 148.3497884,4.0142750e+04
 148.3702227,4.0142902e+04
 148.3906569,4.0154496e+04
 148.4110913,4.0140230e+04
 148.4315256,4.0146164e+04
 148.4519598,4.0155672e+04
 148.4723941,4.0142848e+04
 148.4928284,4.0135160e+04
 148.5132627,4.0138629e+04
 148.5336969,4.0162539e+04
 148.5541312,4.0140762e+04
 148.5745655,4.0147543e+04
 148.5949997,4.0146430e+04
 148.6154341,4.0140668e+04
 148.6358683,4.0136797e+04
 148.6563025,4.0134281e+04
 148.6767368,4.0145180e+04
 148.6971712,4.0135727e+04
 148.7176054,4.0140117e+04
 148.7380396,4.0145785e+04
 148.7584740,4.0135930e+04
 148.7789083,4.0147305e+04
 148.7993425,4.0139551e+04
 148.8197767,4.0147512e+04
 148.8402111,4.0147668e+04
 148.8606453,4.0130602e+04
 148.8810796,4.0142625e+04
 148.9015139,4.0139211e+04
 148.9219481,4.0146500e+04
 148.9423824,4.0129016e+04
 148.9628167,4.0127551e+04
 148.9832510,4.0133137e+04
 149.0036852,4.0143391e+04
 149.0241195,4.0140750e+04
 149.0445537,4.0131527e+04
 149.0649881,4.0136543e+04
 149.0854223,4.0143809e+04
 149.1058565,4.0149395e+04
 149.1262909,4.0132641e+04
 149.1467252,4.0137488e+04
 149.1671593,4.0122855e+04
 149.1875936,4.0140184e+04
 149.2080280,4.0131754e+04
 149.2284623,4.0131977e+04
 149.2488964,4.0134867e+04
 149.2693308,4.0128074e+04
 149.2897651,4.0129734e+04
 149.3101993,         null
 149.3306335,4.0129016e+04
 149.3510679,4.0141605e+04
 149.3715021,4.0122934e+04
 149.3919364,4.0130699e+04
 149.4123707,4.0131656e+04
 149.4328049,4.0128012e+04
 149.4532392,4.0134070e+04
 149.4736735,4.0135141e+04
 149.4941077,4.0132668e+04
 149.5145420,4.0123234e+04
 149.5349763,4.0117543e+04
 149.5554107,4.0122809e+04
 149.5758448,4.0136586e+04
 149.5962791,4.0122102e+04
 149.6167133,4.0130156e+04
 149.6371477,4.0131102e+04
 149.6575819,4.0129254e+04
 149.6780161,4.0120094e+04
 149.6984504,4.0130402e+04
 149.7188847,4.0128395e+04
 149.7393190,4.0128016e+04
 149.7597532,4.0126195e+04
 149.7801876,4.0131246e+04
 149.8006218,4.0125199e+04
 149.8210560,4.0124438e+04
 149.8414903,4.0123273e+04
 149.8619247,4.0125629e+04
 149.8823589,4.0129434e+04
 149.9027931,4.0124008e+04
 149.9232275,4.0112895e+04
 149.9436617,4.0134973e+04
 149.9640960,4.0126379e+04
 149.9845302,4.0126703e+04
 150.0049646,4.0125594e+04
 150.0253988,4.0120992e+04
 150.0458330,4.0116570e+04
 150.0662674,4.0120262e+04
 150.0867016,4.0121551e+04
 150.1071358,4.0130590e+04
 150.1275701,4.0108473e+04
 150.1480045,4.0124293e+04
 150.1684386,4.0117520e+04
 150.1888729,4.0119477e+04
 150.2093073,4.0124770e+04
 150.2297414,4.0112965e+04
 150.2501757,4.0119809e+04
 150.2706100,4.0115355e+04
 150.2910444,4.0123832e+04
 150.3114785,4.0118551e+04
 150.3319128,4.0114887e+04
 150.3523470,4.0118797e+04
 150.3727813,4.0111363e+04
 150.3932156,4.0107469e+04
 150.4136498,4.0117082e+04
 150.4340842,4.0110020e+04
 150.4545184,4.0106750e+04
 150.4749527,4.0116691e+04
 150.4953869,4.0126488e+04
 150.5158212,4.0120633e+04
 150.5362555,4.0116023e+04
 150.5566897,4.0108547e+04
 150.5771240,4.0106996e+04
 150.5975583,4.0112816e+04
 150.6179925,4.0112984e+04
 150.6384267,4.0108527e+04
 150.6588611,4.0119219e+04
 150.6792953,4.0111539e+04
 150.6997296,4.0100738e+04
 150.7201639,4.0113531e+04
 150.7405982,4.0119664e+04
 150.7610324,4.0122004e+04
 150.7814666,4.0123953e+04
 150.8019010,4.0114676e+04
 150.8223352,4.0114402e+04
 150.8427694,4.0111156e+04
 150.8632038,4.0101883e+04
 150.8836380,4.0107844e+04
 150.9040722,4.0110148e+04
 150.9245065,4.0120027e+04
 150.9449408,4.0126609e+04
 150.9653750,4.0108477e+04
 150.9858093,4.0108820e+04
 151.0062435,4.0101910e+04
 151.0266778,4.0101375e+04
 151.0471121,4.0126156e+04
 151.0675463,4.0112969e+04
 151.0879806,4.0107820e+04
 151.1084149,4.0092387e+04
 151.1288491,4.0112738e+04
 151.1492833,4.0112473e+04
 151.1697177,4.0112168e+04
 151.1901519,4.0099648e+04
 151.2105861,4.0109434e+04
 151.2310205,4.0095590e+04
 151.2514548,4.0102680e+04
 151.2718889,4.0108730e+04
 151.2923232,4.0101734e+04
 151.3127576,4.0111242e+04
 151.3331917,4.0099301e+04
 151.3536260,4.0101273e+04
 151.3740604,4.0099223e+04
 151.3944945,4.0098512e+04
 151.4149288,4.0110969e+04
 151.4353631,4.0109508e+04
 151.4557973,4.0108211e+04
 151.4762316,4.0096254e+04
 151.4966659,4.0106184e+04
 151.5171001,4.0103117e+04
 151.5375344,4.0100691e+04
 151.5579687,4.0100426e+04
 151.5784029,4.0103223e+04
 151.5988373,4.0092496e+04
 151.6192715,4.0098145e+04
 151.6397057,4.0093371e+04
 151.6601400,         null
 151.6805742,4.0109285e+04
 151.7010085,4.0103332e+04
 151.7214428,4.0100684e+04
 151.7418770,4.0097258e+04
 151.7623113,4.0094746e+04
 151.7827456,4.0099711e+04
 151.8031797,4.0095590e+04
 151.8236141,4.0091531e+04
 151.8440484,4.0103660e+04
 151.8644825,4.0092699e+04
 151.8849169,4.0094645e+04
 151.9053511,4.0096727e+04
 151.9257853,4.0099535e+04
 151.9462196,4.0103359e+04
 151.9666539,4.0106199e+04
 151.9870882,4.0095898e+04
 152.0075224,4.0101082e+04
 152.0279567,4.0101875e+04
 152.0483910,4.0095051e+04
 152.0688251,4.0094785e+04
 152.0892594,4.0083809e+04
 152.1096938,4.0098961e+04
 152.1301279,4.0102070e+04
 152.1505622,4.0095730e+04
 152.1709965,4.0097375e+04
 152.1914307,4.0091652e+04
 152.2118650,4.0096359e+04
 152.2322992,4.0086332e+04
 152.2527336,4.0100836e+04
 152.2731678,4.0096652e+04
 152.2936020,         null
 152.3140362,4.0088223e+04
 152.3344706,4.0088500e+04
 152.3549048,4.0090699e+04
 152.3753390,4.0109777e+04
 152.3957733,4.0091695e+04
 152.4162076,4.0097898e+04
 152.4366419,4.0091840e+04
 152.4570760,4.0097988e+04
 152.4775104,4.0089379e+04
 152.4979446,4.0092926e+04
 152.5183788,4.0091262e+04
 152.5388132,4.0101586e+04
 152.5592474,4.0090953e+04
 152.5796816,4.0098203e+04
 152.6001158,4.0088449e+04
 152.6205502,4.0103172e+04
 152.6409844,4.0089270e+04
 152.6614186,         null
 152.6818529,4.0096641e+04
 152.7022871,4.0093957e+04
 152.7227214,4.0090953e+04
 152.7431557,4.0109359e+04
 152.7635900,4.0094816e+04
 152.7840242,4.0103531e+04
 152.8044584,4.0095145e+04
 152.8248926,4.0095422e+04
 152.8453269,4.0089859e+04
 152.8657612,4.0099566e+04
 152.8861954,4.0102965e+04
 152.9066297,4.0103188e+04
 152.9270640,4.0094652e+04
 152.9474982,4.0096602e+04
 152.9679324,4.0100750e+04
 152.9883668,4.0100207e+04
 153.0088010,4.0103977e+04
 153.0292352,4.0101207e+04
 153.0496695,4.0094664e+04
 153.0701038,4.0101340e+04
 153.0905379,4.0114094e+04
 153.1109722,4.0106008e+04
 153.1314066,4.0089266e+04
 153.1518407,4.0096801e+04
 153.1722750,4.0105801e+04
 153.1927092,4.0087594e+04
 153.2131436,4.0097566e+04
 153.2335778,4.0099137e+04
 153.2540120,4.0108129e+04
 153.2744464,4.0105430e+04
 153.2948806,4.0099145e+04
 153.3153148,4.0093234e+04
 153.3357490,4.0106871e+04
 153.3561833,4.0085891e+04
 153.3766175,4.0092559e+04
 153.3970518,4.0093129e+04
 153.4174861,4.0102855e+04
 153.4379204,4.0088234e+04
 153.4583546,4.0092691e+04
 153.4787888,4.0097289e+04
 153.4992232,4.0098625e+04
 153.5196573,4.0103484e+04
 153.5400916,4.0089449e+04
 153.5605259,4.0110016e+04
 153.5809601,4.0096043e+04
 153.6013943,4.0104422e+04
 153.6218286,4.0108031e+04
 153.6422629,4.0098375e+04
 153.6626971,4.0105629e+04
 153.6831314,4.0102625e+04
 153.7035655,4.0097770e+04
 153.7239999,4.0096633e+04
 153.7444341,4.0093188e+04
 153.7648683,4.0103691e+04
 153.7853026,4.0094922e+04
 153.8057369,4.0132605e+04
 153.8261710,4.0098715e+04
 153.8466053,4.0099121e+04
 153.8670396,4.0105805e+04
 153.8874738,4.0094637e+04
 153.9079081,4.0097262e+04
 153.9283424,4.0112426e+04
 153.9487767,4.0110453e+04
 153.9692108,4.0104762e+04
 153.9896451,4.0112371e+04
 154.0100794,4.0103551e+04
 154.0305136,4.0099801e+04
 154.0509478,4.0106941e+04
 154.0713822,4.0100348e+04
 154.0918163,4.0106113e+04
 154.1122506,4.0103598e+04
 154.1326848,4.0110785e+04
 154.1531191,4.0106934e+04
 154.1735533,4.0098605e+04
 154.1939876,4.0118367e+04
 154.2144218,4.0108148e+04
 154.2348561,4.0101258e+04
 154.2552903,4.0100000e+04
 154.2757245,4.0120793e+04
 154.2961588,4.0104012e+04
 154.3165931,4.0114086e+04
 154.3370272,4.0114059e+04
 154.3574615,4.0105121e+04
 154.3778958,4.0102863e+04
 154.3983300,4.0122203e+04
 154.4187642,4.0099906e+04
 154.4391986,4.0105375e+04
 154.4596329,4.0109945e+04
 154.4800670,4.0093402e+04
 154.5005013,4.0116242e+04
 154.5209356,4.0119047e+04
 154.5413698,4.0126770e+04
 154.5618040,4.0108934e+04
 154.5822384,4.0110398e+04
 154.6026725,4.0123207e+04
 154.6231067,4.0113867e+04
 154.6435410,4.0107023e+04
 154.6639752,4.0108375e+04
 154.6844095,4.0112520e+04
 154.7048437,4.0112793e+04
 154.7252781,4.0113484e+04
 154.7457122,4.0115836e+04
 154.7661465,4.0116426e+04
 154.7865807,4.0120602e+04
 154.8070150,4.0123520e+04
 154.8274492,4.0109617e+04
 154.8478834,4.0115352e+04
 154.8683177,4.0126441e+04
 154.8887520,4.0104668e+04
 154.9091862,4.0114750e+04
 154.9296205,4.0114184e+04
 154.9500547,4.0131516e+04
 154.9704890,4.0122879e+04
 154.9909232,4.0114910e+04
 155.0113574,4.0126000e+04
 155.0317917,4.0111156e+04
 155.0522260,4.0122238e+04
 155.0726601,4.0111172e+04
 155.0930945,4.0116703e+04
 155.1135287,4.0125453e+04
 155.1339629,4.0121754e+04
 155.1543971,4.0123160e+04
 155.1748314,4.0109715e+04
 155.1952657,4.0126137e+04
 155.2156998,4.0124551e+04
 155.2361341,4.0156879e+04
 155.2565684,4.0122156e+04
 155.2770026,         null
 155.2974368,4.0122793e+04
 155.3178712,4.0121082e+04
 155.3383053,4.0123895e+04
 155.3587396,4.0120035e+04
 155.3791738,4.0122750e+04
 155.3996081,4.0119102e+04
 155.4200423,4.0128477e+04
 155.4404765,4.0130844e+04
 155.4609109,4.0111270e+04
 155.4813450,4.0112859e+04
 155.5017793,4.0122453e+04
 155.5222134,4.0135875e+04
 155.5426478,4.0130797e+04
 155.5630820,         null
 155.5835162,4.0116344e+04
 155.6039505,4.0121668e+04
 155.6243847,4.0126141e+04
 155.6448190,4.0118574e+04
 155.6652531,4.0122895e+04
 155.6856875,4.0134312e+04
 155.7061217,4.0136504e+04
 155.7265559,4.0123973e+04
 155.7469901,4.0123312e+04
 155.7674245,4.0128336e+04
 155.7878586,4.0125266e+04
 155.8082928,4.0126078e+04
 155.8287272,4.0138574e+04
 155.8491613,4.0123301e+04
 155.8695956,4.0128484e+04
 155.8900298,4.0132973e+04
 155.9104642,4.0153125e+04
 155.9308983,4.0142258e+04
 155.9513325,4.0134152e+04
 155.9717669,4.0134895e+04
 155.9922010,4.0133277e+04
 156.0126353,4.0136832e+04
 156.0330694,4.0148629e+04
 156.0535037,4.0144070e+04
 156.0739380,4.0137590e+04
 156.0943722,4.0136891e+04
 156.1148065,4.0134332e+04
 156.1352407,4.0140695e+04
 156.1556750,4.0136352e+04
 156.1761091,4.0142426e+04
 156.1965434,4.0146305e+04
 156.2169777,4.0152949e+04
 156.2374118,4.0151539e+04
 156.2578461,4.0140590e+04
 156.2782804,4.0146375e+04
 156.2987145,4.0148254e+04
 156.3191488,4.0143734e+04
 156.3395831,4.0154898e+04
 156.3600173,4.0137391e+04
 156.3804515,4.0145047e+04
 156.4008857,4.0142371e+04
 156.4213201,4.0149020e+04
 156.4417542,4.0154531e+04
 156.4621885,4.0142180e+04
 156.4826228,4.0157438e+04
 156.5030569,4.0164211e+04
 156.5234912,4.0144000e+04
 156.5439254,4.0151816e+04
 156.5643597,4.0149195e+04
 156.5847939,4.0153867e+04
 156.6052281,4.0152883e+04
 156.6256624,4.0144930e+04
 156.6460966,4.0151816e+04
 156.6665308,4.0155699e+04
 156.6869651,4.0151164e+04
 156.7073993,4.0153418e+04
 156.7278336,4.0154691e+04
 156.7482678,4.0155988e+04
 156.7687019,4.0154445e+04
 156.7891363,4.0135715e+04
 156.8095705,4.0151410e+04
 156.8300048,4.0150539e+04
 156.8504390,4.0163156e+04
 156.8708732,4.0156508e+04
 156.8913075,4.0150320e+04
 156.9117416,4.0150027e+04
 156.9321759,4.0149629e+04
 156.9526102,4.0146141e+04
 156.9730443,4.0149930e+04
 156.9934786,4.0155133e+04
 157.0139129,4.0172059e+04
 157.0343470,4.0163113e+04
 157.0547813,4.0156473e+04
 157.0752156,4.0157445e+04
 157.0956497,4.0157270e+04
 157.1160840,4.0154883e+04
 157.1365183,4.0169988e+04
 157.1569525,4.0151406e+04
 157.1773867,4.0162832e+04
 157.1978209,4.0171270e+04
 157.2182552,4.0181965e+04
 157.2386894,4.0174180e+04
 157.2591236,4.0159121e+04
 157.2795578,4.0166422e+04
 157.2999921,4.0164168e+04
 157.3204263,4.0164523e+04
 157.3408606,4.0154297e+04
 157.3612948,4.0172797e+04
 157.3817290,4.0166000e+04
 157.4021633,4.0161820e+04
 157.4225974,4.0162766e+04
 157.4430317,4.0171625e+04
 157.4634660,4.0161488e+04
 157.4839001,4.0163977e+04
 157.5043344,4.0157602e+04
 157.5247687,4.0167664e+04
 157.5452028,4.0183469e+04
 157.5656370,4.0168500e+04
 157.5860714,4.0175621e+04
 157.6065055,4.0187648e+04
 157.6269397,4.0173062e+04
 157.6473741,4.0170453e+04
 157.6678083,4.0178461e+04
 157.6882424,4.0168254e+04
 157.7086767,4.0179160e+04
 157.7291110,4.0173074e+04
 157.7495451,4.0183051e+04
 157.7699794,4.0176176e+04
 157.7904137,4.0177910e+04
 157.8108478,4.0191953e+04
 157.8312821,4.0190117e+04
 157.8517163,4.0175207e+04
 157.8721505,4.0179297e+04
 157.8925847,4.0182672e+04
 157.9130190,4.0173961e+04
 157.9334531,4.0161953e+04
 157.9538874,4.0180359e+04
 157.9743217,4.0173801e+04
 157.9947558,4.0178477e+04
 158.0151901,4.0182301e+04
 158.0356244,4.0180996e+04
 158.0560585,4.0178918e+04
 158.0764927,4.0176898e+04
 158.0969271,4.0174332e+04
 158.1173613,4.0179961e+04
 158.1377954,4.0175523e+04
 158.1582297,4.0185062e+04
 158.1786640,4.0182941e+04
 158.1990981,4.0178137e+04
 158.2195323,4.0176207e+04
 158.2399667,4.0185230e+04
 158.2604008,         null
 158.2808350,4.0175211e+04
 158.3012693,4.0183434e+04
 158.3217036,4.0171984e+04
 158.3421377,4.0180777e+04
 158.3625719,4.0179910e+04
 158.3830063,4.0178172e+04
 158.4034405,4.0175520e+04
 158.4238746,4.0171922e+04
 158.4443089,4.0190852e+04
 158.4647432,4.0179441e+04
 158.4851773,4.0188602e+04
 158.5056115,4.0179215e+04
 158.5260459,4.0182562e+04
 158.5464800,4.0178430e+04
 158.5669142,4.0185402e+04
 158.5873484,4.0182141e+04
 158.6077827,4.0184457e+04
 158.6282169,4.0187363e+04
 158.6486511,4.0189480e+04
 158.6690855,4.0195078e+04
 158.6895196,4.0183395e+04
 158.7099538,4.0182559e+04
 158.7303879,4.0180430e+04
 158.7508223,4.0182160e+04
 158.7712565,4.0143074e+04
 158.7916907,4.0124078e+04
 158.8121249,4.0117578e+04
 158.8325592,4.0116062e+04
 158.8529934,4.0116895e+04
 158.8734275,4.0116109e+04
 158.8938618,4.0118434e+04
 158.9142961,4.0130254e+04
 158.9347302,4.0163465e+04
 158.9551645,4.0171676e+04
 158.9755987,4.0188383e+04
 158.9960329,4.0190438e+04
 159.0164671,4.0182699e+04
 159.0369014,4.0188555e+04
 159.0573355,4.0185629e+04
 159.0777698,4.0200453e+04
 159.0982040,4.0199172e+04
 159.1186383,4.0181016e+04
 159.1390724,4.0185855e+04
 159.1595067,4.0198730e+04
 159.1799410,4.0191801e+04
 159.2003751,4.0177441e+04
 159.2208093,4.0179809e+04
 159.2412435,4.0187484e+04
 159.2616778,4.0191809e+04
 159.2821120,4.0181863e+04
 159.3025462,4.0193484e+04
 159.3229805,4.0171578e+04
 159.3434147,4.0190070e+04
 159.3638489,4.0179051e+04
 159.3842830,4.0183219e+04
 159.4047173,4.0196332e+04
 159.4251516,4.0189613e+04
 159.4455857,4.0185676e+04
 159.4660200,4.0190164e+04
 159.4864542,4.0190797e+04
 159.5068884,4.0184363e+04
 159.5273226,4.0192383e+04
 159.5477569,4.0175238e+04
 159.5681910,4.0198816e+04
 159.5886252,4.0196363e+04
 159.6090595,4.0190645e+04
 159.6294938,4.0184184e+04
 159.6499279,4.0183223e+04
 159.6703621,4.0190590e+04
 159.6907964,4.0187777e+04
 159.7112306,4.0197668e+04
 159.7316648,4.0195305e+04
 159.7520990,4.0194121e+04
 159.7725332,4.0196609e+04
 159.7929674,4.0190781e+04
 159.8134017,4.0187531e+04
 159.8338359,4.0205656e+04
 159.8542701,4.0189012e+04
 159.8747043,4.0187988e+04
 159.8951384,4.0190562e+04
 159.9155728,4.0190637e+04
 159.9360070,4.0186121e+04
 159.9564412,4.0198676e+04
 159.9768754,4.0198746e+04
 159.9973096,4.0191180e+04
 160.0177439,4.0184902e+04
 160.0381781,4.0191496e+04
 160.0586123,4.0197160e+04
 160.0790465,4.0211488e+04
 160.0994807,4.0193672e+04
 160.1199149,4.0189660e+04
 160.1403492,4.0196691e+04
 160.1607834,4.0208141e+04
 160.1812175,4.0188461e+04
 160.2016518,4.0206496e+04
 160.2220860,4.0191273e+04
 160.2425202,4.0193262e+04
 160.2629544,4.0187977e+04
 160.2833887,4.0191559e+04
 160.3038228,4.0194215e+04
 160.3242570,4.0178223e+04
 160.3446913,4.0196219e+04
 160.3651256,4.0200781e+04
 160.3855597,4.0185914e+04
 160.4059939,4.0191699e+04
 160.4264282,4.0198586e+04
 160.4468623,4.0206715e+04
 160.4672965,4.0188219e+04
 160.4877309,4.0199680e+04
 160.5081650,4.0188395e+04
 160.5285992,4.0194871e+04
 160.5490334,4.0196297e+04
 160.5694676,4.0197648e+04
 160.5899018,4.0199797e+04
 160.6103361,4.0195367e+04
 160.6307702,4.0191422e+04
 160.6512045,4.0196973e+04
 160.6716387,4.0182730e+04
 160.6920728,4.0191562e+04
 160.7125071,4.0189348e+04
 160.7329413,4.0183293e+04
 160.7533755,4.0207613e+04
 160.7738097,4.0186688e+04
 160.7942440,4.0195273e+04
 160.8146782,4.0188746e+04
 160.8351123,4.0190711e+04
 160.8555466,4.0190277e+04
 160.8759808,4.0189105e+04
 160.8964149,4.0191258e+04
 160.9168492,4.0189883e+04
 160.9372835,4.0195379e+04
 160.9577176,4.0183785e+04
 160.9781518,4.0189539e+04
 160.9985861,4.0197629e+04
 161.0190202,4.0193039e+04
 161.0394544,4.0193504e+04
 161.0598887,4.0196773e+04
 161.0803229,4.0188926e+04
 161.1007571,4.0187734e+04
 161.1211913,4.0182516e+04
 161.1416256,4.0184273e+04
 161.1620597,4.0195848e+04
 161.1824939,4.0197289e+04
 161.2029280,4.0206781e+04
 161.2233623,4.0198715e+04
 161.2437966,         null
 161.2642308,4.0199766e+04
 161.2846649,4.0189879e+04
 161.3050992,4.0185156e+04
 161.3255334,4.0190402e+04
 161.3459675,4.0183547e+04
 161.3664018,4.0191672e+04
 161.3868360,4.0197020e+04
 161.4072701,4.0189586e+04
 161.4277044,4.0181457e+04
 161.4481387,4.0189977e+04
 161.4685728,4.0209230e+04
 161.4890070,4.0188340e+04
 161.5094413,4.0192113e+04
 161.5298754,4.0179969e+04
 161.5503096,4.0187715e+04
 161.5707438,4.0199777e+04
 161.5911781,4.0194254e+04
 161.6116122,4.0191801e+04
 161.6320464,4.0189973e+04
 161.6524808,4.0191871e+04
 161.6729150,4.0187977e+04
 161.6933491,4.0187625e+04
 161.7137833,4.0182137e+04
 161.7342176,4.0192441e+04
 161.7546517,4.0207289e+04
 161.7750859,4.0191445e+04
 161.7955201,4.0183500e+04
 161.8159543,4.0189777e+04
 161.8363885,4.0191215e+04
 161.8568227,4.0186984e+04
 161.8772570,4.0187891e+04
 161.8976911,4.0194602e+04
 161.9181254,4.0186945e+04
 161.9385595,4.0206766e+04
 161.9589938,4.0189418e+04
 161.9794280,4.0180465e+04
 161.9998622,4.0194531e+04
 162.0202964,4.0189934e+04
 162.0407306,4.0195176e+04
 162.0611648,4.0191969e+04
 162.0815989,4.0197508e+04
 162.1020332,4.0192520e+04
 162.1224674,4.0178633e+04
 162.1429015,4.0187250e+04
 162.1633358,4.0205449e+04
 162.1837700,4.0202211e+04
 162.2042041,4.0181723e+04
 162.2246383,4.0187043e+04
 162.2450726,4.0190621e+04
 162.2655067,4.0193105e+04
 162.2859410,4.0184207e+04
 162.3063753,4.0188711e+04
 162.3268095,4.0186176e+04
 162.3472436,4.0190004e+04
 162.3676778,4.0191039e+04
 162.3881121,4.0194590e+04
 162.4085462,4.0191586e+04
 162.4289804,4.0194109e+04
 162.4494145,4.0191719e+04
 162.4698488,4.0189418e+04
 162.4902830,4.0184371e+04
 162.5107166,4.0205020e+04
 162.5311509,4.0191508e+04
 162.5515850,4.0188430e+04
 162.5720192,4.0194645e+04
 162.5924534,4.0183234e+04
 162.6128877,4.0191016e+04
 162.6333218,4.0192273e+04
 162.6537560,4.0195551e+04
 162.6741903,4.0196566e+04
 162.6946244,4.0191156e+04
 162.7150586,4.0186852e+04
 162.7354928,4.0189004e+04
 162.7559270,4.0192000e+04
 162.7763612,4.0177820e+04
 162.7967954,4.0187336e+04
 162.8172296,4.0182133e+04
 162.8376638,4.0188527e+04
 162.8580980,4.0183906e+04
 162.8785321,4.0185461e+04
 162.8989664,4.0183699e+04
 162.9194006,4.0186215e+04
 162.9398347,4.0188672e+04
 162.9602689,4.0178457e+04
 162.9807032,4.0171840e+04
 163.0011373,4.0183172e+04
 163.0215715,4.0182953e+04
 163.0420058,4.0193211e+04
 163.0624400,4.0190605e+04
 163.0828741,4.0191441e+04
 163.1033083,4.0174984e+04
 163.1237426,4.0177008e+04
 163.1441767,4.0171441e+04
 163.1646109,4.0168934e+04
 163.1850452,4.0183840e+04
 163.2054793,4.0191215e+04
 163.2259135,4.0186973e+04
 163.2463477,4.0175109e+04
 163.2667819,4.0181238e+04
 163.2872161,4.0180508e+04
 163.3076503,4.0175117e+04
 163.3280846,4.0174871e+04
 163.3485187,4.0174988e+04
 163.3689529,4.0172609e+04
 163.3893870,4.0173727e+04
 163.4098213,4.0178656e+04
 163.4302555,4.0168691e+04
 163.4506896,4.0157938e+04
 163.4711239,4.0167734e+04
 163.4915581,4.0176523e+04
 163.5119923,4.0183715e+04
 163.5324264,4.0172172e+04
 163.5528607,4.0161891e+04
 163.5732949,4.0171355e+04
 163.5937290,4.0174680e+04
 163.6141632,4.0172289e+04
 163.6345975,4.0169609e+04
 163.6550316,4.0172367e+04
 163.6754657,4.0163699e+04
 163.6959000,4.0163445e+04
 163.7163341,4.0152590e+04
 163.7367683,4.0167797e+04
 163.7572025,4.0174332e+04
 163.7776367,4.0173098e+04
 163.7980709,4.0165055e+04
 163.8185051,4.0166824e+04
 163.8389394,4.0165285e+04
 163.8593735,4.0171312e+04
 163.8798077,4.0174066e+04
 163.9002418,4.0173648e+04
 163.9206761,4.0163180e+04
 163.9411103,4.0166852e+04
 163.9615445,4.0168598e+04
 163.9819787,4.0163203e+04
 164.0024129,4.0169875e+04
 164.0228470,4.0146816e+04
 164.0432811,4.0162426e+04
 164.0637154,4.0162520e+04
 164.0841496,4.0170703e+04
 164.1045838,4.0172258e+04
 164.1250179,4.0162926e+04
 164.1454522,4.0146836e+04
 164.1658863,4.0156531e+04
 164.1863205,4.0153520e+04
 164.2067548,4.0157219e+04
 164.2271890,         null
 164.2476231,4.0153504e+04
 164.2680573,4.0149414e+04
 164.2884914,4.0167449e+04
 164.3089256,4.0166410e+04
 164.3293598,4.0156562e+04
 164.3497941,4.0152504e+04
 164.3702283,4.0151883e+04
 164.3906624,4.0161754e+04
 164.4110966,4.0149207e+04
 164.4315308,4.0163219e+04
 164.4519650,4.0154457e+04
 164.4723992,4.0147883e+04
 164.4928334,4.0153793e+04
 164.5132675,4.0153840e+04
 164.5337017,4.0150734e+04
 164.5541359,4.0141504e+04
 164.5745701,4.0148852e+04
 164.5950043,4.0136859e+04
 164.6154385,4.0139484e+04
 164.6358726,4.0140383e+04
 164.6563069,4.0140457e+04
 164.6767410,4.0148168e+04
 164.6971752,4.0136371e+04
 164.7176094,4.0141395e+04
 164.7380436,4.0135785e+04
 164.7584778,4.0138266e+04
 164.7789119,4.0142750e+04
 164.7993462,4.0134125e+04
 164.8197804,4.0122262e+04
 164.8402145,4.0135652e+04
 164.8606487,4.0128852e+04
 164.8810829,4.0138312e+04
 164.9015170,4.0148172e+04
 164.9219512,4.0132801e+04
 164.9423855,4.0145840e+04
 164.9628196,4.0141027e+04
 164.9832538,4.0131020e+04
