        TIME,  PDCSAP_FLUX
 131.5128576,1.0821876e+04
 131.5332920,1.0828702e+04
 131.5537263,1.0825122e+04
 131.5741606,1.0829030e+04
 131.5945949,1.0826156e+04
 131.6150294,1.0839468e+04
 131.6354636,1.0841424e+04
 131.6558979,1.0822438e+04
 131.6763324,1.0828769e+04
 131.6967667,1.0836217e+04
 131.7172010,1.0826209e+04
 131.7376353,1.0833009e+04
 131.7580697,1.0836706e+04
 131.7785040,1.0827788e+04
 131.7989383,1.0831688e+04
 131.8193727,1.0826418e+04
 131.8398070,1.0833736e+04
 131.8602413,1.0831222e+04
 131.8806757,1.0833405e+04
 131.9011100,1.0840704e+04
 131.9215443,1.0832073e+04
 131.9419787,1.0830798e+04
 131.9624130,1.0837755e+04
 131.9828473,1.0835998e+04
 132.0032817,1.0830762e+04
 132.0237159,1.0830212e+04
 132.0441504,1.0838316e+04
 132.0645847,1.0833823e+04
 132.0850189,1.0836447e+04
 132.1054533,1.0838038e+04
 132.1258877,1.0830270e+04
 132.1463219,1.0830188e+04
 132.1667563,1.0828817e+04
 132.1871907,1.0829811e+04
 132.2076250,1.0827947e+04
 132.2280593,1.0827244e+04
 132.2484936,1.0835563e+04
 132.2689280,1.0837026e+04
 132.2893623,1.0827713e+04
 132.3097966,1.0827460e+04
 132.3302310,1.0832253e+04
 132.3506653,1.0831585e+04
 132.3710996,1.0837822e+04
 132.3915339,1.0837444e+04
 132.4119683,1.0840982e+04
 132.4324026,1.0832422e+04
 132.4528369,1.0834826e+04
 132.4732714,1.0833458e+04
 132.4937056,1.0830355e+04
 132.5141399,1.0833009e+04
 132.5345742,1.0830776e+04
 132.5550086,1.0827464e+04
 132.5754429,1.0821131e+04
 132.5958772,1.0829171e+04
 132.6163116,1.0823284e+04
 132.6367459,1.0820534e+04
 132.6571803,1.0838854e+04
 132.6776145,1.0833146e+04
 132.6980489,1.0841662e+04
 132.7184833,1.0837813e+04
 132.7389175,1.0827258e+04
 132.7593519,1.0835762e+04
 132.7797863,1.0843811e+04
 132.8002205,1.0833705e+04
 132.8206548,1.0845000e+04
 132.8410893,1.0832155e+04
 132.8615235,1.0833183e+04
 132.8819578,1.0832498e+04
 132.9023923,1.0826515e+04
 132.9228265,1.0830831e+04
 132.9432608,1.0831179e+04
 132.9636952,1.0825589e+04
 132.9841296,1.0840342e+04
 133.0045638,1.0826350e+04
 133.0249981,1.0835972e+04
 133.0454325,1.0837854e+04
 133.0658668,1.0831003e+04
 133.0863011,1.0830902e+04
 133.1067355,1.0833911e+04
 133.1271698,1.0841648e+04
 133.1476041,1.0831088e+04
 133.1680384,1.0836117e+04
 133.1884728,1.0832650e+04
 133.2089072,1.0843529e+04
 133.2293414,1.0829704e+04
 133.2497758,1.0842262e+04
 133.2702101,1.0830688e+04
 133.2906444,1.0838135e+04
 133.3110787,1.0832055e+04
 133.3315130,1.0831169e+04
 133.3519474,1.1184293e+04
 133.3723817,1.0829695e+04
 133.3928161,1.0834116e+04
 133.4132504,1.0833114e+04
 133.4336847,1.0831862e+04
 133.4541190,1.0830179e+04
 133.4745533,1.0831101e+04
 133.4949877,1.0834253e+04
 133.5154220,1.0835809e+04
 133.5358563,1.0830791e+04
 133.5562907,1.0828396e+04
 133.5767250,1.0830152e+04
 133.5971592,1.0831147e+04
 133.6175936,1.0829730e+04
 133.6380280,1.0829688e+04
 133.6584623,1.0825476e+04
 133.6788965,1.0840523e+04
 133.6993310,1.0835880e+04
 133.7197653,1.0832440e+04
 133.7401995,1.0837869e+04
 133.7606338,1.0821873e+04
 133.7810683,1.0820281e+04
 133.8015025,1.0829352e+04
 133.8219368,1.0831178e+04
 133.8423711,1.0828149e+04
 133.8628055,1.0831479e+04
 133.8832398,1.0825907e+04
 133.9036741,1.0830496e+04
 133.9241084,1.0836155e+04
 133.9445428,1.0836780e+04
 133.9649771,1.0845439e+04
 133.9854113,1.0831688e+04
 134.0058457,1.0834245e+04
 134.0262801,1.0833814e+04
 134.0467143,1.0826925e+04
 134.0671487,1.0841479e+04
 134.0875830,1.0827620e+04
 134.1080172,1.0835507e+04
 134.1284516,1.0822678e+04
 134.1488860,1.0828817e+04
 134.1693203,1.0833854e+04
 134.1897545,1.0828581e+04
 134.2101890,1.0836244e+04
 134.2306233,1.0831683e+04
 134.2510575,1.0828097e+04
 134.2714918,1.0841792e+04
 134.2919263,1.0832690e+04
 134.3123605,1.0833270e+04
 134.3327948,1.0845213e+04
 134.3532292,1.0849111e+04
 134.3736634,1.0836912e+04
 134.3940978,         null
 134.4145321,1.0834910e+04
 134.4349664,1.0832053e+04
 134.4554007,1.0838229e+04
 134.4758350,1.0837320e+04
 134.4962695,1.0831506e+04
 134.5167037,1.0839441e+04
 134.5371380,1.0836959e+04
 134.5575722,1.0842330e+04
 134.5780066,1.0839329e+04
 134.5984410,1.0825846e+04
 134.6188752,1.0828136e+04
 134.6393095,1.0837837e+04
 134.6597439,1.0837539e+04
 134.6801782,1.0840107e+04
 134.7006126,1.0831078e+04
 134.7210469,1.0829855e+04
 134.7414812,1.0829716e+04
 134.7619154,1.0827762e+04
 134.7823497,1.0821858e+04
 134.8027842,1.0833085e+04
 134.8232185,1.0827853e+04
 134.8436527,1.0834932e+04
 134.8640871,1.0833065e+04
 134.8845214,1.0832283e+04
 134.9049557,1.0832163e+04
 134.9253900,1.0825242e+04
 134.9458244,1.0835526e+04
 134.9662587,1.0829640e+04
 134.9866929,1.0832889e+04
 135.0071273,1.0840712e+04
 135.0275616,1.0839424e+04
 135.0479959,1.0831950e+04
 135.0684302,1.0841804e+04
 135.0888646,1.0832706e+04
 135.1092988,1.0835291e+04
 135.1297331,1.0832182e+04
 135.1501675,1.0834865e+04
 135.1706019,1.0819816e+04
 135.1910361,1.0835375e+04
 135.2114704,1.0831197e+04
 135.2319048,1.0832946e+04
 135.2523390,1.0829340e+04
 135.2727733,1.0830611e+04
 135.2932076,1.0818364e+04
 135.3136420,1.0823478e+04
 135.3340763,1.0828798e+04
 135.3545105,1.0832068e+04
 135.3749449,1.0820479e+04
 135.3953792,1.0833378e+04
 135.4158135,1.0829171e+04
 135.4362478,1.0822538e+04
 135.4566822,1.0843186e+04
 135.4771165,1.0823402e+04
 135.4975507,1.0835710e+04
 135.5179851,1.0830682e+04
 135.5384194,1.0839067e+04
 135.5588536,1.0837103e+04
 135.5792880,1.0829991e+04
 135.5997224,1.0829583e+04
 135.6201566,1.0840839e+04
 135.6405909,1.0833890e+04
 135.6610253,1.0836161e+04
 135.6814596,1.0839902e+04
 135.7018938,1.0826867e+04
 135.7223281,1.0833547e+04
 135.7427626,1.0826922e+04
 135.7631968,1.0839632e+04
 135.7836311,1.0829242e+04
 135.8040655,1.0832979e+04
 135.8244997,1.0823256e+04
 135.8449340,1.0824565e+04
 135.8653683,1.0839610e+04
 135.8858026,1.0832650e+04
 135.9062369,1.0834017e+04
 135.9266713,1.0835199e+04
 135.9471055,1.0832604e+04
 135.9675399,1.0846629e+04
 135.9879742,1.0828380e+04
 136.0084084,1.0826878e+04
 136.0288428,1.0832592e+04
 136.0492771,1.0828413e+04
 136.0697113,1.0830924e+04
 136.0901456,1.0818984e+04
 136.1105800,1.0833411e+04
 136.1310144,1.0828021e+04
 136.1514486,1.0832300e+04
 136.1718830,1.0838016e+04
 136.1923173,1.0833472e+04
 136.2127515,1.0824294e+04
 136.2331858,1.0837307e+04
 136.2536202,1.0855038e+04
 136.2740544,1.0841928e+04
 136.2944887,1.0838558e+04
 136.3149231,1.0831893e+04
 136.3353573,1.0831275e+04
 136.3557917,1.0833296e+04
 136.3762260,1.0826588e+04
 136.3966603,1.0830583e+04
 136.4170946,1.0828881e+04
 136.4375289,1.0830786e+04
 136.4579633,1.0827703e+04
 136.4783975,1.0827417e+04
 136.4988318,1.0831406e+04
 136.5192661,1.0844195e+04
 136.5397004,1.0831056e+04
 136.5601347,1.0832258e+04
 136.5805690,1.0835932e+04
 136.6010033,1.0830751e+04
 136.6214376,1.0828058e+04
 136.6418719,1.0827321e+04
 136.6623063,1.0829574e+04
 136.6827406,1.0828999e+04
 136.7031749,1.0832616e+04
 136.7236092,1.0835241e+04
 136.7440434,1.0829679e+04
 136.7644778,1.0824360e+04
 136.7849121,1.0840017e+04
 136.8053463,1.0824024e+04
 136.8257807,1.0827298e+04
 136.8462150,1.0829795e+04
 136.8666493,1.0827955e+04
 136.8870835,1.0825971e+04
 136.9075179,1.0817827e+04
 136.9279522,1.0834257e+04
 136.9483864,1.0819858e+04
 136.9688208,1.0828614e+04
 136.9892551,1.0835092e+04
 137.0096893,1.0833586e+04
 137.0301236,1.0835540e+04
 137.0505580,1.0831079e+04
 137.0709922,1.0834779e+04
 137.0914265,1.0838631e+04
 137.1118609,1.0831481e+04
 137.1322951,1.0825749e+04
 137.1527294,1.0831177e+04
 137.1731637,1.0830904e+04
 137.1935981,1.0824968e+04
 137.2140324,1.0835937e+04
 137.2344667,1.0829890e+04
 137.2549009,1.0828493e+04
 137.2753353,1.0843025e+04
 137.2957696,1.0827466e+04
 137.3162038,1.0836661e+04
 137.3366382,1.0830474e+04
 137.3570725,1.0830647e+04
 137.3775068,         null
 137.3979410,1.0827511e+04
 137.4183754,1.0834456e+04
 137.4388097,1.0825253e+04
 137.4592439,1.0844214e+04
 137.4796783,1.0834875e+04
 137.5001126,1.0833813e+04
 137.5205468,1.0841608e+04
 137.5409811,1.0826492e+04
 137.5614155,1.0827853e+04
 137.5818497,1.0836725e+04
 137.6022840,1.0836946e+04
 137.6227184,1.0832130e+04
 137.6431527,1.0827459e+04
 137.6635869,1.0831631e+04
 137.6840212,1.0837088e+04
 137.7044555,1.0828025e+04
 137.7248897,1.0826175e+04
 137.7453240,1.0829040e+04
 137.7657584,1.0841968e+04
 137.7861926,1.0828418e+04
 137.8066269,1.0830340e+04
 137.8270611,1.0836885e+04
 137.8474955,1.0832329e+04
 137.8679298,1.0834179e+04
 137.8883641,1.0830637e+04
 137.9087983,1.0831067e+04
 137.9292327,1.0835514e+04
 137.9496670,1.0829971e+04
 137.9701012,1.0831037e+04
 137.9905356,1.0833405e+04
 138.0109699,1.0823662e+04
 138.0314041,1.0835842e+04
 138.0518384,1.0833045e+04
 138.0722728,1.0837009e+04
 138.0927071,1.0842542e+04
 138.1131413,1.0823971e+04
 138.1335757,1.0831753e+04
 138.1540100,1.0826983e+04
 138.1744442,1.0831079e+04
 138.1948785,1.0835682e+04
 138.2153129,1.0830454e+04
 138.2357472,1.0832356e+04
 138.2561813,1.0832944e+04
 138.2766157,1.0826733e+04
 138.2970500,1.0835370e+04
 138.3174842,1.0830665e+04
 138.3379185,1.0834564e+04
 138.3583529,1.0825834e+04
 138.3787872,1.0831515e+04
 138.3992214,1.0832343e+04
 138.4196558,1.0849392e+04
 138.4400901,1.0830862e+04
 138.4605243,1.0828267e+04
 138.4809586,1.0833710e+04
 138.5013930,1.0828949e+04
 138.5218272,1.0831386e+04
 138.5422615,1.0834548e+04
 138.5626957,1.0829153e+04
 138.5831300,1.0830610e+04
 138.6035643,1.0831450e+04
 138.6239986,1.0826866e+04
 138.6444329,1.0830081e+04
 138.6648672,1.0832456e+04
 138.6853015,1.0824888e+04
 138.7057357,1.0825547e+04
 138.7261701,1.0823641e+04
 138.7466044,1.0832622e+04
 138.7670386,1.0839349e+04
 138.7874729,1.0825892e+04
 138.8079072,1.0841729e+04
 138.8283414,1.0822412e+04
 138.8487757,1.0825463e+04
 138.8692101,1.0824282e+04
 138.8896444,1.0826109e+04
 138.9100786,1.0836038e+04
 138.9305130,1.0828320e+04
 138.9509473,1.0825737e+04
 138.9713815,1.0919535e+04
 138.9918157,1.0817316e+04
 139.0122501,1.0828103e+04
 139.0326843,1.0834025e+04
 139.0531186,1.0825862e+04
 139.0735530,1.0832791e+04
 139.0939872,1.0828330e+04
 139.1144215,1.0834583e+04
 139.1348558,1.0838647e+04
 139.1552900,1.0826409e+04
 139.1757243,1.0830545e+04
 139.1961586,1.0841972e+04
 139.2165928,1.0829100e+04
 139.2370272,1.0824421e+04
 139.2574615,1.0827445e+04
 139.2778957,1.0834711e+04
 139.2983301,1.0824850e+04
 139.3187643,1.0821729e+04
 139.3391986,1.0834287e+04
 139.3596328,1.0837415e+04
 139.3800672,1.0830933e+04
 139.4005015,1.0834209e+04
 139.4209357,1.0830040e+04
 139.4413701,1.0835994e+04
 139.4618043,1.0829827e+04
 139.4822385,1.0820934e+04
 139.5026728,1.0823977e+04
 139.5231072,1.0830431e+04
 139.5435414,1.0842922e+04
 139.5639757,1.0819510e+04
 139.5844100,1.0822583e+04
 139.6048442,1.0837853e+04
 139.6252785,1.0821633e+04
 139.6457128,1.0821575e+04
 139.6661472,1.0842344e+04
 139.6865814,1.0825877e+04
 139.7070157,1.0825926e+04
 139.7274499,1.0827198e+04
 139.7478842,1.0829019e+04
 139.7683185,1.0829231e+04
 139.7887528,1.0832304e+04
 139.8091871,1.0834249e+04
 139.8296213,1.0836538e+04
 139.8500556,1.0830789e+04
 139.8704899,1.0828357e+04
 139.8909242,1.0832050e+04
 139.9113585,1.0840532e+04
 139.9317928,1.0834044e+04
 139.9522271,1.0827922e+04
 139.9726613,1.0827899e+04
 139.9930956,1.0830471e+04
 140.0135298,1.0827983e+04
 140.0339642,1.0825046e+04
 140.0543984,1.0833562e+04
 140.0748327,1.0829242e+04
 140.0952670,1.0837740e+04
 140.1157013,1.0833562e+04
 140.1361356,1.0822872e+04
 140.1565697,1.0824391e+04
 140.1770041,1.0828746e+04
 140.1974384,1.0826153e+04
 140.2178726,1.0887783e+04
 140.2383070,1.0834819e+04
 140.2587412,1.0828395e+04
 140.2791754,1.0824052e+04
 140.2996097,1.0836439e+04
 140.3200441,1.0829002e+04
 140.3404783,1.0835821e+04
 140.3609125,         null
 140.3813468,1.0831523e+04
 140.4017812,1.0821023e+04
 140.4222154,1.0830570e+04
 140.4426497,1.0827766e+04
 140.4630840,1.0828532e+04
 140.4835182,1.0833118e+04
 140.5039525,1.0835928e+04
 140.5243867,1.0820596e+04
 140.5448210,1.0832390e+04
 140.5652553,1.0834545e+04
 140.5856896,1.0841062e+04
 140.6061239,1.0829813e+04
 140.6265581,1.0842572e+04
 140.6469924,1.0843425e+04
 140.6674266,1.0824895e+04
 140.6878610,1.0835399e+04
 140.7082952,1.0820468e+04
 140.7287294,1.0829824e+04
 140.7491638,1.0821521e+04
 140.7695981,1.0820839e+04
 140.7900322,1.0829200e+04
 140.8104665,1.0838256e+04
 140.8309009,1.0821871e+04
 140.8513352,1.0825948e+04
 140.8717693,1.0825590e+04
 140.8922036,1.0820105e+04
 140.9126380,1.0822945e+04
 140.9330722,1.0825641e+04
 140.9535064,1.0820208e+04
 140.9739408,1.0835758e+04
 140.9943750,1.0823805e+04
 141.0148093,1.0823228e+04
 141.0352435,1.0826835e+04
 141.0556778,1.0831349e+04
 141.0761121,1.0823458e+04
 141.0965464,1.0823302e+04
 141.1169806,1.0836403e+04
 141.1374149,1.0824388e+04
 141.1578492,1.0834003e+04
 141.1782833,1.0823707e+04
 141.1987177,1.0816273e+04
 141.2191520,1.0818482e+04
 141.2395862,1.0821704e+04
 141.2600205,1.0833608e+04
 141.2804548,1.0831258e+04
 141.3008890,1.0829478e+04
 141.3213232,1.0834603e+04
 141.3417576,1.0826394e+04
 141.3621919,1.0830317e+04
 141.3826261,1.0821005e+04
 141.4030603,1.0849260e+04
 141.4234947,1.0831272e+04
 141.4439290,1.0830209e+04
 141.4643631,1.0821773e+04
 141.4847975,1.0838367e+04
 141.5052318,1.0836168e+04
 141.5256659,1.0828016e+04
 141.5461002,1.0820589e+04
 141.5665345,1.0827438e+04
 141.5869689,1.0820610e+04
 141.6074030,1.0818699e+04
 141.6278374,1.0823058e+04
 141.6482717,1.0824154e+04
 141.6687058,1.0833991e+04
 141.6891401,1.0825427e+04
 141.7095745,1.0819141e+04
 141.7300086,1.0817886e+04
 141.7504429,1.0831854e+04
 141.7708773,1.0819680e+04
 141.7913114,1.0823479e+04
 141.8117457,1.0825234e+04
 141.8321800,1.0836053e+04
 141.8526142,1.0829744e+04
 141.8730485,1.0825514e+04
 141.8934828,1.0834026e+04
 141.9139171,1.0831422e+04
 141.9343513,1.0818930e+04
 141.9547856,1.0821896e+04
 141.9752197,1.0821114e+04
 141.9956541,1.0825182e+04
 142.0160884,1.0818941e+04
 142.0365225,1.0825166e+04
 142.0569568,1.0821727e+04
 142.0773912,1.0830846e+04
 142.0978254,1.0820112e+04
 142.1182596,1.0826341e+04
 142.1386940,1.0831461e+04
 142.1591282,1.0829819e+04
 142.1795624,1.0837542e+04
 142.1999966,1.0824447e+04
 142.2204310,1.0824765e+04
 142.2408652,1.0831456e+04
 142.2612994,1.0829333e+04
 142.2817338,1.0823947e+04
 142.3021680,1.0827988e+04
 142.3226022,1.0818510e+04
 142.3430365,1.0825026e+04
 142.3634709,1.0831954e+04
 142.3839050,1.0820333e+04
 142.4043393,1.0830228e+04
 142.4247736,1.0821104e+04
 142.4452078,1.0824079e+04
 142.4656421,1.0824960e+04
 142.4860762,1.0815316e+04
 142.5065106,1.0824386e+04
 142.5269448,1.0823763e+04
 142.5473791,1.0825876e+04
 142.5678133,1.0831036e+04
 142.5882476,1.0828342e+04
 142.6086819,1.0825935e+04
 142.6291161,1.0822832e+04
 142.6495504,1.0828962e+04
 142.6699847,1.0828943e+04
 142.6904188,1.0824008e+04
 142.7108531,1.0827600e+04
 142.7312875,1.0829061e+04
 142.7517216,1.0892326e+04
 142.7721559,1.0832042e+04
 142.7925902,1.0824298e+04
 142.8130244,1.0817403e+04
 142.8334586,1.0843022e+04
 142.8538929,1.0829291e+04
 142.8743273,1.0826343e+04
 142.8947614,1.0833784e+04
 142.9151957,1.0820784e+04
 142.9356300,1.0826539e+04
 142.9560642,1.0824156e+04
 142.9764985,1.0829222e+04
 142.9969326,1.0820562e+04
 143.0173670,1.0830801e+04
 143.0378012,1.0830545e+04
 143.0582355,1.0819517e+04
 143.0786697,1.0820606e+04
 143.0991040,1.0839162e+04
 143.1195383,1.0831584e+04
 143.1399725,1.0825935e+04
 143.1604068,1.0839386e+04
 143.1808410,1.0826695e+04
 143.2012752,1.0833354e+04
 143.2217094,1.0828734e+04
 143.2421438,1.0829697e+04
 143.2625780,1.0828985e+04
 143.2830123,1.0832727e+04
 143.3034466,1.0834047e+04
 143.3238808,1.0818951e+04
 143.3443151,         null
 143.3647492,1.0818122e+04
 143.3851836,1.0822693e+04
 143.4056178,1.0829612e+04
 143.4260520,1.0834567e+04
 143.4464863,1.0824738e+04
 143.4669206,1.0815979e+04
 143.4873547,1.0837091e+04
 143.5077890,1.0824130e+04
 143.5282233,1.0822825e+04
 143.5486576,1.0827950e+04
 143.5690918,1.0819679e+04
 143.5895261,1.0830542e+04
 143.6099604,1.0827937e+04
 143.6303945,1.0826394e+04
 143.6508288,1.0823266e+04
 143.6712631,1.0826990e+04
 143.6916973,1.0811020e+04
 143.7121315,1.0818296e+04
 143.7325658,1.0829465e+04
 143.7530000,1.0825964e+04
 143.7734343,1.0820546e+04
 143.7938685,1.0827004e+04
 143.8143028,1.0821141e+04
 143.8347370,1.0826688e+04
 143.8551713,1.0821074e+04
 143.8756054,1.0818827e+04
 143.8960398,1.0816712e+04
 143.9164740,1.0827472e+04
 143.9369082,1.0830379e+04
 143.9573425,1.0834041e+04
 143.9777768,1.0826631e+04
 143.9982109,1.0829612e+04
 144.0186452,1.0819666e+04
 144.0390795,1.0832237e+04
 144.0595138,1.0817516e+04
 144.0799479,1.0823198e+04
 144.1003823,1.0828543e+04
 144.1208165,1.0828192e+04
 144.1412507,1.0824340e+04
 144.1616849,1.0821146e+04
 144.1821193,1.0823673e+04
 144.2025534,1.0820967e+04
 144.2229877,1.0812689e+04
 144.2434220,1.0820887e+04
 144.2638562,1.0829354e+04
 144.2842904,1.0831586e+04
 144.3047246,1.0820948e+04
 144.3251589,1.0825114e+04
 144.3455931,1.0823102e+04
 144.3660274,1.0818620e+04
 144.3864615,1.0820881e+04
 144.4068959,1.0822107e+04
 144.4273301,1.0819475e+04
 144.4477643,1.0824843e+04
 144.4681986,1.0828467e+04
 144.4886329,1.0823232e+04
 144.5090670,1.0826389e+04
 144.5295012,1.0826531e+04
 144.5499356,1.0818670e+04
 144.5703698,1.0819276e+04
 144.5908040,1.0816129e+04
 144.6112383,1.0822972e+04
 144.6316726,1.0819343e+04
 144.6521067,1.0822106e+04
 144.6725410,1.0819766e+04
 144.6929753,1.0816286e+04
 144.7134094,1.0825468e+04
 144.7338437,1.0809068e+04
 144.7542780,1.0823004e+04
 144.7747122,1.0813620e+04
 144.7951464,1.0814733e+04
 144.8155807,1.0811562e+04
 144.8360150,1.0809657e+04
 144.8564491,1.0826789e+04
 144.8768834,1.0820190e+04
 144.8973176,1.0820534e+04
 144.9177519,1.0826453e+04
 144.9381861,1.0821566e+04
 144.9586204,1.0820932e+04
 144.9790547,1.0817039e+04
 144.9994888,1.0828526e+04
 145.0199231,1.0819215e+04
 145.0403573,1.0831869e+04
 145.0607916,1.0814702e+04
 145.0812258,1.0821261e+04
 145.1016600,1.0818699e+04
 145.1220944,1.0820733e+04
 145.1425285,1.0824938e+04
 145.1629628,1.0828870e+04
 145.1833969,1.0822275e+04
 145.2038312,1.0817248e+04
 145.2242655,1.0825745e+04
 145.2446996,1.0816569e+04
 145.2651339,1.0817380e+04
 145.2855682,1.0816696e+04
 145.3060024,1.0824344e+04
 145.3264366,1.0818789e+04
 145.3468709,1.0824360e+04
 145.3673051,1.0822658e+04
 145.3877393,1.0827193e+04
 145.4081736,1.0829102e+04
 145.4286079,1.0821825e+04
 145.4490420,1.0815918e+04
 145.4694762,1.0823212e+04
 145.4899106,1.0826884e+04
 145.5103447,1.0828938e+04
 145.5307789,1.0812205e+04
 145.5512132,1.0824959e+04
 145.5716475,1.0821479e+04
 145.5920816,1.0818958e+04
 145.6125159,1.0821017e+04
 145.6329502,1.0823829e+04
 145.6533844,1.0813297e+04
 145.6738186,1.0817870e+04
 145.6942527,1.0824653e+04
 145.7146871,1.0823309e+04
 145.7351213,1.0828512e+04
 145.7555555,1.0828514e+04
 145.7759898,1.0822064e+04
 145.7964240,1.0825467e+04
 145.8168582,1.0812652e+04
 145.8372924,1.0823001e+04
 145.8577267,1.0816835e+04
 145.8781609,1.0819139e+04
 145.8985951,1.0812813e+04
 145.9190294,1.0816498e+04
 145.9394636,1.0818366e+04
 145.9598978,1.0827975e+04
 145.9803320,1.0815554e+04
 146.0007663,1.0829858e+04
 146.0212006,1.0819949e+04
 146.0416347,1.0812102e+04
 146.0620690,1.0817895e+04
 146.0825033,1.0811769e+04
 146.1029374,1.0815742e+04
 146.1233716,1.0826710e+04
 146.1438059,1.0823396e+04
 146.1642401,1.0815202e+04
 146.1846743,1.0819084e+04
 146.2051085,1.0813219e+04
 146.2255428,1.0826436e+04
 146.2459770,1.0818684e+04
 146.2664112,1.0822089e+04
 146.2868455,1.0825976e+04
 146.3072797,1.0823899e+04
 146.3277139,         null
 146.3481480,1.0822720e+04
 146.3685824,1.0822268e+04
 146.3890166,1.0832796e+04
 146.4094507,1.0817806e+04
 146.4298851,1.0819126e+04
 146.4503193,1.0823635e+04
 146.4707534,1.0833118e+04
 146.4911877,1.0831002e+04
 146.5116220,1.0813158e+04
 146.5320562,1.0832124e+04
 146.5524903,1.0822093e+04
 146.5729247,1.0819641e+04
 146.5933589,1.0826802e+04
 146.6137931,1.0817661e+04
 146.6342272,1.0810575e+04
 146.6546616,1.0824901e+04
 146.6750958,1.0823040e+04
 146.6955299,1.0823028e+04
 146.7159642,1.0819238e+04
 146.7363985,1.0828597e+04
 146.7568327,1.0831443e+04
 146.7772668,1.0814583e+04
 146.7977011,1.0819271e+04
 146.8181354,1.0834646e+04
 146.8385695,1.0829914e+04
 146.8590037,1.0826001e+04
 146.8794380,1.0823578e+04
 146.8998722,1.0834021e+04
 146.9203064,1.0829701e+04
 146.9407407,1.0823620e+04
 146.9611748,1.0821449e+04
 146.9816091,1.0825211e+04
 147.0020433,1.0827532e+04
 147.0224775,1.0832231e+04
 147.0429117,1.0834163e+04
 147.0633460,1.0825355e+04
 147.0837803,1.0826158e+04
 147.1042144,1.0824298e+04
 147.1246486,1.0825094e+04
 147.1450828,1.0823666e+04
 147.1655171,1.0830043e+04
 147.1859513,1.0816455e+04
 147.2063854,1.0826293e+04
 147.2268197,1.0829129e+04
 147.2472540,1.0820667e+04
 147.2676882,1.0829648e+04
 147.2881223,1.0827746e+04
 147.3085566,1.0831155e+04
 147.3289908,1.0831186e+04
 147.3494250,1.0829281e+04
 147.3698592,1.0817563e+04
 147.3902935,1.0825533e+04
 147.4107276,1.0838241e+04
 147.4311618,1.0824916e+04
 147.4515962,1.0826721e+04
 147.4720303,1.0824284e+04
 147.4924645,1.0828472e+04
 147.5128987,1.0827212e+04
 147.5333330,1.0820920e+04
 147.5537672,1.0821202e+04
 147.5742014,1.0828914e+04
 147.5946357,1.0836895e+04
 147.6150698,1.0836432e+04
 147.6355040,1.0834481e+04
 147.6559382,1.0833997e+04
 147.6763725,1.0825221e+04
 147.6968067,1.0827479e+04
 147.7172408,1.0822528e+04
 147.7376751,1.0831026e+04
 147.7581093,1.0834576e+04
 147.7785436,1.0826963e+04
 147.7989777,1.0826140e+04
 147.8194120,1.0830681e+04
 147.8398462,1.0824149e+04
 147.8602803,1.0823702e+04
 147.8807145,1.0827632e+04
 147.9011489,         null
 147.9215830,1.0828089e+04
 147.9420172,1.0825433e+04
 147.9624515,1.0828234e+04
 147.9828856,1.0825850e+04
 148.0033198,1.0825106e+04
 148.0237540,1.0823615e+04
 148.0441884,1.0833245e+04
 148.0646225,1.0827854e+04
 148.0850567,1.0830303e+04
 148.1054910,1.0831048e+04
 148.1259251,1.0829682e+04
 148.1463593,1.0827401e+04
 148.1667935,1.0832646e+04
 148.1872278,1.0827954e+04
 148.2076620,1.0826720e+04
 148.2280962,1.0822412e+04
 148.2485305,1.0822172e+04
 148.2689646,1.0830562e+04
 148.2893988,1.0829506e+04
 148.3098330,1.0836898e+04
 148.3302672,1.0834840e+04
 148.3507015,1.0824031e+04
 148.3711357,1.0825764e+04
 148.3915698,1.0833978e+04
 148.4120041,1.0834668e+04
 148.4324383,1.0830832e+04
 148.4528725,1.0819720e+04
 148.4733067,1.0821838e+04
 148.4937409,1.0831911e+04
 148.5141751,1.0827733e+04
 148.5346092,1.0830775e+04
 148.5550436,1.0827122e+04
 148.5754778,1.0837173e+04
 148.5959119,1.0822894e+04
 148.6163462,1.0829671e+04
 148.6367804,1.0825940e+04
 148.6572145,1.0827265e+04
 148.6776487,1.0829412e+04
 148.6980830,1.0827298e+04
 148.7185171,1.0833559e+04
 148.7389513,1.0833879e+04
 148.7593856,1.0823571e+04
 148.7798199,1.0838065e+04
 148.8002540,1.0826114e+04
 148.8206882,1.0830438e+04
 148.8411225,1.0820958e+04
 148.8615566,1.0825921e+04
 148.8819908,1.0828562e+04
 148.9024251,1.0831997e+04
 148.9228592,1.0815813e+04
 148.9432934,1.0834025e+04
 148.9637276,1.0829497e+04
 148.9841618,1.0824854e+04
 149.0045960,1.0821156e+04
 149.0250302,1.0827829e+04
 149.0454643,1.0822210e+04
 149.0658986,1.0822435e+04
 149.0863328,1.0832898e+04
 149.1067670,1.0825789e+04
 149.1272013,1.0836422e+04
 149.1476355,1.0831275e+04
 149.1680696,1.0825342e+04
 149.1885038,1.0837409e+04
 149.2089381,1.0827088e+04
 149.2293723,1.0815182e+04
 149.2498064,1.0815150e+04
 149.2702407,1.0824141e+04
 149.2906749,1.0830651e+04
 149.3111090,         null
 149.3315432,1.0828313e+04
 149.3519775,1.0814287e+04
 149.3724116,1.0826647e+04
 149.3928458,1.0825405e+04
 149.4132801,1.0830184e+04
 149.4337142,1.0821196e+04
 149.4541484,1.0833469e+04
 149.4745826,1.0833966e+04
 149.4950168,1.0822181e+04
 149.5154510,1.0828835e+04
 149.5358852,1.0822394e+04
 149.5563195,1.0825765e+04
 149.5767536,1.0821116e+04
 149.5971878,1.0826295e+04
 149.6176219,1.0833217e+04
 149.6380562,1.0835463e+04
 149.6584904,1.0825050e+04
 149.6789245,1.0832305e+04
 149.6993587,1.0824064e+04
 149.7197930,1.0828410e+04
 149.7402272,1.0821017e+04
 149.7606613,1.0835014e+04
 149.7810956,1.0832255e+04
 149.8015298,1.0832075e+04
 149.8219639,1.0831101e+04
 149.8423981,1.0832408e+04
 149.8628324,1.0828439e+04
 149.8832666,1.0829766e+04
 149.9037007,1.0833491e+04
 149.9241350,1.0832972e+04
 149.9445692,1.0832437e+04
 149.9650034,1.0830945e+04
 149.9854375,1.0826688e+04
 150.0058718,1.0834735e+04
 150.0263060,1.0824671e+04
 150.0467401,1.0824618e+04
 150.0671744,1.0824549e+04
 150.0876086,1.0836922e+04
 150.1080427,1.0834611e+04
 150.1284769,1.0828740e+04
 150.1489111,1.0830298e+04
 150.1693452,1.0838915e+04
 150.1897794,1.0822424e+04
 150.2102137,1.0824466e+04
 150.2306478,1.0836959e+04
 150.2510820,1.0834664e+04
 150.2715162,1.0836211e+04
 150.2919505,1.0824760e+04
 150.3123846,1.0831275e+04
 150.3328188,1.0835218e+04
 150.3532529,1.0828935e+04
 150.3736872,1.0821996e+04
 150.3941214,1.0828912e+04
 150.4145555,1.0834564e+04
 150.4349898,1.0824788e+04
 150.4554240,1.0828632e+04
 150.4758581,1.0823896e+04
 150.4962922,1.0824705e+04
 150.5167265,1.0831323e+04
 150.5371607,1.0828372e+04
 150.5575948,1.0832047e+04
 150.5780291,1.0834365e+04
 150.5984633,1.0826461e+04
 150.6188974,1.0834415e+04
 150.6393316,1.0827376e+04
 150.6597659,1.0835162e+04
 150.6802000,1.0822287e+04
 150.7006341,1.0842665e+04
 150.7210684,1.0835155e+04
 150.7415026,1.0838102e+04
 150.7619367,1.0834788e+04
 150.7823709,1.0825817e+04
 150.8028052,1.0828623e+04
 150.8232393,1.0829308e+04
 150.8436735,1.0827374e+04
 150.8641078,1.0822115e+04
 150.8845418,1.0831396e+04
 150.9049760,1.0829577e+04
 150.9254102,1.0827168e+04
 150.9458444,1.0822281e+04
 150.9662786,1.0834734e+04
 150.9867128,1.0831612e+04
 151.0071469,1.0828551e+04
 151.0275812,1.0822355e+04
 151.0480153,1.0824230e+04
 151.0684494,1.0835189e+04
 151.0888837,1.0821248e+04
 151.1093179,1.0825061e+04
 151.1297520,1.0838802e+04
 151.1501862,1.0830431e+04
 151.1706205,1.0821651e+04
 151.1910546,1.0825445e+04
 151.2114887,1.0823862e+04
 151.2319230,1.0833099e+04
 151.2523572,1.0819155e+04
 151.2727913,1.0824071e+04
 151.2932255,1.0828513e+04
 151.3136598,1.0815208e+04
 151.3340938,1.0828981e+04
 151.3545280,1.0818362e+04
 151.3749623,1.0818391e+04
 151.3953964,1.0823791e+04
 151.4158306,1.0830131e+04
 151.4362648,1.0831282e+04
 151.4566989,1.0823438e+04
 151.4771331,1.0839861e+04
 151.4975673,1.0834249e+04
 151.5180015,1.0825061e+04
 151.5384357,1.0825309e+04
 151.5588699,1.0820005e+04
 151.5793040,1.0830351e+04
 151.5997383,1.0820182e+04
 151.6201724,1.0832749e+04
 151.6406066,1.0828072e+04
 151.6610408,         null
 151.6814749,1.0826168e+04
 151.7019091,1.0826730e+04
 151.7223433,1.0825552e+04
 151.7427775,1.0824605e+04
 151.7632117,1.0825976e+04
 151.7836458,1.0835042e+04
 151.8040799,1.0818733e+04
 151.8245142,1.0820518e+04
 151.8449484,1.0817842e+04
 151.8653825,1.0826283e+04
 151.8858167,1.0829558e+04
 151.9062509,1.0824582e+04
 151.9266850,1.0831098e+04
 151.9471192,1.0824819e+04
 151.9675535,1.0826894e+04
 151.9879876,1.0818656e+04
 152.0084217,1.0827068e+04
 152.0288560,1.0827751e+04
 152.0492902,1.0825765e+04
 152.0697242,1.0822240e+04
 152.0901584,1.0832298e+04
 152.1105927,1.0830216e+04
 152.1310268,1.0825919e+04
 152.1514609,1.0842798e+04
 152.1718951,1.0834183e+04
 152.1923293,1.0829778e+04
 152.2127635,1.0825900e+04
 152.2331977,1.0832668e+04
 152.2536319,1.0830695e+04
 152.2740660,1.0825479e+04
 152.2945002,         null
 152.3149343,1.0830342e+04
 152.3353685,1.0831664e+04
 152.3558027,1.0831804e+04
 152.3762368,1.0827400e+04
 152.3966710,1.0827242e+04
 152.4171052,1.0821724e+04
 152.4375394,1.0836709e+04
 152.4579735,1.0823565e+04
 152.4784077,1.0822542e+04
 152.4988419,1.0820376e+04
 152.5192760,1.0823290e+04
 152.5397103,1.0834363e+04
 152.5601444,1.0824367e+04
 152.5805785,1.0832255e+04
 152.6010127,1.0831980e+04
 152.6214469,1.0829296e+04
 152.6418810,1.0819419e+04
 152.6623152,         null
 152.6827494,1.0832612e+04
 152.7031835,1.0831932e+04
 152.7236177,1.0817551e+04
 152.7440519,1.0820407e+04
 152.7644861,1.0835021e+04
 152.7849202,1.0816093e+04
 152.8053544,1.0832430e+04
 152.8257885,1.0829696e+04
 152.8462227,1.0827397e+04
 152.8666569,1.0831367e+04
 152.8870910,1.0821707e+04
 152.9075252,1.0821482e+04
 152.9279594,1.0830837e+04
 152.9483936,1.0812065e+04
 152.9688276,1.0814877e+04
 152.9892619,1.0824959e+04
 153.0096961,1.0819083e+04
 153.0301301,1.0826591e+04
 153.0505644,1.0818075e+04
 153.0709986,1.0831150e+04
 153.0914326,1.0826503e+04
 153.1118668,1.0829455e+04
 153.1323011,1.0825271e+04
 153.1527351,1.0832300e+04
 153.1731693,1.0822911e+04
 153.1936035,1.0823506e+04
 153.2140377,1.0826124e+04
 153.2344719,1.0825481e+04
 153.2549060,1.0830779e+04
 153.2753402,1.0831858e+04
 153.2957744,1.0840932e+04
 153.3162085,1.0829406e+04
 153.3366426,1.0829839e+04
 153.3570768,1.0831501e+04
 153.3775110,1.0824941e+04
 153.3979451,1.0835531e+04
 153.4183794,1.0829006e+04
 153.4388136,1.0825212e+04
 153.4592476,1.0825035e+04
 153.4796818,1.0830416e+04
 153.5001160,1.0829986e+04
 153.5205501,1.0830845e+04
 153.5409843,1.0828725e+04
 153.5614185,1.0828280e+04
 153.5818526,1.0828688e+04
 153.6022868,1.0818351e+04
 153.6227209,1.0813706e+04
 153.6431551,1.0825299e+04
 153.6635892,1.0818485e+04
 153.6840234,1.0822787e+04
 153.7044575,1.0827170e+04
 153.7248917,1.0824874e+04
 153.7453259,1.0829688e+04
 153.7657600,1.0828938e+04
 153.7861942,1.0835101e+04
 153.8066284,1.0828851e+04
 153.8270624,1.0827679e+04
 153.8474966,1.0827728e+04
 153.8679309,1.0820070e+04
 153.8883649,1.0832483e+04
 153.9087991,1.0826785e+04
 153.9292333,1.0823827e+04
 153.9496675,1.0817459e+04
 153.9701015,1.0827836e+04
 153.9905357,1.0821826e+04
 154.0109700,1.0824209e+04
 154.0314040,1.0817336e+04
 154.0518382,1.0827552e+04
 154.0722724,1.0823946e+04
 154.0927065,1.0823583e+04
 154.1131407,1.0821976e+04
 154.1335748,1.0826371e+04
 154.1540090,1.0824549e+04
 154.1744431,1.0816126e+04
 154.1948773,1.0827583e+04
 154.2153114,1.0823621e+04
 154.2357456,1.0829312e+04
 154.2561798,1.0830826e+04
 154.2766138,1.0834078e+04
 154.2970481,1.0826416e+04
 154.3174822,1.0825905e+04
 154.3379163,1.0830680e+04
 154.3583504,1.0823539e+04
 154.3787847,1.0824647e+04
 154.3992187,1.0808203e+04
 154.4196529,1.0820358e+04
 154.4400871,1.0828396e+04
 154.4605213,1.0826666e+04
 154.4809554,1.0826284e+04
 154.5013895,1.0828841e+04
 154.5218238,1.0828862e+04
 154.5422578,1.0819774e+04
 154.5626920,1.0820432e+04
 154.5831262,1.0814975e+04
 154.6035603,1.0821689e+04
 154.6239944,1.0824107e+04
 154.6444286,1.0829370e+04
 154.6648627,1.0829691e+04
 154.6852969,1.0825016e+04
 154.7057310,1.0827004e+04
 154.7261653,1.0826904e+04
 154.7465993,1.0819973e+04
 154.7670335,1.0816375e+04
 154.7874676,1.0824892e+04
 154.8079018,1.0821685e+04
 154.8283359,1.0817019e+04
 154.8487700,1.0821026e+04
 154.8692042,1.0829918e+04
 154.8896384,1.0831460e+04
 154.9100725,1.0815188e+04
 154.9305067,1.0821916e+04
 154.9509408,1.0817302e+04
 154.9713750,1.0815079e+04
 154.9918091,1.0823199e+04
 155.0122432,1.0819347e+04
 155.0326774,1.0827613e+04
 155.0531116,1.0820884e+04
 155.0735456,1.0826782e+04
 155.0939799,1.0817042e+04
 155.1144140,1.0835743e+04
 155.1348481,1.0840634e+04
 155.1552822,1.0824722e+04
 155.1757165,1.0816093e+04
 155.1961506,1.0823179e+04
 155.2165846,1.0814242e+04
 155.2370188,1.0828300e+04
 155.2574530,1.0831831e+04
 155.2778871,         null
 155.2983212,1.0825001e+04
 155.3187555,1.0826021e+04
 155.3391895,1.0810076e+04
 155.3596237,1.0832186e+04
 155.3800578,1.0830085e+04
 155.4004920,1.0830309e+04
 155.4209261,1.0817460e+04
 155.4413602,1.0814747e+04
 155.4617945,1.0828003e+04
 155.4822285,1.0815223e+04
 155.5026627,1.0825221e+04
 155.5230967,1.0817130e+04
 155.5435310,1.0827731e+04
 155.5639651,         null
 155.5843991,1.0821532e+04
 155.6048334,1.0830753e+04
 155.6252675,1.0831524e+04
 155.6457017,1.0821192e+04
 155.6661357,1.0818396e+04
 155.6865700,1.0824873e+04
 155.7070041,1.0827109e+04
 155.7274381,1.0807764e+04
 155.7478723,1.0831627e+04
 155.7683065,1.0817525e+04
 155.7887406,1.0829517e+04
 155.8091747,1.0826853e+04
 155.8296089,1.0821355e+04
 155.8500430,1.0817262e+04
 155.8704771,1.0815926e+04
 155.8909113,1.0822851e+04
 155.9113455,1.0820912e+04
 155.9317795,1.0823251e+04
 155.9522137,1.0825548e+04
 155.9726479,1.0823856e+04
 155.9930820,1.0815373e+04
 156.0135161,1.0815325e+04
 156.0339501,1.0821350e+04
 156.0543844,1.0818112e+04
 156.0748185,1.0823422e+04
 156.0952526,1.0821803e+04
 156.1156868,1.0823439e+04
 156.1361209,1.0823182e+04
 156.1565551,1.0824191e+04
 156.1769891,1.0822883e+04
 156.1974233,1.0827708e+04
 156.2178575,1.0819229e+04
 156.2382915,1.0819140e+04
 156.2587256,1.0819947e+04
 156.2791599,1.0818652e+04
 156.2995939,1.0816162e+04
 156.3200280,1.0820546e+04
 156.3404623,1.0824229e+04
 156.3608963,1.0817743e+04
 156.3813304,1.0824363e+04
 156.4017646,1.0814947e+04
 156.4221988,1.0815087e+04
 156.4426328,1.0824215e+04
 156.4630670,1.0812979e+04
 156.4835012,1.0815221e+04
 156.5039352,1.0833406e+04
 156.5243694,1.0816677e+04
 156.5448035,1.0816493e+04
 156.5652376,1.0817279e+04
 156.5856718,1.0822106e+04
 156.6061059,1.0826180e+04
 156.6265400,1.0817814e+04
 156.6469742,1.0817375e+04
 156.6674083,1.0816664e+04
 156.6878424,1.0811478e+04
 156.7082766,1.0820256e+04
 156.7287107,1.0815761e+04
 156.7491448,1.0821863e+04
 156.7695789,1.0817397e+04
 156.7900131,1.0821928e+04
 156.8104472,1.0821264e+04
 156.8308814,1.0817479e+04
 156.8513155,1.0818718e+04
 156.8717496,1.0814828e+04
 156.8921837,1.0828659e+04
 156.9126178,1.0823966e+04
 156.9330520,1.0814019e+04
 156.9534861,1.0822271e+04
 156.9739202,1.0815386e+04
 156.9943544,1.0822073e+04
 157.0147885,1.0823297e+04
 157.0352225,1.0820838e+04
 157.0556567,1.0815115e+04
 157.0760909,1.0820560e+04
 157.0965249,1.0819893e+04
 157.1169591,1.0819188e+04
 157.1373933,1.0818979e+04
 157.1578274,1.0822329e+04
 157.1782614,1.0822854e+04
 157.1986956,1.0830555e+04
 157.2191298,1.0816008e+04
 157.2395638,1.0824690e+04
 157.2599979,1.0813330e+04
 157.2804321,1.0814687e+04
 157.3008662,1.0815212e+04
 157.3213003,1.0809644e+04
 157.3417344,1.0817612e+04
 157.3621686,1.0823371e+04
 157.3826027,1.0818638e+04
 157.4030368,1.0807767e+04
 157.4234708,1.0814855e+04
 157.4439051,1.0817983e+04
 157.4643392,1.0826029e+04
 157.4847732,1.0824848e+04
 157.5052074,1.0823877e+04
 157.5256415,1.0814130e+04
 157.5460756,1.0821147e+04
 157.5665097,1.0815987e+04
 157.5869439,1.0816464e+04
 157.6073779,1.0818481e+04
 157.6278121,1.0820309e+04
 157.6482463,1.0816977e+04
 157.6686804,1.0823097e+04
 157.6891144,1.0820300e+04
 157.7095485,1.0815178e+04
 157.7299828,1.0812295e+04
 157.7504168,1.0822481e+04
 157.7708509,1.0813188e+04
 157.7912851,1.0822514e+04
 157.8117191,1.0823229e+04
 157.8321533,1.0820502e+04
 157.8525874,1.0818319e+04
 157.8730215,1.0825238e+04
 157.8934556,1.0813272e+04
 157.9138897,1.0810964e+04
 157.9343238,1.0817930e+04
 157.9547580,1.0823110e+04
 157.9751921,1.0818436e+04
 157.9956261,1.0819220e+04
 158.0160603,1.0833415e+04
 158.0364945,1.0828744e+04
 158.0569285,1.0813741e+04
 158.0773626,1.0815406e+04
 158.0977968,1.0818644e+04
 158.1182309,1.0821511e+04
 158.1386649,1.0816408e+04
 158.1590992,1.0817802e+04
 158.1795333,1.0812088e+04
 158.1999673,1.0816664e+04
 158.2204014,1.0820071e+04
 158.2408356,1.0825167e+04
 158.2612696,         null
 158.2817037,1.0814448e+04
 158.3021380,1.0813944e+04
 158.3225721,1.0822819e+04
 158.3430061,1.0816817e+04
 158.3634402,1.0823908e+04
 158.3838744,1.0823915e+04
 158.4043085,1.0817524e+04
 158.4247425,1.0814721e+04
 158.4451767,1.0812727e+04
 158.4656109,1.0812480e+04
 158.4860449,1.0819621e+04
 158.5064790,1.0818951e+04
 158.5269132,1.0810408e+04
 158.5473472,1.0819418e+04
 158.5677813,1.0818120e+04
 158.5882154,1.0820848e+04
 158.6086496,1.0823715e+04
 158.6290837,1.0817202e+04
 158.6495178,1.0817820e+04
 158.6699520,1.0814554e+04
 158.6903860,1.0812747e+04
 158.7108201,1.0814762e+04
 158.7312541,1.0830419e+04
 158.7516883,1.0814979e+04
 158.7721224,1.0824771e+04
 158.7925566,1.0819370e+04
 158.8129907,1.0826158e+04
 158.8334248,1.0819096e+04
 158.8538589,1.0818859e+04
 158.8742929,1.0820459e+04
 158.8947271,1.0819026e+04
 158.9151612,1.0817266e+04
 158.9355952,1.0819452e+04
 158.9560294,1.0826023e+04
 158.9764635,1.0825347e+04
 158.9968975,1.0813402e+04
 159.0173316,1.0823138e+04
 159.0377659,1.0806111e+04
 159.0581999,1.0820054e+04
 159.0786340,1.0823843e+04
 159.0990681,1.0819286e+04
 159.1195023,1.0818570e+04
 159.1399363,1.0816868e+04
 159.1603704,1.0818784e+04
 159.1808046,1.0817529e+04
 159.2012386,1.0823688e+04
 159.2216727,1.0812188e+04
 159.2421067,1.0814658e+04
 159.2625409,1.0817593e+04
 159.2829750,1.0823135e+04
 159.3034091,1.0814838e+04
 159.3238432,1.0816311e+04
 159.3442773,1.0829747e+04
 159.3647114,1.0813723e+04
 159.3851454,1.0810660e+04
 159.4055796,1.0811907e+04
 159.4260137,1.0824837e+04
 159.4464477,1.0816537e+04
 159.4668819,1.0818012e+04
 159.4873161,1.0815169e+04
 159.5077501,1.0814117e+04
 159.5281842,1.0821604e+04
 159.5486184,1.0813966e+04
 159.5690524,1.0822489e+04
 159.5894865,1.0820683e+04
 159.6099206,1.0820750e+04
 159.6303548,1.0822387e+04
 159.6507888,1.0821294e+04
 159.6712229,1.0809944e+04
 159.6916571,1.0823534e+04
 159.7120911,1.0815895e+04
 159.7325252,1.0814543e+04
 159.7529593,1.0816211e+04
 159.7733934,1.0820104e+04
 159.7938275,1.0818821e+04
 159.8142616,1.0821426e+04
 159.8346957,1.0836625e+04
 159.8551298,1.0818230e+04
 159.8755639,1.0815908e+04
 159.8959979,1.0825485e+04
 159.9164321,1.0819195e+04
 159.9368661,1.0825240e+04
 159.9573002,1.0820823e+04
 159.9777343,1.0822936e+04
 159.9981684,1.0816166e+04
 160.0186025,1.0814157e+04
 160.0390366,1.0820220e+04
 160.0594707,1.0820402e+04
 160.0799048,1.0827890e+04
 160.1003389,1.0815975e+04
 160.1207729,1.0819999e+04
 160.1412071,1.0815725e+04
 160.1616412,1.0810604e+04
 160.1820752,1.0826318e+04
 160.2025094,1.0815090e+04
 160.2229435,1.0827251e+04
 160.2433775,1.0819526e+04
 160.2638116,1.0813351e+04
 160.2842458,1.0817279e+04
 160.3046798,1.0818657e+04
 160.3251139,1.0829350e+04
 160.3455481,1.0831777e+04
 160.3659821,1.0819475e+04
 160.3864161,1.0817701e+04
 160.4068502,1.0825816e+04
 160.4272844,1.0828315e+04
 160.4477184,1.0823787e+04
 160.4681525,1.0813715e+04
 160.4885867,1.0825595e+04
 160.5090207,1.0816429e+04
 160.5294548,1.0816083e+04
 160.5498889,1.0817535e+04
 160.5703230,1.0825008e+04
 160.5907571,1.0819353e+04
 160.6111911,1.0816419e+04
 160.6316251,1.0818927e+04
 160.6520593,1.0819159e+04
 160.6724934,1.0827758e+04
 160.6929274,1.0818553e+04
 160.7133616,1.0822307e+04
 160.7337957,1.0822664e+04
 160.7542297,1.0836476e+04
 160.7746638,1.0827041e+04
 160.7950980,1.0824350e+04
 160.8155320,1.0816846e+04
 160.8359660,1.0829160e+04
 160.8564002,1.0819748e+04
 160.8768343,1.0825334e+04
 160.8972683,1.0826143e+04
 160.9177024,1.0832635e+04
 160.9381366,1.0829558e+04
 160.9585705,1.0823167e+04
 160.9790046,1.0828837e+04
 160.9994388,1.0830104e+04
 161.0198728,1.0819741e+04
 161.0403069,1.0818260e+04
 161.0607410,1.0823305e+04
 161.0811751,1.0825409e+04
 161.1016092,1.0820381e+04
 161.1220432,1.0830169e+04
 161.1424774,1.0816472e+04
 161.1629114,1.0825668e+04
 161.1833455,1.0828286e+04
 161.2037795,1.0827865e+04
 161.2242137,1.0830640e+04
 161.2446477,         null
 161.2650818,1.0826188e+04
 161.2855158,1.0820593e+04
 161.3059500,1.0831557e+04
 161.3263841,1.0827085e+04
 161.3468181,1.0829086e+04
 161.3672522,1.0822822e+04
 161.3876863,1.0825967e+04
 161.4081203,1.0841591e+04
 161.4285544,1.0828512e+04
 161.4489886,1.0825996e+04
 161.4694225,1.0822135e+04
 161.4898566,1.0817499e+04
 161.5102908,1.0815838e+04
 161.5307248,1.0834398e+04
 161.5511589,1.0831663e+04
 161.5715929,1.0834283e+04
 161.5920271,1.0835123e+04
 161.6124611,1.0823160e+04
 161.6328952,1.0836552e+04
 161.6533294,1.0825479e+04
 161.6737634,1.0837808e+04
 161.6941974,1.0827703e+04
 161.7146315,1.0837314e+04
 161.7350657,1.0826006e+04
 161.7554997,1.0830580e+04
 161.7759337,1.0847076e+04
 161.7963678,1.0831050e+04
 161.8168019,1.0833601e+04
 161.8372360,1.0831452e+04
 161.8576700,1.0834132e+04
 161.8781042,1.0828363e+04
 161.8985382,1.0830813e+04
 161.9189723,1.0831169e+04
 161.9394062,1.0827436e+04
 161.9598404,1.0820784e+04
 161.9802745,1.0828768e+04
 162.0007086,1.0830206e+04
 162.0211427,1.0824364e+04
 162.0415767,1.0827344e+04
 162.0620108,1.0838409e+04
 162.0824448,1.0831540e+04
 162.1028790,1.0823773e+04
 162.1233130,1.0829383e+04
 162.1437470,1.0828603e+04
 162.1641812,1.0812888e+04
 162.1846152,1.0829213e+04
 162.2050492,1.0837009e+04
 162.2254833,1.0835511e+04
 162.2459175,1.0837586e+04
 162.2663514,1.0821760e+04
 162.2867855,1.0823007e+04
 162.3072197,1.0827959e+04
 162.3276538,1.0831352e+04
 162.3480877,1.0828794e+04
 162.3685218,1.0833969e+04
 162.3889560,1.0831067e+04
 162.4093899,1.0828652e+04
 162.4298240,1.0839643e+04
 162.4502580,1.0834448e+04
 162.4706921,1.0831900e+04
 162.4911262,1.0832222e+04
 162.5115597,1.0823688e+04
 162.5319939,1.0824174e+04
 162.5524278,1.0833463e+04
 162.5728619,1.0829421e+04
 162.5932960,1.0829506e+04
 162.6137301,1.0828759e+04
 162.6341641,1.0823316e+04
 162.6545982,1.0834475e+04
 162.6750323,1.0842171e+04
 162.6954663,1.0830289e+04
 162.7159004,1.0837977e+04
 162.7363344,1.0832704e+04
 162.7567685,1.0831124e+04
 162.7772026,1.0834870e+04
 162.7976366,1.0832459e+04
 162.8180707,1.0836084e+04
 162.8385048,1.0844501e+04
 162.8589388,1.0818345e+04
 162.8793728,1.0832379e+04
 162.8998070,1.0826407e+04
 162.9202410,1.0841487e+04
 162.9406750,1.0835769e+04
 162.9611091,1.0836731e+04
 162.9815432,1.0823042e+04
 163.0019772,1.0830672e+04
 163.0224113,1.0837072e+04
 163.0428454,1.0841427e+04
 163.0632795,1.0838710e+04
 163.0837135,1.0829641e+04
 163.1041475,1.0832435e+04
 163.1245817,1.0832729e+04
 163.1450156,1.0842347e+04
 163.1654497,1.0822204e+04
 163.1858839,1.0841892e+04
 163.2063178,1.0836534e+04
 163.2267519,1.0835389e+04
 163.2471860,1.0839733e+04
 163.2676200,1.0835239e+04
 163.2880541,1.0840182e+04
 163.3084881,1.0845219e+04
 163.3289223,1.0825851e+04
 163.3493563,1.0852276e+04
 163.3697903,1.0836211e+04
 163.3902243,1.0839222e+04
 163.4106584,1.0837306e+04
 163.4310925,1.0828423e+04
 163.4515265,1.0838062e+04
 163.4719606,1.0839136e+04
 163.4923947,1.0827624e+04
 163.5128287,1.0837719e+04
 163.5332627,1.0833890e+04
 163.5536969,1.0830871e+04
 163.5741309,1.0833037e+04
 163.5945649,1.0833717e+04
 163.6149989,1.0830241e+04
 163.6354331,1.0836496e+04
 163.6558670,1.0836227e+04
 163.6763011,1.0838786e+04
 163.6967353,1.0834012e+04
 163.7171692,1.0835811e+04
 163.7376033,1.0824951e+04
 163.7580373,1.0831150e+04
 163.7784714,1.0843003e+04
 163.7989054,1.0840616e+04
 163.8193395,1.0835597e+04
 163.8397736,1.0830053e+04
 163.8602076,1.0831315e+04
 163.8806417,1.0829922e+04
 163.9010756,1.0846892e+04
 163.9215098,1.0836581e+04
 163.9419438,1.0843006e+04
 163.9623779,1.0836230e+04
 163.9828119,1.0827452e+04
 164.0032460,1.0839008e+04
 164.0236800,1.0829658e+04
 164.0441140,1.0834887e+04
 164.0645481,1.0832771e+04
 164.0849822,1.0843505e+04
 164.1054162,1.0835090e+04
 164.1258502,1.0841526e+04
 164.1462843,1.0844393e+04
 164.1667183,1.0848062e+04
 164.1871523,1.0850025e+04
 164.2075865,1.0842714e+04
 164.2280205,         null
 164.2484545,1.0849882e+04
 164.2688886,1.0839932e+04
 164.2893226,1.0844509e+04
 164.3097567,1.0838816e+04
 164.3301907,1.0835642e+04
 164.3506248,1.0837991e+04
 164.3710589,1.0834068e+04
 164.3914928,1.0841966e+04
 164.4119269,1.0838085e+04
 164.4323609,1.0842966e+04
 164.4527950,1.0828268e+04
 164.4732290,1.0838189e+04
 164.4936632,1.0837612e+04
 164.5140971,1.0843926e+04
 164.5345312,1.0841971e+04
 164.5549652,1.0840683e+04
 164.5753993,1.0840485e+04
 164.5958333,1.0834944e+04
 164.6162674,1.0846585e+04
 164.6367013,1.0854077e+04
 164.6571355,1.0831512e+04
 164.6775695,1.0833642e+04
 164.6980036,1.0833203e+04
 164.7184376,1.0835351e+04
 164.7388716,1.0839431e+04
 164.7593057,1.0843263e+04
 164.7797396,1.0836132e+04
 164.8001738,1.0838881e+04
 164.8206078,1.0849607e+04
 164.8410418,1.0839279e+04
 164.8614759,1.0841021e+04
 164.8819100,1.0846397e+04
 164.9023439,1.0858065e+04
 164.9227779,1.0845127e+04
 164.9432121,1.0836407e+04
 164.9636460,1.0832205e+04
 164.9840801,1.0840361e+04
