        TIME,  PDCSAP_FLUX
 131.5130556,2.2608549e+04
 131.5334900,2.2605029e+04
 131.5539243,2.2591816e+04
 131.5743586,2.2609152e+04
 131.5947929,2.2578787e+04
 131.6152274,2.2604836e+04
 131.6356616,2.2593949e+04
 131.6560960,2.2596803e+04
 131.6765304,2.2600678e+04
 131.6969648,2.2598061e+04
 131.7173990,2.2597592e+04
 131.7378334,2.2584334e+04
 131.7582678,2.2579094e+04
 131.7787020,2.2587375e+04
 131.7991364,2.2596082e+04
 131.8195708,2.2590652e+04
 131.8400051,2.2578104e+04
 131.8604394,2.2580574e+04
 131.8808738,2.2593098e+04
 131.9013081,2.2586639e+04
 131.9217424,2.2570855e+04
 131.9421768,2.2576918e+04
 131.9626111,2.2579305e+04
 131.9830455,2.2578783e+04
 132.0034798,2.2590154e+04
 132.0239141,2.2560092e+04
 132.0443485,2.2584498e+04
 132.0647828,2.2567875e+04
 132.0852171,2.2585172e+04
 132.1056514,2.2574986e+04
 132.1260859,2.2587219e+04
 132.1465201,2.2573479e+04
 132.1669545,2.2572416e+04
 132.1873889,2.2579826e+04
 132.2078232,2.2578801e+04
 132.2282575,2.2578352e+04
 132.2486918,2.2574439e+04
 132.2691263,2.2581480e+04
 132.2895605,2.2566418e+04
 132.3099948,2.2570928e+04
 132.3304293,2.2568055e+04
 132.3508635,2.2572414e+04
 132.3712979,2.2573514e+04
 132.3917322,2.2572434e+04
 132.4121665,2.2571385e+04
 132.4326009,2.2570207e+04
 132.4530352,2.2556346e+04
 132.4734697,2.2560273e+04
 132.4939039,2.2559730e+04
 132.5143382,2.2569803e+04
 132.5347725,2.2563242e+04
 132.5552069,2.2577260e+04
 132.5756412,2.2555705e+04
 132.5960755,2.2552549e+04
 132.6165099,2.2541432e+04
 132.6369443,2.2552756e+04
 132.6573786,2.2562357e+04
 132.6778128,2.2570002e+04
 132.6982473,2.2557678e+04
 132.7186816,2.2564504e+04
 132.7391158,2.2549188e+04
 132.7595503,2.2566709e+04
 132.7799846,2.2534713e+04
 132.8004189,2.2558881e+04
 132.8208532,2.2557492e+04
 132.8412876,2.2562102e+04
 132.8617219,2.2554246e+04
 132.8821562,2.2551617e+04
 132.9025906,2.2549666e+04
 132.9230249,2.2555861e+04
 132.9434592,2.2556773e+04
 132.9638935,2.2558652e+04
 132.9843280,2.2548697e+04
 133.0047622,2.2530363e+04
 133.0251966,2.2537695e+04
 133.0456309,2.2546662e+04
 133.0660652,2.2532674e+04
 133.0864996,2.2546326e+04
 133.1069339,2.2555871e+04
 133.1273682,2.2536535e+04
 133.1478026,2.2539615e+04
 133.1682369,2.2551738e+04
 133.1886712,2.2548953e+04
 133.2091057,2.2540988e+04
 133.2295399,2.2548510e+04
 133.2499742,2.2540932e+04
 133.2704086,2.2549604e+04
 133.2908429,2.2537660e+04
 133.3112772,2.2533172e+04
 133.3317115,2.2525824e+04
 133.3521459,2.2532400e+04
 133.3725802,2.2551205e+04
 133.3930146,2.2532922e+04
 133.4134489,2.2537066e+04
 133.4338832,2.2543994e+04
 133.4543176,2.2529934e+04
 133.4747518,2.2532494e+04
 133.4951862,2.2531568e+04
 133.5156205,2.2544826e+04
 133.5360548,2.2522350e+04
 133.5564892,2.2533004e+04
 133.5769235,2.2525902e+04
 133.5973578,2.2534695e+04
 133.6177921,2.2534576e+04
 133.6382265,2.2542754e+04
 133.6586609,2.2524732e+04
 133.6790951,2.2514943e+04
 133.6995295,2.2515869e+04
 133.7199638,2.2525170e+04
 133.7403981,2.2517426e+04
 133.7608324,2.2531178e+04
 133.7812668,2.2524902e+04
 133.8017011,2.2520885e+04
 133.8221354,2.2525533e+04
 133.8425697,2.2529789e+04
 133.8630041,2.2523865e+04
 133.8834384,2.2517059e+04
 133.9038727,2.2534203e+04
 133.9243070,2.2507789e+04
 133.9447414,2.2515150e+04
 133.9651757,2.2543453e+04
 133.9856099,2.2526725e+04
 134.0060444,2.2514893e+04
 134.0264787,2.2522055e+04
 134.0469129,2.2505979e+04
 134.0673473,2.2530084e+04
 134.0877817,2.2507512e+04
 134.1082159,2.2516012e+04
 134.1286502,2.2499637e+04
 134.1490846,2.2515793e+04
 134.1695190,2.2505252e+04
 134.1899532,2.2505205e+04
 134.2103876,2.2503703e+04
 134.2308219,2.2513811e+04
 134.2512562,2.2519684e+04
 134.2716905,2.2503092e+04
 134.2921249,2.2505352e+04
 134.3125591,2.2506301e+04
 134.3329935,2.2514102e+04
 134.3534279,2.2509455e+04
 134.3738621,2.2498994e+04
 134.3942964,         null
 134.4147308,2.2494223e+04
 134.4351651,2.2509084e+04
 134.4555994,2.2500971e+04
 134.4760337,2.2491678e+04
 134.4964682,2.2487250e+04
 134.5169024,2.2497348e+04
 134.5373367,2.2487230e+04
 134.5577709,2.2498170e+04
 134.5782054,2.2488746e+04
 134.5986397,2.2491211e+04
 134.6190739,2.2518057e+04
 134.6395082,2.2483275e+04
 134.6599427,2.2468529e+04
 134.6803770,2.2486711e+04
 134.7008113,2.2472229e+04
 134.7212456,2.2480523e+04
 134.7416799,2.2475129e+04
 134.7621142,2.2489457e+04
 134.7825485,2.2480930e+04
 134.8029829,2.2501475e+04
 134.8234172,2.2479922e+04
 134.8438514,2.2478459e+04
 134.8642859,2.2462938e+04
 134.8847202,2.2485246e+04
 134.9051545,2.2483438e+04
 134.9255887,2.2478785e+04
 134.9460231,2.2464840e+04
 134.9664575,2.2479197e+04
 134.9868917,2.2469105e+04
 135.0073261,2.2473023e+04
 135.0277604,2.2470393e+04
 135.0481946,2.2481145e+04
 135.0686290,2.2475930e+04
 135.0890634,2.2474598e+04
 135.1094976,2.2471387e+04
 135.1299319,2.2472590e+04
 135.1503663,2.2473562e+04
 135.1708007,2.2468926e+04
 135.1912349,2.2470965e+04
 135.2116692,2.2457957e+04
 135.2321036,2.2483795e+04
 135.2525378,2.2467879e+04
 135.2729722,2.2482270e+04
 135.2934064,2.2450965e+04
 135.3138408,2.2466832e+04
 135.3342751,2.2454965e+04
 135.3547093,2.2440980e+04
 135.3751437,2.2452400e+04
 135.3955781,2.2462801e+04
 135.4160124,2.2450168e+04
 135.4364466,2.2460135e+04
 135.4568810,2.2449051e+04
 135.4773153,2.2479131e+04
 135.4977495,2.2454654e+04
 135.5181840,2.2454076e+04
 135.5386183,2.2447730e+04
 135.5590525,2.2448096e+04
 135.5794868,2.2466053e+04
 135.5999212,2.2456953e+04
 135.6203554,2.2466828e+04
 135.6407897,2.2456738e+04
 135.6612242,2.2460939e+04
 135.6816585,2.2448213e+04
 135.7020927,2.2456289e+04
 135.7225270,2.2453424e+04
 135.7429614,2.2443496e+04
 135.7633956,2.2463340e+04
 135.7838299,2.2447432e+04
 135.8042644,2.2445805e+04
 135.8246986,2.2451941e+04
 135.8451329,2.2454455e+04
 135.8655672,2.2436959e+04
 135.8860015,2.2452863e+04
 135.9064358,2.2438686e+04
 135.9268701,2.2445459e+04
 135.9473043,2.2446900e+04
 135.9677388,2.2439906e+04
 135.9881731,2.2437336e+04
 136.0086073,2.2452840e+04
 136.0290417,2.2433111e+04
 136.0494760,2.2450941e+04
 136.0699102,2.2426900e+04
 136.0903445,2.2426033e+04
 136.1107789,2.2430064e+04
 136.1312133,2.2429955e+04
 136.1516475,2.2434193e+04
 136.1720819,2.2442162e+04
 136.1925162,2.2435375e+04
 136.2129504,2.2433625e+04
 136.2333847,2.2450910e+04
 136.2538191,2.2433746e+04
 136.2742533,2.2443936e+04
 136.2946876,2.2439844e+04
 136.3151220,2.2428455e+04
 136.3355563,2.2448846e+04
 136.3559906,2.2430752e+04
 136.3764249,2.2438369e+04
 136.3968592,2.2437783e+04
 136.4172935,2.2430010e+04
 136.4377278,2.2437611e+04
 136.4581622,2.2443637e+04
 136.4785964,2.2436709e+04
 136.4990307,2.2438602e+04
 136.5194650,2.2423932e+04
 136.5398993,2.2446826e+04
 136.5603336,2.2438701e+04
 136.5807680,2.2433123e+04
 136.6012023,2.2445191e+04
 136.6216366,2.2430146e+04
 136.6420709,2.2431555e+04
 136.6625052,2.2426936e+04
 136.6829395,2.2438254e+04
 136.7033738,2.2442090e+04
 136.7238081,2.2435465e+04
 136.7442423,2.2417168e+04
 136.7646767,2.2438066e+04
 136.7851110,2.2431080e+04
 136.8055452,2.2435350e+04
 136.8259796,2.2428609e+04
 136.8464139,2.2452338e+04
 136.8668482,2.2422545e+04
 136.8872824,2.2434904e+04
 136.9077168,2.2442406e+04
 136.9281512,2.2422865e+04
 136.9485854,2.2425354e+04
 136.9690198,2.2440172e+04
 136.9894541,2.2424719e+04
 137.0098883,2.2433473e+04
 137.0303226,2.2430145e+04
 137.0507570,2.2439713e+04
 137.0711912,2.2439279e+04
 137.0916255,2.2445094e+04
 137.1120599,2.2431281e+04
 137.1324941,2.2428930e+04
 137.1529284,2.2434891e+04
 137.1733627,2.2429934e+04
 137.1937971,2.2456336e+04
 137.2142313,2.2435285e+04
 137.2346656,2.2424693e+04
 137.2550998,2.2441965e+04
 137.2755342,2.2430307e+04
 137.2959685,2.2428748e+04
 137.3164027,2.2427521e+04
 137.3368371,2.2441102e+04
 137.3572714,2.2423424e+04
 137.3777057,         null
 137.3981399,2.2434152e+04
 137.4185743,2.2433568e+04
 137.4390086,2.2430115e+04
 137.4594428,2.2447361e+04
 137.4798772,2.2427982e+04
 137.5003115,2.2438633e+04
 137.5207457,2.2433654e+04
 137.5411800,2.2426543e+04
 137.5616144,2.2444982e+04
 137.5820486,2.2430369e+04
 137.6024829,2.2424742e+04
 137.6229173,2.2430797e+04
 137.6433516,2.2453777e+04
 137.6637858,2.2425850e+04
 137.6842201,2.2432809e+04
 137.7046545,2.2426557e+04
 137.7250887,2.2443939e+04
 137.7455230,2.2428498e+04
 137.7659574,2.2440604e+04
 137.7863916,2.2437824e+04
 137.8068259,2.2440383e+04
 137.8272601,2.2424830e+04
 137.8476945,2.2440348e+04
 137.8681288,2.2442525e+04
 137.8885631,2.2419373e+04
 137.9089973,2.2443219e+04
 137.9294317,2.2436541e+04
 137.9498660,2.2442633e+04
 137.9703002,2.2423801e+04
 137.9907346,2.2442301e+04
 138.0111688,2.2433625e+04
 138.0316030,2.2448297e+04
 138.0520373,2.2442836e+04
 138.0724717,2.2439096e+04
 138.0929060,2.2437820e+04
 138.1133402,2.2430629e+04
 138.1337746,2.2465633e+04
 138.1542089,2.2440430e+04
 138.1746431,2.2442010e+04
 138.1950774,2.2427178e+04
 138.2155118,2.2432795e+04
 138.2359461,2.2425988e+04
 138.2563803,2.2447432e+04
 138.2768147,2.2435178e+04
 138.2972490,2.2434418e+04
 138.3176832,2.2442814e+04
 138.3381175,2.2414322e+04
 138.3585518,2.2428590e+04
 138.3789861,2.2437814e+04
 138.3994203,2.2444984e+04
 138.4198547,2.2434107e+04
 138.4402890,2.2435787e+04
 138.4607232,2.2426609e+04
 138.4811575,2.2429465e+04
 138.5015919,2.2434041e+04
 138.5220261,2.2453482e+04
 138.5424604,2.2432426e+04
 138.5628947,2.2433666e+04
 138.5833290,2.2431973e+04
 138.6037632,2.2425312e+04
 138.6241975,2.2430891e+04
 138.6446318,2.2436664e+04
 138.6650661,2.2448098e+04
 138.6855004,2.2440221e+04
 138.7059346,2.2429754e+04
 138.7263690,2.2426744e+04
 138.7468033,2.2418936e+04
 138.7672375,2.2431105e+04
 138.7876719,2.2434076e+04
 138.8081061,2.2429611e+04
 138.8285403,2.2427945e+04
 138.8489746,2.2430322e+04
 138.8694090,2.2449666e+04
 138.8898433,2.2448883e+04
 138.9102775,2.2427908e+04
 138.9307119,2.2429965e+04
 138.9511462,2.2430975e+04
 138.9715803,2.2425904e+04
 138.9920146,2.2442662e+04
 139.0124490,2.2435018e+04
 139.0328832,2.2439287e+04
 139.0533175,2.2423752e+04
 139.0737519,2.2435998e+04
 139.0941861,2.2424756e+04
 139.1146204,2.2438938e+04
 139.1350546,2.2442834e+04
 139.1554889,2.2428588e+04
 139.1759232,2.2435143e+04
 139.1963575,2.2435402e+04
 139.2167917,2.2414098e+04
 139.2372261,2.2430912e+04
 139.2576603,2.2432848e+04
 139.2780945,2.2442029e+04
 139.2985289,2.2442723e+04
 139.3189632,2.2417861e+04
 139.3393975,2.2432924e+04
 139.3598317,2.2426676e+04
 139.3802661,2.2426141e+04
 139.4007003,2.2426365e+04
 139.4211345,2.2433666e+04
 139.4415689,2.2434600e+04
 139.4620032,2.2442076e+04
 139.4824374,2.2432879e+04
 139.5028717,2.2434252e+04
 139.5233060,2.2441205e+04
 139.5437402,2.2420521e+04
 139.5641745,2.2412816e+04
 139.5846089,2.2453330e+04
 139.6050431,2.2439045e+04
 139.6254773,2.2441867e+04
 139.6459116,2.2432146e+04
 139.6663460,2.2421777e+04
 139.6867802,2.2432516e+04
 139.7072145,2.2434088e+04
 139.7276488,2.2437393e+04
 139.7480830,2.2436773e+04
 139.7685173,2.2426129e+04
 139.7889516,2.2433217e+04
 139.8093859,2.2441738e+04
 139.8298202,2.2421363e+04
 139.8502544,2.2419820e+04
 139.8706887,2.2426885e+04
 139.8911230,2.2446973e+04
 139.9115573,2.2419914e+04
 139.9319916,2.2429463e+04
 139.9524259,2.2427303e+04
 139.9728601,2.2429430e+04
 139.9932944,2.2435512e+04
 140.0137286,2.2437697e+04
 140.0341629,2.2422990e+04
 140.0545972,2.2424893e+04
 140.0750315,2.2430121e+04
 140.0954658,2.2443230e+04
 140.1159001,2.2424219e+04
 140.1363343,2.2437881e+04
 140.1567685,2.2424910e+04
 140.1772029,2.2423803e+04
 140.1976372,2.2438496e+04
 140.2180713,2.2437930e+04
 140.2385057,2.2431016e+04
 140.2589400,2.2423094e+04
 140.2793742,2.2438203e+04
 140.2998084,2.2435004e+04
 140.3202428,2.2436756e+04
 140.3406770,2.2438496e+04
 140.3611113,         null
 140.3815456,2.2431781e+04
 140.4019799,2.2428055e+04
 140.4224141,2.2421711e+04
 140.4428484,2.2434740e+04
 140.4632827,2.2419609e+04
 140.4837169,2.2433586e+04
 140.5041512,2.2440410e+04
 140.5245854,2.2436660e+04
 140.5450197,2.2421732e+04
 140.5654540,2.2426734e+04
 140.5858883,2.2422133e+04
 140.6063226,2.2421281e+04
 140.6267568,2.2428504e+04
 140.6471911,2.2425834e+04
 140.6676253,2.2424891e+04
 140.6880597,2.2441492e+04
 140.7084939,2.2435363e+04
 140.7289281,2.2433695e+04
 140.7493625,2.2438695e+04
 140.7697967,2.2442348e+04
 140.7902309,2.2441596e+04
 140.8106652,2.2429424e+04
 140.8310996,2.2434252e+04
 140.8515338,2.2438725e+04
 140.8719680,2.2436037e+04
 140.8924023,2.2427859e+04
 140.9128366,2.2426260e+04
 140.9332708,2.2447037e+04
 140.9537051,2.2442582e+04
 140.9741395,2.2416984e+04
 140.9945736,2.2424111e+04
 141.0150079,2.2436381e+04
 141.0354422,2.2451264e+04
 141.0558764,2.2428904e+04
 141.0763107,2.2410146e+04
 141.0967450,2.2432035e+04
 141.1171792,2.2420209e+04
 141.1376135,2.2424277e+04
 141.1580478,2.2428203e+04
 141.1784819,2.2426096e+04
 141.1989163,2.2430643e+04
 141.2193506,2.2435318e+04
 141.2397847,2.2439162e+04
 141.2602191,2.2420572e+04
 141.2806534,2.2449240e+04
 141.3010875,2.2431764e+04
 141.3215218,2.2437885e+04
 141.3419562,2.2441814e+04
 141.3623904,2.2438285e+04
 141.3828246,2.2436221e+04
 141.4032589,2.2418068e+04
 141.4236932,2.2429326e+04
 141.4441275,2.2445949e+04
 141.4645617,2.2463416e+04
 141.4849960,2.2464916e+04
 141.5054303,2.2433023e+04
 141.5258645,2.2427908e+04
 141.5462987,2.2423020e+04
 141.5667330,2.2441055e+04
 141.5871674,2.2426705e+04
 141.6076015,2.2423459e+04
 141.6280359,2.2429094e+04
 141.6484702,2.2421141e+04
 141.6689043,2.2432604e+04
 141.6893386,2.2445229e+04
 141.7097730,2.2427203e+04
 141.7302071,2.2434902e+04
 141.7506414,2.2431604e+04
 141.7710757,2.2420678e+04
 141.7915099,2.2439562e+04
 141.8119442,2.2423852e+04
 141.8323784,2.2424623e+04
 141.8528127,2.2433066e+04
 141.8732470,2.2432449e+04
 141.8936812,2.2412180e+04
 141.9141156,2.2438527e+04
 141.9345497,2.2422973e+04
 141.9549840,2.2416742e+04
 141.9754182,2.2428361e+04
 141.9958525,2.2427283e+04
 142.0162868,2.2421756e+04
 142.0367209,2.2460160e+04
 142.0571552,2.2425480e+04
 142.0775896,2.2426062e+04
 142.0980238,2.2415414e+04
 142.1184580,2.2429834e+04
 142.1388923,2.2433959e+04
 142.1593266,2.2399943e+04
 142.1797608,2.2414488e+04
 142.2001950,2.2419256e+04
 142.2206294,2.2422625e+04
 142.2410635,2.2426941e+04
 142.2614978,2.2418533e+04
 142.2819322,2.2425258e+04
 142.3023663,2.2430496e+04
 142.3228006,2.2441719e+04
 142.3432348,2.2427852e+04
 142.3636692,2.2430443e+04
 142.3841033,2.2433197e+04
 142.4045376,2.2423424e+04
 142.4249720,2.2428752e+04
 142.4454061,2.2429752e+04
 142.4658404,2.2422734e+04
 142.4862745,2.2425635e+04
 142.5067089,2.2418400e+04
 142.5271431,2.2433789e+04
 142.5475774,2.2424760e+04
 142.5680115,2.2428914e+04
 142.5884459,2.2417393e+04
 142.6088802,2.2423990e+04
 142.6293143,2.2421873e+04
 142.6497487,2.2423348e+04
 142.6701829,2.2428789e+04
 142.6906171,2.2431645e+04
 142.7110513,2.2429723e+04
 142.7314857,2.2426584e+04
 142.7519198,2.2432365e+04
 142.7723541,2.2448240e+04
 142.7927884,2.2433963e+04
 142.8132226,2.2434727e+04
 142.8336569,2.2450385e+04
 142.8540911,2.2440680e+04
 142.8745255,2.2432488e+04
 142.8949596,2.2427078e+04
 142.9153939,2.2437951e+04
 142.9358282,2.2424537e+04
 142.9562624,2.2445414e+04
 142.9766966,2.2449859e+04
 142.9971308,2.2427865e+04
 143.0175651,2.2449082e+04
 143.0379994,2.2435643e+04
 143.0584336,2.2427666e+04
 143.0788679,2.2438736e+04
 143.0993021,2.2442785e+04
 143.1197364,2.2452385e+04
 143.1401706,2.2442051e+04
 143.1606049,2.2425516e+04
 143.1810391,2.2437291e+04
 143.2014733,2.2434006e+04
 143.2219075,2.2434127e+04
 143.2423419,2.2431979e+04
 143.2627761,2.2432812e+04
 143.2832104,2.2449346e+04
 143.3036446,2.2431947e+04
 143.3240789,2.2431826e+04
 143.3445131,         null
 143.3649473,2.2438471e+04
 143.3853816,2.2435057e+04
 143.4058159,2.2436301e+04
 143.4262500,2.2443021e+04
 143.4466844,2.2438426e+04
 143.4671186,2.2438885e+04
 143.4875528,2.2434734e+04
 143.5079870,2.2437480e+04
 143.5284214,2.2437193e+04
 143.5488556,2.2440684e+04
 143.5692897,2.2446711e+04
 143.5897241,2.2438984e+04
 143.6101583,2.2430680e+04
 143.6305925,2.2438396e+04
 143.6510267,2.2445068e+04
 143.6714611,2.2443998e+04
 143.6918952,2.2440215e+04
 143.7123295,2.2436793e+04
 143.7327637,2.2441641e+04
 143.7531980,2.2438342e+04
 143.7736322,2.2447072e+04
 143.7940664,2.2447994e+04
 143.8145007,2.2441941e+04
 143.8349349,2.2450607e+04
 143.8553692,2.2431531e+04
 143.8758033,2.2426389e+04
 143.8962377,2.2454090e+04
 143.9166719,2.2435818e+04
 143.9371060,2.2447891e+04
 143.9575404,2.2441598e+04
 143.9779746,2.2446869e+04
 143.9984088,2.2449582e+04
 144.0188430,2.2438822e+04
 144.0392774,2.2445152e+04
 144.0597116,2.2427059e+04
 144.0801457,2.2450961e+04
 144.1005801,2.2448357e+04
 144.1210143,2.2442855e+04
 144.1414485,2.2433869e+04
 144.1618827,2.2443865e+04
 144.1823170,2.2448746e+04
 144.2027512,2.2430080e+04
 144.2231854,2.2449564e+04
 144.2436198,2.2433680e+04
 144.2640539,2.2435768e+04
 144.2844881,2.2452639e+04
 144.3049224,2.2445838e+04
 144.3253566,2.2449361e+04
 144.3457909,2.2432670e+04
 144.3662251,2.2438660e+04
 144.3866592,2.2435848e+04
 144.4070936,2.2447389e+04
 144.4275278,2.2457955e+04
 144.4479620,2.2432896e+04
 144.4683963,2.2453766e+04
 144.4888305,2.2458174e+04
 144.5092647,2.2443939e+04
 144.5296989,2.2455289e+04
 144.5501332,2.2442344e+04
 144.5705675,2.2445246e+04
 144.5910016,2.2437803e+04
 144.6114360,2.2433398e+04
 144.6318702,2.2432875e+04
 144.6523043,2.2445209e+04
 144.6727386,2.2450275e+04
 144.6931729,2.2441129e+04
 144.7136070,2.2436088e+04
 144.7340413,2.2452902e+04
 144.7544756,2.2448871e+04
 144.7749097,2.2430633e+04
 144.7953440,2.2442693e+04
 144.8157782,2.2445730e+04
 144.8362125,2.2449736e+04
 144.8566467,2.2457787e+04
 144.8770809,2.2447803e+04
 144.8975151,2.2456658e+04
 144.9179494,2.2467238e+04
 144.9383836,2.2439525e+04
 144.9588178,2.2453594e+04
 144.9792522,2.2426357e+04
 144.9996863,2.2437645e+04
 145.0201205,2.2446250e+04
 145.0405548,2.2442842e+04
 145.0609890,2.2444689e+04
 145.0814232,2.2439445e+04
 145.1018575,2.2429615e+04
 145.1222918,2.2453984e+04
 145.1427259,2.2471322e+04
 145.1631602,2.2448283e+04
 145.1835943,2.2452555e+04
 145.2040286,2.2443869e+04
 145.2244629,2.2438121e+04
 145.2448970,2.2447281e+04
 145.2653313,2.2444168e+04
 145.2857656,2.2439969e+04
 145.3061998,2.2465764e+04
 145.3266339,2.2434764e+04
 145.3470682,2.2442273e+04
 145.3675025,2.2442949e+04
 145.3879366,2.2440500e+04
 145.4083709,2.2441934e+04
 145.4288052,2.2450658e+04
 145.4492393,2.2451098e+04
 145.4696735,2.2448865e+04
 145.4901078,2.2445389e+04
 145.5105420,2.2448387e+04
 145.5309762,2.2451105e+04
 145.5514104,2.2442723e+04
 145.5718448,2.2453711e+04
 145.5922789,2.2442332e+04
 145.6127131,2.2457131e+04
 145.6331474,2.2447264e+04
 145.6535816,2.2457180e+04
 145.6740158,2.2450248e+04
 145.6944499,2.2442184e+04
 145.7148842,2.2443516e+04
 145.7353185,2.2447006e+04
 145.7557527,2.2437902e+04
 145.7761869,2.2437055e+04
 145.7966211,2.2440521e+04
 145.8170554,2.2432582e+04
 145.8374895,2.2447459e+04
 145.8579238,2.2449277e+04
 145.8783580,2.2461779e+04
 145.8987922,2.2442939e+04
 145.9192265,2.2464078e+04
 145.9396607,2.2438764e+04
 145.9600948,2.2438402e+04
 145.9805291,2.2434375e+04
 146.0009634,2.2441289e+04
 146.0213976,2.2449887e+04
 146.0418317,2.2436949e+04
 146.0622661,2.2443307e+04
 146.0827003,2.2469979e+04
 146.1031344,2.2450318e+04
 146.1235686,2.2454795e+04
 146.1440029,2.2456877e+04
 146.1644371,2.2448377e+04
 146.1848713,2.2458238e+04
 146.2053055,2.2449510e+04
 146.2257397,2.2434016e+04
 146.2461740,2.2451477e+04
 146.2666082,2.2457844e+04
 146.2870424,2.2450393e+04
 146.3074766,2.2450322e+04
 146.3279108,         null
 146.3483450,2.2457355e+04
 146.3687793,2.2452141e+04
 146.3892135,2.2453787e+04
 146.4096476,2.2457334e+04
 146.4300819,2.2443971e+04
 146.4505162,2.2460561e+04
 146.4709503,2.2455572e+04
 146.4913846,2.2464889e+04
 146.5118188,2.2458951e+04
 146.5322530,2.2462596e+04
 146.5526871,2.2471131e+04
 146.5731215,2.2460141e+04
 146.5935557,2.2453418e+04
 146.6139899,2.2451730e+04
 146.6344240,2.2447742e+04
 146.6548583,2.2465504e+04
 146.6752925,2.2454805e+04
 146.6957267,2.2452490e+04
 146.7161610,2.2463266e+04
 146.7365952,2.2454590e+04
 146.7570294,2.2464301e+04
 146.7774635,2.2459361e+04
 146.7978978,2.2451221e+04
 146.8183321,2.2473088e+04
 146.8387662,2.2471186e+04
 146.8592004,2.2465295e+04
 146.8796347,2.2460322e+04
 146.9000688,2.2461412e+04
 146.9205030,2.2459688e+04
 146.9409373,2.2467213e+04
 146.9613715,2.2470406e+04
 146.9818057,2.2476055e+04
 147.0022399,2.2471262e+04
 147.0226741,2.2466635e+04
 147.0431083,2.2467857e+04
 147.0635425,2.2469750e+04
 147.0839768,2.2468000e+04
 147.1044110,2.2458205e+04
 147.1248452,2.2472713e+04
 147.1452793,2.2469918e+04
 147.1657136,2.2469572e+04
 147.1861478,2.2462158e+04
 147.2065819,2.2467754e+04
 147.2270162,2.2457053e+04
 147.2474504,2.2455936e+04
 147.2678846,2.2468123e+04
 147.2883188,2.2484729e+04
 147.3087531,2.2476260e+04
 147.3291873,2.2465332e+04
 147.3496214,2.2484250e+04
 147.3700556,2.2471992e+04
 147.3904899,2.2461654e+04
 147.4109240,2.2472297e+04
 147.4313582,2.2470273e+04
 147.4517925,2.2484211e+04
 147.4722266,2.2493475e+04
 147.4926609,2.2451799e+04
 147.5130951,2.2470141e+04
 147.5335294,2.2469096e+04
 147.5539635,2.2475113e+04
 147.5743977,2.2477365e+04
 147.5948320,2.2484316e+04
 147.6152661,2.2484721e+04
 147.6357003,2.2467311e+04
 147.6561344,2.2493715e+04
 147.6765687,2.2475672e+04
 147.6970029,2.2461721e+04
 147.7174370,2.2479600e+04
 147.7378713,2.2491566e+04
 147.7583055,2.2465834e+04
 147.7787398,2.2472582e+04
 147.7991739,2.2496277e+04
 147.8196082,2.2474709e+04
 147.8400424,2.2471006e+04
 147.8604765,2.2477758e+04
 147.8809107,2.2479170e+04
 147.9013450,         null
 147.9217791,2.2461352e+04
 147.9422133,2.2488412e+04
 147.9626476,2.2477451e+04
 147.9830817,2.2494203e+04
 148.0035159,2.2481691e+04
 148.0239501,2.2476584e+04
 148.0443844,2.2465412e+04
 148.0648185,2.2478988e+04
 148.0852527,2.2484145e+04
 148.1056870,2.2469420e+04
 148.1261211,2.2485670e+04
 148.1465553,2.2499076e+04
 148.1669895,2.2495543e+04
 148.1874237,2.2469000e+04
 148.2078579,2.2491164e+04
 148.2282921,2.2468740e+04
 148.2487264,2.2471883e+04
 148.2691605,2.2480098e+04
 148.2895947,2.2480104e+04
 148.3100289,2.2490791e+04
 148.3304631,2.2484104e+04
 148.3508973,2.2497783e+04
 148.3713315,2.2484359e+04
 148.3917656,2.2491500e+04
 148.4121999,2.2478232e+04
 148.4326341,2.2477309e+04
 148.4530683,2.2490484e+04
 148.4735025,2.2486514e+04
 148.4939367,2.2494785e+04
 148.5143709,2.2493371e+04
 148.5348050,2.2499215e+04
 148.5552393,2.2494830e+04
 148.5756735,2.2491689e+04
 148.5961076,2.2486121e+04
 148.6165419,2.2516992e+04
 148.6369761,2.2499312e+04
 148.6574102,2.2489707e+04
 148.6778444,2.2489340e+04
 148.6982787,2.2492518e+04
 148.7187128,2.2495777e+04
 148.7391470,2.2502379e+04
 148.7595813,2.2501889e+04
 148.7800155,2.2492533e+04
 148.8004496,2.2506109e+04
 148.8208838,2.2503180e+04
 148.8413181,2.2504590e+04
 148.8617522,2.2487109e+04
 148.8821864,2.2509098e+04
 148.9026207,2.2514326e+04
 148.9230547,2.2505506e+04
 148.9434889,2.2508531e+04
 148.9639231,2.2499475e+04
 148.9843573,2.2491432e+04
 149.0047915,2.2499539e+04
 149.0252257,2.2502617e+04
 149.0456598,2.2497535e+04
 149.0660941,2.2500799e+04
 149.0865283,2.2507666e+04
 149.1069624,2.2508682e+04
 149.1273967,2.2507787e+04
 149.1478309,2.2520031e+04
 149.1682650,2.2500904e+04
 149.1886992,2.2507842e+04
 149.2091334,2.2520033e+04
 149.2295676,2.2515188e+04
 149.2500017,2.2508229e+04
 149.2704360,2.2519645e+04
 149.2908702,2.2527047e+04
 149.3113043,         null
 149.3317385,2.2510600e+04
 149.3521728,2.2512680e+04
 149.3726069,2.2501094e+04
 149.3930411,2.2527383e+04
 149.4134754,2.2508814e+04
 149.4339094,2.2516693e+04
 149.4543436,2.2501666e+04
 149.4747778,2.2508900e+04
 149.4952120,2.2519291e+04
 149.5156462,2.2513434e+04
 149.5360804,2.2521062e+04
 149.5565147,2.2512582e+04
 149.5769488,2.2514432e+04
 149.5973829,2.2509865e+04
 149.6178170,2.2524865e+04
 149.6382513,2.2515824e+04
 149.6586855,2.2522896e+04
 149.6791196,2.2532844e+04
 149.6995538,2.2513354e+04
 149.7199881,2.2532787e+04
 149.7404223,2.2526309e+04
 149.7608563,2.2523846e+04
 149.7812906,2.2521463e+04
 149.8017248,2.2530510e+04
 149.8221589,2.2526287e+04
 149.8425931,2.2519217e+04
 149.8630274,2.2520223e+04
 149.8834615,2.2547270e+04
 149.9038956,2.2522512e+04
 149.9243299,2.2529928e+04
 149.9447641,2.2531320e+04
 149.9651983,2.2520164e+04
 149.9856324,2.2527129e+04
 150.0060666,2.2529900e+04
 150.0265008,2.2524988e+04
 150.0469349,2.2518016e+04
 150.0673692,2.2532418e+04
 150.0878034,2.2531529e+04
 150.1082375,2.2532162e+04
 150.1286716,2.2532459e+04
 150.1491059,2.2520928e+04
 150.1695400,2.2549029e+04
 150.1899742,2.2525021e+04
 150.2104085,2.2531049e+04
 150.2308426,2.2536053e+04
 150.2512767,2.2532465e+04
 150.2717109,2.2532100e+04
 150.2921452,2.2532496e+04
 150.3125793,2.2536850e+04
 150.3330135,2.2542166e+04
 150.3534475,2.2549412e+04
 150.3738818,2.2546121e+04
 150.3943160,2.2527586e+04
 150.4147501,2.2540746e+04
 150.4351843,2.2548398e+04
 150.4556185,2.2517568e+04
 150.4760527,2.2538105e+04
 150.4964868,2.2544018e+04
 150.5169211,2.2534984e+04
 150.5373552,2.2523432e+04
 150.5577893,2.2539936e+04
 150.5782236,2.2546770e+04
 150.5986578,2.2564857e+04
 150.6190918,2.2547564e+04
 150.6395260,2.2539613e+04
 150.6599603,2.2536283e+04
 150.6803944,2.2553059e+04
 150.7008286,2.2559684e+04
 150.7212628,2.2538457e+04
 150.7416970,2.2528211e+04
 150.7621311,2.2548775e+04
 150.7825653,2.2533379e+04
 150.8029995,2.2544910e+04
 150.8234336,2.2552107e+04
 150.8438678,2.2559541e+04
 150.8643021,2.2545059e+04
 150.8847361,2.2535025e+04
 150.9051703,2.2536014e+04
 150.9256045,2.2545027e+04
 150.9460387,2.2551777e+04
 150.9664728,2.2540334e+04
 150.9869070,2.2537703e+04
 151.0073411,2.2559896e+04
 151.0277753,2.2552812e+04
 151.0482095,2.2544695e+04
 151.0686436,2.2539121e+04
 151.0890779,2.2541912e+04
 151.1095120,2.2558090e+04
 151.1299461,2.2542824e+04
 151.1503803,2.2537160e+04
 151.1708145,2.2548840e+04
 151.1912486,2.2545648e+04
 151.2116828,2.2539377e+04
 151.2321171,2.2529076e+04
 151.2525512,2.2539369e+04
 151.2729853,2.2548738e+04
 151.2934195,2.2554961e+04
 151.3138537,2.2526906e+04
 151.3342878,2.2554359e+04
 151.3547220,2.2545965e+04
 151.3751562,2.2557068e+04
 151.3955903,2.2542104e+04
 151.4160245,2.2549928e+04
 151.4364587,2.2551047e+04
 151.4568928,2.2552891e+04
 151.4773270,2.2542625e+04
 151.4977612,2.2546656e+04
 151.5181953,2.2551869e+04
 151.5386295,2.2562137e+04
 151.5590637,2.2552213e+04
 151.5794978,2.2543197e+04
 151.5999321,2.2548738e+04
 151.6203662,2.2560688e+04
 151.6408003,2.2556801e+04
 151.6612345,         null
 151.6816687,2.2554111e+04
 151.7021028,2.2546359e+04
 151.7225370,2.2540154e+04
 151.7429712,2.2548729e+04
 151.7634053,2.2552711e+04
 151.7838395,2.2545338e+04
 151.8042735,2.2547422e+04
 151.8247078,2.2557027e+04
 151.8451420,2.2553557e+04
 151.8655760,2.2567109e+04
 151.8860103,2.2559418e+04
 151.9064445,2.2559809e+04
 151.9268785,2.2562471e+04
 151.9473127,2.2548857e+04
 151.9677470,2.2567391e+04
 151.9881811,2.2569906e+04
 152.0086152,2.2579422e+04
 152.0290494,2.2572795e+04
 152.0494836,2.2555207e+04
 152.0699177,2.2577113e+04
 152.0903518,2.2568783e+04
 152.1107861,2.2572281e+04
 152.1312201,2.2563994e+04
 152.1516543,2.2557016e+04
 152.1720885,2.2551027e+04
 152.1925226,2.2569133e+04
 152.2129568,2.2554498e+04
 152.2333909,2.2559809e+04
 152.2538252,2.2558482e+04
 152.2742593,2.2559744e+04
 152.2946934,         null
 152.3151275,2.2564994e+04
 152.3355617,2.2573137e+04
 152.3559959,2.2562115e+04
 152.3764300,2.2571314e+04
 152.3968642,2.2554162e+04
 152.4172984,2.2557908e+04
 152.4377325,2.2576174e+04
 152.4581666,2.2574217e+04
 152.4786009,2.2572455e+04
 152.4990350,2.2559914e+04
 152.5194691,2.2575113e+04
 152.5399033,2.2558961e+04
 152.5603375,2.2584768e+04
 152.5807715,2.2569305e+04
 152.6012057,2.2566238e+04
 152.6216399,2.2577260e+04
 152.6420740,2.2561396e+04
 152.6625082,         null
 152.6829423,2.2553777e+04
 152.7033765,2.2562434e+04
 152.7238106,2.2565576e+04
 152.7442448,2.2564154e+04
 152.7646790,2.2583000e+04
 152.7851131,2.2568551e+04
 152.8055472,2.2578975e+04
 152.8259813,2.2569123e+04
 152.8464155,2.2576150e+04
 152.8668497,2.2573412e+04
 152.8872838,2.2555053e+04
 152.9077180,2.2573320e+04
 152.9281522,2.2577637e+04
 152.9485863,2.2573947e+04
 152.9690204,2.2563432e+04
 152.9894546,2.2577412e+04
 153.0098888,2.2556387e+04
 153.0303228,2.2579838e+04
 153.0507571,2.2585398e+04
 153.0711912,2.2562762e+04
 153.0916253,2.2581283e+04
 153.1120594,2.2576672e+04
 153.1324937,2.2570043e+04
 153.1529277,2.2581621e+04
 153.1733619,2.2572584e+04
 153.1937960,2.2569463e+04
 153.2142303,2.2579980e+04
 153.2346644,2.2578455e+04
 153.2550985,2.2579857e+04
 153.2755327,2.2575955e+04
 153.2959669,2.2578551e+04
 153.3164009,2.2576885e+04
 153.3368351,2.2561080e+04
 153.3572692,2.2578172e+04
 153.3777034,2.2590723e+04
 153.3981375,2.2575811e+04
 153.4185718,2.2578955e+04
 153.4390059,2.2576213e+04
 153.4594399,2.2555514e+04
 153.4798741,2.2578029e+04
 153.5003083,2.2574988e+04
 153.5207424,2.2580025e+04
 153.5411765,2.2592189e+04
 153.5616108,2.2568713e+04
 153.5820448,2.2576842e+04
 153.6024790,2.2566367e+04
 153.6229131,2.2579957e+04
 153.6433473,2.2587395e+04
 153.6637814,2.2580215e+04
 153.6842155,2.2581848e+04
 153.7046496,2.2569787e+04
 153.7250838,2.2560293e+04
 153.7455180,2.2563570e+04
 153.7659520,2.2564576e+04
 153.7863863,2.2587668e+04
 153.8068204,2.2589035e+04
 153.8272545,2.2592215e+04
 153.8476886,2.2568461e+04
 153.8681228,2.2590930e+04
 153.8885569,2.2566807e+04
 153.9089910,2.2568736e+04
 153.9294253,2.2574527e+04
 153.9498594,2.2582189e+04
 153.9702934,2.2583770e+04
 153.9907276,2.2575139e+04
 154.0111618,2.2586006e+04
 154.0315959,2.2579049e+04
 154.0520300,2.2560143e+04
 154.0724642,2.2572178e+04
 154.0928983,2.2569748e+04
 154.1133324,2.2567580e+04
 154.1337666,2.2563670e+04
 154.1542007,2.2557242e+04
 154.1746348,2.2573336e+04
 154.1950690,2.2578982e+04
 154.2155031,2.2553717e+04
 154.2359373,2.2573383e+04
 154.2563714,2.2571623e+04
 154.2768054,2.2575527e+04
 154.2972397,2.2584119e+04
 154.3176738,2.2577932e+04
 154.3381078,2.2580799e+04
 154.3585420,2.2561662e+04
 154.3789762,2.2581256e+04
 154.3994103,2.2590559e+04
 154.4198444,2.2568912e+04
 154.4402786,2.2573326e+04
 154.4607128,2.2560236e+04
 154.4811468,2.2558051e+04
 154.5015809,2.2563258e+04
 154.5220152,2.2555838e+04
 154.5424492,2.2572162e+04
 154.5628833,2.2583070e+04
 154.5833176,2.2584039e+04
 154.6037516,2.2569820e+04
 154.6241857,2.2576223e+04
 154.6446199,2.2571094e+04
 154.6650540,2.2566807e+04
 154.6854881,2.2562648e+04
 154.7059223,2.2563576e+04
 154.7263565,2.2573340e+04
 154.7467905,2.2566336e+04
 154.7672247,2.2574518e+04
 154.7876588,2.2553793e+04
 154.8080929,2.2553936e+04
 154.8285271,2.2561223e+04
 154.8489611,2.2571160e+04
 154.8693953,2.2562570e+04
 154.8898295,2.2571008e+04
 154.9102636,2.2567732e+04
 154.9306977,2.2576932e+04
 154.9511319,2.2584035e+04
 154.9715660,2.2563877e+04
 154.9920001,2.2564049e+04
 155.0124342,2.2559902e+04
 155.0328684,2.2585441e+04
 155.0533025,2.2553850e+04
 155.0737365,2.2580242e+04
 155.0941708,2.2566557e+04
 155.1146049,2.2568836e+04
 155.1350389,2.2566172e+04
 155.1554731,2.2548596e+04
 155.1759073,2.2552246e+04
 155.1963414,2.2560695e+04
 155.2167754,2.2540572e+04
 155.2372096,2.2554520e+04
 155.2576438,2.2566359e+04
 155.2780778,         null
 155.2985119,2.2569877e+04
 155.3189462,2.2560367e+04
 155.3393802,2.2560736e+04
 155.3598143,2.2554244e+04
 155.3802485,2.2544977e+04
 155.4006826,2.2550760e+04
 155.4211167,2.2572625e+04
 155.4415508,2.2552396e+04
 155.4619851,2.2550812e+04
 155.4824191,2.2545645e+04
 155.5028532,2.2566680e+04
 155.5232872,2.2543490e+04
 155.5437215,2.2554084e+04
 155.5641556,         null
 155.5845896,2.2554393e+04
 155.6050238,2.2557859e+04
 155.6254579,2.2554471e+04
 155.6458921,2.2553371e+04
 155.6663261,2.2548082e+04
 155.6867603,2.2546406e+04
 155.7071944,2.2545502e+04
 155.7276285,2.2547002e+04
 155.7480626,2.2543342e+04
 155.7684968,2.2544627e+04
 155.7889308,2.2545945e+04
 155.8093649,2.2545631e+04
 155.8297992,2.2548895e+04
 155.8502332,2.2561693e+04
 155.8706673,2.2541982e+04
 155.8911014,2.2536414e+04
 155.9115356,2.2538135e+04
 155.9319697,2.2548105e+04
 155.9524038,2.2548568e+04
 155.9728380,2.2545592e+04
 155.9932720,2.2535332e+04
 156.0137061,2.2526723e+04
 156.0341402,2.2539000e+04
 156.0545744,2.2534768e+04
 156.0750085,2.2537240e+04
 156.0954426,2.2554744e+04
 156.1158767,2.2548744e+04
 156.1363109,2.2534805e+04
 156.1567450,2.2524781e+04
 156.1771790,2.2541018e+04
 156.1976132,2.2515932e+04
 156.2180473,2.2536900e+04
 156.2384813,2.2533271e+04
 156.2589155,2.2543760e+04
 156.2793497,2.2516543e+04
 156.2997837,2.2546455e+04
 156.3202178,2.2528184e+04
 156.3406520,2.2522930e+04
 156.3610860,2.2527605e+04
 156.3815201,2.2535016e+04
 156.4019543,2.2530754e+04
 156.4223885,2.2534475e+04
 156.4428225,2.2521320e+04
 156.4632566,2.2532385e+04
 156.4836908,2.2528369e+04
 156.5041248,2.2521365e+04
 156.5245589,2.2518623e+04
 156.5449931,2.2522824e+04
 156.5654272,2.2519113e+04
 156.5858613,2.2507098e+04
 156.6062954,2.2520447e+04
 156.6267295,2.2525439e+04
 156.6471636,2.2521016e+04
 156.6675977,2.2529846e+04
 156.6880318,2.2532213e+04
 156.7084659,2.2503852e+04
 156.7289001,2.2512213e+04
 156.7493342,2.2516443e+04
 156.7697682,2.2510578e+04
 156.7902024,2.2521678e+04
 156.8106365,2.2515389e+04
 156.8310706,2.2514076e+04
 156.8515047,2.2499070e+04
 156.8719388,2.2504006e+04
 156.8923729,2.2504840e+04
 156.9128069,2.2514393e+04
 156.9332412,2.2506893e+04
 156.9536753,2.2505057e+04
 156.9741093,2.2509729e+04
 156.9945435,2.2489191e+04
 157.0149776,2.2491324e+04
 157.0354116,2.2503908e+04
 157.0558457,2.2509072e+04
 157.0762799,2.2518529e+04
 157.0967139,2.2501859e+04
 157.1171480,2.2507406e+04
 157.1375822,2.2499777e+04
 157.1580163,2.2506762e+04
 157.1784503,2.2503119e+04
 157.1988844,2.2514873e+04
 157.2193186,2.2513508e+04
 157.2397527,2.2501424e+04
 157.2601868,2.2505590e+04
 157.2806209,2.2493475e+04
 157.3010550,2.2508432e+04
 157.3214891,2.2488678e+04
 157.3419232,2.2491779e+04
 157.3623573,2.2512613e+04
 157.3827914,2.2498787e+04
 157.4032255,2.2496184e+04
 157.4236595,2.2488611e+04
 157.4440937,2.2496070e+04
 157.4645278,2.2501500e+04
 157.4849618,2.2481229e+04
 157.5053960,2.2499457e+04
 157.5258301,2.2494057e+04
 157.5462641,2.2499373e+04
 157.5666982,2.2502838e+04
 157.5871324,2.2488098e+04
 157.6075664,2.2494643e+04
 157.6280005,2.2484955e+04
 157.6484347,2.2473619e+04
 157.6688688,2.2484115e+04
 157.6893028,2.2508939e+04
 157.7097369,2.2488438e+04
 157.7301711,2.2491459e+04
 157.7506051,2.2478332e+04
 157.7710392,2.2485018e+04
 157.7914734,2.2499498e+04
 157.8119074,2.2485023e+04
 157.8323415,2.2483520e+04
 157.8527756,2.2489410e+04
 157.8732097,2.2494459e+04
 157.8936438,2.2468531e+04
 157.9140779,2.2496797e+04
 157.9345119,2.2502402e+04
 157.9549461,2.2490518e+04
 157.9753802,2.2491377e+04
 157.9958142,2.2481609e+04
 158.0162484,2.2493652e+04
 158.0366825,2.2494939e+04
 158.0571165,2.2486201e+04
 158.0775506,2.2495721e+04
 158.0979848,2.2482613e+04
 158.1184189,2.2497184e+04
 158.1388528,2.2484965e+04
 158.1592870,2.2479889e+04
 158.1797211,2.2479043e+04
 158.2001551,2.2485893e+04
 158.2205892,2.2478346e+04
 158.2410234,2.2494939e+04
 158.2614574,         null
 158.2818915,2.2497822e+04
 158.3023257,2.2477916e+04
 158.3227598,2.2470273e+04
 158.3431938,2.2497619e+04
 158.3636279,2.2476449e+04
 158.3840621,2.2476668e+04
 158.4044962,2.2500668e+04
 158.4249302,2.2484000e+04
 158.4453642,2.2474918e+04
 158.4657984,2.2490053e+04
 158.4862324,2.2481553e+04
 158.5066665,2.2494705e+04
 158.5271007,2.2489211e+04
 158.5475347,2.2486588e+04
 158.5679688,2.2472355e+04
 158.5884029,2.2483406e+04
 158.6088370,2.2490221e+04
 158.6292711,2.2494109e+04
 158.6497051,2.2482514e+04
 158.6701393,2.2476627e+04
 158.6905733,2.2490533e+04
 158.7110074,2.2473789e+04
 158.7314414,2.2479533e+04
 158.7518756,2.2476883e+04
 158.7723097,2.2479100e+04
 158.7927438,2.2486361e+04
 158.8131778,2.2470600e+04
 158.8336119,2.2462844e+04
 158.8540460,2.2478307e+04
 158.8744800,2.2501406e+04
 158.8949142,2.2485572e+04
 158.9153483,2.2471338e+04
 158.9357823,2.2474682e+04
 158.9562165,2.2468053e+04
 158.9766505,2.2487615e+04
 158.9970845,2.2479297e+04
 159.0175186,2.2474018e+04
 159.0379528,2.2476494e+04
 159.0583868,2.2482131e+04
 159.0788209,2.2472910e+04
 159.0992549,2.2471814e+04
 159.1196891,2.2481076e+04
 159.1401231,2.2484635e+04
 159.1605572,2.2471018e+04
 159.1809914,2.2462180e+04
 159.2014254,2.2475479e+04
 159.2218594,2.2475279e+04
 159.2422934,2.2476797e+04
 159.2627276,2.2474918e+04
 159.2831617,2.2472143e+04
 159.3035958,2.2467771e+04
 159.3240298,2.2465930e+04
 159.3444639,2.2472039e+04
 159.3648980,2.2483016e+04
 159.3853320,2.2484590e+04
 159.4057662,2.2469535e+04
 159.4262003,2.2473264e+04
 159.4466342,2.2473293e+04
 159.4670684,2.2468424e+04
 159.4875025,2.2475354e+04
 159.5079365,2.2465773e+04
 159.5283705,2.2469289e+04
 159.5488047,2.2477502e+04
 159.5692387,2.2493066e+04
 159.5896728,2.2465607e+04
 159.6101069,2.2474227e+04
 159.6305410,2.2469549e+04
 159.6509750,2.2478514e+04
 159.6714091,2.2467305e+04
 159.6918433,2.2472904e+04
 159.7122772,2.2459748e+04
 159.7327113,2.2461203e+04
 159.7531454,2.2470453e+04
 159.7735795,2.2472146e+04
 159.7940136,2.2463088e+04
 159.8144476,2.2474121e+04
 159.8348817,2.2462416e+04
 159.8553158,2.2455121e+04
 159.8757499,2.2477986e+04
 159.8961838,2.2482350e+04
 159.9166180,2.2454623e+04
 159.9370521,2.2471820e+04
 159.9574862,2.2464207e+04
 159.9779202,2.2470939e+04
 159.9983543,2.2464447e+04
 160.0187884,2.2465943e+04
 160.0392224,2.2474518e+04
 160.0596565,2.2463021e+04
 160.0800906,2.2451229e+04
 160.1005247,2.2474928e+04
 160.1209586,2.2468754e+04
 160.1413928,2.2478004e+04
 160.1618269,2.2461111e+04
 160.1822608,2.2463408e+04
 160.2026950,2.2469752e+04
 160.2231291,2.2459293e+04
 160.2435631,2.2460316e+04
 160.2639971,2.2454164e+04
 160.2844313,2.2466393e+04
 160.3048653,2.2457189e+04
 160.3252993,2.2453568e+04
 160.3457335,2.2463473e+04
 160.3661676,2.2464797e+04
 160.3866015,2.2444293e+04
 160.4070356,2.2460410e+04
 160.4274698,2.2467756e+04
 160.4479038,2.2467926e+04
 160.4683378,2.2461121e+04
 160.4887720,2.2454490e+04
 160.5092060,2.2459141e+04
 160.5296400,2.2453402e+04
 160.5500741,2.2462564e+04
 160.5705082,2.2467717e+04
 160.5909422,2.2468848e+04
 160.6113763,2.2459908e+04
 160.6318103,2.2461514e+04
 160.6522444,2.2460996e+04
 160.6726785,2.2444346e+04
 160.6931125,2.2453727e+04
 160.7135466,2.2477086e+04
 160.7339807,2.2451436e+04
 160.7544146,2.2464674e+04
 160.7748487,2.2468725e+04
 160.7952829,2.2458221e+04
 160.8157169,2.2446693e+04
 160.8361509,2.2459049e+04
 160.8565851,2.2466502e+04
 160.8770191,2.2469674e+04
 160.8974531,2.2452648e+04
 160.9178872,2.2454066e+04
 160.9383213,2.2448838e+04
 160.9587553,2.2453680e+04
 160.9791893,2.2463627e+04
 160.9996235,2.2454885e+04
 161.0200575,2.2455922e+04
 161.0404915,2.2462668e+04
 161.0609256,2.2445643e+04
 161.0813597,2.2462631e+04
 161.1017937,2.2453754e+04
 161.1222278,2.2450844e+04
 161.1426619,2.2462160e+04
 161.1630959,2.2460586e+04
 161.1835300,2.2459010e+04
 161.2039639,2.2467137e+04
 161.2243981,2.2453613e+04
 161.2448321,         null
 161.2652662,2.2449158e+04
 161.2857001,2.2456971e+04
 161.3061343,2.2462555e+04
 161.3265684,2.2459961e+04
 161.3470023,2.2464895e+04
 161.3674365,2.2456592e+04
 161.3878705,2.2455932e+04
 161.4083045,2.2466184e+04
 161.4287385,2.2457893e+04
 161.4491727,2.2458119e+04
 161.4696067,2.2461686e+04
 161.4900407,2.2459773e+04
 161.5104749,2.2460588e+04
 161.5309088,2.2459311e+04
 161.5513429,2.2454711e+04
 161.5717769,2.2480576e+04
 161.5922111,2.2461385e+04
 161.6126450,2.2457049e+04
 161.6330791,2.2450484e+04
 161.6535133,2.2459680e+04
 161.6739473,2.2459934e+04
 161.6943813,2.2463475e+04
 161.7148153,2.2459602e+04
 161.7352495,2.2454596e+04
 161.7556834,2.2452604e+04
 161.7761175,2.2447611e+04
 161.7965515,2.2464770e+04
 161.8169856,2.2456180e+04
 161.8374196,2.2449410e+04
 161.8578537,2.2453283e+04
 161.8782878,2.2451330e+04
 161.8987218,2.2442180e+04
 161.9191558,2.2451260e+04
 161.9395898,2.2446373e+04
 161.9600239,2.2460453e+04
 161.9804580,2.2459035e+04
 162.0008920,2.2448529e+04
 162.0213261,2.2462115e+04
 162.0417601,2.2450301e+04
 162.0621942,2.2454418e+04
 162.0826281,2.2449191e+04
 162.1030623,2.2448482e+04
 162.1234963,2.2448766e+04
 162.1439303,2.2457266e+04
 162.1643644,2.2455188e+04
 162.1847985,2.2437863e+04
 162.2052324,2.2436938e+04
 162.2256665,2.2441512e+04
 162.2461006,2.2438072e+04
 162.2665346,2.2438938e+04
 162.2869686,2.2452768e+04
 162.3074028,2.2444539e+04
 162.3278368,2.2452186e+04
 162.3482707,2.2437402e+04
 162.3687048,2.2450406e+04
 162.3891389,2.2451379e+04
 162.4095729,2.2430795e+04
 162.4300069,2.2445715e+04
 162.4504409,2.2463883e+04
 162.4708750,2.2442420e+04
 162.4913091,2.2451951e+04
 162.5117425,2.2433730e+04
 162.5321766,2.2437172e+04
 162.5526106,2.2460100e+04
 162.5730446,2.2440475e+04
 162.5934787,2.2437078e+04
 162.6139128,2.2441014e+04
 162.6343468,2.2441232e+04
 162.6547808,2.2435506e+04
 162.6752149,2.2428938e+04
 162.6956489,2.2445807e+04
 162.7160829,2.2463273e+04
 162.7365170,2.2430719e+04
 162.7569510,2.2430312e+04
 162.7773851,2.2440211e+04
 162.7978191,2.2426645e+04
 162.8182531,2.2437043e+04
 162.8386872,2.2438947e+04
 162.8591212,2.2430133e+04
 162.8795552,2.2425010e+04
 162.8999893,2.2428928e+04
 162.9204233,2.2427818e+04
 162.9408573,2.2425029e+04
 162.9612913,2.2435158e+04
 162.9817254,2.2424846e+04
 163.0021594,2.2421143e+04
 163.0225934,2.2428656e+04
 163.0430276,2.2419895e+04
 163.0634616,2.2433449e+04
 163.0838955,2.2443234e+04
 163.1043296,2.2427916e+04
 163.1247637,2.2417025e+04
 163.1451976,2.2434262e+04
 163.1656317,2.2435393e+04
 163.1860658,2.2426871e+04
 163.2064998,2.2417420e+04
 163.2269338,2.2433721e+04
 163.2473678,2.2434947e+04
 163.2678019,2.2417328e+04
 163.2882359,2.2419391e+04
 163.3086699,2.2438014e+04
 163.3291041,2.2415131e+04
 163.3495380,2.2427982e+04
 163.3699720,2.2432326e+04
 163.3904060,2.2415021e+04
 163.4108401,2.2419918e+04
 163.4312741,2.2423252e+04
 163.4517081,2.2427787e+04
 163.4721422,2.2426564e+04
 163.4925762,2.2413957e+04
 163.5130103,2.2412662e+04
 163.5334442,2.2416191e+04
 163.5538783,2.2415199e+04
 163.5743123,2.2426393e+04
 163.5947463,2.2415240e+04
 163.6151803,2.2426846e+04
 163.6356144,2.2421127e+04
 163.6560484,2.2433037e+04
 163.6764824,2.2418523e+04
 163.6969165,2.2403117e+04
 163.7173505,2.2419783e+04
 163.7377845,2.2433379e+04
 163.7582185,2.2424994e+04
 163.7786525,2.2403141e+04
 163.7990866,2.2407225e+04
 163.8195206,2.2398570e+04
 163.8399547,2.2406662e+04
 163.8603887,2.2441502e+04
 163.8808227,2.2418652e+04
 163.9012566,2.2428990e+04
 163.9216907,2.2408189e+04
 163.9421248,2.2426574e+04
 163.9625588,2.2420803e+04
 163.9829928,2.2396729e+04
 164.0034268,2.2417510e+04
 164.0238609,2.2413309e+04
 164.0442948,2.2412938e+04
 164.0647289,2.2396432e+04
 164.0851629,2.2410691e+04
 164.1055970,2.2409641e+04
 164.1260309,2.2410348e+04
 164.1464650,2.2394893e+04
 164.1668989,2.2415000e+04
 164.1873330,2.2391670e+04
 164.2077671,2.2384576e+04
 164.2282011,         null
 164.2486350,2.2401525e+04
 164.2690691,2.2396178e+04
 164.2895031,2.2402387e+04
 164.3099371,2.2411795e+04
 164.3303711,2.2404572e+04
 164.3508052,2.2394854e+04
 164.3712393,2.2395484e+04
 164.3916732,2.2392893e+04
 164.4121072,2.2404893e+04
 164.4325412,2.2389715e+04
 164.4529753,2.2403178e+04
 164.4734093,2.2394207e+04
 164.4938434,2.2392934e+04
 164.5142773,2.2401771e+04
 164.5347113,2.2403906e+04
 164.5551454,2.2401043e+04
 164.5755794,2.2416314e+04
 164.5960134,2.2391529e+04
 164.6164474,2.2383078e+04
 164.6368813,2.2387320e+04
 164.6573154,2.2387131e+04
 164.6777495,2.2395754e+04
 164.6981835,2.2391465e+04
 164.7186175,2.2398686e+04
 164.7390515,2.2394391e+04
 164.7594855,2.2383479e+04
 164.7799194,2.2385475e+04
 164.8003536,2.2390365e+04
 164.8207876,2.2391996e+04
 164.8412215,2.2383383e+04
 164.8616556,2.2386344e+04
 164.8820896,2.2384658e+04
 164.9025235,2.2383889e+04
 164.9229576,2.2372262e+04
 164.9433917,2.2381230e+04
 164.9638256,2.2373744e+04
 164.9842596,2.2377703e+04
