        TIME,  PDCSAP_FLUX
 131.5116876,1.7204877e+04
 131.5321221,1.7202396e+04
 131.5525566,1.7203170e+04
 131.5729910,1.7214053e+04
 131.5934255,1.7209631e+04
 131.6138601,1.7206875e+04
 131.6342945,1.7200547e+04
 131.6547290,1.7201971e+04
 131.6751636,1.7196971e+04
 131.6955981,1.7209682e+04
 131.7160325,1.7200893e+04
 131.7364670,1.7194412e+04
 131.7569016,1.7211664e+04
 131.7773359,1.7200252e+04
 131.7977704,1.7185045e+04
 131.8182050,1.7205238e+04
 131.8386394,1.7199223e+04
 131.8590739,1.7186154e+04
 131.8795084,1.7190736e+04
 131.8999429,1.7193525e+04
 131.9203774,1.7194980e+04
 131.9408119,1.7186602e+04
 131.9612464,1.7199730e+04
 131.9816809,1.7194004e+04
 132.0021154,1.7185496e+04
 132.0225497,1.7191596e+04
 132.0429843,1.7191680e+04
 132.0634188,1.7230561e+04
 132.0838532,1.7185160e+04
 132.1042877,1.7197189e+04
 132.1247223,1.7203746e+04
 132.1451567,1.7184406e+04
 132.1655912,1.7207812e+04
 132.1860258,1.7194666e+04
 132.2064603,1.7201172e+04
 132.2268947,1.7189887e+04
 132.2473292,1.7186604e+04
 132.2677637,1.7210445e+04
 132.2881981,1.7184441e+04
 132.3086326,1.7204117e+04
 132.3290672,1.7195906e+04
 132.3495016,1.7200074e+04
 132.3699361,1.7197037e+04
 132.3903706,1.7190312e+04
 132.4108051,1.7204078e+04
 132.4312396,1.7190293e+04
 132.4516741,1.7183268e+04
 132.4721087,1.7190146e+04
 132.4925430,1.7196512e+04
 132.5129775,1.7191174e+04
 132.5334119,1.7184799e+04
 132.5538465,1.7213508e+04
 132.5742810,1.7198059e+04
 132.5947154,1.7186035e+04
 132.6151500,1.7188031e+04
 132.6355845,1.7205922e+04
 132.6560190,1.7190492e+04
 132.6764534,1.7190168e+04
 132.6968880,1.7186355e+04
 132.7173225,1.7205422e+04
 132.7377568,1.7195096e+04
 132.7581914,1.7196357e+04
 132.7786259,1.7184643e+04
 132.7990603,1.7187811e+04
 132.8194948,1.7192713e+04
 132.8399294,1.7174484e+04
 132.8603638,1.7187277e+04
 132.8807983,1.7189342e+04
 132.9012329,1.7190057e+04
 132.9216673,1.7180967e+04
 132.9421018,1.7211098e+04
 132.9625363,1.7179865e+04
 132.9829708,1.7196488e+04
 133.0034052,1.7182586e+04
 133.0238397,1.7192809e+04
 133.0442742,1.7185768e+04
 133.0647087,1.7194588e+04
 133.0851432,1.7210588e+04
 133.1055777,1.7201850e+04
 133.1260122,1.7183824e+04
 133.1464467,1.7195984e+04
 133.1668812,1.7203863e+04
 133.1873157,1.7194779e+04
 133.2077502,1.7201953e+04
 133.2281846,1.7199525e+04
 133.2486191,1.7199420e+04
 133.2690536,1.7187652e+04
 133.2894881,1.7205967e+04
 133.3099226,1.7200480e+04
 133.3303570,1.7175316e+04
 133.3507916,1.7213686e+04
 133.3712261,1.7190506e+04
 133.3916606,1.7195490e+04
 133.4120951,1.7191996e+04
 133.4325296,1.7202568e+04
 133.4529640,1.7202328e+04
 133.4733984,1.7206320e+04
 133.4938330,1.7188369e+04
 133.5142675,1.7207818e+04
 133.5347019,1.7216793e+04
 133.5551365,1.7203775e+04
 133.5755710,1.7192703e+04
 133.5960054,1.7215459e+04
 133.6164399,1.7207027e+04
 133.6368745,1.7210430e+04
 133.6573090,1.7192025e+04
 133.6777433,1.7204191e+04
 133.6981779,1.7197533e+04
 133.7186124,1.7194477e+04
 133.7390468,1.7203725e+04
 133.7594813,1.7202957e+04
 133.7799159,1.7218709e+04
 133.8003503,1.7200113e+04
 133.8207848,1.7185041e+04
 133.8412193,1.7197701e+04
 133.8616538,1.7213416e+04
 133.8820883,1.7210566e+04
 133.9025228,1.7199346e+04
 133.9229572,1.7200656e+04
 133.9433917,1.7193191e+04
 133.9638262,1.7207078e+04
 133.9842606,1.7219518e+04
 134.0046952,1.7195061e+04
 134.0251297,1.7207334e+04
 134.0455641,1.7211836e+04
 134.0659987,1.7215764e+04
 134.0864332,1.7207225e+04
 134.1068676,1.7196748e+04
 134.1273021,1.7207400e+04
 134.1477366,1.7209008e+04
 134.1681711,1.7202461e+04
 134.1886055,1.7213396e+04
 134.2090401,1.7204264e+04
 134.2294746,1.7210158e+04
 134.2499090,1.7205922e+04
 134.2703435,1.7220168e+04
 134.2907781,1.7211807e+04
 134.3112125,1.7202672e+04
 134.3316470,1.7213338e+04
 134.3520816,1.7218268e+04
 134.3725159,1.7215609e+04
 134.3929504,         null
 134.4133849,1.7229910e+04
 134.4338194,1.7233795e+04
 134.4542539,1.7212410e+04
 134.4746884,1.7202766e+04
 134.4951230,1.7197207e+04
 134.5155574,1.7218846e+04
 134.5359919,1.7232414e+04
 134.5564263,1.7222520e+04
 134.5768609,1.7212531e+04
 134.5972953,1.7202711e+04
 134.6177297,1.7205379e+04
 134.6381642,1.7219201e+04
 134.6585988,1.7221982e+04
 134.6790333,1.7191660e+04
 134.6994678,1.7213484e+04
 134.7199023,1.7202904e+04
 134.7403368,1.7207525e+04
 134.7607712,1.7211893e+04
 134.7812057,1.7215521e+04
 134.8016403,1.7215609e+04
 134.8220747,1.7214455e+04
 134.8425091,1.7226209e+04
 134.8629437,1.7236420e+04
 134.8833782,1.7213391e+04
 134.9038127,1.7228305e+04
 134.9242471,1.7212027e+04
 134.9446817,1.7234443e+04
 134.9651162,1.7223334e+04
 134.9855506,1.7205484e+04
 135.0059852,1.7236885e+04
 135.0264197,1.7219461e+04
 135.0468540,1.7234688e+04
 135.0672885,1.7225123e+04
 135.0877231,1.7216250e+04
 135.1081575,1.7222561e+04
 135.1285920,1.7221496e+04
 135.1490266,1.7235891e+04
 135.1694611,1.7219201e+04
 135.1898955,1.7210133e+04
 135.2103300,1.7228107e+04
 135.2307646,1.7227607e+04
 135.2511990,1.7226371e+04
 135.2716334,1.7223166e+04
 135.2920678,1.7229877e+04
 135.3125024,1.7213652e+04
 135.3329369,1.7210410e+04
 135.3533713,1.7227254e+04
 135.3738059,1.7234129e+04
 135.3942404,1.7217828e+04
 135.4146749,1.7221643e+04
 135.4351093,1.7221258e+04
 135.4555439,1.7248047e+04
 135.4759783,1.7235281e+04
 135.4964127,1.7223215e+04
 135.5168473,1.7220256e+04
 135.5372818,1.7220734e+04
 135.5577162,1.7225039e+04
 135.5781507,1.7245672e+04
 135.5985853,1.7218066e+04
 135.6190197,1.7221695e+04
 135.6394542,1.7225150e+04
 135.6598888,1.7222779e+04
 135.6803232,1.7207902e+04
 135.7007576,1.7233928e+04
 135.7211921,1.7238463e+04
 135.7416267,1.7226801e+04
 135.7620611,1.7235641e+04
 135.7824956,1.7224557e+04
 135.8029302,1.7231211e+04
 135.8233646,1.7223738e+04
 135.8437991,1.7209898e+04
 135.8642336,1.7235053e+04
 135.8846680,1.7206301e+04
 135.9051025,1.7236854e+04
 135.9255370,1.7236256e+04
 135.9459714,1.7234254e+04
 135.9664060,1.7237848e+04
 135.9868405,1.7238988e+04
 136.0072749,1.7233975e+04
 136.0277095,1.7225971e+04
 136.0481440,1.7239119e+04
 136.0685784,1.7243594e+04
 136.0890128,1.7236744e+04
 136.1094474,1.7212152e+04
 136.1298819,1.7228283e+04
 136.1503163,1.7230738e+04
 136.1707509,1.7220930e+04
 136.1911854,1.7231449e+04
 136.2116198,1.7218869e+04
 136.2320543,1.7244656e+04
 136.2524889,1.7225668e+04
 136.2729233,1.7230533e+04
 136.2933577,1.7234020e+04
 136.3137923,1.7236322e+04
 136.3342267,1.7232533e+04
 136.3546612,1.7236922e+04
 136.3750957,1.7222459e+04
 136.3955302,1.7221209e+04
 136.4159647,1.7237850e+04
 136.4363992,1.7246477e+04
 136.4568338,1.7225779e+04
 136.4772682,1.7245818e+04
 136.4977026,1.7227947e+04
 136.5181371,1.7227555e+04
 136.5385716,1.7228895e+04
 136.5590061,1.7250738e+04
 136.5794406,1.7235664e+04
 136.5998751,1.7235223e+04
 136.6203096,1.7247957e+04
 136.6407441,1.7226438e+04
 136.6611786,1.7236316e+04
 136.6816130,1.7242266e+04
 136.7020475,1.7253936e+04
 136.7224820,1.7235537e+04
 136.7429164,1.7229512e+04
 136.7633510,1.7243160e+04
 136.7837855,1.7226016e+04
 136.8042199,1.7240844e+04
 136.8246545,1.7237762e+04
 136.8450890,1.7247551e+04
 136.8655234,1.7245996e+04
 136.8859578,1.7231625e+04
 136.9063924,1.7239330e+04
 136.9268269,1.7225174e+04
 136.9472613,1.7231686e+04
 136.9676959,1.7229883e+04
 136.9881304,1.7243035e+04
 137.0085648,1.7249508e+04
 137.0289993,1.7230502e+04
 137.0494338,1.7245545e+04
 137.0698682,1.7231354e+04
 137.0903027,1.7235400e+04
 137.1107373,1.7231400e+04
 137.1311717,1.7237111e+04
 137.1516062,1.7244930e+04
 137.1720407,1.7247816e+04
 137.1924753,1.7247012e+04
 137.2129097,1.7239812e+04
 137.2333441,1.7225512e+04
 137.2537785,1.7238154e+04
 137.2742131,1.7224934e+04
 137.2946476,1.7241572e+04
 137.3150820,1.7246463e+04
 137.3355166,1.7265160e+04
 137.3559511,1.7236805e+04
 137.3763856,         null
 137.3968200,1.7252432e+04
 137.4172545,1.7233518e+04
 137.4376890,1.7249094e+04
 137.4581234,1.7242213e+04
 137.4785580,1.7239908e+04
 137.4989925,1.7243516e+04
 137.5194269,1.7242586e+04
 137.5398614,1.7237037e+04
 137.5602960,1.7240359e+04
 137.5807304,1.7238531e+04
 137.6011648,1.7240674e+04
 137.6215994,1.7247314e+04
 137.6420339,1.7235170e+04
 137.6624683,1.7251117e+04
 137.6829028,1.7249695e+04
 137.7033374,1.7251943e+04
 137.7237718,1.7236758e+04
 137.7442063,1.7233572e+04
 137.7646408,1.7230938e+04
 137.7850752,1.7247607e+04
 137.8055097,1.7240000e+04
 137.8259441,1.7221557e+04
 137.8463787,1.7234291e+04
 137.8668132,1.7235107e+04
 137.8872477,1.7243463e+04
 137.9076821,1.7224305e+04
 137.9281166,1.7250184e+04
 137.9485511,1.7243475e+04
 137.9689855,1.7240727e+04
 137.9894201,1.7232316e+04
 138.0098546,1.7238578e+04
 138.0302890,1.7247301e+04
 138.0507235,1.7224441e+04
 138.0711581,1.7231262e+04
 138.0915925,1.7225422e+04
 138.1120269,1.7242105e+04
 138.1324615,1.7232799e+04
 138.1528960,1.7229496e+04
 138.1733304,1.7245904e+04
 138.1937649,1.7237963e+04
 138.2141995,1.7248680e+04
 138.2346340,1.7248469e+04
 138.2550683,1.7249166e+04
 138.2755029,1.7250682e+04
 138.2959374,1.7242482e+04
 138.3163718,1.7243789e+04
 138.3368063,1.7240240e+04
 138.3572409,1.7254443e+04
 138.3776754,1.7235793e+04
 138.3981098,1.7249799e+04
 138.4185443,1.7232000e+04
 138.4389788,1.7233445e+04
 138.4594132,1.7247016e+04
 138.4798477,1.7231979e+04
 138.5002823,1.7249309e+04
 138.5207167,1.7243018e+04
 138.5411512,1.7244834e+04
 138.5615857,1.7246676e+04
 138.5820201,1.7244164e+04
 138.6024546,1.7246170e+04
 138.6228891,1.7231121e+04
 138.6433236,1.7248377e+04
 138.6637581,1.7245609e+04
 138.6841926,1.7253139e+04
 138.7046270,1.7234273e+04
 138.7250616,1.7237807e+04
 138.7454960,1.7256012e+04
 138.7659304,1.7248299e+04
 138.7863650,1.7257828e+04
 138.8067995,1.7241311e+04
 138.8272339,1.7252502e+04
 138.8476684,1.7252596e+04
 138.8681030,1.7255303e+04
 138.8885374,1.7248279e+04
 138.9089718,1.7245213e+04
 138.9294064,1.7234420e+04
 138.9498409,1.7239361e+04
 138.9702753,1.7250404e+04
 138.9907098,1.7241371e+04
 139.0111444,1.7250826e+04
 139.0315787,1.7235783e+04
 139.0520132,1.7241820e+04
 139.0724478,1.7229029e+04
 139.0928822,1.7232830e+04
 139.1133167,1.7294881e+04
 139.1337512,1.7240705e+04
 139.1541857,1.7250209e+04
 139.1746202,1.7225908e+04
 139.1950546,1.7241680e+04
 139.2154890,1.7233303e+04
 139.2359236,1.7239527e+04
 139.2563581,1.7235938e+04
 139.2767925,1.7237664e+04
 139.2972271,1.7237180e+04
 139.3176616,1.7247578e+04
 139.3380960,1.7248273e+04
 139.3585304,1.7239148e+04
 139.3789650,1.7235016e+04
 139.3993995,1.7241146e+04
 139.4198339,1.7226516e+04
 139.4402685,1.7244967e+04
 139.4607030,1.7235098e+04
 139.4811373,1.7249838e+04
 139.5015718,1.7242615e+04
 139.5220064,1.7240652e+04
 139.5424408,1.7230410e+04
 139.5628753,1.7233916e+04
 139.5833099,1.7221771e+04
 139.6037442,1.7226646e+04
 139.6241787,1.7240072e+04
 139.6446132,1.7229711e+04
 139.6650478,1.7247867e+04
 139.6854822,1.7215254e+04
 139.7059167,1.7226994e+04
 139.7263512,1.7222070e+04
 139.7467856,1.7231400e+04
 139.7672201,1.7235029e+04
 139.7876546,1.7229785e+04
 139.8080891,1.7242887e+04
 139.8285236,1.7229658e+04
 139.8489581,1.7226168e+04
 139.8693926,1.7229078e+04
 139.8898270,1.7235631e+04
 139.9102615,1.7209426e+04
 139.9306960,1.7231121e+04
 139.9511306,1.7228393e+04
 139.9715650,1.7236529e+04
 139.9919995,1.7247982e+04
 140.0124338,1.7226432e+04
 140.0328684,1.7242811e+04
 140.0533029,1.7236057e+04
 140.0737374,1.7229230e+04
 140.0941719,1.7236047e+04
 140.1146064,1.7226029e+04
 140.1350409,1.7233768e+04
 140.1554752,1.7244350e+04
 140.1759098,1.7233215e+04
 140.1963443,1.7216061e+04
 140.2167787,1.7255113e+04
 140.2372133,1.7234580e+04
 140.2576478,1.7232025e+04
 140.2780821,1.7219562e+04
 140.2985166,1.7246775e+04
 140.3189512,1.7227299e+04
 140.3393856,1.7230836e+04
 140.3598201,         null
 140.3802546,1.7249793e+04
 140.4006891,1.7237629e+04
 140.4211235,1.7229740e+04
 140.4415580,1.7241885e+04
 140.4619926,1.7234486e+04
 140.4824270,1.7239645e+04
 140.5028615,1.7219059e+04
 140.5232959,1.7242389e+04
 140.5437304,1.7216672e+04
 140.5641649,1.7227080e+04
 140.5845994,1.7235680e+04
 140.6050339,1.7226949e+04
 140.6254684,1.7245588e+04
 140.6459029,1.7218742e+04
 140.6663372,1.7242807e+04
 140.6867718,1.7227287e+04
 140.7072063,1.7251773e+04
 140.7276407,1.7230146e+04
 140.7480753,1.7228889e+04
 140.7685098,1.7222646e+04
 140.7889441,1.7235225e+04
 140.8093786,1.7226715e+04
 140.8298132,1.7227955e+04
 140.8502477,1.7238451e+04
 140.8706821,1.7238070e+04
 140.8911165,1.7238637e+04
 140.9115511,1.7223750e+04
 140.9319855,1.7257820e+04
 140.9524200,1.7240492e+04
 140.9728546,1.7244463e+04
 140.9932890,1.7247723e+04
 141.0137234,1.7237822e+04
 141.0341579,1.7241393e+04
 141.0545924,1.7249098e+04
 141.0750269,1.7254117e+04
 141.0954614,1.7237574e+04
 141.1158959,1.7242164e+04
 141.1363303,1.7242666e+04
 141.1567648,1.7249771e+04
 141.1771992,1.7241469e+04
 141.1976338,1.7242125e+04
 141.2180683,1.7242711e+04
 141.2385027,1.7238158e+04
 141.2589372,1.7237615e+04
 141.2793717,1.7239336e+04
 141.2998061,1.7233238e+04
 141.3202406,1.7224309e+04
 141.3406752,1.7240047e+04
 141.3611096,1.7233566e+04
 141.3815440,1.7247307e+04
 141.4019785,1.7240439e+04
 141.4224131,1.7234037e+04
 141.4428476,1.7244498e+04
 141.4632820,1.7225896e+04
 141.4837165,1.7241180e+04
 141.5041510,1.7243145e+04
 141.5245854,1.7244947e+04
 141.5450199,1.7252004e+04
 141.5654544,1.7242244e+04
 141.5858889,1.7239174e+04
 141.6063233,1.7246479e+04
 141.6267579,1.7245947e+04
 141.6471924,1.7236672e+04
 141.6676268,1.7242023e+04
 141.6880613,1.7248381e+04
 141.7084958,1.7251938e+04
 141.7289302,1.7245549e+04
 141.7493647,1.7241277e+04
 141.7697993,1.7248820e+04
 141.7902337,1.7248797e+04
 141.8106681,1.7243805e+04
 141.8311026,1.7243160e+04
 141.8515371,1.7260529e+04
 141.8719716,1.7251451e+04
 141.8924061,1.7250320e+04
 141.9128406,1.7244793e+04
 141.9332750,1.7246412e+04
 141.9537095,1.7243467e+04
 141.9741439,1.7248137e+04
 141.9945785,1.7237223e+04
 142.0150129,1.7248859e+04
 142.0354473,1.7234750e+04
 142.0558818,1.7255445e+04
 142.0763164,1.7255600e+04
 142.0967509,1.7244764e+04
 142.1171852,1.7247135e+04
 142.1376198,1.7246092e+04
 142.1580543,1.7255002e+04
 142.1784887,1.7235549e+04
 142.1989232,1.7246494e+04
 142.2193577,1.7236072e+04
 142.2397921,1.7243926e+04
 142.2602266,1.7239164e+04
 142.2806612,1.7239201e+04
 142.3010956,1.7246379e+04
 142.3215300,1.7241582e+04
 142.3419645,1.7234793e+04
 142.3623991,1.7248328e+04
 142.3828335,1.7253311e+04
 142.4032680,1.7249178e+04
 142.4237025,1.7256982e+04
 142.4441369,1.7244084e+04
 142.4645714,1.7239150e+04
 142.4850058,1.7238791e+04
 142.5054404,1.7247451e+04
 142.5258748,1.7244930e+04
 142.5463093,1.7251854e+04
 142.5667437,1.7235152e+04
 142.5871783,1.7254428e+04
 142.6076128,1.7247488e+04
 142.6280471,1.7250746e+04
 142.6484817,1.7248385e+04
 142.6689162,1.7230645e+04
 142.6893506,1.7249354e+04
 142.7097851,1.7245217e+04
 142.7302196,1.7244547e+04
 142.7506540,1.7245914e+04
 142.7710885,1.7238715e+04
 142.7915231,1.7228986e+04
 142.8119574,1.7247877e+04
 142.8323919,1.7230572e+04
 142.8528264,1.7242010e+04
 142.8732610,1.7243275e+04
 142.8936954,1.7240348e+04
 142.9141298,1.7243547e+04
 142.9345644,1.7230727e+04
 142.9549988,1.7236346e+04
 142.9754333,1.7227648e+04
 142.9958677,1.7230301e+04
 143.0163022,1.7225629e+04
 143.0367367,1.7246686e+04
 143.0571712,1.7218207e+04
 143.0776057,1.7231859e+04
 143.0980401,1.7245072e+04
 143.1184746,1.7217701e+04
 143.1389091,1.7227453e+04
 143.1593436,1.7239336e+04
 143.1797781,1.7246723e+04
 143.2002124,1.7227846e+04
 143.2206469,1.7262451e+04
 143.2410815,1.7242957e+04
 143.2615160,1.7247523e+04
 143.2819504,1.7243412e+04
 143.3023849,1.7245695e+04
 143.3228194,1.7231254e+04
 143.3432539,         null
 143.3636883,1.7250232e+04
 143.3841228,1.7229801e+04
 143.4045573,1.7239289e+04
 143.4249917,1.7236049e+04
 143.4454263,1.7243891e+04
 143.4658607,1.7241334e+04
 143.4862951,1.7235934e+04
 143.5067296,1.7227701e+04
 143.5271642,1.7231146e+04
 143.5475986,1.7229816e+04
 143.5680330,1.7235982e+04
 143.5884676,1.7220156e+04
 143.6089021,1.7237562e+04
 143.6293365,1.7230141e+04
 143.6497709,1.7236738e+04
 143.6702055,1.7234299e+04
 143.6906399,1.7228920e+04
 143.7110744,1.7229648e+04
 143.7315088,1.7215396e+04
 143.7519433,1.7239904e+04
 143.7723778,1.7227939e+04
 143.7928123,1.7248410e+04
 143.8132467,1.7227830e+04
 143.8336812,1.7232859e+04
 143.8541157,1.7241609e+04
 143.8745501,1.7246789e+04
 143.8949846,1.7227088e+04
 143.9154191,1.7224352e+04
 143.9358535,1.7231137e+04
 143.9562881,1.7231961e+04
 143.9767225,1.7240951e+04
 143.9971569,1.7233309e+04
 144.0175914,1.7247986e+04
 144.0380260,1.7231469e+04
 144.0584604,1.7230512e+04
 144.0788948,1.7220158e+04
 144.0993294,1.7228400e+04
 144.1197639,1.7234988e+04
 144.1401983,1.7235684e+04
 144.1606327,1.7234443e+04
 144.1810673,1.7229877e+04
 144.2015017,1.7237230e+04
 144.2219362,1.7237926e+04
 144.2423707,1.7245961e+04
 144.2628051,1.7235428e+04
 144.2832396,1.7235756e+04
 144.3036740,1.7235906e+04
 144.3241085,1.7234832e+04
 144.3445430,1.7238996e+04
 144.3649775,1.7240652e+04
 144.3854118,1.7226199e+04
 144.4058464,1.7243178e+04
 144.4262809,1.7229947e+04
 144.4467153,1.7244504e+04
 144.4671498,1.7226219e+04
 144.4875843,1.7237615e+04
 144.5080187,1.7243078e+04
 144.5284532,1.7248459e+04
 144.5488877,1.7222912e+04
 144.5693222,1.7232359e+04
 144.5897566,1.7239729e+04
 144.6101912,1.7235211e+04
 144.6306256,1.7247316e+04
 144.6510600,1.7228322e+04
 144.6714945,1.7224473e+04
 144.6919291,1.7238371e+04
 144.7123634,1.7244723e+04
 144.7327979,1.7227166e+04
 144.7532325,1.7235096e+04
 144.7736669,1.7238537e+04
 144.7941013,1.7235551e+04
 144.8145358,1.7228371e+04
 144.8349704,1.7241686e+04
 144.8554047,1.7232867e+04
 144.8758392,1.7231812e+04
 144.8962737,1.7247557e+04
 144.9167082,1.7236930e+04
 144.9371426,1.7237906e+04
 144.9575771,1.7235029e+04
 144.9780117,1.7233531e+04
 144.9984461,1.7224184e+04
 145.0188805,1.7248672e+04
 145.0393150,1.7245768e+04
 145.0597495,1.7250225e+04
 145.0801839,1.7240684e+04
 145.1006184,1.7246162e+04
 145.1210530,1.7226637e+04
 145.1414874,1.7250727e+04
 145.1619218,1.7218467e+04
 145.1823562,1.7233029e+04
 145.2027908,1.7228650e+04
 145.2232253,1.7247357e+04
 145.2436596,1.7228693e+04
 145.2640942,1.7225668e+04
 145.2845287,1.7233521e+04
 145.3049631,1.7240932e+04
 145.3253975,1.7250979e+04
 145.3458321,1.7235270e+04
 145.3662666,1.7244906e+04
 145.3867009,1.7242430e+04
 145.4071355,1.7247713e+04
 145.4275700,1.7288209e+04
 145.4480043,1.7212525e+04
 145.4684388,1.7231354e+04
 145.4888734,1.7205801e+04
 145.5093078,1.7191873e+04
 145.5297422,1.7217170e+04
 145.5501767,1.7178803e+04
 145.5706113,1.7212590e+04
 145.5910456,1.7202807e+04
 145.6114801,1.7203695e+04
 145.6319147,1.7204672e+04
 145.6523491,1.7194621e+04
 145.6727835,1.7203623e+04
 145.6932179,1.7180623e+04
 145.7136525,1.7206139e+04
 145.7340869,1.7195438e+04
 145.7545214,1.7199113e+04
 145.7749559,1.7193914e+04
 145.7953903,1.7215299e+04
 145.8158248,1.7186490e+04
 145.8362592,1.7205494e+04
 145.8566938,1.7199686e+04
 145.8771282,1.7199453e+04
 145.8975626,1.7199471e+04
 145.9179972,1.7203367e+04
 145.9384316,1.7192562e+04
 145.9588660,1.7216154e+04
 145.9793005,1.7190420e+04
 145.9997350,1.7196023e+04
 146.0201695,1.7214926e+04
 146.0406039,1.7217189e+04
 146.0610385,1.7201219e+04
 146.0814729,1.7211748e+04
 146.1019073,1.7207902e+04
 146.1223418,1.7200244e+04
 146.1427763,1.7194912e+04
 146.1632107,1.7203783e+04
 146.1836452,1.7209707e+04
 146.2040796,1.7191508e+04
 146.2245141,1.7219979e+04
 146.2449486,1.7206605e+04
 146.2653830,1.7205678e+04
 146.2858175,1.7202812e+04
 146.3062520,1.7203980e+04
 146.3266865,         null
 146.3471208,1.7199764e+04
 146.3675554,1.7174717e+04
 146.3879899,1.7211428e+04
 146.4084242,1.7199518e+04
 146.4288588,1.7198008e+04
 146.4492933,1.7185434e+04
 146.4697276,1.7207523e+04
 146.4901622,1.7191504e+04
 146.5105967,1.7191826e+04
 146.5310311,1.7185656e+04
 146.5514655,1.7185672e+04
 146.5719001,1.7204230e+04
 146.5923345,1.7185107e+04
 146.6127690,1.7193201e+04
 146.6332034,1.7186529e+04
 146.6536379,1.7185828e+04
 146.6740724,1.7192693e+04
 146.6945068,1.7205932e+04
 146.7149413,1.7191537e+04
 146.7353758,1.7199980e+04
 146.7558103,1.7189967e+04
 146.7762446,1.7213004e+04
 146.7966792,1.7181205e+04
 146.8171137,1.7201551e+04
 146.8375480,1.7195938e+04
 146.8579825,1.7195578e+04
 146.8784171,1.7187463e+04
 146.8988514,1.7211199e+04
 146.9192859,1.7185723e+04
 146.9397205,1.7204262e+04
 146.9601548,1.7196018e+04
 146.9805893,1.7192580e+04
 147.0010238,1.7203818e+04
 147.0214582,1.7200646e+04
 147.0418927,1.7200848e+04
 147.0623272,1.7205426e+04
 147.0827617,1.7206867e+04
 147.1031961,1.7220125e+04
 147.1236306,1.7198361e+04
 147.1440649,1.7206779e+04
 147.1644995,1.7223670e+04
 147.1849340,1.7216957e+04
 147.2053683,1.7214635e+04
 147.2258029,1.7200539e+04
 147.2462374,1.7213539e+04
 147.2666718,1.7212578e+04
 147.2871062,1.7208516e+04
 147.3075408,1.7202482e+04
 147.3279752,1.7209740e+04
 147.3484096,1.7195439e+04
 147.3688441,1.7209488e+04
 147.3892786,1.7202951e+04
 147.4097130,1.7218512e+04
 147.4301475,1.7195391e+04
 147.4505820,1.7211068e+04
 147.4710164,1.7193479e+04
 147.4914509,1.7219732e+04
 147.5118853,1.7197273e+04
 147.5323199,1.7210658e+04
 147.5527542,1.7202539e+04
 147.5731887,1.7209961e+04
 147.5936233,1.7202494e+04
 147.6140576,1.7214986e+04
 147.6344921,1.7201182e+04
 147.6549265,1.7214816e+04
 147.6753610,1.7202209e+04
 147.6957955,1.7217379e+04
 147.7162299,1.7215297e+04
 147.7366644,1.7205049e+04
 147.7570989,1.7219807e+04
 147.7775334,1.7214092e+04
 147.7979677,1.7210627e+04
 147.8184023,1.7212104e+04
 147.8388367,1.7207451e+04
 147.8592711,1.7199602e+04
 147.8797056,1.7199955e+04
 147.9001401,         null
 147.9205745,1.7208148e+04
 147.9410090,1.7207561e+04
 147.9614435,1.7209039e+04
 147.9818779,1.7224725e+04
 148.0023124,1.7195641e+04
 148.0227468,1.7210979e+04
 148.0431814,1.7211234e+04
 148.0636157,1.7199090e+04
 148.0840502,1.7200699e+04
 148.1044848,1.7200219e+04
 148.1249191,1.7206096e+04
 148.1453536,1.7195721e+04
 148.1657881,1.7198646e+04
 148.1862225,1.7200262e+04
 148.2066570,1.7210977e+04
 148.2270914,1.7204156e+04
 148.2475260,1.7216283e+04
 148.2679604,1.7195928e+04
 148.2883948,1.7166721e+04
 148.3088293,1.7154795e+04
 148.3292637,1.7177809e+04
 148.3496982,1.7177783e+04
 148.3701327,1.7205707e+04
 148.3905670,1.7194678e+04
 148.4110016,1.7201766e+04
 148.4314361,1.7181934e+04
 148.4518705,1.7223768e+04
 148.4723050,1.7195264e+04
 148.4927394,1.7224439e+04
 148.5131739,1.7195744e+04
 148.5336083,1.7220012e+04
 148.5540428,1.7196641e+04
 148.5744773,1.7225885e+04
 148.5949116,1.7205361e+04
 148.6153462,1.7226141e+04
 148.6357807,1.7212588e+04
 148.6562150,1.7212240e+04
 148.6766495,1.7213600e+04
 148.6970840,1.7204605e+04
 148.7175184,1.7191172e+04
 148.7379529,1.7205453e+04
 148.7583874,1.7217494e+04
 148.7788219,1.7217469e+04
 148.7992562,1.7210492e+04
 148.8196907,1.7203770e+04
 148.8401253,1.7213889e+04
 148.8605596,1.7212816e+04
 148.8809941,1.7224586e+04
 148.9014286,1.7228504e+04
 148.9218630,1.7219381e+04
 148.9422975,1.7205012e+04
 148.9627319,1.7209746e+04
 148.9831664,1.7224611e+04
 149.0036008,1.7211764e+04
 149.0240353,1.7210893e+04
 149.0444697,1.7221805e+04
 149.0649042,1.7210096e+04
 149.0853387,1.7225098e+04
 149.1057730,1.7211229e+04
 149.1262076,1.7221834e+04
 149.1466421,1.7213883e+04
 149.1670764,1.7214871e+04
 149.1875109,1.7223070e+04
 149.2079454,1.7213248e+04
 149.2283799,1.7196342e+04
 149.2488142,1.7217314e+04
 149.2692488,1.7204748e+04
 149.2896833,1.7234191e+04
 149.3101176,         null
 149.3305521,1.7212246e+04
 149.3509866,1.7204363e+04
 149.3714210,1.7213031e+04
 149.3918555,1.7199473e+04
 149.4122900,1.7211988e+04
 149.4327244,1.7219547e+04
 149.4531588,1.7212938e+04
 149.4735933,1.7210205e+04
 149.4940277,1.7210695e+04
 149.5144622,1.7199744e+04
 149.5348967,1.7226730e+04
 149.5553312,1.7199707e+04
 149.5757656,1.7218871e+04
 149.5962000,1.7205176e+04
 149.6166344,1.7220258e+04
 149.6370689,1.7196975e+04
 149.6575034,1.7206979e+04
 149.6779377,1.7207568e+04
 149.6983722,1.7193242e+04
 149.7188068,1.7194166e+04
 149.7392412,1.7212562e+04
 149.7596756,1.7193312e+04
 149.7801101,1.7187246e+04
 149.8005446,1.7187680e+04
 149.8209789,1.7203670e+04
 149.8414134,1.7191830e+04
 149.8618480,1.7209842e+04
 149.8822824,1.7203721e+04
 149.9027168,1.7200748e+04
 149.9231513,1.7199162e+04
 149.9435858,1.7193949e+04
 149.9640202,1.7198637e+04
 149.9844546,1.7223957e+04
 150.0048891,1.7198990e+04
 150.0253236,1.7222730e+04
 150.0457580,1.7222596e+04
 150.0661925,1.7211688e+04
 150.0866270,1.7193928e+04
 150.1070613,1.7221455e+04
 150.1274958,1.7216898e+04
 150.1479303,1.7209361e+04
 150.1683647,1.7214281e+04
 150.1887991,1.7218393e+04
 150.2092337,1.7206150e+04
 150.2296680,1.7207869e+04
 150.2501025,1.7196426e+04
 150.2705370,1.7212383e+04
 150.2909715,1.7200898e+04
 150.3114059,1.7215385e+04
 150.3318403,1.7198859e+04
 150.3522747,1.7229930e+04
 150.3727092,1.7200598e+04
 150.3931437,1.7197928e+04
 150.4135780,1.7202080e+04
 150.4340126,1.7214824e+04
 150.4544470,1.7212871e+04
 150.4748815,1.7219357e+04
 150.4953158,1.7212184e+04
 150.5157504,1.7205170e+04
 150.5361848,1.7191852e+04
 150.5566192,1.7215896e+04
 150.5770538,1.7209197e+04
 150.5974882,1.7210953e+04
 150.6179226,1.7220125e+04
 150.6383570,1.7214795e+04
 150.6587916,1.7203877e+04
 150.6792259,1.7209279e+04
 150.6996604,1.7202559e+04
 150.7200949,1.7228543e+04
 150.7405294,1.7224715e+04
 150.7609637,1.7204135e+04
 150.7813982,1.7215174e+04
 150.8018327,1.7205416e+04
 150.8222671,1.7215357e+04
 150.8427015,1.7222430e+04
 150.8631361,1.7212287e+04
 150.8835704,1.7221439e+04
 150.9040049,1.7216227e+04
 150.9244393,1.7216986e+04
 150.9448738,1.7213668e+04
 150.9653082,1.7212863e+04
 150.9857427,1.7209486e+04
 151.0061770,1.7209393e+04
 151.0266116,1.7210334e+04
 151.0470460,1.7211682e+04
 151.0674804,1.7209766e+04
 151.0879149,1.7211365e+04
 151.1083494,1.7211613e+04
 151.1287837,1.7228428e+04
 151.1492182,1.7228572e+04
 151.1696527,1.7211205e+04
 151.1900871,1.7213238e+04
 151.2105216,1.7226115e+04
 151.2309561,1.7238883e+04
 151.2513906,1.7211871e+04
 151.2718249,1.7231561e+04
 151.2922593,1.7219354e+04
 151.3126939,1.7210793e+04
 151.3331282,1.7205004e+04
 151.3535627,1.7207143e+04
 151.3739972,1.7194666e+04
 151.3944316,1.7199137e+04
 151.4148660,1.7217621e+04
 151.4353005,1.7219002e+04
 151.4557349,1.7200969e+04
 151.4761694,1.7217689e+04
 151.4966038,1.7202924e+04
 151.5170383,1.7212436e+04
 151.5374727,1.7183459e+04
 151.5579072,1.7212545e+04
 151.5783416,1.7213443e+04
 151.5987762,1.7217102e+04
 151.6192105,1.7208428e+04
 151.6396450,1.7200596e+04
 151.6600794,         null
 151.6805139,1.7217615e+04
 151.7009483,1.7202367e+04
 151.7213828,1.7217945e+04
 151.7418172,1.7197617e+04
 151.7622517,1.7215352e+04
 151.7826861,1.7191957e+04
 151.8031205,1.7215426e+04
 151.8235550,1.7203141e+04
 151.8439895,1.7222686e+04
 151.8644238,1.7191199e+04
 151.8848584,1.7246125e+04
 151.9052928,1.7219693e+04
 151.9257271,1.7211518e+04
 151.9461616,1.7197812e+04
 151.9665961,1.7213506e+04
 151.9870306,1.7212891e+04
 152.0074649,1.7210547e+04
 152.0278995,1.7212662e+04
 152.0483339,1.7224801e+04
 152.0687683,1.7209725e+04
 152.0892027,1.7215648e+04
 152.1096373,1.7224277e+04
 152.1300716,1.7215605e+04
 152.1505061,1.7215314e+04
 152.1709405,1.7229660e+04
 152.1913750,1.7206590e+04
 152.2118094,1.7219615e+04
 152.2322438,1.7212779e+04
 152.2526784,1.7219498e+04
 152.2731127,1.7216557e+04
 152.2935472,         null
 152.3139815,1.7216713e+04
 152.3344161,1.7199539e+04
 152.3548505,1.7212805e+04
 152.3752849,1.7219105e+04
 152.3957194,1.7226006e+04
 152.4161538,1.7210775e+04
 152.4365883,1.7201988e+04
 152.4570226,1.7186926e+04
 152.4774572,1.7218826e+04
 152.4978916,1.7229650e+04
 152.5183260,1.7219809e+04
 152.5387605,1.7204145e+04
 152.5591950,1.7220314e+04
 152.5796293,1.7197646e+04
 152.6000637,1.7218416e+04
 152.6204983,1.7207221e+04
 152.6409326,1.7207555e+04
 152.6613671,         null
 152.6818015,1.7208729e+04
 152.7022360,1.7199887e+04
 152.7226704,1.7214104e+04
 152.7431049,1.7200154e+04
 152.7635394,1.7202062e+04
 152.7839737,1.7197031e+04
 152.8044082,1.7195600e+04
 152.8248425,1.7212256e+04
 152.8452771,1.7263113e+04
 152.8657115,1.7269666e+04
 152.8861459,1.7254035e+04
 152.9065804,1.7226596e+04
 152.9270148,1.7224809e+04
 152.9474493,1.7206268e+04
 152.9678836,1.7206848e+04
 152.9883182,1.7211402e+04
 153.0087526,1.7221531e+04
 153.0291869,1.7217344e+04
 153.0496215,1.7196961e+04
 153.0700559,1.7203420e+04
 153.0904903,1.7195578e+04
 153.1109247,1.7191346e+04
 153.1313593,1.7187332e+04
 153.1517936,1.7216443e+04
 153.1722280,1.7200412e+04
 153.1926625,1.7222732e+04
 153.2130970,1.7197838e+04
 153.2335315,1.7206270e+04
 153.2539658,1.7208895e+04
 153.2744003,1.7210377e+04
 153.2948348,1.7204357e+04
 153.3152691,1.7205199e+04
 153.3357036,1.7193020e+04
 153.3561380,1.7214826e+04
 153.3765724,1.7185965e+04
 153.3970069,1.7212240e+04
 153.4174414,1.7196389e+04
 153.4378759,1.7200480e+04
 153.4583102,1.7224979e+04
 153.4787446,1.7233514e+04
 153.4991792,1.7212066e+04
 153.5196135,1.7208225e+04
 153.5400480,1.7216092e+04
 153.5604825,1.7224041e+04
 153.5809168,1.7232291e+04
 153.6013513,1.7220061e+04
 153.6217857,1.7209900e+04
 153.6422202,1.7206623e+04
 153.6626546,1.7214691e+04
 153.6830890,1.7194080e+04
 153.7035234,1.7236980e+04
 153.7239579,1.7221605e+04
 153.7443924,1.7213488e+04
 153.7648267,1.7204900e+04
 153.7852612,1.7211891e+04
 153.8056957,1.7221117e+04
 153.8261300,1.7215572e+04
 153.8465644,1.7218893e+04
 153.8669990,1.7222963e+04
 153.8874333,1.7216766e+04
 153.9078678,1.7223641e+04
 153.9283023,1.7221186e+04
 153.9487367,1.7209268e+04
 153.9691711,1.7211797e+04
 153.9896055,1.7219016e+04
 154.0100400,1.7226309e+04
 154.0304744,1.7217586e+04
 154.0509088,1.7209471e+04
 154.0713434,1.7208277e+04
 154.0917777,1.7206062e+04
 154.1122121,1.7207125e+04
 154.1326466,1.7232258e+04
 154.1530810,1.7211859e+04
 154.1735154,1.7224877e+04
 154.1939499,1.7221926e+04
 154.2143843,1.7220906e+04
 154.2348187,1.7208758e+04
 154.2552532,1.7211281e+04
 154.2756875,1.7212990e+04
 154.2961221,1.7224018e+04
 154.3165565,1.7220010e+04
 154.3369908,1.7223072e+04
 154.3574253,1.7207254e+04
 154.3778598,1.7237434e+04
 154.3982941,1.7210650e+04
 154.4187286,1.7211768e+04
 154.4391631,1.7204826e+04
 154.4595975,1.7227166e+04
 154.4800319,1.7239180e+04
 154.5004663,1.7212961e+04
 154.5209008,1.7212492e+04
 154.5413352,1.7200496e+04
 154.5617696,1.7209930e+04
 154.5822041,1.7209533e+04
 154.6026385,1.7238434e+04
 154.6230729,1.7216100e+04
 154.6435073,1.7225371e+04
 154.6639418,1.7214258e+04
 154.6843762,1.7231646e+04
 154.7048106,1.7229402e+04
 154.7252452,1.7223354e+04
 154.7456795,1.7210676e+04
 154.7661139,1.7225256e+04
 154.7865484,1.7217764e+04
 154.8069828,1.7210920e+04
 154.8274172,1.7218711e+04
 154.8478516,1.7214133e+04
 154.8682861,1.7220346e+04
 154.8887205,1.7218637e+04
 154.9091550,1.7200951e+04
 154.9295894,1.7212393e+04
 154.9500238,1.7212203e+04
 154.9704583,1.7206775e+04
 154.9908927,1.7242672e+04
 155.0113270,1.7210008e+04
 155.0317616,1.7234939e+04
 155.0521960,1.7221693e+04
 155.0726303,1.7239865e+04
 155.0930649,1.7197699e+04
 155.1134993,1.7229600e+04
 155.1339336,1.7211986e+04
 155.1543681,1.7232309e+04
 155.1748026,1.7226688e+04
 155.1952370,1.7235482e+04
 155.2156714,1.7216762e+04
 155.2361058,1.7224482e+04
 155.2565403,1.7224701e+04
 155.2769746,         null
 155.2974091,1.7229594e+04
 155.3178436,1.7195268e+04
 155.3382779,1.7212090e+04
 155.3587124,1.7218834e+04
 155.3791468,1.7220395e+04
 155.3995812,1.7213088e+04
 155.4200157,1.7225783e+04
 155.4404501,1.7202738e+04
 155.4608846,1.7217008e+04
 155.4813189,1.7207930e+04
 155.5017534,1.7224891e+04
 155.5221877,1.7212316e+04
 155.5426222,1.7219373e+04
 155.5630567,         null
 155.5834910,1.7209879e+04
 155.6039255,1.7214709e+04
 155.6243600,1.7215512e+04
 155.6447944,1.7207248e+04
 155.6652287,1.7212375e+04
 155.6856632,1.7223393e+04
 155.7060977,1.7211221e+04
 155.7265320,1.7235420e+04
 155.7469664,1.7205154e+04
 155.7674010,1.7218598e+04
 155.7878353,1.7223592e+04
 155.8082697,1.7230037e+04
 155.8287042,1.7215324e+04
 155.8491386,1.7218885e+04
 155.8695730,1.7208395e+04
 155.8900074,1.7222014e+04
 155.9104419,1.7206189e+04
 155.9308763,1.7237107e+04
 155.9513107,1.7226533e+04
 155.9717452,1.7217166e+04
 155.9921796,1.7227602e+04
 156.0126140,1.7221602e+04
 156.0330483,1.7237088e+04
 156.0534828,1.7235641e+04
 156.0739173,1.7231562e+04
 156.0943517,1.7207598e+04
 156.1147861,1.7231203e+04
 156.1352205,1.7207811e+04
 156.1556550,1.7223195e+04
 156.1760893,1.7201381e+04
 156.1965238,1.7223688e+04
 156.2169582,1.7221145e+04
 156.2373926,1.7219600e+04
 156.2578270,1.7222240e+04
 156.2782615,1.7221283e+04
 156.2986958,1.7226357e+04
 156.3191303,1.7221672e+04
 156.3395648,1.7220920e+04
 156.3599991,1.7209559e+04
 156.3804335,1.7209604e+04
 156.4008680,1.7208148e+04
 156.4213025,1.7221123e+04
 156.4417368,1.7216701e+04
 156.4621712,1.7225623e+04
 156.4826058,1.7195205e+04
 156.5030401,1.7194375e+04
 156.5234745,1.7217709e+04
 156.5439089,1.7229166e+04
 156.5643434,1.7239062e+04
 156.5847778,1.7232242e+04
 156.6052122,1.7202678e+04
 156.6256466,1.7207967e+04
 156.6460811,1.7195916e+04
 156.6665155,1.7202473e+04
 156.6869499,1.7214180e+04
 156.7073843,1.7217881e+04
 156.7278188,1.7236801e+04
 156.7482532,1.7213127e+04
 156.7686875,1.7230189e+04
 156.7891220,1.7225688e+04
 156.8095564,1.7213553e+04
 156.8299909,1.7226873e+04
 156.8504253,1.7222822e+04
 156.8708597,1.7228674e+04
 156.8912941,1.7208717e+04
 156.9117285,1.7230051e+04
 156.9321630,1.7201590e+04
 156.9525974,1.7228365e+04
 156.9730317,1.7216340e+04
 156.9934662,1.7225145e+04
 157.0139007,1.7220336e+04
 157.0343350,1.7229168e+04
 157.0547694,1.7203779e+04
 157.0752039,1.7223422e+04
 157.0956382,1.7211432e+04
 157.1160727,1.7220797e+04
 157.1365072,1.7240430e+04
 157.1569416,1.7225488e+04
 157.1773759,1.7230049e+04
 157.1978103,1.7201900e+04
 157.2182449,1.7224006e+04
 157.2386792,1.7226195e+04
 157.2591136,1.7222490e+04
 157.2795480,1.7213699e+04
 157.2999824,1.7237469e+04
 157.3204169,1.7224209e+04
 157.3408513,1.7217088e+04
 157.3612857,1.7215668e+04
 157.3817201,1.7217764e+04
 157.4021545,1.7228203e+04
 157.4225889,1.7215846e+04
 157.4430234,1.7225922e+04
 157.4634578,1.7211232e+04
 157.4838921,1.7227025e+04
 157.5043266,1.7209066e+04
 157.5247611,1.7222240e+04
 157.5451954,1.7216902e+04
 157.5656298,1.7221465e+04
 157.5860643,1.7230990e+04
 157.6064986,1.7221512e+04
 157.6269330,1.7213859e+04
 157.6473676,1.7216301e+04
 157.6678020,1.7218955e+04
 157.6882363,1.7215043e+04
 157.7086707,1.7233984e+04
 157.7291052,1.7220301e+04
 157.7495396,1.7231312e+04
 157.7699740,1.7217299e+04
 157.7904085,1.7219160e+04
 157.8108428,1.7236412e+04
 157.8312772,1.7221113e+04
 157.8517116,1.7216553e+04
 157.8721461,1.7228611e+04
 157.8925805,1.7236047e+04
 157.9130149,1.7220275e+04
 157.9334492,1.7222131e+04
 157.9538837,1.7227611e+04
 157.9743181,1.7240221e+04
 157.9947524,1.7229990e+04
 158.0151870,1.7222348e+04
 158.0356214,1.7220340e+04
 158.0560557,1.7227645e+04
 158.0764901,1.7213137e+04
 158.0969246,1.7232922e+04
 158.1173590,1.7223760e+04
 158.1377934,1.7222609e+04
 158.1582279,1.7233900e+04
 158.1786623,1.7223271e+04
 158.1990966,1.7228504e+04
 158.2195310,1.7216352e+04
 158.2399655,1.7213480e+04
 158.2603998,         null
 158.2808343,1.7229992e+04
 158.3012688,1.7212355e+04
 158.3217032,1.7227807e+04
 158.3421375,1.7214896e+04
 158.3625719,1.7237314e+04
 158.3830064,1.7208541e+04
 158.4034408,1.7221855e+04
 158.4238752,1.7232727e+04
 158.4443096,1.7208512e+04
 158.4647441,1.7215510e+04
 158.4851784,1.7201381e+04
 158.5056128,1.7229793e+04
 158.5260473,1.7239523e+04
 158.5464816,1.7232447e+04
 158.5669160,1.7229453e+04
 158.5873505,1.7235277e+04
 158.6077849,1.7218686e+04
 158.6282193,1.7217807e+04
 158.6486537,1.7225924e+04
 158.6690882,1.7227891e+04
 158.6895225,1.7240312e+04
 158.7099569,1.7224562e+04
 158.7303912,1.7220209e+04
 158.7508257,1.7211641e+04
 158.7712602,1.7238707e+04
 158.7916946,1.7234068e+04
 158.8121290,1.7238975e+04
 158.8325634,1.7234883e+04
 158.8529978,1.7227459e+04
 158.8734321,1.7222297e+04
 158.8938666,1.7213168e+04
 158.9143010,1.7244789e+04
 158.9347353,1.7227941e+04
 158.9551699,1.7238277e+04
 158.9756043,1.7222047e+04
 158.9960386,1.7222623e+04
 159.0164730,1.7235510e+04
 159.0369075,1.7233912e+04
 159.0573418,1.7231477e+04
 159.0777762,1.7226660e+04
 159.0982106,1.7224193e+04
 159.1186451,1.7219182e+04
 159.1390794,1.7250629e+04
 159.1595138,1.7235830e+04
 159.1799484,1.7230412e+04
 159.2003827,1.7242242e+04
 159.2208171,1.7237168e+04
 159.2412514,1.7207039e+04
 159.2616859,1.7231637e+04
 159.2821203,1.7244418e+04
 159.3025547,1.7241268e+04
 159.3229891,1.7238965e+04
 159.3434235,1.7214578e+04
 159.3638579,1.7241574e+04
 159.3842922,1.7213746e+04
 159.4047267,1.7226768e+04
 159.4251612,1.7229754e+04
 159.4455955,1.7235875e+04
 159.4660300,1.7232990e+04
 159.4864644,1.7226820e+04
 159.5068987,1.7230676e+04
 159.5273331,1.7230105e+04
 159.5477676,1.7248105e+04
 159.5682019,1.7236551e+04
 159.5886363,1.7236691e+04
 159.6090707,1.7223076e+04
 159.6295052,1.7227916e+04
 159.6499395,1.7235172e+04
 159.6703739,1.7233215e+04
 159.6908084,1.7233773e+04
 159.7112427,1.7227156e+04
 159.7316771,1.7247482e+04
 159.7521116,1.7198291e+04
 159.7725460,1.7238650e+04
 159.7929804,1.7225277e+04
 159.8134148,1.7232547e+04
 159.8338492,1.7229678e+04
 159.8542836,1.7221871e+04
 159.8747180,1.7211781e+04
 159.8951523,1.7223154e+04
 159.9155868,1.7226779e+04
 159.9360212,1.7212498e+04
 159.9564556,1.7226857e+04
 159.9768900,1.7215146e+04
 159.9973244,1.7227338e+04
 160.0177588,1.7203533e+04
 160.0381932,1.7221516e+04
 160.0586276,1.7229957e+04
 160.0790620,1.7217879e+04
 160.0994964,1.7223967e+04
 160.1199307,1.7218648e+04
 160.1403652,1.7228824e+04
 160.1607996,1.7206672e+04
 160.1812339,1.7223068e+04
 160.2016684,1.7220773e+04
 160.2221028,1.7217986e+04
 160.2425371,1.7233057e+04
 160.2629715,1.7222561e+04
 160.2834060,1.7224924e+04
 160.3038403,1.7215322e+04
 160.3242747,1.7248873e+04
 160.3447092,1.7212037e+04
 160.3651436,1.7245883e+04
 160.3855780,1.7228150e+04
 160.4060124,1.7242355e+04
 160.4264469,1.7223932e+04
 160.4468812,1.7224477e+04
 160.4673156,1.7236346e+04
 160.4877501,1.7239941e+04
 160.5081844,1.7244164e+04
 160.5286188,1.7234236e+04
 160.5490532,1.7224656e+04
 160.5694876,1.7212879e+04
 160.5899220,1.7230303e+04
 160.6103564,1.7248428e+04
 160.6307907,1.7239252e+04
 160.6512252,1.7242568e+04
 160.6716596,1.7230016e+04
 160.6920939,1.7236258e+04
 160.7125284,1.7213758e+04
 160.7329628,1.7230592e+04
 160.7533971,1.7229252e+04
 160.7738315,1.7246117e+04
 160.7942659,1.7239229e+04
 160.8147003,1.7236635e+04
 160.8351346,1.7228398e+04
 160.8555691,1.7217701e+04
 160.8760035,1.7212568e+04
 160.8964378,1.7230232e+04
 160.9168722,1.7254156e+04
 160.9373067,1.7226328e+04
 160.9577410,1.7248736e+04
 160.9781754,1.7218363e+04
 160.9986099,1.7223918e+04
 161.0190442,1.7247822e+04
 161.0394786,1.7218170e+04
 161.0599130,1.7244012e+04
 161.0803474,1.7231662e+04
 161.1007818,1.7253127e+04
 161.1212162,1.7232930e+04
 161.1416507,1.7228340e+04
 161.1620850,1.7223418e+04
 161.1825194,1.7223791e+04
 161.2029537,1.7243354e+04
 161.2233882,1.7238783e+04
 161.2438226,         null
 161.2642570,1.7238590e+04
 161.2846913,1.7229801e+04
 161.3051258,1.7220314e+04
 161.3255602,1.7227137e+04
 161.3459945,1.7241561e+04
 161.3664290,1.7246156e+04
 161.3868634,1.7243932e+04
 161.4072976,1.7209973e+04
 161.4277320,1.7237137e+04
 161.4481665,1.7222438e+04
 161.4686008,1.7223479e+04
 161.4890352,1.7239379e+04
 161.5094697,1.7245547e+04
 161.5299040,1.7238068e+04
 161.5503384,1.7231486e+04
 161.5707728,1.7235678e+04
 161.5912073,1.7219326e+04
 161.6116416,1.7238145e+04
 161.6320760,1.7219549e+04
 161.6525105,1.7224994e+04
 161.6729449,1.7210893e+04
 161.6933792,1.7209678e+04
 161.7138136,1.7229479e+04
 161.7342480,1.7220547e+04
 161.7546823,1.7240920e+04
 161.7751167,1.7244785e+04
 161.7955511,1.7237477e+04
 161.8159855,1.7230965e+04
 161.8364199,1.7231441e+04
 161.8568543,1.7247688e+04
 161.8772888,1.7225273e+04
 161.8977231,1.7213477e+04
 161.9181575,1.7229758e+04
 161.9385918,1.7241137e+04
 161.9590263,1.7202936e+04
 161.9794606,1.7237033e+04
 161.9998950,1.7254086e+04
 162.0203294,1.7228293e+04
 162.0407638,1.7229053e+04
 162.0611982,1.7217301e+04
 162.0816325,1.7239127e+04
 162.1020670,1.7230404e+04
 162.1225014,1.7247568e+04
 162.1429357,1.7237486e+04
 162.1633702,1.7238855e+04
 162.1838046,1.7219973e+04
 162.2042388,1.7236094e+04
 162.2246732,1.7245951e+04
 162.2451077,1.7231078e+04
 162.2655420,1.7246178e+04
 162.2859764,1.7231449e+04
 162.3064109,1.7229492e+04
 162.3268453,1.7231139e+04
 162.3472796,1.7239662e+04
 162.3677140,1.7226977e+04
 162.3881484,1.7242891e+04
 162.4085827,1.7248098e+04
 162.4290171,1.7232225e+04
 162.4494514,1.7238391e+04
 162.4698859,1.7239084e+04
 162.4903203,1.7242695e+04
 162.5107541,1.7232564e+04
 162.5311886,1.7231338e+04
 162.5516228,1.7227562e+04
 162.5720572,1.7228348e+04
 162.5924916,1.7247332e+04
 162.6129261,1.7225723e+04
 162.6333604,1.7228611e+04
 162.6537948,1.7247459e+04
 162.6742293,1.7229488e+04
 162.6946635,1.7216477e+04
 162.7150979,1.7226701e+04
 162.7355323,1.7237393e+04
 162.7559667,1.7224033e+04
 162.7764011,1.7230047e+04
 162.7968355,1.7233010e+04
 162.8172699,1.7204154e+04
 162.8377042,1.7215094e+04
 162.8581386,1.7222682e+04
 162.8785729,1.7235006e+04
 162.8990074,1.7239951e+04
 162.9194418,1.7232600e+04
 162.9398761,1.7216307e+04
 162.9603105,1.7227707e+04
 162.9807449,1.7216955e+04
 163.0011792,1.7225619e+04
 163.0216136,1.7231709e+04
 163.0420481,1.7223289e+04
 163.0624825,1.7225992e+04
 163.0829168,1.7221363e+04
 163.1033511,1.7225145e+04
 163.1237856,1.7236682e+04
 163.1442199,1.7229400e+04
 163.1646543,1.7249557e+04
 163.1850888,1.7208871e+04
 163.2055231,1.7203732e+04
 163.2259574,1.7213434e+04
 163.2463918,1.7222543e+04
 163.2668262,1.7231688e+04
 163.2872606,1.7221275e+04
 163.3076950,1.7225326e+04
 163.3281295,1.7209543e+04
 163.3485637,1.7219459e+04
 163.3689981,1.7224389e+04
 163.3894324,1.7228803e+04
 163.4098669,1.7225859e+04
 163.4303013,1.7236227e+04
 163.4507355,1.7222637e+04
 163.4711700,1.7203498e+04
 163.4916044,1.7216686e+04
 163.5120388,1.7229064e+04
 163.5324731,1.7222959e+04
 163.5529075,1.7250402e+04
 163.5733419,1.7219607e+04
 163.5937762,1.7210963e+04
 163.6142106,1.7205670e+04
 163.6346451,1.7224699e+04
 163.6550793,1.7237980e+04
 163.6755137,1.7237930e+04
 163.6959482,1.7232225e+04
 163.7163825,1.7231816e+04
 163.7368169,1.7232986e+04
 163.7572512,1.7224551e+04
 163.7776856,1.7229568e+04
 163.7981200,1.7230189e+04
 163.8185544,1.7217107e+04
 163.8389889,1.7243273e+04
 163.8594231,1.7196904e+04
 163.8798575,1.7229535e+04
 163.9002918,1.7219553e+04
 163.9207263,1.7218432e+04
 163.9411606,1.7239924e+04
 163.9615950,1.7227162e+04
 163.9820294,1.7227268e+04
 164.0024638,1.7208447e+04
 164.0228982,1.7211246e+04
 164.0433324,1.7217299e+04
 164.0637669,1.7225471e+04
 164.0842013,1.7228717e+04
 164.1046357,1.7210328e+04
 164.1250699,1.7208189e+04
 164.1455044,1.7206359e+04
 164.1659387,1.7211635e+04
 164.1863731,1.7223031e+04
 164.2068075,1.7219410e+04
 164.2272419,         null
 164.2476762,1.7214889e+04
 164.2681106,1.7224824e+04
 164.2885449,1.7198357e+04
 164.3089793,1.7194131e+04
 164.3294137,1.7204926e+04
 164.3498482,1.7209145e+04
 164.3702825,1.7226029e+04
 164.3907168,1.7194170e+04
 164.4111512,1.7207660e+04
 164.4315856,1.7211445e+04
 164.4520199,1.7203684e+04
 164.4724543,1.7224766e+04
 164.4928888,1.7218645e+04
 164.5133231,1.7209334e+04
 164.5337574,1.7208297e+04
 164.5541918,1.7201021e+04
 164.5746262,1.7213473e+04
 164.5950605,1.7217793e+04
 164.6154949,1.7216705e+04
 164.6359292,1.7214342e+04
 164.6563637,1.7213107e+04
 164.6767980,1.7178553e+04
 164.6972324,1.7202941e+04
 164.7176668,1.7222311e+04
 164.7381012,1.7216807e+04
 164.7585355,1.7221701e+04
 164.7789698,1.7200871e+04
 164.7994043,1.7192680e+04
 164.8198386,1.7192834e+04
 164.8402729,1.7207299e+04
 164.8607074,1.7196584e+04
 164.8811418,1.7192129e+04
 164.9015760,1.7184805e+04
 164.9220104,1.7151725e+04
 164.9424449,1.7183654e+04
 164.9628791,1.7196414e+04
 164.9833135,1.7208635e+04
