        TIME,  PDCSAP_FLUX
 131.5125581,1.0928150e+04
 131.5329927,1.0925938e+04
 131.5534271,1.0931743e+04
 131.5738615,1.0937538e+04
 131.5942960,1.0928913e+04
 131.6147306,1.0921397e+04
 131.6351649,1.0929663e+04
 131.6555994,1.0930942e+04
 131.6760340,1.0935780e+04
 131.6964684,1.0934982e+04
 131.7169028,1.0935562e+04
 131.7373373,1.0934555e+04
 131.7577719,1.0927299e+04
 131.7782062,1.0939427e+04
 131.7986407,1.0940027e+04
 131.8190753,1.0939872e+04
 131.8395097,1.0936151e+04
 131.8599441,1.0939172e+04
 131.8803786,1.0943929e+04
 131.9008131,1.0943297e+04
 131.9212476,1.0947127e+04
 131.9416820,1.0943197e+04
 131.9621165,1.0942764e+04
 131.9825510,1.0946000e+04
 132.0029854,1.0949870e+04
 132.0234198,1.0948126e+04
 132.0438544,1.0944794e+04
 132.0642889,1.0949094e+04
 132.0847232,1.0945608e+04
 132.1051577,1.0944485e+04
 132.1255923,1.0956180e+04
 132.1460267,1.0950811e+04
 132.1664611,1.0948194e+04
 132.1868957,1.0945731e+04
 132.2073302,1.0954924e+04
 132.2277645,1.0947061e+04
 132.2481990,1.0952367e+04
 132.2686336,1.0954795e+04
 132.2890680,1.0947985e+04
 132.3095024,1.0952360e+04
 132.3299370,1.0952974e+04
 132.3503714,1.0950710e+04
 132.3708058,1.0943232e+04
 132.3912403,1.0954012e+04
 132.4116748,1.0956296e+04
 132.4321093,1.0955744e+04
 132.4525437,1.0957285e+04
 132.4729783,1.0954923e+04
 132.4934127,1.0954736e+04
 132.5138471,1.0956948e+04
 132.5342815,1.0964308e+04
 132.5547161,1.0951990e+04
 132.5751505,1.0955133e+04
 132.5955849,1.0952217e+04
 132.6160195,1.0962095e+04
 132.6364540,1.0959154e+04
 132.6568884,1.0965894e+04
 132.6773228,1.0956975e+04
 132.6977574,1.0957589e+04
 132.7181918,1.0966116e+04
 132.7386262,1.0954282e+04
 132.7590608,1.0970761e+04
 132.7794952,1.0958797e+04
 132.7999296,1.0966537e+04
 132.8203641,1.0967122e+04
 132.8407986,1.0967650e+04
 132.8612330,1.0963702e+04
 132.8816675,1.0973669e+04
 132.9021021,1.0974404e+04
 132.9225364,1.0968410e+04
 132.9429709,1.0974841e+04
 132.9634054,1.0973346e+04
 132.9838399,1.0973205e+04
 133.0042743,1.0979575e+04
 133.0247088,1.0973073e+04
 133.0451432,1.0973035e+04
 133.0655777,1.0972687e+04
 133.0860122,1.0973366e+04
 133.1064466,1.0978224e+04
 133.1268811,1.0966950e+04
 133.1473156,1.0970942e+04
 133.1677500,1.0973389e+04
 133.1881845,1.0973446e+04
 133.2086191,1.0969079e+04
 133.2290534,1.0975927e+04
 133.2494879,1.0971359e+04
 133.2699224,1.0974095e+04
 133.2903568,1.0978352e+04
 133.3107913,1.0969089e+04
 133.3312257,1.0979171e+04
 133.3516602,1.0978056e+04
 133.3720947,1.0970812e+04
 133.3925292,1.0974504e+04
 133.4129636,1.0976744e+04
 133.4333981,1.0976196e+04
 133.4538326,1.0981305e+04
 133.4742669,1.0981854e+04
 133.4947015,1.0969002e+04
 133.5151360,1.0975153e+04
 133.5355703,1.0979927e+04
 133.5560049,1.0976414e+04
 133.5764394,1.0980180e+04
 133.5968737,1.0976887e+04
 133.6173082,1.0981008e+04
 133.6377427,1.0968207e+04
 133.6581772,1.0976102e+04
 133.6786116,1.0978655e+04
 133.6990461,1.0980066e+04
 133.7194806,1.0983941e+04
 133.7399150,1.0977365e+04
 133.7603494,1.0976032e+04
 133.7807840,1.0971622e+04
 133.8012184,1.0975447e+04
 133.8216528,1.0977302e+04
 133.8420873,1.0972196e+04
 133.8625218,1.0984353e+04
 133.8829562,1.0983687e+04
 133.9033907,1.0979173e+04
 133.9238251,1.0975356e+04
 133.9442596,1.0978558e+04
 133.9646941,1.0978909e+04
 133.9851284,1.0973819e+04
 134.0055630,1.0975857e+04
 134.0259975,1.0978938e+04
 134.0464318,1.0974694e+04
 134.0668664,1.0985331e+04
 134.0873008,1.0982165e+04
 134.1077352,1.0988016e+04
 134.1281697,1.0979753e+04
 134.1486042,1.0981734e+04
 134.1690387,1.0978763e+04
 134.1894731,1.0982278e+04
 134.2099076,1.0978087e+04
 134.2303421,1.0977917e+04
 134.2507764,1.0976700e+04
 134.2712109,1.0979809e+04
 134.2916455,1.0978560e+04
 134.3120798,1.0976592e+04
 134.3325143,1.0988536e+04
 134.3529489,1.0983548e+04
 134.3733832,1.0974454e+04
 134.3938177,         null
 134.4142521,1.0982829e+04
 134.4346866,1.0979436e+04
 134.4551211,1.0971229e+04
 134.4755555,1.0977396e+04
 134.4959901,1.0976029e+04
 134.5164244,1.0977098e+04
 134.5368589,1.0976454e+04
 134.5572933,1.0978373e+04
 134.5777278,1.0985262e+04
 134.5981623,1.0981025e+04
 134.6185966,1.0979105e+04
 134.6390311,1.0987271e+04
 134.6594657,1.0982858e+04
 134.6799001,1.0983604e+04
 134.7003346,1.0987621e+04
 134.7207690,1.0989026e+04
 134.7412035,1.0987897e+04
 134.7616379,1.0989128e+04
 134.7820723,1.0982239e+04
 134.8025069,1.0987453e+04
 134.8229413,1.0986516e+04
 134.8433757,1.0978633e+04
 134.8638103,1.0986065e+04
 134.8842447,1.0977837e+04
 134.9046792,1.0977559e+04
 134.9251135,1.0978797e+04
 134.9455481,1.0982454e+04
 134.9659825,1.0993985e+04
 134.9864169,1.0987996e+04
 135.0068515,1.0984290e+04
 135.0272859,1.0982584e+04
 135.0477203,1.0978718e+04
 135.0681547,1.0984926e+04
 135.0885893,1.0973366e+04
 135.1090236,1.0982799e+04
 135.1294581,1.0986616e+04
 135.1498927,1.0981176e+04
 135.1703271,1.0978718e+04
 135.1907615,1.0976848e+04
 135.2111959,1.0982428e+04
 135.2316305,1.0982615e+04
 135.2520648,1.0985381e+04
 135.2724993,1.0978319e+04
 135.2929337,1.0978137e+04
 135.3133682,1.0979476e+04
 135.3338027,1.0982157e+04
 135.3542370,1.0980535e+04
 135.3746716,1.0977429e+04
 135.3951060,1.0976716e+04
 135.4155405,1.0987849e+04
 135.4359748,1.0988762e+04
 135.4564094,1.0985900e+04
 135.4768439,1.0980971e+04
 135.4972782,1.0974324e+04
 135.5177128,1.0976299e+04
 135.5381472,1.0980444e+04
 135.5585816,1.0978522e+04
 135.5790160,1.0975212e+04
 135.5994506,1.0969105e+04
 135.6198849,1.0976559e+04
 135.6403194,1.0993896e+04
 135.6607540,1.0985819e+04
 135.6811884,1.0982110e+04
 135.7016228,1.0975403e+04
 135.7220572,1.0985920e+04
 135.7424918,1.0985764e+04
 135.7629261,1.0981350e+04
 135.7833606,1.0978182e+04
 135.8037951,1.0977793e+04
 135.8242295,1.0984007e+04
 135.8446639,1.0980255e+04
 135.8650984,1.0985229e+04
 135.8855328,1.0970867e+04
 135.9059673,1.0973279e+04
 135.9264018,1.0973794e+04
 135.9468361,1.0970198e+04
 135.9672707,1.0985021e+04
 135.9877051,1.0979303e+04
 136.0081395,1.0994440e+04
 136.0285740,1.0984601e+04
 136.0490085,1.0972742e+04
 136.0694428,1.0976081e+04
 136.0898773,1.0984558e+04
 136.1103118,1.0981783e+04
 136.1307463,1.0974956e+04
 136.1511806,1.0981354e+04
 136.1716152,1.0976389e+04
 136.1920496,1.0982578e+04
 136.2124840,1.0981774e+04
 136.2329184,1.0985188e+04
 136.2533530,1.0981842e+04
 136.2737873,1.0991686e+04
 136.2942218,1.0982097e+04
 136.3146563,1.0978656e+04
 136.3350907,1.0990588e+04
 136.3555251,1.0983363e+04
 136.3759596,1.0980717e+04
 136.3963940,1.0977875e+04
 136.4168285,1.0972138e+04
 136.4372629,1.0976053e+04
 136.4576975,1.0976847e+04
 136.4781318,1.0970174e+04
 136.4985663,1.0975138e+04
 136.5190007,1.0976948e+04
 136.5394352,1.0974613e+04
 136.5598696,1.0986393e+04
 136.5803041,1.0983335e+04
 136.6007385,1.0979889e+04
 136.6211730,1.0979342e+04
 136.6416074,1.0974520e+04
 136.6620419,1.0973887e+04
 136.6824763,1.0979766e+04
 136.7029108,1.0986299e+04
 136.7233452,1.0978319e+04
 136.7437796,1.0976416e+04
 136.7642141,1.0976682e+04
 136.7846486,1.0982305e+04
 136.8050829,1.0979815e+04
 136.8255175,1.0969925e+04
 136.8459519,1.0980682e+04
 136.8663864,1.0973759e+04
 136.8868207,1.0975171e+04
 136.9072553,1.0979771e+04
 136.9276897,1.0976330e+04
 136.9481241,1.0972337e+04
 136.9685586,1.0968814e+04
 136.9889930,1.0979842e+04
 137.0094274,1.0975612e+04
 137.0298618,1.0969896e+04
 137.0502964,1.0976037e+04
 137.0707307,1.0970501e+04
 137.0911652,1.0973289e+04
 137.1115997,1.0979396e+04
 137.1320341,1.0978929e+04
 137.1524685,1.0978389e+04
 137.1729030,1.0979802e+04
 137.1933375,1.0978782e+04
 137.2137719,1.0977349e+04
 137.2342063,1.0976281e+04
 137.2546406,1.0973993e+04
 137.2750752,1.0973781e+04
 137.2955096,1.0981365e+04
 137.3159440,1.0981860e+04
 137.3363785,1.0980032e+04
 137.3568130,1.0972819e+04
 137.3772474,         null
 137.3976818,1.0977597e+04
 137.4181163,1.0976152e+04
 137.4385508,1.0971477e+04
 137.4589851,1.0976937e+04
 137.4794196,1.0971599e+04
 137.4998541,1.0981594e+04
 137.5202884,1.0978747e+04
 137.5407229,1.0972653e+04
 137.5611574,1.0971921e+04
 137.5815918,1.0979710e+04
 137.6020262,1.0972618e+04
 137.6224607,1.0976892e+04
 137.6428952,1.0978121e+04
 137.6633295,1.0971565e+04
 137.6837640,1.0979486e+04
 137.7041985,1.0981466e+04
 137.7246329,1.0976034e+04
 137.7450673,1.0989364e+04
 137.7655018,1.0983224e+04
 137.7859362,1.0971002e+04
 137.8063706,1.0979772e+04
 137.8268050,1.0982350e+04
 137.8472395,1.0975186e+04
 137.8676740,1.0976314e+04
 137.8881084,1.0979417e+04
 137.9085427,1.0974287e+04
 137.9289773,1.0979906e+04
 137.9494117,1.0982653e+04
 137.9698461,1.0976632e+04
 137.9902806,1.0977786e+04
 138.0107150,1.0981898e+04
 138.0311494,1.0986883e+04
 138.0515838,1.0982165e+04
 138.0720184,1.0979178e+04
 138.0924528,1.0976825e+04
 138.1128872,1.0980048e+04
 138.1333217,1.0980635e+04
 138.1537561,1.0983856e+04
 138.1741905,1.0978922e+04
 138.1946249,1.0982876e+04
 138.2150595,1.0975772e+04
 138.2354939,1.0975864e+04
 138.2559282,1.0981295e+04
 138.2763628,1.0980616e+04
 138.2967972,1.0981503e+04
 138.3172316,1.0982364e+04
 138.3376660,1.0982324e+04
 138.3581005,1.0983680e+04
 138.3785350,1.0981571e+04
 138.3989693,1.0982155e+04
 138.4194038,1.0991183e+04
 138.4398383,1.0983737e+04
 138.4602726,1.0984595e+04
 138.4807071,1.0984098e+04
 138.5011416,1.0981714e+04
 138.5215759,1.0986005e+04
 138.5420104,1.0986927e+04
 138.5624448,1.0978338e+04
 138.5828793,1.0980987e+04
 138.6033137,1.0988342e+04
 138.6237481,1.0985362e+04
 138.6441826,1.0983753e+04
 138.6646170,1.0986201e+04
 138.6850514,1.0989337e+04
 138.7054858,1.0985915e+04
 138.7259203,1.0988792e+04
 138.7463547,1.0994126e+04
 138.7667891,1.0989696e+04
 138.7872236,1.0992188e+04
 138.8076581,1.0986804e+04
 138.8280924,1.0992373e+04
 138.8485268,1.0993361e+04
 138.8689614,1.0992595e+04
 138.8893958,1.0987891e+04
 138.9098301,1.0993929e+04
 138.9302647,1.0995671e+04
 138.9506991,1.0991303e+04
 138.9711334,1.0989526e+04
 138.9915679,1.0992031e+04
 139.0120024,1.0989104e+04
 139.0324367,1.0986821e+04
 139.0528712,1.0996662e+04
 139.0733057,1.0992283e+04
 139.0937401,1.0989686e+04
 139.1141745,1.0989657e+04
 139.1346089,1.0989706e+04
 139.1550434,1.0995233e+04
 139.1754778,1.0993193e+04
 139.1959122,1.0995540e+04
 139.2163466,1.0999156e+04
 139.2367811,1.0997020e+04
 139.2572155,1.1001897e+04
 139.2776499,1.0992110e+04
 139.2980844,1.0992397e+04
 139.3185188,1.1000573e+04
 139.3389533,1.0995091e+04
 139.3593876,1.0989469e+04
 139.3798221,1.0996514e+04
 139.4002566,1.0987249e+04
 139.4206909,1.0996646e+04
 139.4411254,1.0993941e+04
 139.4615599,1.0999878e+04
 139.4819942,1.0993330e+04
 139.5024286,1.0996477e+04
 139.5228632,1.0999092e+04
 139.5432975,1.0997161e+04
 139.5637319,1.1001018e+04
 139.5841664,1.0999855e+04
 139.6046008,1.1004141e+04
 139.6250352,1.0998771e+04
 139.6454696,1.1002246e+04
 139.6659042,1.1005174e+04
 139.6863385,1.0999968e+04
 139.7067729,1.1000206e+04
 139.7272074,1.0997484e+04
 139.7476418,1.0995796e+04
 139.7680762,1.1005106e+04
 139.7885107,1.1006300e+04
 139.8089451,1.1004048e+04
 139.8293795,1.0999821e+04
 139.8498139,1.0989629e+04
 139.8702484,1.1002913e+04
 139.8906828,1.1004059e+04
 139.9111172,1.1004713e+04
 139.9315517,1.1006746e+04
 139.9519862,1.1006276e+04
 139.9724205,1.1002388e+04
 139.9928549,1.1006826e+04
 140.0132893,1.0996212e+04
 140.0337238,1.1006143e+04
 140.0541582,1.1004771e+04
 140.0745927,1.1010624e+04
 140.0950271,1.1007464e+04
 140.1154615,1.1007546e+04
 140.1358959,1.1006807e+04
 140.1563303,1.1017928e+04
 140.1767648,1.1004861e+04
 140.1971992,1.1018008e+04
 140.2176336,1.1012323e+04
 140.2380681,1.1010320e+04
 140.2585025,1.1007113e+04
 140.2789368,1.1010762e+04
 140.2993713,1.1004450e+04
 140.3198058,1.1011442e+04
 140.3402401,1.1008208e+04
 140.3606745,         null
 140.3811090,1.1007974e+04
 140.4015435,1.0998847e+04
 140.4219778,1.1011644e+04
 140.4424123,1.1012778e+04
 140.4628468,1.1013461e+04
 140.4832811,1.1019325e+04
 140.5037155,1.1017680e+04
 140.5241499,1.1022476e+04
 140.5445844,1.1016855e+04
 140.5650188,1.1013099e+04
 140.5854532,1.1012024e+04
 140.6058877,1.1018609e+04
 140.6263221,1.1018320e+04
 140.6467565,1.1020433e+04
 140.6671908,1.1022299e+04
 140.6876254,1.1017201e+04
 140.7080598,1.1013287e+04
 140.7284941,1.1013281e+04
 140.7489286,1.1013029e+04
 140.7693631,1.1013820e+04
 140.7897974,1.1014908e+04
 140.8102318,1.1021261e+04
 140.8306663,1.1016934e+04
 140.8511007,1.1011852e+04
 140.8715351,1.1022449e+04
 140.8919695,1.1021173e+04
 140.9124040,1.1015163e+04
 140.9328383,1.1020059e+04
 140.9532728,1.1019423e+04
 140.9737073,1.1026488e+04
 140.9941416,1.1015789e+04
 141.0145760,1.1021453e+04
 141.0350105,1.1015772e+04
 141.0554449,1.1017312e+04
 141.0758793,1.1010385e+04
 141.0963137,1.1022802e+04
 141.1167481,1.1028229e+04
 141.1371826,1.1017459e+04
 141.1576170,1.1024301e+04
 141.1780513,1.1015498e+04
 141.1984858,1.1020314e+04
 141.2189202,1.1015729e+04
 141.2393546,1.1019300e+04
 141.2597891,1.1018291e+04
 141.2802235,1.1023587e+04
 141.3006578,1.1019237e+04
 141.3210923,1.1019203e+04
 141.3415268,1.1021687e+04
 141.3619612,1.1019830e+04
 141.3823955,1.1013466e+04
 141.4028299,1.1024788e+04
 141.4232645,1.1026751e+04
 141.4436989,1.1026410e+04
 141.4641332,1.1021568e+04
 141.4845677,1.1023107e+04
 141.5050021,1.1031037e+04
 141.5254364,1.1021403e+04
 141.5458709,1.1016661e+04
 141.5663053,1.1022203e+04
 141.5867398,1.1017260e+04
 141.6071741,1.1018273e+04
 141.6276086,1.1021746e+04
 141.6480431,1.1023773e+04
 141.6684774,1.1016678e+04
 141.6889118,1.1028509e+04
 141.7093463,1.1018436e+04
 141.7297806,1.1034177e+04
 141.7502150,1.1023015e+04
 141.7706496,1.1032302e+04
 141.7910839,1.1027919e+04
 141.8115183,1.1027131e+04
 141.8319527,1.1017565e+04
 141.8523871,1.1023561e+04
 141.8728215,1.1020436e+04
 141.8932560,1.1019356e+04
 141.9136905,1.1018102e+04
 141.9341248,1.1023798e+04
 141.9545592,1.1019809e+04
 141.9749935,1.1030881e+04
 141.9954280,1.1028404e+04
 142.0158625,1.1022096e+04
 142.0362968,1.1025615e+04
 142.0567312,1.1020137e+04
 142.0771657,1.1022225e+04
 142.0976001,1.1029954e+04
 142.1180344,1.1031657e+04
 142.1384690,1.1027541e+04
 142.1589034,1.1020282e+04
 142.1793377,1.1029045e+04
 142.1997721,1.1022323e+04
 142.2202066,1.1027585e+04
 142.2406409,1.1026042e+04
 142.2610753,1.1028860e+04
 142.2815099,1.1029903e+04
 142.3019442,1.1022509e+04
 142.3223786,1.1018152e+04
 142.3428130,1.1021233e+04
 142.3632475,1.1028288e+04
 142.3836818,1.1029940e+04
 142.4041162,1.1027319e+04
 142.4245507,1.1025581e+04
 142.4449851,1.1021894e+04
 142.4654195,1.1022913e+04
 142.4858538,1.1024569e+04
 142.5062883,1.1026269e+04
 142.5267227,1.1023852e+04
 142.5471571,1.1022171e+04
 142.5675914,1.1020065e+04
 142.5880259,1.1020202e+04
 142.6084604,1.1020869e+04
 142.6288947,1.1025453e+04
 142.6493292,1.1019631e+04
 142.6697636,1.1024094e+04
 142.6901979,1.1019076e+04
 142.7106323,1.1021263e+04
 142.7310668,1.1022799e+04
 142.7515011,1.1016433e+04
 142.7719355,1.1027494e+04
 142.7923701,1.1021240e+04
 142.8128044,1.1023760e+04
 142.8332388,1.1032742e+04
 142.8536732,1.1017558e+04
 142.8741077,1.1015093e+04
 142.8945420,1.1016137e+04
 142.9149764,1.1020632e+04
 142.9354109,1.1018613e+04
 142.9558452,1.1020363e+04
 142.9762796,1.1020363e+04
 142.9967140,1.1015267e+04
 143.0171485,1.1018507e+04
 143.0375829,1.1020814e+04
 143.0580173,1.1012339e+04
 143.0784517,1.1020870e+04
 143.0988861,1.1018448e+04
 143.1193205,1.1026698e+04
 143.1397549,1.1017228e+04
 143.1601893,1.1016498e+04
 143.1806237,1.1022028e+04
 143.2010580,1.1015926e+04
 143.2214924,1.1018216e+04
 143.2419269,1.1020420e+04
 143.2623614,1.1024026e+04
 143.2827958,1.1019465e+04
 143.3032302,1.1014120e+04
 143.3236646,1.1012687e+04
 143.3440990,         null
 143.3645333,1.1023414e+04
 143.3849678,1.1019294e+04
 143.4054022,1.1013094e+04
 143.4258365,1.1017259e+04
 143.4462710,1.1007817e+04
 143.4667054,1.1016899e+04
 143.4871397,1.1010970e+04
 143.5075741,1.1012244e+04
 143.5280086,1.1012481e+04
 143.5484430,1.1008943e+04
 143.5688773,1.1010853e+04
 143.5893118,1.1009736e+04
 143.6097463,1.1022293e+04
 143.6301806,1.1013988e+04
 143.6506150,1.1015176e+04
 143.6710495,1.1013604e+04
 143.6914838,1.1007004e+04
 143.7119182,1.1011142e+04
 143.7323526,1.1009986e+04
 143.7527870,1.1011330e+04
 143.7732214,1.1014366e+04
 143.7936558,1.1012242e+04
 143.8140902,1.1014612e+04
 143.8345246,1.1009299e+04
 143.8549590,1.1012741e+04
 143.8753933,1.1012776e+04
 143.8958278,1.1017898e+04
 143.9162622,1.1005993e+04
 143.9366965,1.1002481e+04
 143.9571310,1.1013273e+04
 143.9775654,1.1017327e+04
 143.9979997,1.1017150e+04
 144.0184341,1.1011146e+04
 144.0388686,1.1016270e+04
 144.0593030,1.1012076e+04
 144.0797373,1.1015056e+04
 144.1001718,1.1014911e+04
 144.1206062,1.1009400e+04
 144.1410405,1.1018798e+04
 144.1614749,1.1016316e+04
 144.1819094,1.1007104e+04
 144.2023437,1.1008033e+04
 144.2227781,1.1014871e+04
 144.2432126,1.1013524e+04
 144.2636469,1.1008992e+04
 144.2840813,1.1027391e+04
 144.3045157,1.1011107e+04
 144.3249501,1.1003385e+04
 144.3453845,1.1005240e+04
 144.3658189,1.1005236e+04
 144.3862532,1.1003072e+04
 144.4066877,1.1015076e+04
 144.4271221,1.1006805e+04
 144.4475564,1.1011935e+04
 144.4679909,1.1005604e+04
 144.4884253,1.1011917e+04
 144.5088596,1.1014566e+04
 144.5292940,1.1013887e+04
 144.5497285,1.1007138e+04
 144.5701629,1.1011518e+04
 144.5905972,1.1020439e+04
 144.6110317,1.1019876e+04
 144.6314661,1.1010290e+04
 144.6519004,1.1012408e+04
 144.6723348,1.1013643e+04
 144.6927693,1.1013027e+04
 144.7132036,1.1012540e+04
 144.7336380,1.1005036e+04
 144.7540725,1.1011797e+04
 144.7745068,1.1007558e+04
 144.7949412,1.1011783e+04
 144.8153756,1.1011260e+04
 144.8358101,1.1020893e+04
 144.8562444,1.1007669e+04
 144.8766788,1.1022735e+04
 144.8971132,1.1009312e+04
 144.9175475,1.1013412e+04
 144.9379819,1.1008693e+04
 144.9584163,1.1012109e+04
 144.9788508,1.1005298e+04
 144.9992851,1.1010796e+04
 145.0197195,1.1005567e+04
 145.0401539,1.1002884e+04
 145.0605883,1.1009694e+04
 145.0810227,1.1009868e+04
 145.1014571,1.1008306e+04
 145.1218916,1.1014575e+04
 145.1423259,1.1008220e+04
 145.1627603,1.1006702e+04
 145.1831946,1.1019215e+04
 145.2036291,1.1007119e+04
 145.2240635,1.1006806e+04
 145.2444978,1.1007034e+04
 145.2649322,1.1014525e+04
 145.2853666,1.1007884e+04
 145.3058010,1.1010628e+04
 145.3262353,1.1015161e+04
 145.3466698,1.1005710e+04
 145.3671042,1.1012189e+04
 145.3875385,1.1002603e+04
 145.4079730,1.1015550e+04
 145.4284074,1.1008238e+04
 145.4488417,1.1013443e+04
 145.4692761,1.1005993e+04
 145.4897106,1.1016436e+04
 145.5101448,1.1009096e+04
 145.5305792,1.1013605e+04
 145.5510136,1.1006438e+04
 145.5714481,1.1016477e+04
 145.5918824,1.1011031e+04
 145.6123168,1.1006358e+04
 145.6327513,1.1005057e+04
 145.6531856,1.1009964e+04
 145.6736200,1.1010115e+04
 145.6940543,1.1008735e+04
 145.7144887,1.1015285e+04
 145.7349231,1.1009613e+04
 145.7553575,1.1012226e+04
 145.7757919,1.1005854e+04
 145.7962263,1.1011183e+04
 145.8166607,1.1013336e+04
 145.8370950,1.1011395e+04
 145.8575295,1.1008368e+04
 145.8779639,1.1009025e+04
 145.8983981,1.1009010e+04
 145.9188326,1.1004469e+04
 145.9392670,1.1003836e+04
 145.9597013,1.1013009e+04
 145.9801357,1.1009372e+04
 146.0005702,1.1010801e+04
 146.0210046,1.1008887e+04
 146.0414388,1.1003459e+04
 146.0618733,1.1011429e+04
 146.0823077,1.1011097e+04
 146.1027420,1.1006850e+04
 146.1231764,1.1011991e+04
 146.1436109,1.1007572e+04
 146.1640452,1.1006351e+04
 146.1844796,1.1005858e+04
 146.2049139,1.1010157e+04
 146.2253483,1.1011104e+04
 146.2457827,1.1013379e+04
 146.2662171,1.1015684e+04
 146.2866515,1.1004162e+04
 146.3070859,1.1013492e+04
 146.3275202,         null
 146.3479545,1.1008737e+04
 146.3683890,1.1007131e+04
 146.3888234,1.1018440e+04
 146.4092577,1.1014539e+04
 146.4296922,1.1017005e+04
 146.4501266,1.1008882e+04
 146.4705608,1.1005012e+04
 146.4909953,1.1007879e+04
 146.5114297,1.1011155e+04
 146.5318641,1.1016155e+04
 146.5522984,1.1000341e+04
 146.5727329,1.1008325e+04
 146.5931672,1.1005785e+04
 146.6136016,1.0998703e+04
 146.6340359,1.1002446e+04
 146.6544704,1.1003371e+04
 146.6749048,1.1004762e+04
 146.6953390,1.1006246e+04
 146.7157735,1.1002424e+04
 146.7362079,1.1018712e+04
 146.7566423,1.1005471e+04
 146.7770766,1.1005306e+04
 146.7975111,1.1007014e+04
 146.8179454,1.1010360e+04
 146.8383797,1.1009653e+04
 146.8588141,1.1002175e+04
 146.8792486,1.1001728e+04
 146.8996829,1.0997966e+04
 146.9201172,1.1001959e+04
 146.9405517,1.0999916e+04
 146.9609860,1.1000166e+04
 146.9814204,1.0998449e+04
 147.0018548,1.1002950e+04
 147.0222891,1.0994393e+04
 147.0427235,1.1002165e+04
 147.0631579,1.0999636e+04
 147.0835924,1.1005802e+04
 147.1040266,1.1003608e+04
 147.1244610,1.1001564e+04
 147.1448953,1.0998018e+04
 147.1653298,1.0995252e+04
 147.1857642,1.0990707e+04
 147.2061984,1.0990330e+04
 147.2266329,1.0993101e+04
 147.2470673,1.1003782e+04
 147.2675017,1.0995227e+04
 147.2879359,1.0995039e+04
 147.3083704,1.1004010e+04
 147.3288048,1.0993367e+04
 147.3492391,1.0990520e+04
 147.3696735,1.0987175e+04
 147.3901079,1.1002854e+04
 147.4105422,1.0990306e+04
 147.4309766,1.0994436e+04
 147.4514111,1.0995736e+04
 147.4718453,1.0997195e+04
 147.4922797,1.0987370e+04
 147.5127141,1.0987144e+04
 147.5331486,1.0983274e+04
 147.5535828,1.0993967e+04
 147.5740172,1.1000590e+04
 147.5944517,1.0989057e+04
 147.6148860,1.0985378e+04
 147.6353203,1.0989621e+04
 147.6557546,1.0991720e+04
 147.6761891,1.0987405e+04
 147.6966235,1.0982729e+04
 147.7170577,1.0989252e+04
 147.7374922,1.0985225e+04
 147.7579266,1.0984456e+04
 147.7783610,1.0990552e+04
 147.7987952,1.0985229e+04
 147.8192297,1.0978721e+04
 147.8396641,1.0987337e+04
 147.8600983,1.0984523e+04
 147.8805327,1.0984362e+04
 147.9009672,         null
 147.9214015,1.0989886e+04
 147.9418358,1.0986022e+04
 147.9622703,1.0986439e+04
 147.9827046,1.0974258e+04
 148.0031389,1.0974477e+04
 148.0235733,1.0980189e+04
 148.0440078,1.0981779e+04
 148.0644421,1.0983926e+04
 148.0848764,1.0978107e+04
 148.1053109,1.0976130e+04
 148.1257452,1.0977098e+04
 148.1461795,1.0979024e+04
 148.1666139,1.0979561e+04
 148.1870483,1.0970011e+04
 148.2074827,1.0977103e+04
 148.2279170,1.0965609e+04
 148.2483515,1.0977525e+04
 148.2687858,1.0965248e+04
 148.2892201,1.0958918e+04
 148.3096545,1.0968154e+04
 148.3300889,1.0960782e+04
 148.3505232,1.0962699e+04
 148.3709576,1.0966479e+04
 148.3913919,1.0971618e+04
 148.4118263,1.0967210e+04
 148.4322607,1.0969536e+04
 148.4526951,1.0959084e+04
 148.4731294,1.0963853e+04
 148.4935638,1.0958551e+04
 148.5139982,1.0958317e+04
 148.5344325,1.0959388e+04
 148.5548669,1.0954237e+04
 148.5753013,1.0957385e+04
 148.5957356,1.0957987e+04
 148.6161700,1.0954071e+04
 148.6366044,1.0966725e+04
 148.6570387,1.0955615e+04
 148.6774730,1.0957895e+04
 148.6979075,1.0949445e+04
 148.7183417,1.0954987e+04
 148.7387761,1.0958626e+04
 148.7592106,1.0949159e+04
 148.7796449,1.0950240e+04
 148.8000792,1.0953116e+04
 148.8205136,1.0955023e+04
 148.8409480,1.0950007e+04
 148.8613823,1.0947326e+04
 148.8818167,1.0948171e+04
 148.9022511,1.0937041e+04
 148.9226854,1.0947068e+04
 148.9431198,1.0950590e+04
 148.9635541,1.0947906e+04
 148.9839885,1.0940377e+04
 149.0044229,1.0945989e+04
 149.0248572,1.0939730e+04
 149.0452915,1.0942654e+04
 149.0657259,1.0946355e+04
 149.0861603,1.0939332e+04
 149.1065946,1.0933805e+04
 149.1270290,1.0940547e+04
 149.1474634,1.0933617e+04
 149.1678977,1.0941425e+04
 149.1883320,1.0936771e+04
 149.2087665,1.0929684e+04
 149.2292008,1.0938313e+04
 149.2496351,1.0933105e+04
 149.2700696,1.0932396e+04
 149.2905039,1.0928666e+04
 149.3109382,         null
 149.3313725,1.0929260e+04
 149.3518070,1.0925742e+04
 149.3722413,1.0929929e+04
 149.3926756,1.0933362e+04
 149.4131101,1.0926477e+04
 149.4335443,1.0920540e+04
 149.4539787,1.0923405e+04
 149.4744131,1.0920342e+04
 149.4948474,1.0924246e+04
 149.5152818,1.0928635e+04
 149.5357161,1.0921663e+04
 149.5561506,1.0929992e+04
 149.5765849,1.0929969e+04
 149.5970192,1.0923816e+04
 149.6174535,1.0923881e+04
 149.6378879,1.0925152e+04
 149.6583223,1.0921598e+04
 149.6787566,1.0920888e+04
 149.6991909,1.0926911e+04
 149.7196254,1.0926602e+04
 149.7400597,1.0919653e+04
 149.7604940,1.0925388e+04
 149.7809284,1.0918049e+04
 149.8013628,1.0928704e+04
 149.8217971,1.0916089e+04
 149.8422314,1.0917135e+04
 149.8626659,1.0924025e+04
 149.8831002,1.0916404e+04
 149.9035345,1.0917419e+04
 149.9239689,1.0914535e+04
 149.9444033,1.0916166e+04
 149.9648376,1.0909164e+04
 149.9852719,1.0916658e+04
 150.0057064,1.0909610e+04
 150.0261407,1.0920545e+04
 150.0465750,1.0908234e+04
 150.0670094,1.0907241e+04
 150.0874438,1.0908377e+04
 150.1078780,1.0914207e+04
 150.1283124,1.0916302e+04
 150.1487468,1.0914076e+04
 150.1691811,1.0909333e+04
 150.1896154,1.0901993e+04
 150.2100499,1.0910357e+04
 150.2304841,1.0912771e+04
 150.2509185,1.0902688e+04
 150.2713529,1.0904760e+04
 150.2917873,1.0907552e+04
 150.3122216,1.0901369e+04
 150.3326559,1.0907666e+04
 150.3530902,1.0901018e+04
 150.3735246,1.0903525e+04
 150.3939590,1.0903928e+04
 150.4143932,1.0909184e+04
 150.4348277,1.0903566e+04
 150.4552620,1.0898036e+04
 150.4756964,1.0899592e+04
 150.4961306,1.0893735e+04
 150.5165651,1.0903053e+04
 150.5369994,1.0905538e+04
 150.5574337,1.0897990e+04
 150.5778681,1.0902834e+04
 150.5983025,1.0894923e+04
 150.6187367,1.0895798e+04
 150.6391711,1.0892101e+04
 150.6596055,1.0904117e+04
 150.6800398,1.0896228e+04
 150.7004741,1.0898399e+04
 150.7209086,1.0885099e+04
 150.7413429,1.0887630e+04
 150.7617772,1.0892283e+04
 150.7822115,1.0894732e+04
 150.8026460,1.0884567e+04
 150.8230802,1.0885322e+04
 150.8435146,1.0890659e+04
 150.8639490,1.0886348e+04
 150.8843833,1.0890637e+04
 150.9048176,1.0898531e+04
 150.9252520,1.0888933e+04
 150.9456863,1.0887215e+04
 150.9661207,1.0888939e+04
 150.9865550,1.0888845e+04
 151.0069892,1.0883629e+04
 151.0274237,1.0891993e+04
 151.0478580,1.0887395e+04
 151.0682923,1.0876535e+04
 151.0887267,1.0883233e+04
 151.1091611,1.0886150e+04
 151.1295953,1.0890653e+04
 151.1500297,1.0881842e+04
 151.1704641,1.0887258e+04
 151.1908984,1.0885136e+04
 151.2113327,1.0885089e+04
 151.2317671,1.0887733e+04
 151.2522015,1.0884703e+04
 151.2726357,1.0886007e+04
 151.2930701,1.0886732e+04
 151.3135045,1.0882523e+04
 151.3339388,1.0877711e+04
 151.3543731,1.0881521e+04
 151.3748076,1.0877442e+04
 151.3952418,1.0880779e+04
 151.4156761,1.0888492e+04
 151.4361105,1.0886191e+04
 151.4565448,1.0893854e+04
 151.4769792,1.0883280e+04
 151.4974135,1.0878948e+04
 151.5178479,1.0872281e+04
 151.5382822,1.0882856e+04
 151.5587165,1.0876268e+04
 151.5791509,1.0875111e+04
 151.5995853,1.0873698e+04
 151.6200196,1.0875842e+04
 151.6404539,1.0872635e+04
 151.6608882,         null
 151.6813226,1.0876494e+04
 151.7017569,1.0874008e+04
 151.7221913,1.0874261e+04
 151.7426256,1.0872966e+04
 151.7630599,1.0881115e+04
 151.7834943,1.0870070e+04
 151.8039285,1.0874821e+04
 151.8243630,1.0874835e+04
 151.8447973,1.0882602e+04
 151.8652315,1.0872759e+04
 151.8856660,1.0869874e+04
 151.9061003,1.0871996e+04
 151.9265346,1.0882739e+04
 151.9469689,1.0866358e+04
 151.9674033,1.0877286e+04
 151.9878377,1.0875252e+04
 152.0082719,1.0875824e+04
 152.0287064,1.0882705e+04
 152.0491407,1.0878498e+04
 152.0695749,1.0871091e+04
 152.0900093,1.0873142e+04
 152.1104437,1.0876176e+04
 152.1308779,1.0870178e+04
 152.1513123,1.0873312e+04
 152.1717466,1.0870858e+04
 152.1921809,1.0867368e+04
 152.2126153,1.0865838e+04
 152.2330496,1.0857838e+04
 152.2534841,1.0867960e+04
 152.2739183,1.0873875e+04
 152.2943526,         null
 152.3147869,1.0873884e+04
 152.3352213,1.0865763e+04
 152.3556556,1.0876979e+04
 152.3760899,1.0869682e+04
 152.3965243,1.0878186e+04
 152.4169586,1.0870080e+04
 152.4373930,1.0873533e+04
 152.4578272,1.0858185e+04
 152.4782616,1.0864489e+04
 152.4986960,1.0871649e+04
 152.5191302,1.0872889e+04
 152.5395646,1.0876198e+04
 152.5599990,1.0866453e+04
 152.5804332,1.0871275e+04
 152.6008675,1.0868812e+04
 152.6213020,1.0866143e+04
 152.6417362,1.0870393e+04
 152.6621705,         null
 152.6826049,1.0877417e+04
 152.7030392,1.0877978e+04
 152.7234735,1.0874182e+04
 152.7439079,1.0875904e+04
 152.7643423,1.0889473e+04
 152.7847765,1.0866359e+04
 152.8052109,1.0866487e+04
 152.8256451,1.0873294e+04
 152.8460795,1.0873104e+04
 152.8665138,1.0874594e+04
 152.8869481,1.0869928e+04
 152.9073825,1.0874883e+04
 152.9278168,1.0877461e+04
 152.9482512,1.0869630e+04
 152.9686854,1.0872545e+04
 152.9891198,1.0879241e+04
 153.0095542,1.0867013e+04
 153.0299884,1.0872709e+04
 153.0504228,1.0872998e+04
 153.0708571,1.0882647e+04
 153.0912914,1.0873121e+04
 153.1117257,1.0877167e+04
 153.1321601,1.0882142e+04
 153.1525944,1.0875556e+04
 153.1730287,1.0871829e+04
 153.1934630,1.0881856e+04
 153.2138974,1.0878781e+04
 153.2343318,1.0886353e+04
 153.2547660,1.0880456e+04
 153.2752004,1.0878271e+04
 153.2956347,1.0878323e+04
 153.3160690,1.0879034e+04
 153.3365033,1.0877035e+04
 153.3569376,1.0880122e+04
 153.3773719,1.0885785e+04
 153.3978063,1.0882997e+04
 153.4182407,1.0883176e+04
 153.4386750,1.0881246e+04
 153.4591092,1.0881796e+04
 153.4795436,1.0880188e+04
 153.4999780,1.0884845e+04
 153.5204122,1.0885386e+04
 153.5408465,1.0882009e+04
 153.5612810,1.0877606e+04
 153.5817152,1.0885683e+04
 153.6021495,1.0887787e+04
 153.6225838,1.0872328e+04
 153.6430182,1.0878768e+04
 153.6634525,1.0883845e+04
 153.6838868,1.0882800e+04
 153.7043210,1.0878947e+04
 153.7247555,1.0885814e+04
 153.7451898,1.0889991e+04
 153.7656240,1.0887127e+04
 153.7860584,1.0888058e+04
 153.8064927,1.0884295e+04
 153.8269270,1.0879884e+04
 153.8473613,1.0894577e+04
 153.8677957,1.0884603e+04
 153.8882299,1.0889333e+04
 153.9086643,1.0889580e+04
 153.9290987,1.0886484e+04
 153.9495330,1.0889975e+04
 153.9699672,1.0892472e+04
 153.9904015,1.0885127e+04
 154.0108360,1.0894711e+04
 154.0312702,1.0888634e+04
 154.0517045,1.0901771e+04
 154.0721389,1.0887384e+04
 154.0925731,1.0893431e+04
 154.1130075,1.0886217e+04
 154.1334418,1.0888038e+04
 154.1538761,1.0890693e+04
 154.1743104,1.0890985e+04
 154.1947447,1.0890501e+04
 154.2151790,1.0902511e+04
 154.2356134,1.0882459e+04
 154.2560477,1.0898571e+04
 154.2764819,1.0900960e+04
 154.2969163,1.0898404e+04
 154.3173506,1.0892774e+04
 154.3377849,1.0893568e+04
 154.3582192,1.0888143e+04
 154.3786536,1.0900224e+04
 154.3990878,1.0898903e+04
 154.4195221,1.0893539e+04
 154.4399565,1.0898276e+04
 154.4603909,1.0906237e+04
 154.4808251,1.0896868e+04
 154.5012594,1.0904132e+04
 154.5216938,1.0896740e+04
 154.5421280,1.0892519e+04
 154.5625623,1.0902372e+04
 154.5829967,1.0905382e+04
 154.6034310,1.0900871e+04
 154.6238653,1.0909051e+04
 154.6442996,1.0902788e+04
 154.6647339,1.0900979e+04
 154.6851682,1.0905519e+04
 154.7056025,1.0908306e+04
 154.7260369,1.0907008e+04
 154.7464712,1.0909250e+04
 154.7669055,1.0909800e+04
 154.7873398,1.0908490e+04
 154.8077741,1.0907079e+04
 154.8282084,1.0909841e+04
 154.8486426,1.0911186e+04
 154.8690770,1.0908628e+04
 154.8895113,1.0914480e+04
 154.9099457,1.0917995e+04
 154.9303800,1.0915412e+04
 154.9508143,1.0906518e+04
 154.9712486,1.0913373e+04
 154.9916829,1.0920659e+04
 155.0121171,1.0916450e+04
 155.0325515,1.0911346e+04
 155.0529858,1.0909156e+04
 155.0734200,1.0916198e+04
 155.0938545,1.0911330e+04
 155.1142888,1.0912184e+04
 155.1347230,1.0915336e+04
 155.1551573,1.0916189e+04
 155.1755917,1.0919951e+04
 155.1960260,1.0924667e+04
 155.2164602,1.0913948e+04
 155.2368945,1.0924551e+04
 155.2573289,1.0917822e+04
 155.2777631,         null
 155.2981974,1.0917429e+04
 155.3186319,1.0918141e+04
 155.3390661,1.0922489e+04
 155.3595004,1.0919932e+04
 155.3799347,1.0926777e+04
 155.4003690,1.0931283e+04
 155.4208033,1.0914741e+04
 155.4412376,1.0925447e+04
 155.4616720,1.0926575e+04
 155.4821062,1.0930663e+04
 155.5025405,1.0917997e+04
 155.5229747,1.0926729e+04
 155.5434091,1.0922340e+04
 155.5638434,         null
 155.5842776,1.0935489e+04
 155.6047120,1.0939619e+04
 155.6251463,1.0929125e+04
 155.6455807,1.0930778e+04
 155.6660149,1.0931163e+04
 155.6864493,1.0933307e+04
 155.7068836,1.0932820e+04
 155.7273178,1.0931945e+04
 155.7477521,1.0932485e+04
 155.7681865,1.0930922e+04
 155.7886207,1.0929479e+04
 155.8090550,1.0930228e+04
 155.8294894,1.0941583e+04
 155.8499236,1.0940507e+04
 155.8703579,1.0936947e+04
 155.8907922,1.0946454e+04
 155.9112266,1.0935452e+04
 155.9316608,1.0939370e+04
 155.9520951,1.0944135e+04
 155.9725295,1.0940472e+04
 155.9929637,1.0940179e+04
 156.0133980,1.0944834e+04
 156.0338322,1.0946903e+04
 156.0542666,1.0939635e+04
 156.0747009,1.0942801e+04
 156.0951352,1.0943060e+04
 156.1155695,1.0941953e+04
 156.1360038,1.0948589e+04
 156.1564381,1.0937146e+04
 156.1768723,1.0951133e+04
 156.1973067,1.0940945e+04
 156.2177410,1.0953148e+04
 156.2381752,1.0954169e+04
 156.2586095,1.0955748e+04
 156.2790439,1.0952349e+04
 156.2994781,1.0947940e+04
 156.3199124,1.0954519e+04
 156.3403468,1.0960119e+04
 156.3607810,1.0949396e+04
 156.3812153,1.0956353e+04
 156.4016496,1.0956148e+04
 156.4220840,1.0965577e+04
 156.4425182,1.0964671e+04
 156.4629525,1.0964988e+04
 156.4833869,1.0965793e+04
 156.5038211,1.0958420e+04
 156.5242554,1.0959368e+04
 156.5446897,1.0967044e+04
 156.5651240,1.0966239e+04
 156.5855583,1.0964521e+04
 156.6059926,1.0962080e+04
 156.6264269,1.0969408e+04
 156.6468612,1.0970603e+04
 156.6672955,1.0962188e+04
 156.6877297,1.0969061e+04
 156.7081640,1.0973456e+04
 156.7285983,1.0975887e+04
 156.7490326,1.0976182e+04
 156.7694668,1.0968870e+04
 156.7899012,1.0979047e+04
 156.8103355,1.0979153e+04
 156.8307698,1.0971407e+04
 156.8512041,1.0977245e+04
 156.8716384,1.0965607e+04
 156.8920727,1.0985777e+04
 156.9125069,1.0983346e+04
 156.9329413,1.0974954e+04
 156.9533756,1.0976829e+04
 156.9738098,1.0975352e+04
 156.9942441,1.0976772e+04
 157.0146784,1.0975756e+04
 157.0351126,1.0979531e+04
 157.0555469,1.0972899e+04
 157.0759813,1.0980710e+04
 157.0964155,1.0976245e+04
 157.1168498,1.0974651e+04
 157.1372842,1.0987247e+04
 157.1577185,1.0984053e+04
 157.1781527,1.0989018e+04
 157.1985870,1.0987222e+04
 157.2190213,1.0989217e+04
 157.2394555,1.0976554e+04
 157.2598898,1.0986982e+04
 157.2803241,1.0989790e+04
 157.3007584,1.0990438e+04
 157.3211927,1.0991847e+04
 157.3416270,1.0992354e+04
 157.3620613,1.0993768e+04
 157.3824956,1.0988060e+04
 157.4029298,1.0992568e+04
 157.4233640,1.0990894e+04
 157.4437984,1.0984114e+04
 157.4642327,1.0999798e+04
 157.4846669,1.0989633e+04
 157.5051013,1.0986935e+04
 157.5255356,1.0997110e+04
 157.5459698,1.0994146e+04
 157.5664040,1.0994972e+04
 157.5868384,1.1002553e+04
 157.6072726,1.0997204e+04
 157.6277069,1.0999193e+04
 157.6481413,1.0998440e+04
 157.6685756,1.0997328e+04
 157.6890098,1.0989826e+04
 157.7094440,1.0999066e+04
 157.7298784,1.0992621e+04
 157.7503126,1.0997613e+04
 157.7707469,1.1005642e+04
 157.7911813,1.0995597e+04
 157.8116155,1.0996565e+04
 157.8320498,1.0993154e+04
 157.8524840,1.0996632e+04
 157.8729183,1.1000178e+04
 157.8933526,1.0997580e+04
 157.9137869,1.1000372e+04
 157.9342211,1.0993179e+04
 157.9546554,1.0998435e+04
 157.9750897,1.0991923e+04
 157.9955239,1.0999524e+04
 158.0159583,1.0998411e+04
 158.0363926,1.0998133e+04
 158.0568268,1.0998900e+04
 158.0772610,1.1002444e+04
 158.0976954,1.1005693e+04
 158.1181297,1.0999197e+04
 158.1385639,1.1000631e+04
 158.1589983,1.0999586e+04
 158.1794325,1.0991758e+04
 158.1998667,1.0998397e+04
 158.2203010,1.0995208e+04
 158.2407354,1.1003048e+04
 158.2611696,         null
 158.2816038,1.1004416e+04
 158.3020382,1.1001270e+04
 158.3224725,1.1002349e+04
 158.3429067,1.0996182e+04
 158.3633410,1.1005981e+04
 158.3837753,1.1007067e+04
 158.4042096,1.1000807e+04
 158.4246438,1.0999341e+04
 158.4450781,1.0999574e+04
 158.4655125,1.0999756e+04
 158.4859466,1.0999012e+04
 158.5063809,1.1002111e+04
 158.5268153,1.0999603e+04
 158.5472495,1.0995937e+04
 158.5676837,1.1003864e+04
 158.5881180,1.0994342e+04
 158.6085523,1.0998971e+04
 158.6289866,1.0992421e+04
 158.6494208,1.0998536e+04
 158.6698552,1.1008126e+04
 158.6902894,1.1001166e+04
 158.7107237,1.0994954e+04
 158.7311578,1.0999915e+04
 158.7515922,1.1000612e+04
 158.7720265,1.0999200e+04
 158.7924608,1.1003049e+04
 158.8128950,1.1000218e+04
 158.8333293,1.1000720e+04
 158.8537636,1.0997449e+04
 158.8741978,1.1003769e+04
 158.8946321,1.1001691e+04
 158.9150664,1.0994176e+04
 158.9355006,1.0993849e+04
 158.9559350,1.0999359e+04
 158.9763692,1.0998355e+04
 158.9968034,1.0999329e+04
 159.0172377,1.0994064e+04
 159.0376720,1.1000882e+04
 159.0581062,1.0993424e+04
 159.0785405,1.0998136e+04
 159.0989748,1.0996012e+04
 159.1194091,1.1001564e+04
 159.1398433,1.0997224e+04
 159.1602776,1.0992268e+04
 159.1807119,1.0998369e+04
 159.2011461,1.0998157e+04
 159.2215804,1.0997052e+04
 159.2420146,1.0996906e+04
 159.2624489,1.1000211e+04
 159.2828832,1.1002430e+04
 159.3033175,1.0998854e+04
 159.3237517,1.0990857e+04
 159.3441860,1.0997815e+04
 159.3646203,1.0999850e+04
 159.3850544,1.0997700e+04
 159.4054888,1.0996499e+04
 159.4259231,1.0999153e+04
 159.4463572,1.0994752e+04
 159.4667916,1.1001927e+04
 159.4872259,1.0993227e+04
 159.5076600,1.1001955e+04
 159.5280943,1.1007943e+04
 159.5485287,1.0991399e+04
 159.5689628,1.0995793e+04
 159.5893971,1.1000429e+04
 159.6098314,1.0992961e+04
 159.6302657,1.0994565e+04
 159.6506999,1.0993739e+04
 159.6711342,1.0993793e+04
 159.6915685,1.0999130e+04
 159.7120027,1.0989965e+04
 159.7324370,1.0992465e+04
 159.7528712,1.0991620e+04
 159.7733055,1.0998732e+04
 159.7937398,1.0995629e+04
 159.8141740,1.1000948e+04
 159.8346083,1.0993075e+04
 159.8550426,1.0990741e+04
 159.8754768,1.0990938e+04
 159.8959110,1.0995826e+04
 159.9163453,1.1003145e+04
 159.9367796,1.1003514e+04
 159.9572139,1.0995673e+04
 159.9776481,1.0994106e+04
 159.9980824,1.0991777e+04
 160.0185167,1.1001624e+04
 160.0389509,1.1000564e+04
 160.0593852,1.0985213e+04
 160.0798194,1.0999390e+04
 160.1002537,1.0997110e+04
 160.1206879,1.0998974e+04
 160.1411222,1.1003928e+04
 160.1615565,1.0998776e+04
 160.1819906,1.1004223e+04
 160.2024250,1.0999742e+04
 160.2228593,1.0998440e+04
 160.2432934,1.0996102e+04
 160.2637277,1.1009562e+04
 160.2841620,1.0999577e+04
 160.3045962,1.1006025e+04
 160.3250305,1.0998129e+04
 160.3454648,1.1003890e+04
 160.3658991,1.0998367e+04
 160.3863332,1.0999547e+04
 160.4067675,1.0997843e+04
 160.4272018,1.1005652e+04
 160.4476360,1.1003839e+04
 160.4680703,1.0999331e+04
 160.4885046,1.1003698e+04
 160.5089388,1.1000847e+04
 160.5293730,1.0997863e+04
 160.5498073,1.1000715e+04
 160.5702415,1.0998582e+04
 160.5906758,1.1003167e+04
 160.6111101,1.0996918e+04
 160.6315442,1.1000539e+04
 160.6519786,1.0996729e+04
 160.6724128,1.0998513e+04
 160.6928470,1.0999092e+04
 160.7132813,1.1007686e+04
 160.7337156,1.1007176e+04
 160.7541497,1.0995614e+04
 160.7745840,1.1002296e+04
 160.7950184,1.1002969e+04
 160.8154526,1.0999982e+04
 160.8358868,1.1000573e+04
 160.8563211,1.0991772e+04
 160.8767554,1.1003030e+04
 160.8971895,1.0999433e+04
 160.9176238,1.0999352e+04
 160.9380581,1.0998540e+04
 160.9584923,1.1004443e+04
 160.9789265,1.0997199e+04
 160.9993609,1.0997810e+04
 161.0197950,1.1004071e+04
 161.0402293,1.0996338e+04
 161.0606635,1.0996865e+04
 161.0810978,1.0997178e+04
 161.1015320,1.0982693e+04
 161.1219663,1.0989429e+04
 161.1424006,1.1002368e+04
 161.1628348,1.0994650e+04
 161.1832690,1.0998667e+04
 161.2037032,1.1002787e+04
 161.2241375,1.0997733e+04
 161.2445718,         null
 161.2650060,1.0990826e+04
 161.2854402,1.0996257e+04
 161.3058745,1.0995798e+04
 161.3263088,1.0992645e+04
 161.3467429,1.0995474e+04
 161.3671773,1.1001388e+04
 161.3876115,1.0990117e+04
 161.4080457,1.0994842e+04
 161.4284799,1.0983272e+04
 161.4489143,1.0992886e+04
 161.4693484,1.0992018e+04
 161.4897827,1.1001297e+04
 161.5102170,1.1002377e+04
 161.5306512,1.0993139e+04
 161.5510854,1.0994485e+04
 161.5715197,1.0991891e+04
 161.5919540,1.0990115e+04
 161.6123881,1.0994513e+04
 161.6328224,1.0994319e+04
 161.6532567,1.0991076e+04
 161.6736910,1.0999028e+04
 161.6941251,1.0984731e+04
 161.7145594,1.0997705e+04
 161.7349937,1.0999030e+04
 161.7554279,1.0997613e+04
 161.7758621,1.0996072e+04
 161.7962963,1.0992124e+04
 161.8167306,1.0994442e+04
 161.8371648,1.0991736e+04
 161.8575991,1.0989593e+04
 161.8780334,1.0999458e+04
 161.8984676,1.0993160e+04
 161.9189018,1.0989808e+04
 161.9393359,1.0998841e+04
 161.9597703,1.0995472e+04
 161.9802045,1.0995316e+04
 162.0006388,1.0985558e+04
 162.0210730,1.0992237e+04
 162.0415073,1.0994171e+04
 162.0619415,1.0994153e+04
 162.0823756,1.0990646e+04
 162.1028100,1.0995519e+04
 162.1232442,1.0994400e+04
 162.1436784,1.0988948e+04
 162.1641127,1.0987824e+04
 162.1845469,1.0994211e+04
 162.2049811,1.0997808e+04
 162.2254153,1.0992096e+04
 162.2458496,1.0993915e+04
 162.2662838,1.0995360e+04
 162.2867180,1.0987147e+04
 162.3071524,1.0996842e+04
 162.3275866,1.0992793e+04
 162.3480207,1.0990827e+04
 162.3684550,1.0987210e+04
 162.3888893,1.0990665e+04
 162.4093235,1.0989259e+04
 162.4297577,1.0992136e+04
 162.4501918,1.1000688e+04
 162.4706262,1.0998510e+04
 162.4910604,1.0997000e+04
 162.5114940,1.0998916e+04
 162.5319284,1.1003097e+04
 162.5523625,1.1000985e+04
 162.5727967,1.0996642e+04
 162.5932310,1.0996009e+04
 162.6136653,1.0996348e+04
 162.6340994,1.0999536e+04
 162.6545337,1.0988310e+04
 162.6749680,1.0999480e+04
 162.6954022,1.0996951e+04
 162.7158364,1.0997047e+04
 162.7362706,1.1003798e+04
 162.7567049,1.0999057e+04
 162.7771391,1.0987365e+04
 162.7975733,1.0998236e+04
 162.8180076,1.0993752e+04
 162.8384418,1.1005577e+04
 162.8588760,1.0995979e+04
 162.8793101,1.1002060e+04
 162.8997445,1.1000158e+04
 162.9201787,1.1000480e+04
 162.9406128,1.1001082e+04
 162.9610471,1.0995114e+04
 162.9814814,1.1005721e+04
 163.0019155,1.1003774e+04
 163.0223498,1.0998266e+04
 163.0427841,1.0998051e+04
 163.0632183,1.1000954e+04
 163.0836525,1.1004576e+04
 163.1040867,1.1001345e+04
 163.1245210,1.1000199e+04
 163.1449551,1.0995605e+04
 163.1653894,1.0991687e+04
 163.1858237,1.0999571e+04
 163.2062578,1.1001626e+04
 163.2266921,1.0999863e+04
 163.2471263,1.1001022e+04
 163.2675605,1.1003422e+04
 163.2879947,1.0995699e+04
 163.3084290,1.0998512e+04
 163.3288633,1.1006292e+04
 163.3492974,1.1001190e+04
 163.3697317,1.1004317e+04
 163.3901658,1.1003268e+04
 163.4106001,1.1000365e+04
 163.4310343,1.1004604e+04
 163.4514685,1.0996724e+04
 163.4719028,1.1000493e+04
 163.4923370,1.1004947e+04
 163.5127712,1.0998019e+04
 163.5332054,1.1005156e+04
 163.5536397,1.0997080e+04
 163.5740739,1.0999852e+04
 163.5945080,1.1006349e+04
 163.6149423,1.1005897e+04
 163.6353766,1.1009248e+04
 163.6558107,1.0999901e+04
 163.6762449,1.0989738e+04
 163.6966793,1.0993601e+04
 163.7171134,1.0992988e+04
 163.7375476,1.0993764e+04
 163.7579818,1.1001501e+04
 163.7784160,1.0997530e+04
 163.7988503,1.0998989e+04
 163.8192845,1.1004112e+04
 163.8397188,1.1002348e+04
 163.8601529,1.0999856e+04
 163.8805872,1.1002491e+04
 163.9010213,1.1001193e+04
 163.9214556,1.1005233e+04
 163.9418898,1.0993150e+04
 163.9623240,1.1007482e+04
 163.9827583,1.0994506e+04
 164.0031925,1.0999984e+04
 164.0236267,1.0994660e+04
 164.0440608,1.0995138e+04
 164.0644951,1.1005089e+04
 164.0849294,1.1006781e+04
 164.1053636,1.1000674e+04
 164.1257977,1.1000914e+04
 164.1462320,1.1001952e+04
 164.1666661,1.1004743e+04
 164.1871004,1.1001636e+04
 164.2075347,1.1001374e+04
 164.2279689,         null
 164.2484030,1.1001800e+04
 164.2688372,1.1006074e+04
 164.2892714,1.0996273e+04
 164.3097057,1.1000750e+04
 164.3301399,1.1007678e+04
 164.3505742,1.1001909e+04
 164.3710084,1.1001762e+04
 164.3914425,1.0999579e+04
 164.4118767,1.1011793e+04
 164.4323110,1.1006387e+04
 164.4527452,1.1004729e+04
 164.4731794,1.1005511e+04
 164.4936137,1.1005918e+04
 164.5140478,1.0998188e+04
 164.5344820,1.1005198e+04
 164.5549162,1.1003030e+04
 164.5753505,1.1005226e+04
 164.5957847,1.1005401e+04
 164.6162189,1.1012575e+04
 164.6366530,1.1009055e+04
 164.6570873,1.1005189e+04
 164.6775215,1.1004671e+04
 164.6979557,1.1004146e+04
 164.7183899,1.1003893e+04
 164.7388242,1.1003380e+04
 164.7592584,1.1007435e+04
 164.7796925,1.1005940e+04
 164.8001268,1.1017322e+04
 164.8205610,1.1009103e+04
 164.8409951,1.1008938e+04
 164.8614294,1.1001144e+04
 164.8818636,1.1014679e+04
 164.9022977,1.1005503e+04
 164.9227320,1.1019714e+04
 164.9431663,1.1005230e+04
 164.9636004,1.1007725e+04
 164.9840346,1.1001962e+04
