        TIME,  PDCSAP_FLUX
 131.5123966,1.7832904e+04
 131.5328314,1.7832244e+04
 131.5532660,1.7843311e+04
 131.5737005,1.7840311e+04
 131.5941351,1.7826064e+04
 131.6145698,1.7847455e+04
 131.6350043,1.7826738e+04
 131.6554389,1.7836057e+04
 131.6758736,1.7838309e+04
 131.6963082,1.7838111e+04
 131.7167428,1.7835916e+04
 131.7371774,1.7836852e+04
 131.7576121,1.7846895e+04
 131.7780466,1.7832854e+04
 131.7984812,1.7841957e+04
 131.8189159,1.7840441e+04
 131.8393504,1.7843121e+04
 131.8597850,1.7837842e+04
 131.8802196,1.7844471e+04
 131.9006543,1.7853209e+04
 131.9210889,1.7852455e+04
 131.9415235,1.7853676e+04
 131.9619581,1.7827273e+04
 131.9823927,1.7846041e+04
 132.0028273,1.7841521e+04
 132.0232618,1.7855570e+04
 132.0436965,1.7841021e+04
 132.0641311,1.7841158e+04
 132.0845656,1.7846109e+04
 132.1050002,1.7832311e+04
 132.1254350,1.7838744e+04
 132.1458695,1.7835869e+04
 132.1663041,1.7838553e+04
 132.1867388,1.7839641e+04
 132.2071734,1.7837662e+04
 132.2276079,1.7843303e+04
 132.2480425,1.7833570e+04
 132.2684772,1.7836516e+04
 132.2889117,1.7837098e+04
 132.3093463,1.7847162e+04
 132.3297810,1.7842541e+04
 132.3502156,1.7837521e+04
 132.3706502,1.7838756e+04
 132.3910848,1.7842252e+04
 132.4115194,1.7869846e+04
 132.4319540,1.7843223e+04
 132.4523886,1.7854328e+04
 132.4728233,1.7840713e+04
 132.4932578,1.7845143e+04
 132.5136924,1.7839676e+04
 132.5341269,1.7850518e+04
 132.5545616,1.7839895e+04
 132.5749962,1.7842266e+04
 132.5954307,1.7888615e+04
 132.6158655,1.7839389e+04
 132.6363001,1.7850035e+04
 132.6567347,1.7840711e+04
 132.6771692,1.7840477e+04
 132.6976039,1.7842992e+04
 132.7180385,1.7848615e+04
 132.7384730,1.7851621e+04
 132.7589077,1.7855982e+04
 132.7793423,1.7841832e+04
 132.7997768,1.7839730e+04
 132.8202114,1.7844566e+04
 132.8406461,1.7841463e+04
 132.8610806,1.7855809e+04
 132.8815152,1.7845881e+04
 132.9019499,1.7849033e+04
 132.9223845,1.7841342e+04
 132.9428191,1.7844043e+04
 132.9632537,1.7834799e+04
 132.9836884,1.7843164e+04
 133.0041229,1.7849590e+04
 133.0245575,1.7850363e+04
 133.0449921,1.7841057e+04
 133.0654267,1.7850156e+04
 133.0858613,1.7840504e+04
 133.1062959,1.7844301e+04
 133.1267305,1.7851672e+04
 133.1471651,1.7839137e+04
 133.1675997,1.7858771e+04
 133.1880343,1.7852953e+04
 133.2084690,1.7860260e+04
 133.2289035,1.7851377e+04
 133.2493381,1.7851002e+04
 133.2697727,1.7845266e+04
 133.2902074,1.7837094e+04
 133.3106420,1.7858158e+04
 133.3310765,1.7854180e+04
 133.3515112,1.7841471e+04
 133.3719458,1.7840191e+04
 133.3923804,1.7857115e+04
 133.4128150,1.7838730e+04
 133.4332496,1.7852785e+04
 133.4536842,1.7836564e+04
 133.4741187,1.7847816e+04
 133.4945534,1.7836889e+04
 133.5149880,1.7843938e+04
 133.5354225,1.7843260e+04
 133.5558572,1.7841035e+04
 133.5762918,1.7856898e+04
 133.5967263,1.7838295e+04
 133.6171609,1.7847807e+04
 133.6375956,1.7845561e+04
 133.6580302,1.7851176e+04
 133.6784647,1.7845688e+04
 133.6988994,1.7840744e+04
 133.7193340,1.7851141e+04
 133.7397685,1.7839242e+04
 133.7602031,1.7843062e+04
 133.7806378,1.7846766e+04
 133.8010723,1.7836676e+04
 133.8215069,1.7848137e+04
 133.8419415,1.7843330e+04
 133.8623761,1.7840625e+04
 133.8828107,1.7835824e+04
 133.9032453,1.7852758e+04
 133.9236800,1.7837990e+04
 133.9441146,1.7853246e+04
 133.9645492,1.7836787e+04
 133.9849837,1.7845250e+04
 134.0054184,1.7846486e+04
 134.0258530,1.7845971e+04
 134.0462875,1.7846221e+04
 134.0667222,1.7840207e+04
 134.0871568,1.7843289e+04
 134.1075913,1.7844164e+04
 134.1280259,1.7847717e+04
 134.1484606,1.7853584e+04
 134.1688952,1.7843670e+04
 134.1893297,1.7848582e+04
 134.2097644,1.7844121e+04
 134.2301990,1.7841504e+04
 134.2506335,1.7859359e+04
 134.2710681,1.7840547e+04
 134.2915028,1.7852590e+04
 134.3119373,1.7835471e+04
 134.3323719,1.7853164e+04
 134.3528066,1.7846371e+04
 134.3732411,1.7842990e+04
 134.3936757,         null
 134.4141103,1.7856988e+04
 134.4345449,1.7840428e+04
 134.4549795,1.7843467e+04
 134.4754141,1.7848627e+04
 134.4958488,1.7833418e+04
 134.5162833,1.7845266e+04
 134.5367179,1.7845152e+04
 134.5571524,1.7844990e+04
 134.5775871,1.7856215e+04
 134.5980217,1.7839848e+04
 134.6184562,1.7851660e+04
 134.6388908,1.7852828e+04
 134.6593255,1.7841217e+04
 134.6797601,1.7833928e+04
 134.7001947,1.7840084e+04
 134.7206293,1.7849846e+04
 134.7410639,1.7836434e+04
 134.7614984,1.7842691e+04
 134.7819330,1.7845795e+04
 134.8023676,1.7859693e+04
 134.8228022,1.7847426e+04
 134.8432367,1.7838975e+04
 134.8636714,1.7842725e+04
 134.8841060,1.7848639e+04
 134.9045406,1.7847518e+04
 134.9249751,1.7843270e+04
 134.9454098,1.7849693e+04
 134.9658444,1.7847461e+04
 134.9862789,1.7854578e+04
 135.0067136,1.7844197e+04
 135.0271482,1.7865229e+04
 135.0475827,1.7852887e+04
 135.0680173,1.7838770e+04
 135.0884520,1.7848465e+04
 135.1088865,1.7853330e+04
 135.1293211,1.7855945e+04
 135.1497558,1.7847131e+04
 135.1701904,1.7844990e+04
 135.1906249,1.7849006e+04
 135.2110595,1.7851336e+04
 135.2314942,1.7851186e+04
 135.2519287,1.7846852e+04
 135.2723633,1.7850088e+04
 135.2927978,1.7850133e+04
 135.3132325,1.7856154e+04
 135.3336671,1.7839305e+04
 135.3541016,1.7847201e+04
 135.3745363,1.7840592e+04
 135.3949709,1.7851674e+04
 135.4154054,1.7839234e+04
 135.4358399,1.7841334e+04
 135.4562746,1.7856498e+04
 135.4767092,1.7844662e+04
 135.4971437,1.7853777e+04
 135.5175784,1.7853055e+04
 135.5380130,1.7846477e+04
 135.5584475,1.7848203e+04
 135.5788821,1.7843652e+04
 135.5993168,1.7850297e+04
 135.6197513,1.7855668e+04
 135.6401859,1.7847352e+04
 135.6606206,1.7846178e+04
 135.6810552,1.7837416e+04
 135.7014897,1.7842439e+04
 135.7219243,1.7846941e+04
 135.7423590,1.7858061e+04
 135.7627935,1.7853648e+04
 135.7832280,1.7837965e+04
 135.8036627,1.7853305e+04
 135.8240972,1.7839506e+04
 135.8445318,1.7843316e+04
 135.8649664,1.7848428e+04
 135.8854010,1.7847166e+04
 135.9058356,1.7847865e+04
 135.9262702,1.7858555e+04
 135.9467047,1.7846285e+04
 135.9671394,1.7838117e+04
 135.9875740,1.7848072e+04
 136.0080085,1.7844920e+04
 136.0284432,1.7852893e+04
 136.0488778,1.7842523e+04
 136.0693122,1.7842160e+04
 136.0897468,1.7846711e+04
 136.1101815,1.7843217e+04
 136.1306161,1.7842314e+04
 136.1510506,1.7849359e+04
 136.1714853,1.7828549e+04
 136.1919199,1.7851650e+04
 136.2123544,1.7858350e+04
 136.2327890,1.7845508e+04
 136.2532237,1.7854830e+04
 136.2736582,1.7839939e+04
 136.2940927,1.7847359e+04
 136.3145274,1.7852066e+04
 136.3349619,1.7853148e+04
 136.3553965,1.7851760e+04
 136.3758311,1.7851246e+04
 136.3962657,1.7851305e+04
 136.4167003,1.7857207e+04
 136.4371349,1.7854213e+04
 136.4575696,1.7856809e+04
 136.4780041,1.7853844e+04
 136.4984387,1.7852629e+04
 136.5188732,1.7853988e+04
 136.5393078,1.7839529e+04
 136.5597424,1.7846875e+04
 136.5801770,1.7845961e+04
 136.6006116,1.7841127e+04
 136.6210462,1.7841801e+04
 136.6414808,1.7850756e+04
 136.6619154,1.7844811e+04
 136.6823500,1.7843686e+04
 136.7027845,1.7845863e+04
 136.7232191,1.7838615e+04
 136.7436536,1.7843381e+04
 136.7640883,1.7847684e+04
 136.7845229,1.7846572e+04
 136.8049574,1.7838223e+04
 136.8253921,1.7838424e+04
 136.8458267,1.7845164e+04
 136.8662613,1.7847617e+04
 136.8866957,1.7850152e+04
 136.9071304,1.7843092e+04
 136.9275650,1.7851764e+04
 136.9479995,1.7838014e+04
 136.9684342,1.7851516e+04
 136.9888688,1.7831250e+04
 137.0093033,1.7846629e+04
 137.0297379,1.7838674e+04
 137.0501725,1.7847514e+04
 137.0706070,1.7842393e+04
 137.0910416,1.7834805e+04
 137.1114763,1.7843709e+04
 137.1319108,1.7841609e+04
 137.1523454,1.7837137e+04
 137.1727800,1.7847145e+04
 137.1932147,1.7837078e+04
 137.2136491,1.7838717e+04
 137.2340837,1.7841598e+04
 137.2545182,1.7841816e+04
 137.2749529,1.7841359e+04
 137.2953875,1.7843406e+04
 137.3158220,1.7839961e+04
 137.3362567,1.7837504e+04
 137.3566912,1.7834441e+04
 137.3771258,         null
 137.3975603,1.7838375e+04
 137.4179950,1.7841689e+04
 137.4384296,1.7832266e+04
 137.4588641,1.7826887e+04
 137.4792988,1.7831027e+04
 137.4997333,1.7836541e+04
 137.5201678,1.7825385e+04
 137.5406024,1.7839588e+04
 137.5610371,1.7825695e+04
 137.5814716,1.7842355e+04
 137.6019062,1.7835121e+04
 137.6223408,1.7845941e+04
 137.6427754,1.7837318e+04
 137.6632099,1.7835977e+04
 137.6836445,1.7829602e+04
 137.7040792,1.7831088e+04
 137.7245137,1.7837707e+04
 137.7449482,1.7837068e+04
 137.7653829,1.7837973e+04
 137.7858174,1.7824861e+04
 137.8062520,1.7832158e+04
 137.8266865,1.7844404e+04
 137.8471212,1.7832461e+04
 137.8675557,1.7834912e+04
 137.8879903,1.7842688e+04
 137.9084248,1.7840871e+04
 137.9288595,1.7832631e+04
 137.9492941,1.7823402e+04
 137.9697286,1.7841229e+04
 137.9901632,1.7840486e+04
 138.0105978,1.7844490e+04
 138.0310323,1.7829254e+04
 138.0514669,1.7835734e+04
 138.0719016,1.7832172e+04
 138.0923362,1.7827023e+04
 138.1127706,1.7835607e+04
 138.1332053,1.7846207e+04
 138.1536399,1.7838969e+04
 138.1740744,1.7827066e+04
 138.1945090,1.7836152e+04
 138.2149436,1.7827430e+04
 138.2353782,1.7827092e+04
 138.2558127,1.7841996e+04
 138.2762474,1.7826977e+04
 138.2966820,1.7842332e+04
 138.3171164,1.7835879e+04
 138.3375510,1.7845838e+04
 138.3579857,1.7826574e+04
 138.3784203,1.7836654e+04
 138.3988548,1.7835725e+04
 138.4192894,1.7833080e+04
 138.4397240,1.7836645e+04
 138.4601585,1.7846201e+04
 138.4805931,1.7839908e+04
 138.5010278,1.7846498e+04
 138.5214622,1.7848150e+04
 138.5418968,1.7834164e+04
 138.5623314,1.7853564e+04
 138.5827660,1.7836926e+04
 138.6032006,1.7838121e+04
 138.6236351,1.7846359e+04
 138.6440697,1.7835115e+04
 138.6645043,1.7844396e+04
 138.6849389,1.7833227e+04
 138.7053734,1.7842025e+04
 138.7258080,1.7835393e+04
 138.7462426,1.7839084e+04
 138.7666771,1.7836531e+04
 138.7871118,1.7835641e+04
 138.8075463,1.7835969e+04
 138.8279808,1.7831717e+04
 138.8484154,1.7846828e+04
 138.8688501,1.7822562e+04
 138.8892847,1.7854379e+04
 138.9097191,1.7835400e+04
 138.9301538,1.7832871e+04
 138.9505884,1.7841453e+04
 138.9710229,1.7845271e+04
 138.9914574,1.7837941e+04
 139.0118921,1.7849160e+04
 139.0323266,1.7855645e+04
 139.0527612,1.7843680e+04
 139.0731958,1.7841414e+04
 139.0936303,1.7852234e+04
 139.1140649,1.7842467e+04
 139.1344995,1.7844518e+04
 139.1549340,1.7844225e+04
 139.1753686,1.7846186e+04
 139.1958032,1.7837842e+04
 139.2162377,1.7836691e+04
 139.2366724,1.7837107e+04
 139.2571069,1.7846152e+04
 139.2775414,1.7843689e+04
 139.2979761,1.7853049e+04
 139.3184107,1.7848977e+04
 139.3388452,1.7832824e+04
 139.3592797,1.7833965e+04
 139.3797144,1.7846520e+04
 139.4001489,1.7850688e+04
 139.4205834,1.7836885e+04
 139.4410181,1.7843445e+04
 139.4614527,1.7847619e+04
 139.4818871,1.7855643e+04
 139.5023217,1.7846756e+04
 139.5227564,1.7847256e+04
 139.5431909,1.7849602e+04
 139.5636254,1.7840213e+04
 139.5840601,1.7845158e+04
 139.6044946,1.7841494e+04
 139.6249292,1.7848787e+04
 139.6453637,1.7849625e+04
 139.6657984,1.7841512e+04
 139.6862329,1.7846521e+04
 139.7066675,1.7851855e+04
 139.7271020,1.7835023e+04
 139.7475366,1.7840023e+04
 139.7679712,1.7848043e+04
 139.7884057,1.7845805e+04
 139.8088403,1.7851957e+04
 139.8292749,1.7853262e+04
 139.8497095,1.7841330e+04
 139.8701440,1.7846225e+04
 139.8905786,1.7845779e+04
 139.9110132,1.7847232e+04
 139.9314477,1.7847086e+04
 139.9518824,1.7863082e+04
 139.9723169,1.7840184e+04
 139.9927515,1.7856027e+04
 140.0131859,1.7852205e+04
 140.0336206,1.7850238e+04
 140.0540552,1.7861193e+04
 140.0744897,1.7856738e+04
 140.0949243,1.7844291e+04
 140.1153589,1.7851588e+04
 140.1357935,1.7853949e+04
 140.1562279,1.7855326e+04
 140.1766626,1.7859416e+04
 140.1970972,1.7844453e+04
 140.2175316,1.7847619e+04
 140.2379663,1.7841699e+04
 140.2584009,1.7861309e+04
 140.2788353,1.7830664e+04
 140.2992699,1.7825936e+04
 140.3197046,1.7824615e+04
 140.3401390,1.7812424e+04
 140.3605736,         null
 140.3810082,1.7847768e+04
 140.4014429,1.7843771e+04
 140.4218773,1.7844160e+04
 140.4423119,1.7849240e+04
 140.4627466,1.7845936e+04
 140.4831810,1.7852375e+04
 140.5036156,1.7849961e+04
 140.5240501,1.7865668e+04
 140.5444847,1.7845645e+04
 140.5649193,1.7850434e+04
 140.5853539,1.7856176e+04
 140.6057884,1.7855814e+04
 140.6262230,1.7859615e+04
 140.6466576,1.7852584e+04
 140.6670920,1.7859922e+04
 140.6875267,1.7871754e+04
 140.7079613,1.7857375e+04
 140.7283957,1.7854551e+04
 140.7488304,1.7847953e+04
 140.7692650,1.7856490e+04
 140.7896994,1.7854615e+04
 140.8101340,1.7860768e+04
 140.8305687,1.7845924e+04
 140.8510032,1.7850191e+04
 140.8714377,1.7845039e+04
 140.8918723,1.7850604e+04
 140.9123069,1.7850553e+04
 140.9327414,1.7864113e+04
 140.9531760,1.7856268e+04
 140.9736106,1.7846869e+04
 140.9940451,1.7863861e+04
 141.0144797,1.7857033e+04
 141.0349142,1.7844840e+04
 141.0553488,1.7840924e+04
 141.0757833,1.7853188e+04
 141.0962179,1.7850311e+04
 141.1166525,1.7858768e+04
 141.1370870,1.7854279e+04
 141.1575216,1.7843061e+04
 141.1779561,1.7858537e+04
 141.1983907,1.7849566e+04
 141.2188253,1.7856584e+04
 141.2392598,1.7856750e+04
 141.2596944,1.7849420e+04
 141.2801290,1.7855984e+04
 141.3005635,1.7847098e+04
 141.3209980,1.7853811e+04
 141.3414327,1.7863529e+04
 141.3618672,1.7855602e+04
 141.3823017,1.7850018e+04
 141.4027363,1.7861414e+04
 141.4231709,1.7858340e+04
 141.4436055,1.7842803e+04
 141.4640400,1.7854309e+04
 141.4844746,1.7848494e+04
 141.5049092,1.7858066e+04
 141.5253436,1.7844963e+04
 141.5457782,1.7867568e+04
 141.5662128,1.7847564e+04
 141.5866474,1.7849416e+04
 141.6070819,1.7854941e+04
 141.6275165,1.7853191e+04
 141.6479511,1.7848990e+04
 141.6683856,1.7844082e+04
 141.6888201,1.7849812e+04
 141.7092548,1.7840039e+04
 141.7296892,1.7850719e+04
 141.7501238,1.7850252e+04
 141.7705585,1.7862121e+04
 141.7909929,1.7851648e+04
 141.8114275,1.7845824e+04
 141.8318620,1.7854588e+04
 141.8522966,1.7845867e+04
 141.8727312,1.7854037e+04
 141.8931657,1.7844926e+04
 141.9136004,1.7850863e+04
 141.9340348,1.7844590e+04
 141.9544694,1.7848818e+04
 141.9749039,1.7849480e+04
 141.9953385,1.7855598e+04
 142.0157731,1.7840562e+04
 142.0362075,1.7840746e+04
 142.0566421,1.7842422e+04
 142.0770768,1.7854725e+04
 142.0975113,1.7845969e+04
 142.1179458,1.7840457e+04
 142.1383804,1.7845014e+04
 142.1588150,1.7835990e+04
 142.1792494,1.7842736e+04
 142.1996840,1.7849354e+04
 142.2201187,1.7849936e+04
 142.2405531,1.7838846e+04
 142.2609877,1.7843480e+04
 142.2814223,1.7848219e+04
 142.3018568,1.7837594e+04
 142.3222913,1.7860119e+04
 142.3427259,1.7857145e+04
 142.3631606,1.7844938e+04
 142.3835950,1.7847035e+04
 142.4040296,1.7852137e+04
 142.4244642,1.7838086e+04
 142.4448987,1.7847785e+04
 142.4653332,1.7852121e+04
 142.4857677,1.7852320e+04
 142.5062024,1.7849818e+04
 142.5266369,1.7848293e+04
 142.5470715,1.7846951e+04
 142.5675059,1.7857512e+04
 142.5879406,1.7855988e+04
 142.6083751,1.7846971e+04
 142.6288096,1.7834693e+04
 142.6492442,1.7852260e+04
 142.6696788,1.7848977e+04
 142.6901132,1.7847193e+04
 142.7105478,1.7840846e+04
 142.7309825,1.7857471e+04
 142.7514169,1.7854535e+04
 142.7718515,1.7847744e+04
 142.7922861,1.7861533e+04
 142.8127206,1.7848518e+04
 142.8331551,1.7855113e+04
 142.8535897,1.7837701e+04
 142.8740243,1.7843980e+04
 142.8944588,1.7850988e+04
 142.9148933,1.7842398e+04
 142.9353280,1.7845213e+04
 142.9557624,1.7845844e+04
 142.9761970,1.7855459e+04
 142.9966314,1.7837119e+04
 143.0170661,1.7849521e+04
 143.0375006,1.7842920e+04
 143.0579352,1.7843393e+04
 143.0783698,1.7848113e+04
 143.0988043,1.7843510e+04
 143.1192389,1.7847107e+04
 143.1396734,1.7853658e+04
 143.1601080,1.7850459e+04
 143.1805425,1.7852076e+04
 143.2009770,1.7844768e+04
 143.2214115,1.7836174e+04
 143.2418462,1.7852174e+04
 143.2622807,1.7928488e+04
 143.2827153,1.7838752e+04
 143.3031498,1.7844400e+04
 143.3235844,1.7853545e+04
 143.3440189,         null
 143.3644534,1.7844961e+04
 143.3848880,1.7851033e+04
 143.4053226,1.7841137e+04
 143.4257570,1.7849389e+04
 143.4461917,1.7851838e+04
 143.4666262,1.7846082e+04
 143.4870607,1.7857506e+04
 143.5074952,1.7844424e+04
 143.5279299,1.7847436e+04
 143.5483644,1.7843695e+04
 143.5687989,1.7846574e+04
 143.5892335,1.7846180e+04
 143.6096680,1.7842432e+04
 143.6301025,1.7852482e+04
 143.6505370,1.7848260e+04
 143.6709717,1.7838863e+04
 143.6914061,1.7844340e+04
 143.7118407,1.7848707e+04
 143.7322752,1.7853357e+04
 143.7527098,1.7847537e+04
 143.7731443,1.7850211e+04
 143.7935789,1.7845002e+04
 143.8140134,1.7851156e+04
 143.8344480,1.7841158e+04
 143.8548825,1.7852275e+04
 143.8753170,1.7833697e+04
 143.8957516,1.7849707e+04
 143.9161862,1.7844066e+04
 143.9366206,1.7842615e+04
 143.9570552,1.7845525e+04
 143.9774898,1.7839023e+04
 143.9979242,1.7834912e+04
 144.0183588,1.7844334e+04
 144.0387934,1.7852596e+04
 144.0592280,1.7848861e+04
 144.0796624,1.7845215e+04
 144.1000971,1.7847436e+04
 144.1205316,1.7848797e+04
 144.1409661,1.7839180e+04
 144.1614006,1.7835383e+04
 144.1818352,1.7845734e+04
 144.2022697,1.7844414e+04
 144.2227042,1.7845850e+04
 144.2431389,1.7849250e+04
 144.2635733,1.7849225e+04
 144.2840079,1.7849412e+04
 144.3044424,1.7840994e+04
 144.3248769,1.7844479e+04
 144.3453115,1.7849422e+04
 144.3657460,1.7843375e+04
 144.3861805,1.7843473e+04
 144.4066151,1.7845246e+04
 144.4270497,1.7846891e+04
 144.4474841,1.7851998e+04
 144.4679187,1.7859629e+04
 144.4883533,1.7836326e+04
 144.5087877,1.7849523e+04
 144.5292223,1.7840748e+04
 144.5496569,1.7838445e+04
 144.5700915,1.7857354e+04
 144.5905259,1.7828303e+04
 144.6109605,1.7839803e+04
 144.6313951,1.7838131e+04
 144.6518295,1.7837664e+04
 144.6722641,1.7843217e+04
 144.6926987,1.7844410e+04
 144.7131331,1.7839406e+04
 144.7335677,1.7840412e+04
 144.7540023,1.7827838e+04
 144.7744368,1.7844551e+04
 144.7948713,1.7848836e+04
 144.8153058,1.7844803e+04
 144.8357405,1.7844994e+04
 144.8561749,1.7859453e+04
 144.8766095,1.7834477e+04
 144.8970440,1.7848604e+04
 144.9174785,1.7844104e+04
 144.9379131,1.7839246e+04
 144.9583476,1.7837070e+04
 144.9787823,1.7848150e+04
 144.9992167,1.7837127e+04
 145.0196512,1.7841609e+04
 145.0400858,1.7836918e+04
 145.0605203,1.7839420e+04
 145.0809549,1.7833469e+04
 145.1013894,1.7838438e+04
 145.1218240,1.7842764e+04
 145.1422585,1.7828906e+04
 145.1626930,1.7832889e+04
 145.1831274,1.7833535e+04
 145.2035621,1.7845938e+04
 145.2239966,1.7845699e+04
 145.2444311,1.7832830e+04
 145.2648657,1.7846436e+04
 145.2853002,1.7835492e+04
 145.3057348,1.7840096e+04
 145.3261692,1.7835990e+04
 145.3466038,1.7838846e+04
 145.3670384,1.7845240e+04
 145.3874728,1.7850523e+04
 145.4079074,1.7839635e+04
 145.4283420,1.7840771e+04
 145.4487764,1.7829025e+04
 145.4692109,1.7846631e+04
 145.4896456,1.7837471e+04
 145.5100800,1.7843152e+04
 145.5305146,1.7844389e+04
 145.5509491,1.7843670e+04
 145.5713837,1.7835252e+04
 145.5918182,1.7844949e+04
 145.6122527,1.7843822e+04
 145.6326873,1.7837799e+04
 145.6531218,1.7839670e+04
 145.6735563,1.7837336e+04
 145.6939907,1.7845455e+04
 145.7144254,1.7847949e+04
 145.7348599,1.7835244e+04
 145.7552944,1.7839678e+04
 145.7757290,1.7837785e+04
 145.7961635,1.7840965e+04
 145.8165980,1.7828096e+04
 145.8370325,1.7839516e+04
 145.8574671,1.7844141e+04
 145.8779016,1.7841914e+04
 145.8983361,1.7845561e+04
 145.9187707,1.7836275e+04
 145.9392052,1.7845113e+04
 145.9596396,1.7839857e+04
 145.9800742,1.7843322e+04
 146.0005088,1.7832654e+04
 146.0209433,1.7846688e+04
 146.0413778,1.7850580e+04
 146.0618124,1.7841727e+04
 146.0822469,1.7843812e+04
 146.1026814,1.7840609e+04
 146.1231159,1.7848727e+04
 146.1435505,1.7845607e+04
 146.1639850,1.7847527e+04
 146.1844195,1.7840586e+04
 146.2048540,1.7840326e+04
 146.2252885,1.7841570e+04
 146.2457231,1.7844854e+04
 146.2661576,1.7852312e+04
 146.2865921,1.7847801e+04
 146.3070267,1.7852848e+04
 146.3274612,         null
 146.3478956,1.7836721e+04
 146.3683302,1.7858730e+04
 146.3887648,1.7839707e+04
 146.4091992,1.7846773e+04
 146.4296338,1.7840287e+04
 146.4500684,1.7844363e+04
 146.4705028,1.7842725e+04
 146.4909374,1.7854162e+04
 146.5113719,1.7855268e+04
 146.5318065,1.7844365e+04
 146.5522409,1.7846562e+04
 146.5726755,1.7837590e+04
 146.5931101,1.7841963e+04
 146.6135446,1.7840033e+04
 146.6339790,1.7844570e+04
 146.6544136,1.7830225e+04
 146.6748482,1.7844414e+04
 146.6952826,1.7841965e+04
 146.7157172,1.7834135e+04
 146.7361517,1.7844135e+04
 146.7565863,1.7857213e+04
 146.7770207,1.7850670e+04
 146.7974553,1.7842170e+04
 146.8178898,1.7845633e+04
 146.8383243,1.7847139e+04
 146.8587588,1.7826627e+04
 146.8791934,1.7845805e+04
 146.8996278,1.7842803e+04
 146.9200624,1.7842846e+04
 146.9404970,1.7842291e+04
 146.9609314,1.7845398e+04
 146.9813659,1.7830326e+04
 147.0018005,1.7841725e+04
 147.0222350,1.7834332e+04
 147.0426695,1.7848104e+04
 147.0631040,1.7843607e+04
 147.0835387,1.7835932e+04
 147.1039731,1.7842088e+04
 147.1244076,1.7844342e+04
 147.1448420,1.7841859e+04
 147.1652766,1.7834908e+04
 147.1857112,1.7836232e+04
 147.2061456,1.7840723e+04
 147.2265802,1.7845963e+04
 147.2470147,1.7843105e+04
 147.2674493,1.7845309e+04
 147.2878837,1.7838541e+04
 147.3083183,1.7849771e+04
 147.3287528,1.7845852e+04
 147.3491872,1.7848871e+04
 147.3696218,1.7842828e+04
 147.3900564,1.7840570e+04
 147.4104908,1.7839645e+04
 147.4309253,1.7846070e+04
 147.4513599,1.7846268e+04
 147.4717944,1.7847186e+04
 147.4922289,1.7841225e+04
 147.5126634,1.7857281e+04
 147.5330980,1.7844811e+04
 147.5535324,1.7841527e+04
 147.5739670,1.7839352e+04
 147.5944016,1.7847188e+04
 147.6148360,1.7849609e+04
 147.6352705,1.7858434e+04
 147.6557049,1.7840164e+04
 147.6761396,1.7850230e+04
 147.6965741,1.7842178e+04
 147.7170085,1.7836666e+04
 147.7374431,1.7847875e+04
 147.7578776,1.7855797e+04
 147.7783122,1.7844795e+04
 147.7987466,1.7852244e+04
 147.8191812,1.7853295e+04
 147.8396157,1.7848611e+04
 147.8600501,1.7849656e+04
 147.8804846,1.7853898e+04
 147.9009193,         null
 147.9213537,1.7849486e+04
 147.9417882,1.7843229e+04
 147.9622228,1.7862547e+04
 147.9826572,1.7841506e+04
 148.0030917,1.7838434e+04
 148.0235263,1.7844352e+04
 148.0439609,1.7838490e+04
 148.0643953,1.7840725e+04
 148.0848298,1.7850152e+04
 148.1052644,1.7839670e+04
 148.1256988,1.7845436e+04
 148.1461333,1.7846043e+04
 148.1665679,1.7837184e+04
 148.1870024,1.7847201e+04
 148.2074369,1.7855223e+04
 148.2278714,1.7868258e+04
 148.2483060,1.7849244e+04
 148.2687404,1.7843748e+04
 148.2891749,1.7879086e+04
 148.3096095,1.7852881e+04
 148.3300440,1.7842180e+04
 148.3504785,1.7853496e+04
 148.3709130,1.7841174e+04
 148.3913474,1.7851244e+04
 148.4117820,1.7847449e+04
 148.4322165,1.7852701e+04
 148.4526511,1.7854293e+04
 148.4730856,1.7850158e+04
 148.4935201,1.7847766e+04
 148.5139546,1.7855898e+04
 148.5343890,1.7854521e+04
 148.5548236,1.7840979e+04
 148.5752581,1.7842846e+04
 148.5956925,1.7852621e+04
 148.6161272,1.7857633e+04
 148.6365617,1.7851809e+04
 148.6569961,1.7843857e+04
 148.6774306,1.7846572e+04
 148.6978652,1.7856049e+04
 148.7182996,1.7847402e+04
 148.7387341,1.7841416e+04
 148.7591687,1.7843246e+04
 148.7796032,1.7842023e+04
 148.8000376,1.7848928e+04
 148.8204722,1.7845150e+04
 148.8409068,1.7838760e+04
 148.8613412,1.7852877e+04
 148.8817757,1.7847064e+04
 148.9022103,1.7838061e+04
 148.9226447,1.7841211e+04
 148.9430792,1.7839877e+04
 148.9635137,1.7847848e+04
 148.9839482,1.7847381e+04
 149.0043827,1.7843699e+04
 149.0248172,1.7849119e+04
 149.0452517,1.7849914e+04
 149.0656863,1.7840004e+04
 149.0861208,1.7834816e+04
 149.1065552,1.7839980e+04
 149.1269898,1.7854166e+04
 149.1474243,1.7854607e+04
 149.1678587,1.7840295e+04
 149.1882932,1.7846412e+04
 149.2087278,1.7848611e+04
 149.2291623,1.7843529e+04
 149.2495967,1.7848400e+04
 149.2700313,1.7842926e+04
 149.2904658,1.7853697e+04
 149.3109002,         null
 149.3313347,1.7843549e+04
 149.3517694,1.7849297e+04
 149.3722038,1.7853795e+04
 149.3926383,1.7847846e+04
 149.4130729,1.7846678e+04
 149.4335073,1.7846600e+04
 149.4539418,1.7847168e+04
 149.4743763,1.7838320e+04
 149.4948108,1.7847176e+04
 149.5152453,1.7844945e+04
 149.5356798,1.7852674e+04
 149.5561144,1.7835039e+04
 149.5765488,1.7836998e+04
 149.5969833,1.7854521e+04
 149.6174177,1.7843686e+04
 149.6378523,1.7845238e+04
 149.6582868,1.7840369e+04
 149.6787212,1.7844416e+04
 149.6991557,1.7846078e+04
 149.7195903,1.7845881e+04
 149.7400248,1.7832016e+04
 149.7604592,1.7836697e+04
 149.7808938,1.7844465e+04
 149.8013283,1.7854551e+04
 149.8217627,1.7846363e+04
 149.8421972,1.7850832e+04
 149.8626318,1.7833932e+04
 149.8830663,1.7853037e+04
 149.9035007,1.7839477e+04
 149.9239353,1.7850111e+04
 149.9443698,1.7847047e+04
 149.9648043,1.7838059e+04
 149.9852387,1.7838965e+04
 150.0056733,1.7838693e+04
 150.0261078,1.7842891e+04
 150.0465422,1.7833596e+04
 150.0669768,1.7842326e+04
 150.0874113,1.7838115e+04
 150.1078457,1.7844748e+04
 150.1282802,1.7841473e+04
 150.1487148,1.7838496e+04
 150.1691492,1.7847799e+04
 150.1895837,1.7842254e+04
 150.2100183,1.7837361e+04
 150.2304527,1.7840057e+04
 150.2508872,1.7831258e+04
 150.2713217,1.7838523e+04
 150.2917563,1.7836881e+04
 150.3121907,1.7849615e+04
 150.3326252,1.7834346e+04
 150.3530596,1.7845605e+04
 150.3734942,1.7841990e+04
 150.3939287,1.7846297e+04
 150.4143631,1.7834426e+04
 150.4347977,1.7841906e+04
 150.4552322,1.7837562e+04
 150.4756667,1.7855088e+04
 150.4961011,1.7841221e+04
 150.5165357,1.7848076e+04
 150.5369702,1.7853043e+04
 150.5574046,1.7838213e+04
 150.5778392,1.7845070e+04
 150.5982737,1.7833127e+04
 150.6187081,1.7848242e+04
 150.6391426,1.7837240e+04
 150.6595771,1.7846932e+04
 150.6800115,1.7840330e+04
 150.7004460,1.7848805e+04
 150.7208806,1.7849180e+04
 150.7413151,1.7841143e+04
 150.7617495,1.7846430e+04
 150.7821840,1.7849230e+04
 150.8026186,1.7855055e+04
 150.8230530,1.7831352e+04
 150.8434875,1.7854803e+04
 150.8639221,1.7835043e+04
 150.8843565,1.7831643e+04
 150.9047910,1.7843400e+04
 150.9252255,1.7831357e+04
 150.9456600,1.7849930e+04
 150.9660944,1.7837391e+04
 150.9865289,1.7843693e+04
 151.0069633,1.7830805e+04
 151.0273979,1.7844625e+04
 151.0478324,1.7836832e+04
 151.0682668,1.7842209e+04
 151.0887014,1.7842256e+04
 151.1091359,1.7837006e+04
 151.1295703,1.7836699e+04
 151.1500048,1.7848834e+04
 151.1704394,1.7837023e+04
 151.1908737,1.7830312e+04
 151.2113082,1.7835131e+04
 151.2317428,1.7846926e+04
 151.2521773,1.7853770e+04
 151.2726117,1.7841129e+04
 151.2930462,1.7846613e+04
 151.3134808,1.7840334e+04
 151.3339152,1.7851555e+04
 151.3543497,1.7840023e+04
 151.3747843,1.7840428e+04
 151.3952186,1.7847859e+04
 151.4156531,1.7830914e+04
 151.4360876,1.7852180e+04
 151.4565221,1.7839119e+04
 151.4769566,1.7842506e+04
 151.4973911,1.7853533e+04
 151.5178256,1.7850035e+04
 151.5382601,1.7846232e+04
 151.5586945,1.7840623e+04
 151.5791290,1.7846963e+04
 151.5995636,1.7837596e+04
 151.6199980,1.7850732e+04
 151.6404325,1.7858635e+04
 151.6608670,         null
 151.6813015,1.7853758e+04
 151.7017359,1.7836826e+04
 151.7221704,1.7844953e+04
 151.7426049,1.7838334e+04
 151.7630394,1.7836172e+04
 151.7834739,1.7835600e+04
 151.8039083,1.7843484e+04
 151.8243429,1.7834666e+04
 151.8447773,1.7830609e+04
 151.8652117,1.7848096e+04
 151.8856463,1.7846357e+04
 151.9060808,1.7845873e+04
 151.9265152,1.7839553e+04
 151.9469497,1.7829791e+04
 151.9673842,1.7844953e+04
 151.9878187,1.7851504e+04
 152.0082531,1.7828729e+04
 152.0286877,1.7833553e+04
 152.0491222,1.7833080e+04
 152.0695566,1.7835787e+04
 152.0899910,1.7839340e+04
 152.1104256,1.7833596e+04
 152.1308600,1.7837076e+04
 152.1512945,1.7830828e+04
 152.1717290,1.7844787e+04
 152.1921634,1.7826441e+04
 152.2125979,1.7839539e+04
 152.2330324,1.7846865e+04
 152.2534670,1.7837514e+04
 152.2739014,1.7840270e+04
 152.2943359,         null
 152.3147702,1.7833080e+04
 152.3352048,1.7830307e+04
 152.3556393,1.7837832e+04
 152.3760737,1.7836029e+04
 152.3965082,1.7828723e+04
 152.4169427,1.7834043e+04
 152.4373772,1.7840262e+04
 152.4578116,1.7838566e+04
 152.4782462,1.7841494e+04
 152.4986806,1.7824984e+04
 152.5191150,1.7794318e+04
 152.5395496,1.7800828e+04
 152.5599841,1.7812740e+04
 152.5804185,1.7816084e+04
 152.6008529,1.7843350e+04
 152.6212875,1.7832957e+04
 152.6417219,1.7836652e+04
 152.6621564,         null
 152.6825908,1.7826488e+04
 152.7030253,1.7839584e+04
 152.7234598,1.7833402e+04
 152.7438943,1.7828795e+04
 152.7643289,1.7834268e+04
 152.7847632,1.7842580e+04
 152.8051977,1.7834633e+04
 152.8256321,1.7838105e+04
 152.8460667,1.7837432e+04
 152.8665011,1.7847992e+04
 152.8869355,1.7834787e+04
 152.9073701,1.7841607e+04
 152.9278046,1.7843486e+04
 152.9482390,1.7836348e+04
 152.9686734,1.7842498e+04
 152.9891080,1.7831064e+04
 153.0095425,1.7834826e+04
 153.0299768,1.7834098e+04
 153.0504114,1.7842719e+04
 153.0708459,1.7836525e+04
 153.0912802,1.7834100e+04
 153.1117147,1.7846645e+04
 153.1321493,1.7838508e+04
 153.1525837,1.7844973e+04
 153.1730181,1.7833711e+04
 153.1934526,1.7834559e+04
 153.2138872,1.7833914e+04
 153.2343217,1.7839209e+04
 153.2547560,1.7847760e+04
 153.2751906,1.7845406e+04
 153.2956251,1.7855303e+04
 153.3160594,1.7833379e+04
 153.3364939,1.7836629e+04
 153.3569284,1.7833227e+04
 153.3773629,1.7838432e+04
 153.3977973,1.7844381e+04
 153.4182319,1.7844885e+04
 153.4386664,1.7849168e+04
 153.4591007,1.7839297e+04
 153.4795352,1.7853361e+04
 153.4999698,1.7850617e+04
 153.5204041,1.7848666e+04
 153.5408386,1.7839041e+04
 153.5612732,1.7845875e+04
 153.5817076,1.7843980e+04
 153.6021420,1.7849170e+04
 153.6225765,1.7852246e+04
 153.6430110,1.7845084e+04
 153.6634454,1.7834168e+04
 153.6838799,1.7845090e+04
 153.7043143,1.7840367e+04
 153.7247488,1.7846945e+04
 153.7451833,1.7844260e+04
 153.7656177,1.7847252e+04
 153.7860522,1.7856234e+04
 153.8064867,1.7856539e+04
 153.8269211,1.7842518e+04
 153.8473555,1.7840477e+04
 153.8677901,1.7841248e+04
 153.8882245,1.7846553e+04
 153.9086589,1.7836359e+04
 153.9290935,1.7832580e+04
 153.9495280,1.7856250e+04
 153.9699623,1.7853820e+04
 153.9903968,1.7850977e+04
 154.0108314,1.7858057e+04
 154.0312657,1.7849506e+04
 154.0517002,1.7849488e+04
 154.0721348,1.7838094e+04
 154.0925691,1.7847369e+04
 154.1130036,1.7850068e+04
 154.1334380,1.7856646e+04
 154.1538725,1.7852059e+04
 154.1743070,1.7842125e+04
 154.1947414,1.7850807e+04
 154.2151759,1.7845428e+04
 154.2356104,1.7851672e+04
 154.2560448,1.7843098e+04
 154.2764792,1.7844994e+04
 154.2969138,1.7848275e+04
 154.3173482,1.7850311e+04
 154.3377826,1.7845281e+04
 154.3582170,1.7841480e+04
 154.3786516,1.7847041e+04
 154.3990860,1.7848912e+04
 154.4195204,1.7844598e+04
 154.4399550,1.7850078e+04
 154.4603894,1.7846090e+04
 154.4808238,1.7848975e+04
 154.5012583,1.7860553e+04
 154.5216928,1.7851914e+04
 154.5421272,1.7848166e+04
 154.5625616,1.7846809e+04
 154.5829962,1.7854877e+04
 154.6034306,1.7839566e+04
 154.6238650,1.7865268e+04
 154.6442995,1.7859791e+04
 154.6647339,1.7860158e+04
 154.6851684,1.7853197e+04
 154.7056029,1.7838855e+04
 154.7260374,1.7848320e+04
 154.7464718,1.7863658e+04
 154.7669062,1.7841867e+04
 154.7873407,1.7856080e+04
 154.8077752,1.7851857e+04
 154.8282096,1.7845797e+04
 154.8486440,1.7853428e+04
 154.8690785,1.7852166e+04
 154.8895130,1.7854078e+04
 154.9099474,1.7872281e+04
 154.9303819,1.7849197e+04
 154.9508164,1.7856545e+04
 154.9712508,1.7850094e+04
 154.9916853,1.7847354e+04
 155.0121196,1.7857344e+04
 155.0325542,1.7861113e+04
 155.0529886,1.7845291e+04
 155.0734230,1.7854338e+04
 155.0938575,1.7862613e+04
 155.1142920,1.7852357e+04
 155.1347263,1.7844400e+04
 155.1551608,1.7852826e+04
 155.1755954,1.7846787e+04
 155.1960298,1.7857082e+04
 155.2164642,1.7864650e+04
 155.2368986,1.7846848e+04
 155.2573332,1.7847238e+04
 155.2777675,         null
 155.2982020,1.7846859e+04
 155.3186365,1.7856805e+04
 155.3390709,1.7838043e+04
 155.3595053,1.7857320e+04
 155.3799398,1.7840291e+04
 155.4003742,1.7868244e+04
 155.4208087,1.7849041e+04
 155.4412431,1.7853283e+04
 155.4616777,1.7851504e+04
 155.4821120,1.7851062e+04
 155.5025465,1.7846072e+04
 155.5229809,1.7851842e+04
 155.5434154,1.7847121e+04
 155.5638499,         null
 155.5842842,1.7844564e+04
 155.6047188,1.7854133e+04
 155.6251532,1.7835367e+04
 155.6455877,1.7850943e+04
 155.6660220,1.7856525e+04
 155.6864566,1.7858182e+04
 155.7068910,1.7852559e+04
 155.7273253,1.7844473e+04
 155.7477598,1.7850736e+04
 155.7681943,1.7854023e+04
 155.7886287,1.7844809e+04
 155.8090631,1.7840424e+04
 155.8294977,1.7845746e+04
 155.8499320,1.7847609e+04
 155.8703665,1.7845627e+04
 155.8908009,1.7853533e+04
 155.9112355,1.7852553e+04
 155.9316698,1.7851471e+04
 155.9521043,1.7862873e+04
 155.9725388,1.7855240e+04
 155.9929732,1.7851828e+04
 156.0134076,1.7861086e+04
 156.0338420,1.7842135e+04
 156.0542765,1.7862994e+04
 156.0747110,1.7848820e+04
 156.0951454,1.7847867e+04
 156.1155798,1.7855094e+04
 156.1360143,1.7842186e+04
 156.1564487,1.7835803e+04
 156.1768831,1.7839918e+04
 156.1973176,1.7854416e+04
 156.2177521,1.7852814e+04
 156.2381864,1.7837209e+04
 156.2586209,1.7843260e+04
 156.2790554,1.7848895e+04
 156.2994897,1.7857125e+04
 156.3199242,1.7849682e+04
 156.3403587,1.7846023e+04
 156.3607931,1.7847643e+04
 156.3812275,1.7857996e+04
 156.4016620,1.7856545e+04
 156.4220965,1.7849379e+04
 156.4425308,1.7842617e+04
 156.4629653,1.7847207e+04
 156.4833998,1.7844230e+04
 156.5038342,1.7839129e+04
 156.5242686,1.7836877e+04
 156.5447030,1.7849758e+04
 156.5651375,1.7843795e+04
 156.5855719,1.7842525e+04
 156.6060064,1.7847490e+04
 156.6264408,1.7841504e+04
 156.6468752,1.7837580e+04
 156.6673097,1.7844680e+04
 156.6877441,1.7849865e+04
 156.7081786,1.7853305e+04
 156.7286130,1.7844430e+04
 156.7490474,1.7854109e+04
 156.7694818,1.7841768e+04
 156.7899163,1.7837773e+04
 156.8103508,1.7834514e+04
 156.8307852,1.7840598e+04
 156.8512196,1.7838096e+04
 156.8716541,1.7861904e+04
 156.8920885,1.7848096e+04
 156.9125229,1.7834426e+04
 156.9329574,1.7837660e+04
 156.9533918,1.7840033e+04
 156.9738262,1.7846951e+04
 156.9942607,1.7835072e+04
 157.0146951,1.7845408e+04
 157.0351295,1.7843590e+04
 157.0555639,1.7861752e+04
 157.0759984,1.7844309e+04
 157.0964328,1.7837488e+04
 157.1168672,1.7839807e+04
 157.1373018,1.7838062e+04
 157.1577362,1.7856318e+04
 157.1781705,1.7835566e+04
 157.1986050,1.7843766e+04
 157.2190395,1.7837174e+04
 157.2394738,1.7845201e+04
 157.2599083,1.7840465e+04
 157.2803427,1.7848646e+04
 157.3007771,1.7844012e+04
 157.3212116,1.7848875e+04
 157.3416460,1.7844945e+04
 157.3620804,1.7847438e+04
 157.3825149,1.7848230e+04
 157.4029493,1.7857289e+04
 157.4233836,1.7840764e+04
 157.4438182,1.7850879e+04
 157.4642526,1.7844568e+04
 157.4846869,1.7851982e+04
 157.5051215,1.7847580e+04
 157.5255559,1.7832488e+04
 157.5459902,1.7843488e+04
 157.5664246,1.7848834e+04
 157.5868592,1.7842967e+04
 157.6072935,1.7849936e+04
 157.6277279,1.7837586e+04
 157.6481625,1.7846711e+04
 157.6685969,1.7843828e+04
 157.6890312,1.7843688e+04
 157.7094657,1.7839854e+04
 157.7299002,1.7849721e+04
 157.7503345,1.7841982e+04
 157.7707689,1.7844443e+04
 157.7912035,1.7847115e+04
 157.8116378,1.7842785e+04
 157.8320722,1.7842619e+04
 157.8525067,1.7842904e+04
 157.8729411,1.7850918e+04
 157.8933755,1.7866805e+04
 157.9138099,1.7852533e+04
 157.9342443,1.7850969e+04
 157.9546788,1.7860953e+04
 157.9751132,1.7853598e+04
 157.9955475,1.7848611e+04
 158.0159821,1.7854252e+04
 158.0364165,1.7848785e+04
 158.0568508,1.7840725e+04
 158.0772853,1.7844674e+04
 158.0977198,1.7845908e+04
 158.1181542,1.7842145e+04
 158.1385885,1.7834850e+04
 158.1590231,1.7847277e+04
 158.1794575,1.7849283e+04
 158.1998918,1.7837783e+04
 158.2203262,1.7852455e+04
 158.2407608,1.7845686e+04
 158.2611951,         null
 158.2816295,1.7833771e+04
 158.3020640,1.7849426e+04
 158.3224984,1.7846172e+04
 158.3429328,1.7834859e+04
 158.3633672,1.7842867e+04
 158.3838017,1.7837574e+04
 158.4042361,1.7855869e+04
 158.4246705,1.7834469e+04
 158.4451049,1.7845971e+04
 158.4655394,1.7851934e+04
 158.4859737,1.7841018e+04
 158.5064082,1.7843457e+04
 158.5268427,1.7845471e+04
 158.5472770,1.7833807e+04
 158.5677114,1.7857920e+04
 158.5881458,1.7840369e+04
 158.6085803,1.7850846e+04
 158.6290147,1.7847027e+04
 158.6494491,1.7833611e+04
 158.6698836,1.7837566e+04
 158.6903179,1.7849979e+04
 158.7107524,1.7838049e+04
 158.7311867,1.7844693e+04
 158.7516212,1.7845365e+04
 158.7720556,1.7834027e+04
 158.7924900,1.7847340e+04
 158.8129244,1.7849609e+04
 158.8333589,1.7854146e+04
 158.8537933,1.7843309e+04
 158.8742276,1.7842754e+04
 158.8946621,1.7837311e+04
 158.9150965,1.7840867e+04
 158.9355309,1.7844049e+04
 158.9559654,1.7848256e+04
 158.9763998,1.7847049e+04
 158.9968341,1.7837189e+04
 159.0172685,1.7841561e+04
 159.0377030,1.7845471e+04
 159.0581374,1.7847307e+04
 159.0785718,1.7852723e+04
 159.0990062,1.7825969e+04
 159.1194407,1.7848691e+04
 159.1398750,1.7841240e+04
 159.1603094,1.7844803e+04
 159.1807439,1.7846904e+04
 159.2011783,1.7854504e+04
 159.2216127,1.7851377e+04
 159.2420470,1.7844281e+04
 159.2624815,1.7842070e+04
 159.2829159,1.7844240e+04
 159.3033503,1.7847912e+04
 159.3237847,1.7834611e+04
 159.3442192,1.7845465e+04
 159.3646536,1.7845977e+04
 159.3850879,1.7843715e+04
 159.4055224,1.7843695e+04
 159.4259568,1.7842654e+04
 159.4463911,1.7854783e+04
 159.4668256,1.7847092e+04
 159.4872600,1.7850416e+04
 159.5076944,1.7847064e+04
 159.5281288,1.7857740e+04
 159.5485633,1.7836045e+04
 159.5689976,1.7839469e+04
 159.5894320,1.7836309e+04
 159.6098664,1.7844834e+04
 159.6303009,1.7841559e+04
 159.6507352,1.7848426e+04
 159.6711696,1.7843170e+04
 159.6916041,1.7842057e+04
 159.7120385,1.7837613e+04
 159.7324729,1.7840941e+04
 159.7529073,1.7846973e+04
 159.7733417,1.7851064e+04
 159.7937761,1.7850883e+04
 159.8142105,1.7844951e+04
 159.8346449,1.7835840e+04
 159.8550793,1.7849170e+04
 159.8755137,1.7845256e+04
 159.8959480,1.7835006e+04
 159.9163825,1.7836469e+04
 159.9368169,1.7839564e+04
 159.9572513,1.7839189e+04
 159.9776858,1.7853254e+04
 159.9981202,1.7843572e+04
 160.0185546,1.7851652e+04
 160.0389890,1.7855213e+04
 160.0594234,1.7845242e+04
 160.0798578,1.7846645e+04
 160.1002922,1.7843973e+04
 160.1207265,1.7838410e+04
 160.1411610,1.7851049e+04
 160.1615954,1.7844018e+04
 160.1820297,1.7843955e+04
 160.2024642,1.7850602e+04
 160.2228986,1.7843859e+04
 160.2433329,1.7856896e+04
 160.2637673,1.7842014e+04
 160.2842018,1.7845637e+04
 160.3046361,1.7844039e+04
 160.3250705,1.7834490e+04
 160.3455050,1.7844330e+04
 160.3659394,1.7840770e+04
 160.3863737,1.7848199e+04
 160.4068081,1.7851848e+04
 160.4272426,1.7848633e+04
 160.4476769,1.7843766e+04
 160.4681113,1.7827652e+04
 160.4885458,1.7849959e+04
 160.5089801,1.7849031e+04
 160.5294145,1.7839912e+04
 160.5498489,1.7855471e+04
 160.5702833,1.7840254e+04
 160.5907177,1.7836209e+04
 160.6111521,1.7836457e+04
 160.6315864,1.7841701e+04
 160.6520209,1.7838342e+04
 160.6724553,1.7840576e+04
 160.6928896,1.7859209e+04
 160.7133241,1.7840068e+04
 160.7337585,1.7838113e+04
 160.7541928,1.7840902e+04
 160.7746272,1.7846234e+04
 160.7950617,1.7850500e+04
 160.8154961,1.7843635e+04
 160.8359304,1.7843340e+04
 160.8563649,1.7841461e+04
 160.8767993,1.7843494e+04
 160.8972336,1.7847049e+04
 160.9176680,1.7839762e+04
 160.9381025,1.7838756e+04
 160.9585368,1.7844141e+04
 160.9789712,1.7837121e+04
 160.9994057,1.7837117e+04
 161.0198400,1.7833787e+04
 161.0402744,1.7843609e+04
 161.0607088,1.7834275e+04
 161.0811432,1.7834158e+04
 161.1015776,1.7843557e+04
 161.1220120,1.7854211e+04
 161.1424465,1.7848859e+04
 161.1628808,1.7834400e+04
 161.1833151,1.7838297e+04
 161.2037494,1.7841174e+04
 161.2241839,1.7839082e+04
 161.2446183,         null
 161.2650527,1.7848607e+04
 161.2854870,1.7848141e+04
 161.3059215,1.7835084e+04
 161.3263559,1.7833781e+04
 161.3467902,1.7840064e+04
 161.3672247,1.7849840e+04
 161.3876591,1.7836676e+04
 161.4080934,1.7848631e+04
 161.4285278,1.7840820e+04
 161.4489622,1.7847334e+04
 161.4693965,1.7837838e+04
 161.4898309,1.7829457e+04
 161.5102654,1.7834133e+04
 161.5306997,1.7834471e+04
 161.5511341,1.7836676e+04
 161.5715685,1.7830113e+04
 161.5920030,1.7842164e+04
 161.6124373,1.7845820e+04
 161.6328717,1.7839975e+04
 161.6533061,1.7838408e+04
 161.6737405,1.7849416e+04
 161.6941748,1.7847094e+04
 161.7146092,1.7841287e+04
 161.7350437,1.7845428e+04
 161.7554780,1.7836840e+04
 161.7759124,1.7834793e+04
 161.7963468,1.7844064e+04
 161.8167811,1.7835613e+04
 161.8372155,1.7832275e+04
 161.8576499,1.7843330e+04
 161.8780844,1.7836072e+04
 161.8985187,1.7879484e+04
 161.9189531,1.7846359e+04
 161.9393874,1.7837453e+04
 161.9598218,1.7840027e+04
 161.9802562,1.7833020e+04
 162.0006906,1.7847684e+04
 162.0211250,1.7838480e+04
 162.0415594,1.7842246e+04
 162.0619938,1.7839275e+04
 162.0824281,1.7827291e+04
 162.1028625,1.7835654e+04
 162.1232969,1.7838238e+04
 162.1437312,1.7837441e+04
 162.1641657,1.7850477e+04
 162.1846001,1.7843566e+04
 162.2050343,1.7837166e+04
 162.2254687,1.7831799e+04
 162.2459032,1.7854826e+04
 162.2663375,1.7833168e+04
 162.2867719,1.7839664e+04
 162.3072064,1.7842125e+04
 162.3276407,1.7841822e+04
 162.3480750,1.7841334e+04
 162.3685094,1.7855172e+04
 162.3889439,1.7854475e+04
 162.4093782,1.7849709e+04
 162.4298125,1.7850430e+04
 162.4502468,1.7842260e+04
 162.4706813,1.7840268e+04
 162.4911157,1.7853221e+04
 162.5115495,1.7847773e+04
 162.5319839,1.7848785e+04
 162.5524182,1.7847402e+04
 162.5728526,1.7851611e+04
 162.5932870,1.7836588e+04
 162.6137215,1.7848779e+04
 162.6341557,1.7846688e+04
 162.6545901,1.7851463e+04
 162.6750246,1.7844590e+04
 162.6954589,1.7861977e+04
 162.7158932,1.7853025e+04
 162.7363276,1.7854088e+04
 162.7567620,1.7839707e+04
 162.7771964,1.7855852e+04
 162.7976307,1.7840553e+04
 162.8180651,1.7853590e+04
 162.8384995,1.7840469e+04
 162.8589339,1.7855078e+04
 162.8793681,1.7835520e+04
 162.8998026,1.7870256e+04
 162.9202370,1.7845502e+04
 162.9406713,1.7853773e+04
 162.9611056,1.7845229e+04
 162.9815401,1.7837078e+04
 163.0019744,1.7849979e+04
 163.0224088,1.7842209e+04
 163.0428432,1.7847758e+04
 163.0632776,1.7851711e+04
 163.0837119,1.7839998e+04
 163.1041463,1.7848850e+04
 163.1245807,1.7844258e+04
 163.1450150,1.7846008e+04
 163.1654494,1.7839002e+04
 163.1858838,1.7844824e+04
 163.2063181,1.7850635e+04
 163.2267525,1.7844912e+04
 163.2471869,1.7854598e+04
 163.2676212,1.7845102e+04
 163.2880556,1.7846027e+04
 163.3084900,1.7849311e+04
 163.3289244,1.7851766e+04
 163.3493587,1.7856229e+04
 163.3697931,1.7845029e+04
 163.3902274,1.7857531e+04
 163.4106618,1.7850574e+04
 163.4310962,1.7845098e+04
 163.4515305,1.7855064e+04
 163.4719649,1.7835287e+04
 163.4923993,1.7844172e+04
 163.5128337,1.7844977e+04
 163.5332679,1.7851266e+04
 163.5537024,1.7849709e+04
 163.5741368,1.7859553e+04
 163.5945710,1.7852918e+04
 163.6150054,1.7846688e+04
 163.6354399,1.7846443e+04
 163.6558741,1.7847289e+04
 163.6763085,1.7850174e+04
 163.6967430,1.7855393e+04
 163.7171772,1.7864752e+04
 163.7376116,1.7853229e+04
 163.7580460,1.7848314e+04
 163.7784803,1.7848379e+04
 163.7989147,1.7860629e+04
 163.8193491,1.7843305e+04
 163.8397835,1.7860086e+04
 163.8602178,1.7849127e+04
 163.8806522,1.7842023e+04
 163.9010864,1.7856623e+04
 163.9215209,1.7856443e+04
 163.9419552,1.7851727e+04
 163.9623896,1.7855648e+04
 163.9828240,1.7837215e+04
 164.0032583,1.7840033e+04
 164.0236927,1.7845986e+04
 164.0441270,1.7842814e+04
 164.0645614,1.7839355e+04
 164.0849958,1.7845654e+04
 164.1054301,1.7847896e+04
 164.1258644,1.7840000e+04
 164.1462989,1.7847781e+04
 164.1667331,1.7836539e+04
 164.1871675,1.7838037e+04
 164.2076019,1.7844273e+04
 164.2280363,         null
 164.2484706,1.7856080e+04
 164.2689049,1.7845629e+04
 164.2893393,1.7857816e+04
 164.3097736,1.7838926e+04
 164.3302080,1.7834943e+04
 164.3506425,1.7849586e+04
 164.3710768,1.7832518e+04
 164.3915111,1.7840895e+04
 164.4119454,1.7846254e+04
 164.4323798,1.7856533e+04
 164.4528142,1.7837064e+04
 164.4732485,1.7837562e+04
 164.4936830,1.7851006e+04
 164.5141172,1.7835541e+04
 164.5345516,1.7838963e+04
 164.5549859,1.7841617e+04
 164.5754203,1.7833980e+04
 164.5958546,1.7841105e+04
 164.6162890,1.7842672e+04
 164.6367233,1.7834084e+04
 164.6571577,1.7830307e+04
 164.6775921,1.7841207e+04
 164.6980264,1.7838553e+04
 164.7184608,1.7815453e+04
 164.7388951,1.7812293e+04
 164.7593295,1.7809398e+04
 164.7797637,1.7798221e+04
 164.8001982,1.7818477e+04
 164.8206325,1.7835600e+04
 164.8410668,1.7849072e+04
 164.8615013,1.7846037e+04
 164.8819356,1.7843473e+04
 164.9023699,1.7835357e+04
 164.9228042,1.7845678e+04
 164.9432387,1.7839373e+04
 164.9636729,1.7842494e+04
 164.9841073,1.7838193e+04
