        TIME,  PDCSAP_FLUX
 131.5120049,1.4591888e+04
 131.5324395,1.4592891e+04
 131.5528739,1.4592473e+04
 131.5733083,1.4586960e+04
 131.5937428,1.4589536e+04
 131.6141773,1.4589996e+04
 131.6346117,1.4588036e+04
 131.6550461,1.4584265e+04
 131.6754807,1.4589433e+04
 131.6959152,1.4586331e+04
 131.7163495,1.4589449e+04
 131.7367840,1.4593836e+04
 131.7572186,1.4585252e+04
 131.7776529,1.4592109e+04
 131.7980874,1.4587736e+04
 131.8185219,1.4578533e+04
 131.8389563,1.4588978e+04
 131.8593908,1.4593325e+04
 131.8798252,1.4593281e+04
 131.9002597,1.4587415e+04
 131.9206942,1.4587080e+04
 131.9411286,1.4583525e+04
 131.9615631,1.4585702e+04
 131.9819975,1.4584622e+04
 132.0024320,1.4584655e+04
 132.0228664,1.4588040e+04
 132.0433009,1.4585207e+04
 132.0637354,1.4592130e+04
 132.0841697,1.4592877e+04
 132.1046042,1.4584812e+04
 132.1250388,1.4583465e+04
 132.1454731,1.4584630e+04
 132.1659076,1.4587926e+04
 132.1863422,1.4586185e+04
 132.2067766,1.4573187e+04
 132.2272110,1.4590923e+04
 132.2476454,1.4585654e+04
 132.2680800,1.4580473e+04
 132.2885144,1.4583237e+04
 132.3089488,1.4585900e+04
 132.3293834,1.4587149e+04
 132.3498177,1.4589729e+04
 132.3702522,1.4581944e+04
 132.3906867,1.4577820e+04
 132.4111211,1.4582661e+04
 132.4315556,1.4581251e+04
 132.4519901,1.4584776e+04
 132.4724246,1.4581686e+04
 132.4928590,1.4585130e+04
 132.5132934,1.4576795e+04
 132.5337278,1.4580614e+04
 132.5541624,1.4588245e+04
 132.5745968,1.4585873e+04
 132.5950312,1.4585979e+04
 132.6154657,1.4587027e+04
 132.6359002,1.4575222e+04
 132.6563347,1.4578436e+04
 132.6767690,1.4583248e+04
 132.6972036,1.4572357e+04
 132.7176380,1.4580768e+04
 132.7380724,1.4575899e+04
 132.7585070,1.4578810e+04
 132.7789414,1.4576372e+04
 132.7993758,1.4573149e+04
 132.8198102,1.4578634e+04
 132.8402448,1.4585384e+04
 132.8606792,1.4572646e+04
 132.8811136,1.4569712e+04
 132.9015482,1.4576028e+04
 132.9219825,1.4573859e+04
 132.9424170,1.4571790e+04
 132.9628515,1.4584500e+04
 132.9832860,1.4571261e+04
 133.0037204,1.4576352e+04
 133.0241548,1.4573402e+04
 133.0445893,1.4571847e+04
 133.0650238,1.4574959e+04
 133.0854582,1.4571120e+04
 133.1058927,1.4577195e+04
 133.1263271,1.4572188e+04
 133.1467616,1.4569548e+04
 133.1671961,1.4573587e+04
 133.1876305,1.4578164e+04
 133.2080651,1.4575764e+04
 133.2284994,1.4573038e+04
 133.2489339,1.4575655e+04
 133.2693684,1.4573237e+04
 133.2898028,1.4576537e+04
 133.3102373,1.4566813e+04
 133.3306716,1.4576329e+04
 133.3511062,1.4563908e+04
 133.3715407,1.4567091e+04
 133.3919751,1.4559562e+04
 133.4124096,1.4572608e+04
 133.4328440,1.4567982e+04
 133.4532785,1.4570864e+04
 133.4737129,1.4565677e+04
 133.4941474,1.4570691e+04
 133.5145819,1.4561026e+04
 133.5350162,1.4563938e+04
 133.5554508,1.4570522e+04
 133.5758853,1.4571418e+04
 133.5963196,1.4563121e+04
 133.6167541,1.4560146e+04
 133.6371886,1.4561044e+04
 133.6576231,1.4562682e+04
 133.6780574,1.4561905e+04
 133.6984920,1.4561738e+04
 133.7189265,1.4564151e+04
 133.7393608,1.4562961e+04
 133.7597953,1.4564167e+04
 133.7802298,1.4569401e+04
 133.8006642,1.4570781e+04
 133.8210987,1.4567554e+04
 133.8415331,1.4563567e+04
 133.8619676,1.4557959e+04
 133.8824020,1.4553287e+04
 133.9028365,1.4555632e+04
 133.9232709,1.4561054e+04
 133.9437054,1.4556693e+04
 133.9641399,1.4565127e+04
 133.9845742,1.4555536e+04
 134.0050088,1.4556044e+04
 134.0254432,1.4559427e+04
 134.0458776,1.4555875e+04
 134.0663122,1.4553761e+04
 134.0867466,1.4549024e+04
 134.1071810,1.4554096e+04
 134.1276154,1.4553294e+04
 134.1480500,1.4550752e+04
 134.1684844,1.4550114e+04
 134.1889188,1.4544933e+04
 134.2093534,1.4549630e+04
 134.2297878,1.4554410e+04
 134.2502222,1.4548617e+04
 134.2706566,1.4555277e+04
 134.2910912,1.4548755e+04
 134.3115255,1.4544449e+04
 134.3319600,1.4551685e+04
 134.3523946,1.4545446e+04
 134.3728289,1.4555615e+04
 134.3932634,         null
 134.4136978,1.4546094e+04
 134.4341323,1.4546177e+04
 134.4545667,1.4544602e+04
 134.4750012,1.4550658e+04
 134.4954358,1.4551519e+04
 134.5158701,1.4551731e+04
 134.5363046,1.4544075e+04
 134.5567389,1.4550010e+04
 134.5771735,1.4549396e+04
 134.5976079,1.4541506e+04
 134.6180423,1.4543330e+04
 134.6384768,1.4547028e+04
 134.6589113,1.4548739e+04
 134.6793458,1.4537820e+04
 134.6997802,1.4541655e+04
 134.7202147,1.4543070e+04
 134.7406491,1.4541417e+04
 134.7610835,1.4540875e+04
 134.7815180,1.4540587e+04
 134.8019525,1.4549804e+04
 134.8223870,1.4544204e+04
 134.8428213,1.4545573e+04
 134.8632559,1.4538674e+04
 134.8836903,1.4535396e+04
 134.9041248,1.4547763e+04
 134.9245591,1.4537739e+04
 134.9449937,1.4538502e+04
 134.9654282,1.4542568e+04
 134.9858625,1.4547856e+04
 135.0062971,1.4548238e+04
 135.0267315,1.4538254e+04
 135.0471659,1.4541439e+04
 135.0676003,1.4540200e+04
 135.0880349,1.4536041e+04
 135.1084692,1.4543684e+04
 135.1289037,1.4534881e+04
 135.1493383,1.4541154e+04
 135.1697727,1.4537438e+04
 135.1902071,1.4538565e+04
 135.2106415,1.4538856e+04
 135.2310761,1.4535970e+04
 135.2515104,1.4537777e+04
 135.2719449,1.4546117e+04
 135.2923792,1.4542709e+04
 135.3128138,1.4536814e+04
 135.3332483,1.4543652e+04
 135.3536826,1.4536189e+04
 135.3741172,1.4532897e+04
 135.3945516,1.4535865e+04
 135.4149861,1.4537984e+04
 135.4354204,1.4580356e+04
 135.4558550,1.4535960e+04
 135.4762894,1.4533502e+04
 135.4967238,1.4540840e+04
 135.5171583,1.4537354e+04
 135.5375928,1.4532071e+04
 135.5580272,1.4541037e+04
 135.5784616,1.4542868e+04
 135.5988962,1.4543553e+04
 135.6193305,1.4531411e+04
 135.6397650,1.4540725e+04
 135.6601995,1.4540526e+04
 135.6806340,1.4535346e+04
 135.7010683,1.4539766e+04
 135.7215028,1.4536919e+04
 135.7419373,1.4543347e+04
 135.7623717,1.4538956e+04
 135.7828062,1.4528972e+04
 135.8032407,1.4535562e+04
 135.8236751,1.4533864e+04
 135.8441095,1.4534460e+04
 135.8645440,1.4538582e+04
 135.8849784,1.4533663e+04
 135.9054129,1.4526800e+04
 135.9258473,1.4536309e+04
 135.9462817,1.4526472e+04
 135.9667162,1.4528998e+04
 135.9871507,1.4530513e+04
 136.0075850,1.4535207e+04
 136.0280196,1.4529897e+04
 136.0484540,1.4532634e+04
 136.0688884,1.4520367e+04
 136.0893229,1.4533329e+04
 136.1097574,1.4536436e+04
 136.1301919,1.4536882e+04
 136.1506262,1.4526537e+04
 136.1710608,1.4529686e+04
 136.1914952,1.4528450e+04
 136.2119296,1.4540071e+04
 136.2323640,1.4537586e+04
 136.2527986,1.4528053e+04
 136.2732329,1.4531751e+04
 136.2936674,1.4523466e+04
 136.3141019,1.4532968e+04
 136.3345363,1.4525907e+04
 136.3549707,1.4531776e+04
 136.3754052,1.4535699e+04
 136.3958396,1.4532717e+04
 136.4162741,1.4526169e+04
 136.4367085,1.4543823e+04
 136.4571431,1.4533182e+04
 136.4775775,1.4534342e+04
 136.4980119,1.4530905e+04
 136.5184464,1.4529041e+04
 136.5388808,1.4533522e+04
 136.5593153,1.4530398e+04
 136.5797497,1.4531486e+04
 136.6001842,1.4535379e+04
 136.6206186,1.4534634e+04
 136.6410531,1.4532088e+04
 136.6614875,1.4533139e+04
 136.6819220,1.4541084e+04
 136.7023564,1.4524904e+04
 136.7227909,1.4525379e+04
 136.7432252,1.4532935e+04
 136.7636598,1.4529179e+04
 136.7840942,1.4542366e+04
 136.8045286,1.4532797e+04
 136.8249631,1.4530793e+04
 136.8453976,1.4539129e+04
 136.8658320,1.4533684e+04
 136.8862664,1.4535717e+04
 136.9067009,1.4534445e+04
 136.9271354,1.4534677e+04
 136.9475697,1.4533689e+04
 136.9680043,1.4535282e+04
 136.9884387,1.4546948e+04
 137.0088731,1.4534451e+04
 137.0293075,1.4539169e+04
 137.0497421,1.4534286e+04
 137.0701764,1.4530660e+04
 137.0906109,1.4530951e+04
 137.1110454,1.4534510e+04
 137.1314798,1.4535307e+04
 137.1519142,1.4534743e+04
 137.1723487,1.4539555e+04
 137.1927832,1.4537117e+04
 137.2132176,1.4535197e+04
 137.2336520,1.4533362e+04
 137.2540864,1.4545822e+04
 137.2745209,1.4536106e+04
 137.2949554,1.4534190e+04
 137.3153897,1.4539150e+04
 137.3358243,1.4539387e+04
 137.3562587,1.4535480e+04
 137.3766932,         null
 137.3971275,1.4531074e+04
 137.4175621,1.4534775e+04
 137.4379965,1.4529379e+04
 137.4584309,1.4538812e+04
 137.4788654,1.4533668e+04
 137.4992999,1.4533912e+04
 137.5197342,1.4535594e+04
 137.5401687,1.4546268e+04
 137.5606032,1.4538138e+04
 137.5810376,1.4532922e+04
 137.6014720,1.4538330e+04
 137.6219066,1.4543290e+04
 137.6423410,1.4534531e+04
 137.6627754,1.4534789e+04
 137.6832098,1.4539002e+04
 137.7036444,1.4532577e+04
 137.7240787,1.4539003e+04
 137.7445132,1.4535349e+04
 137.7649477,1.4533926e+04
 137.7853821,1.4541933e+04
 137.8058165,1.4542876e+04
 137.8262509,1.4535786e+04
 137.8466854,1.4536301e+04
 137.8671199,1.4535576e+04
 137.8875543,1.4527909e+04
 137.9079887,1.4535579e+04
 137.9284232,1.4533148e+04
 137.9488577,1.4529613e+04
 137.9692920,1.4540524e+04
 137.9897265,1.4535246e+04
 138.0101610,1.4530663e+04
 138.0305953,1.4528713e+04
 138.0510298,1.4537157e+04
 138.0714643,1.4538315e+04
 138.0918988,1.4534139e+04
 138.1123331,1.4533202e+04
 138.1327677,1.4534633e+04
 138.1532021,1.4537910e+04
 138.1736365,1.4534231e+04
 138.1940709,1.4536045e+04
 138.2145055,1.4535939e+04
 138.2349399,1.4533428e+04
 138.2553743,1.4535850e+04
 138.2758088,1.4536938e+04
 138.2962433,1.4530386e+04
 138.3166776,1.4529660e+04
 138.3371121,1.4539535e+04
 138.3575466,1.4527276e+04
 138.3779810,1.4531227e+04
 138.3984154,1.4529038e+04
 138.4188499,1.4530295e+04
 138.4392844,1.4533679e+04
 138.4597187,1.4531701e+04
 138.4801532,1.4530952e+04
 138.5005877,1.4534068e+04
 138.5210221,1.4531956e+04
 138.5414565,1.4531309e+04
 138.5618910,1.4531235e+04
 138.5823254,1.4534605e+04
 138.6027599,1.4525042e+04
 138.6231943,1.4524969e+04
 138.6436287,1.4532469e+04
 138.6640632,1.4535317e+04
 138.6844976,1.4526300e+04
 138.7049320,1.4529970e+04
 138.7253665,1.4526009e+04
 138.7458010,1.4529071e+04
 138.7662353,1.4525819e+04
 138.7866699,1.4523765e+04
 138.8071043,1.4531363e+04
 138.8275387,1.4525141e+04
 138.8479731,1.4530755e+04
 138.8684076,1.4533064e+04
 138.8888421,1.4534913e+04
 138.9092764,1.4531588e+04
 138.9297110,1.4531997e+04
 138.9501454,1.4525940e+04
 138.9705798,1.4530753e+04
 138.9910142,1.4530759e+04
 139.0114488,1.4533555e+04
 139.0318831,1.4524791e+04
 139.0523175,1.4526826e+04
 139.0727521,1.4537375e+04
 139.0931864,1.4521068e+04
 139.1136209,1.4526351e+04
 139.1340553,1.4524252e+04
 139.1544898,1.4531882e+04
 139.1749242,1.4524476e+04
 139.1953587,1.4525227e+04
 139.2157930,1.4534531e+04
 139.2362275,1.4527114e+04
 139.2566620,1.4521538e+04
 139.2770963,1.4537021e+04
 139.2975309,1.4526061e+04
 139.3179653,1.4532358e+04
 139.3383998,1.4525477e+04
 139.3588341,1.4533669e+04
 139.3792686,1.4523433e+04
 139.3997031,1.4526831e+04
 139.4201374,1.4530076e+04
 139.4405720,1.4527877e+04
 139.4610064,1.4531756e+04
 139.4814408,1.4527716e+04
 139.5018752,1.4526913e+04
 139.5223097,1.4528844e+04
 139.5427441,1.4527020e+04
 139.5631785,1.4534644e+04
 139.5836131,1.4529647e+04
 139.6040474,1.4524258e+04
 139.6244819,1.4523937e+04
 139.6449163,1.4524271e+04
 139.6653508,1.4529636e+04
 139.6857852,1.4528037e+04
 139.7062196,1.4525358e+04
 139.7266541,1.4529111e+04
 139.7470885,1.4527528e+04
 139.7675230,1.4526021e+04
 139.7879574,1.4527961e+04
 139.8083918,1.4526103e+04
 139.8288263,1.4521228e+04
 139.8492607,1.4529549e+04
 139.8696952,1.4532774e+04
 139.8901296,1.4524073e+04
 139.9105640,1.4520305e+04
 139.9309985,1.4524792e+04
 139.9514330,1.4527645e+04
 139.9718674,1.4528819e+04
 139.9923018,1.4533086e+04
 140.0127362,1.4522491e+04
 140.0331707,1.4526414e+04
 140.0536051,1.4532590e+04
 140.0740396,1.4532386e+04
 140.0944740,1.4530402e+04
 140.1149085,1.4526205e+04
 140.1353429,1.4523622e+04
 140.1557772,1.4528857e+04
 140.1762118,1.4531000e+04
 140.1966462,1.4526902e+04
 140.2170806,1.4518856e+04
 140.2375151,1.4528535e+04
 140.2579495,1.4522753e+04
 140.2783839,1.4527299e+04
 140.2988183,1.4525855e+04
 140.3192529,1.4528240e+04
 140.3396872,1.4526080e+04
 140.3601216,         null
 140.3805561,1.4529279e+04
 140.4009906,1.4526426e+04
 140.4214250,1.4529287e+04
 140.4418594,1.4530365e+04
 140.4622939,1.4523872e+04
 140.4827283,1.4527622e+04
 140.5031627,1.4531553e+04
 140.5235971,1.4533271e+04
 140.5440316,1.4520669e+04
 140.5644660,1.4525009e+04
 140.5849005,1.4524242e+04
 140.6053349,1.4526935e+04
 140.6257694,1.4532217e+04
 140.6462038,1.4531819e+04
 140.6666381,1.4536917e+04
 140.6870727,1.4534028e+04
 140.7075071,1.4539475e+04
 140.7279415,1.4528566e+04
 140.7483760,1.4530498e+04
 140.7688104,1.4538350e+04
 140.7892448,1.4526521e+04
 140.8096792,1.4528507e+04
 140.8301137,1.4529665e+04
 140.8505482,1.4531882e+04
 140.8709825,1.4527665e+04
 140.8914170,1.4526559e+04
 140.9118515,1.4524215e+04
 140.9322858,1.4527537e+04
 140.9527203,1.4520533e+04
 140.9731548,1.4534427e+04
 140.9935891,1.4531158e+04
 141.0140236,1.4532479e+04
 141.0344580,1.4524824e+04
 141.0548925,1.4531652e+04
 141.0753269,1.4526456e+04
 141.0957613,1.4533578e+04
 141.1161958,1.4528797e+04
 141.1366302,1.4530091e+04
 141.1570646,1.4532887e+04
 141.1774990,1.4533330e+04
 141.1979335,1.4523832e+04
 141.2183680,1.4525046e+04
 141.2388023,1.4527678e+04
 141.2592368,1.4522794e+04
 141.2796713,1.4526667e+04
 141.3001056,1.4526557e+04
 141.3205400,1.4526931e+04
 141.3409746,1.4529736e+04
 141.3614090,1.4527433e+04
 141.3818433,1.4532638e+04
 141.4022778,1.4531384e+04
 141.4227123,1.4534781e+04
 141.4431468,1.4530027e+04
 141.4635811,1.4529760e+04
 141.4840156,1.4540676e+04
 141.5044501,1.4533769e+04
 141.5248844,1.4528891e+04
 141.5453188,1.4529170e+04
 141.5657533,1.4537974e+04
 141.5861878,1.4534123e+04
 141.6066221,1.4540359e+04
 141.6270567,1.4530976e+04
 141.6474911,1.4539447e+04
 141.6679254,1.4542216e+04
 141.6883599,1.4532316e+04
 141.7087944,1.4536328e+04
 141.7292288,1.4532361e+04
 141.7496632,1.4531484e+04
 141.7700977,1.4528406e+04
 141.7905321,1.4537037e+04
 141.8109665,1.4533884e+04
 141.8314009,1.4526107e+04
 141.8518354,1.4533358e+04
 141.8722698,1.4532809e+04
 141.8927042,1.4537565e+04
 141.9131388,1.4538341e+04
 141.9335731,1.4542217e+04
 141.9540075,1.4533914e+04
 141.9744419,1.4534743e+04
 141.9948764,1.4526452e+04
 142.0153108,1.4532170e+04
 142.0357452,1.4535243e+04
 142.0561796,1.4530608e+04
 142.0766141,1.4529842e+04
 142.0970486,1.4542032e+04
 142.1174829,1.4533467e+04
 142.1379174,1.4530489e+04
 142.1583519,1.4536514e+04
 142.1787862,1.4543446e+04
 142.1992206,1.4539782e+04
 142.2196552,1.4541263e+04
 142.2400895,1.4540540e+04
 142.2605239,1.4544485e+04
 142.2809585,1.4545713e+04
 142.3013928,1.4540795e+04
 142.3218272,1.4542479e+04
 142.3422617,1.4537942e+04
 142.3626962,1.4535109e+04
 142.3831305,1.4539263e+04
 142.4035650,1.4541399e+04
 142.4239995,1.4533011e+04
 142.4444338,1.4539491e+04
 142.4648683,1.4537846e+04
 142.4853026,1.4538452e+04
 142.5057371,1.4543629e+04
 142.5261716,1.4541540e+04
 142.5466060,1.4537376e+04
 142.5670403,1.4542395e+04
 142.5874748,1.4544680e+04
 142.6079093,1.4549250e+04
 142.6283436,1.4537449e+04
 142.6487781,1.4533417e+04
 142.6692126,1.4537903e+04
 142.6896469,1.4536134e+04
 142.7100813,1.4540518e+04
 142.7305159,1.4541406e+04
 142.7509502,1.4541758e+04
 142.7713846,1.4546815e+04
 142.7918192,1.4547798e+04
 142.8122535,1.4545493e+04
 142.8326879,1.4547861e+04
 142.8531224,1.4546700e+04
 142.8735569,1.4546876e+04
 142.8939912,1.4543092e+04
 142.9144256,1.4549640e+04
 142.9348602,1.4547253e+04
 142.9552945,1.4541818e+04
 142.9757289,1.4544925e+04
 142.9961633,1.4549148e+04
 143.0165978,1.4545979e+04
 143.0370322,1.4540474e+04
 143.0574667,1.4540786e+04
 143.0779011,1.4552531e+04
 143.0983355,1.4551699e+04
 143.1187699,1.4540387e+04
 143.1392044,1.4548579e+04
 143.1596388,1.4546165e+04
 143.1800732,1.4555384e+04
 143.2005076,1.4550106e+04
 143.2209420,1.4552275e+04
 143.2413765,1.4556410e+04
 143.2618109,1.4555819e+04
 143.2822454,1.4553949e+04
 143.3026798,1.4553454e+04
 143.3231142,1.4546892e+04
 143.3435487,         null
 143.3639830,1.4549348e+04
 143.3844175,1.4544791e+04
 143.4048519,1.4549319e+04
 143.4252863,1.4542009e+04
 143.4457208,1.4550984e+04
 143.4661552,1.4549717e+04
 143.4865896,1.4552882e+04
 143.5070240,1.4546480e+04
 143.5274585,1.4567167e+04
 143.5478929,1.4552591e+04
 143.5683273,1.4546033e+04
 143.5887618,1.4546351e+04
 143.6091962,1.4545486e+04
 143.6296305,1.4555386e+04
 143.6500650,1.4551019e+04
 143.6704995,1.4553898e+04
 143.6909338,1.4542656e+04
 143.7113683,1.4546911e+04
 143.7318027,1.4559268e+04
 143.7522371,1.4547976e+04
 143.7726715,1.4552812e+04
 143.7931060,1.4540686e+04
 143.8135404,1.4545881e+04
 143.8339748,1.4543938e+04
 143.8544092,1.4547521e+04
 143.8748436,1.4555773e+04
 143.8952781,1.4551699e+04
 143.9157125,1.4546182e+04
 143.9361468,1.4549279e+04
 143.9565814,1.4545098e+04
 143.9770158,1.4551310e+04
 143.9974501,1.4553294e+04
 144.0178845,1.4550017e+04
 144.0383191,1.4560401e+04
 144.0587535,1.4554939e+04
 144.0791878,1.4554380e+04
 144.0996223,1.4553246e+04
 144.1200568,1.4546328e+04
 144.1404911,1.4557713e+04
 144.1609255,1.4544869e+04
 144.1813600,1.4553394e+04
 144.2017944,1.4551821e+04
 144.2222288,1.4550788e+04
 144.2426633,1.4548182e+04
 144.2630976,1.4549383e+04
 144.2835321,1.4545178e+04
 144.3039665,1.4549780e+04
 144.3244009,1.4544805e+04
 144.3448353,1.4547717e+04
 144.3652698,1.4546437e+04
 144.3857041,1.4544994e+04
 144.4061386,1.4547809e+04
 144.4265730,1.4553719e+04
 144.4470074,1.4546629e+04
 144.4674419,1.4547681e+04
 144.4878763,1.4545018e+04
 144.5083106,1.4557622e+04
 144.5287451,1.4543499e+04
 144.5491796,1.4623664e+04
 144.5696140,1.4551139e+04
 144.5900483,1.4546695e+04
 144.6104828,1.4553753e+04
 144.6309173,1.4548860e+04
 144.6513516,1.4547771e+04
 144.6717860,1.4544624e+04
 144.6922205,1.4549961e+04
 144.7126549,1.4546119e+04
 144.7330893,1.4541056e+04
 144.7535238,1.4550143e+04
 144.7739581,1.4545720e+04
 144.7943926,1.4541674e+04
 144.8148270,1.4543310e+04
 144.8352615,1.4552605e+04
 144.8556958,1.4545801e+04
 144.8761302,1.4546892e+04
 144.8965647,1.4548894e+04
 144.9169991,1.4547384e+04
 144.9374335,1.4544332e+04
 144.9578679,1.4547537e+04
 144.9783024,1.4542781e+04
 144.9987368,1.4546262e+04
 145.0191712,1.4548211e+04
 145.0396056,1.4547931e+04
 145.0600400,1.4542526e+04
 145.0804745,1.4550443e+04
 145.1009089,1.4547629e+04
 145.1213434,1.4546425e+04
 145.1417777,1.4544371e+04
 145.1622121,1.4541622e+04
 145.1826465,1.4549148e+04
 145.2030810,1.4537981e+04
 145.2235154,1.4551794e+04
 145.2439497,1.4544930e+04
 145.2643842,1.4541735e+04
 145.2848187,1.4542079e+04
 145.3052531,1.4542763e+04
 145.3256874,1.4547058e+04
 145.3461219,1.4539060e+04
 145.3665563,1.4545650e+04
 145.3869907,1.4553578e+04
 145.4074252,1.4548081e+04
 145.4278596,1.4547256e+04
 145.4482939,1.4547042e+04
 145.4687283,1.4542202e+04
 145.4891628,1.4535832e+04
 145.5095972,1.4540105e+04
 145.5300316,1.4545099e+04
 145.5504660,1.4547189e+04
 145.5709005,1.4540699e+04
 145.5913348,1.4545896e+04
 145.6117693,1.4550888e+04
 145.6322038,1.4547533e+04
 145.6526381,1.4542689e+04
 145.6730725,1.4543135e+04
 145.6935068,1.4545883e+04
 145.7139414,1.4543345e+04
 145.7343758,1.4549251e+04
 145.7548102,1.4540068e+04
 145.7752446,1.4549730e+04
 145.7956790,1.4538614e+04
 145.8161134,1.4542518e+04
 145.8365478,1.4542015e+04
 145.8569823,1.4537058e+04
 145.8774167,1.4538076e+04
 145.8978510,1.4538549e+04
 145.9182855,1.4547510e+04
 145.9387199,1.4542290e+04
 145.9591543,1.4537914e+04
 145.9795887,1.4543168e+04
 146.0000232,1.4540135e+04
 146.0204576,1.4549294e+04
 146.0408919,1.4547590e+04
 146.0613264,1.4548884e+04
 146.0817609,1.4533792e+04
 146.1021952,1.4538175e+04
 146.1226296,1.4542144e+04
 146.1430641,1.4532581e+04
 146.1634984,1.4539857e+04
 146.1839328,1.4542824e+04
 146.2043673,1.4547656e+04
 146.2248017,1.4540039e+04
 146.2452361,1.4540860e+04
 146.2656705,1.4545901e+04
 146.2861049,1.4539130e+04
 146.3065393,1.4541852e+04
 146.3269737,         null
 146.3474081,1.4531118e+04
 146.3678426,1.4538668e+04
 146.3882770,1.4540769e+04
 146.4087113,1.4536770e+04
 146.4291458,1.4539027e+04
 146.4495802,1.4551233e+04
 146.4700145,1.4530878e+04
 146.4904491,1.4542283e+04
 146.5108835,1.4535880e+04
 146.5313179,1.4530996e+04
 146.5517522,1.4541731e+04
 146.5721867,1.4539289e+04
 146.5926211,1.4531222e+04
 146.6130555,1.4534948e+04
 146.6334899,1.4542741e+04
 146.6539244,1.4530791e+04
 146.6743588,1.4543135e+04
 146.6947931,1.4537356e+04
 146.7152276,1.4541817e+04
 146.7356620,1.4538243e+04
 146.7560964,1.4535771e+04
 146.7765307,1.4534187e+04
 146.7969653,1.4552611e+04
 146.8173997,1.4536309e+04
 146.8378340,1.4532335e+04
 146.8582684,1.4536824e+04
 146.8787029,1.4540659e+04
 146.8991372,1.4531188e+04
 146.9195716,1.4533015e+04
 146.9400061,1.4537271e+04
 146.9604405,1.4531810e+04
 146.9808749,1.4533886e+04
 147.0013093,1.4544694e+04
 147.0217437,1.4535904e+04
 147.0421781,1.4526251e+04
 147.0626125,1.4537574e+04
 147.0830470,1.4536956e+04
 147.1034813,1.4533382e+04
 147.1239157,1.4538688e+04
 147.1443501,1.4535539e+04
 147.1647846,1.4537966e+04
 147.1852190,1.4537150e+04
 147.2056533,1.4529708e+04
 147.2260878,1.4531662e+04
 147.2465222,1.4536943e+04
 147.2669566,1.4538462e+04
 147.2873909,1.4537740e+04
 147.3078254,1.4533683e+04
 147.3282599,1.4534799e+04
 147.3486942,1.4534049e+04
 147.3691286,1.4534577e+04
 147.3895631,1.4538691e+04
 147.4099974,1.4535703e+04
 147.4304318,1.4536290e+04
 147.4508663,1.4532698e+04
 147.4713006,1.4538416e+04
 147.4917350,1.4533671e+04
 147.5121694,1.4536149e+04
 147.5326039,1.4535676e+04
 147.5530383,1.4528926e+04
 147.5734727,1.4525643e+04
 147.5939072,1.4546058e+04
 147.6143415,1.4532088e+04
 147.6347759,1.4532989e+04
 147.6552102,1.4539007e+04
 147.6756447,1.4534179e+04
 147.6960791,1.4539822e+04
 147.7165134,1.4537182e+04
 147.7369479,1.4536958e+04
 147.7573823,1.4538405e+04
 147.7778167,1.4539902e+04
 147.7982511,1.4531091e+04
 147.8186856,1.4539989e+04
 147.8391200,1.4526212e+04
 147.8595543,1.4537801e+04
 147.8799887,1.4537180e+04
 147.9004232,         null
 147.9208575,1.4536900e+04
 147.9412919,1.4536361e+04
 147.9617264,1.4540099e+04
 147.9821607,1.4538038e+04
 148.0025951,1.4533704e+04
 148.0230295,1.4536252e+04
 148.0434640,1.4536550e+04
 148.0638983,1.4533612e+04
 148.0843328,1.4535250e+04
 148.1047673,1.4533210e+04
 148.1252016,1.4534721e+04
 148.1456360,1.4540624e+04
 148.1660704,1.4534593e+04
 148.1865048,1.4535478e+04
 148.2069392,1.4531687e+04
 148.2273736,1.4541614e+04
 148.2478081,1.4536902e+04
 148.2682424,1.4538948e+04
 148.2886768,1.4534910e+04
 148.3091112,1.4541430e+04
 148.3295456,1.4532879e+04
 148.3499800,1.4535740e+04
 148.3704144,1.4539224e+04
 148.3908487,1.4542873e+04
 148.4112832,1.4546955e+04
 148.4317176,1.4531039e+04
 148.4521520,1.4531593e+04
 148.4725865,1.4536184e+04
 148.4930209,1.4536924e+04
 148.5134553,1.4540531e+04
 148.5338896,1.4530136e+04
 148.5543241,1.4540224e+04
 148.5747585,1.4539268e+04
 148.5951928,1.4539214e+04
 148.6156273,1.4540560e+04
 148.6360617,1.4541765e+04
 148.6564960,1.4538785e+04
 148.6769304,1.4543684e+04
 148.6973649,1.4539092e+04
 148.7177992,1.4534712e+04
 148.7382336,1.4539414e+04
 148.7586681,1.4541987e+04
 148.7791025,1.4543454e+04
 148.7995368,1.4542883e+04
 148.8199712,1.4532960e+04
 148.8404057,1.4544916e+04
 148.8608400,1.4539183e+04
 148.8812744,1.4543089e+04
 148.9017089,1.4543335e+04
 148.9221432,1.4547237e+04
 148.9425776,1.4548328e+04
 148.9630120,1.4544950e+04
 148.9834464,1.4534809e+04
 149.0038808,1.4538307e+04
 149.0243152,1.4537814e+04
 149.0447495,1.4544864e+04
 149.0651840,1.4536235e+04
 149.0856184,1.4540077e+04
 149.1060527,1.4546238e+04
 149.1264872,1.4541168e+04
 149.1469216,1.4539770e+04
 149.1673559,1.4535819e+04
 149.1877903,1.4538570e+04
 149.2082248,1.4543861e+04
 149.2286592,1.4538714e+04
 149.2490935,1.4540966e+04
 149.2695280,1.4538519e+04
 149.2899624,1.4545147e+04
 149.3103967,         null
 149.3308311,1.4545120e+04
 149.3512656,1.4556951e+04
 149.3716999,1.4538691e+04
 149.3921343,1.4543324e+04
 149.4125688,1.4546593e+04
 149.4330031,1.4545621e+04
 149.4534375,1.4549104e+04
 149.4738719,1.4546029e+04
 149.4943063,1.4550790e+04
 149.5147407,1.4539164e+04
 149.5351751,1.4546782e+04
 149.5556096,1.4543245e+04
 149.5760439,1.4539452e+04
 149.5964783,1.4545125e+04
 149.6169126,1.4544925e+04
 149.6373471,1.4550595e+04
 149.6577815,1.4550350e+04
 149.6782158,1.4536396e+04
 149.6986502,1.4543043e+04
 149.7190847,1.4538254e+04
 149.7395191,1.4538291e+04
 149.7599534,1.4544334e+04
 149.7803879,1.4551494e+04
 149.8008223,1.4550983e+04
 149.8212566,1.4542504e+04
 149.8416910,1.4547604e+04
 149.8621255,1.4542945e+04
 149.8825599,1.4550544e+04
 149.9029942,1.4552435e+04
 149.9234287,1.4545425e+04
 149.9438631,1.4538428e+04
 149.9642975,1.4548378e+04
 149.9847318,1.4543165e+04
 150.0051662,1.4550236e+04
 150.0256006,1.4555882e+04
 150.0460349,1.4548368e+04
 150.0664694,1.4544667e+04
 150.0869038,1.4547750e+04
 150.1073381,1.4546622e+04
 150.1277725,1.4545816e+04
 150.1482070,1.4547439e+04
 150.1686413,1.4547681e+04
 150.1890757,1.4547001e+04
 150.2095102,1.4542425e+04
 150.2299445,1.4542272e+04
 150.2503789,1.4543440e+04
 150.2708133,1.4551978e+04
 150.2912478,1.4543223e+04
 150.3116821,1.4542207e+04
 150.3321165,1.4544586e+04
 150.3525508,1.4542183e+04
 150.3729853,1.4533531e+04
 150.3934196,1.4545136e+04
 150.4138539,1.4547117e+04
 150.4342884,1.4534604e+04
 150.4547228,1.4549200e+04
 150.4751572,1.4549010e+04
 150.4955915,1.4541098e+04
 150.5160260,1.4546521e+04
 150.5364604,1.4542412e+04
 150.5568947,1.4544003e+04
 150.5773292,1.4546299e+04
 150.5977636,1.4548063e+04
 150.6181979,1.4554196e+04
 150.6386323,1.4543185e+04
 150.6590668,1.4543482e+04
 150.6795010,1.4548901e+04
 150.6999354,1.4544184e+04
 150.7203699,1.4543194e+04
 150.7408043,1.4542872e+04
 150.7612386,1.4539318e+04
 150.7816730,1.4533514e+04
 150.8021075,1.4543716e+04
 150.8225418,1.4538434e+04
 150.8429762,1.4540463e+04
 150.8634107,1.4543905e+04
 150.8838450,1.4543042e+04
 150.9042794,1.4547365e+04
 150.9247137,1.4542979e+04
 150.9451481,1.4544876e+04
 150.9655825,1.4547089e+04
 150.9860169,1.4542339e+04
 151.0064512,1.4542911e+04
 151.0268857,1.4543520e+04
 151.0473201,1.4543284e+04
 151.0677544,1.4531491e+04
 151.0881889,1.4542304e+04
 151.1086233,1.4538650e+04
 151.1290575,1.4543748e+04
 151.1494919,1.4534838e+04
 151.1699264,1.4543322e+04
 151.1903607,1.4540768e+04
 151.2107951,1.4538863e+04
 151.2312296,1.4539863e+04
 151.2516640,1.4536062e+04
 151.2720983,1.4540629e+04
 151.2925327,1.4536956e+04
 151.3129671,1.4533921e+04
 151.3334014,1.4544226e+04
 151.3538358,1.4541959e+04
 151.3742703,1.4545948e+04
 151.3947046,1.4539645e+04
 151.4151390,1.4534011e+04
 151.4355734,1.4537351e+04
 151.4560078,1.4534574e+04
 151.4764421,1.4534058e+04
 151.4968765,1.4537602e+04
 151.5173109,1.4535168e+04
 151.5377453,1.4551221e+04
 151.5581797,1.4536999e+04
 151.5786141,1.4539510e+04
 151.5990486,1.4538294e+04
 151.6194828,1.4530948e+04
 151.6399172,1.4545290e+04
 151.6603516,         null
 151.6807860,1.4540700e+04
 151.7012204,1.4539062e+04
 151.7216548,1.4530935e+04
 151.7420892,1.4537925e+04
 151.7625236,1.4543919e+04
 151.7829579,1.4538271e+04
 151.8033922,1.4533407e+04
 151.8238267,1.4532431e+04
 151.8442611,1.4535991e+04
 151.8646954,1.4530851e+04
 151.8851299,1.4534220e+04
 151.9055642,1.4530453e+04
 151.9259985,1.4537335e+04
 151.9464329,1.4532655e+04
 151.9668674,1.4532733e+04
 151.9873018,1.4540789e+04
 152.0077361,1.4533854e+04
 152.0281706,1.4534394e+04
 152.0486049,1.4533248e+04
 152.0690392,1.4540650e+04
 152.0894736,1.4534969e+04
 152.1099081,1.4529920e+04
 152.1303424,1.4533356e+04
 152.1507768,1.4529140e+04
 152.1712111,1.4538303e+04
 152.1916455,1.4539698e+04
 152.2120799,1.4538161e+04
 152.2325143,1.4532229e+04
 152.2529488,1.4530325e+04
 152.2733831,1.4531364e+04
 152.2938174,         null
 152.3142517,1.4537248e+04
 152.3346862,1.4534048e+04
 152.3551206,1.4538794e+04
 152.3755549,1.4537128e+04
 152.3959893,1.4528317e+04
 152.4164237,1.4528308e+04
 152.4368581,1.4535642e+04
 152.4572924,1.4546096e+04
 152.4777269,1.4533663e+04
 152.4981613,1.4534751e+04
 152.5185955,1.4530189e+04
 152.5390300,1.4536962e+04
 152.5594644,1.4536168e+04
 152.5798987,1.4536020e+04
 152.6003331,1.4536067e+04
 152.6207675,1.4538964e+04
 152.6412018,1.4526983e+04
 152.6616362,         null
 152.6820706,1.4527774e+04
 152.7025050,1.4529439e+04
 152.7229393,1.4530433e+04
 152.7433737,1.4530900e+04
 152.7638082,1.4526423e+04
 152.7842425,1.4526759e+04
 152.8046769,1.4529809e+04
 152.8251111,1.4533755e+04
 152.8455456,1.4531695e+04
 152.8659800,1.4536671e+04
 152.8864143,1.4526120e+04
 152.9068488,1.4532386e+04
 152.9272831,1.4534236e+04
 152.9477175,1.4531029e+04
 152.9681518,1.4531261e+04
 152.9885863,1.4530556e+04
 153.0090206,1.4529414e+04
 153.0294549,1.4530711e+04
 153.0498894,1.4532868e+04
 153.0703238,1.4527294e+04
 153.0907581,1.4528005e+04
 153.1111924,1.4516753e+04
 153.1316269,1.4522104e+04
 153.1520612,1.4526712e+04
 153.1724956,1.4521769e+04
 153.1929299,1.4528640e+04
 153.2133644,1.4524119e+04
 153.2337988,1.4527926e+04
 153.2542331,1.4530464e+04
 153.2746675,1.4520896e+04
 153.2951019,1.4525489e+04
 153.3155362,1.4528052e+04
 153.3359706,1.4527355e+04
 153.3564050,1.4528028e+04
 153.3768393,1.4520022e+04
 153.3972737,1.4517505e+04
 153.4177082,1.4528426e+04
 153.4381426,1.4523446e+04
 153.4585768,1.4529122e+04
 153.4790112,1.4531169e+04
 153.4994457,1.4523255e+04
 153.5198800,1.4527641e+04
 153.5403143,1.4528104e+04
 153.5607488,1.4522876e+04
 153.5811831,1.4525420e+04
 153.6016175,1.4534345e+04
 153.6220518,1.4529400e+04
 153.6424862,1.4526671e+04
 153.6629206,1.4529418e+04
 153.6833550,1.4532459e+04
 153.7037892,1.4527607e+04
 153.7242237,1.4530095e+04
 153.7446581,1.4525354e+04
 153.7650923,1.4523503e+04
 153.7855268,1.4529664e+04
 153.8059612,1.4529892e+04
 153.8263955,1.4531089e+04
 153.8468298,1.4523066e+04
 153.8672643,1.4534775e+04
 153.8876986,1.4534601e+04
 153.9081330,1.4522711e+04
 153.9285674,1.4536947e+04
 153.9490018,1.4530022e+04
 153.9694361,1.4525264e+04
 153.9898704,1.4528730e+04
 154.0103049,1.4525427e+04
 154.0307392,1.4528965e+04
 154.0511736,1.4532799e+04
 154.0716080,1.4526917e+04
 154.0920423,1.4523132e+04
 154.1124767,1.4528543e+04
 154.1329110,1.4537950e+04
 154.1533454,1.4521853e+04
 154.1737798,1.4530196e+04
 154.1942142,1.4525729e+04
 154.2146485,1.4532462e+04
 154.2350829,1.4524349e+04
 154.2555173,1.4531061e+04
 154.2759515,1.4534205e+04
 154.2963860,1.4525732e+04
 154.3168204,1.4529113e+04
 154.3372546,1.4523877e+04
 154.3576890,1.4523926e+04
 154.3781235,1.4526089e+04
 154.3985578,1.4520561e+04
 154.4189921,1.4528558e+04
 154.4394266,1.4527536e+04
 154.4598610,1.4522005e+04
 154.4802952,1.4527726e+04
 154.5007296,1.4526644e+04
 154.5211641,1.4525498e+04
 154.5415983,1.4534401e+04
 154.5620327,1.4530625e+04
 154.5824672,1.4528195e+04
 154.6029014,1.4530812e+04
 154.6233358,1.4526291e+04
 154.6437702,1.4528790e+04
 154.6642045,1.4530447e+04
 154.6846389,1.4528871e+04
 154.7050733,1.4532075e+04
 154.7255077,1.4523614e+04
 154.7459420,1.4524436e+04
 154.7663764,1.4527499e+04
 154.7868107,1.4528478e+04
 154.8072451,1.4522582e+04
 154.8276795,1.4530486e+04
 154.8481137,1.4527861e+04
 154.8685482,1.4523831e+04
 154.8889826,1.4524916e+04
 154.9094169,1.4537872e+04
 154.9298513,1.4535630e+04
 154.9502857,1.4527980e+04
 154.9707200,1.4525689e+04
 154.9911544,1.4527493e+04
 155.0115887,1.4528300e+04
 155.0320231,1.4532154e+04
 155.0524575,1.4531477e+04
 155.0728918,1.4527604e+04
 155.0933262,1.4527200e+04
 155.1137606,1.4528936e+04
 155.1341949,1.4535784e+04
 155.1546292,1.4528942e+04
 155.1750637,1.4527546e+04
 155.1954981,1.4530292e+04
 155.2159323,1.4533448e+04
 155.2363667,1.4533200e+04
 155.2568011,1.4531182e+04
 155.2772354,         null
 155.2976698,1.4537865e+04
 155.3181042,1.4531854e+04
 155.3385385,1.4528043e+04
 155.3589729,1.4532868e+04
 155.3794072,1.4530081e+04
 155.3998416,1.4532585e+04
 155.4202759,1.4534005e+04
 155.4407103,1.4538305e+04
 155.4611448,1.4541942e+04
 155.4815790,1.4532075e+04
 155.5020134,1.4529388e+04
 155.5224477,1.4537925e+04
 155.5428821,1.4529652e+04
 155.5633165,         null
 155.5837507,1.4532757e+04
 155.6041852,1.4536866e+04
 155.6246196,1.4533018e+04
 155.6450539,1.4538377e+04
 155.6654882,1.4544919e+04
 155.6859227,1.4527476e+04
 155.7063570,1.4532729e+04
 155.7267913,1.4536297e+04
 155.7472256,1.4533313e+04
 155.7676601,1.4528735e+04
 155.7880944,1.4534027e+04
 155.8085287,1.4532378e+04
 155.8289632,1.4533693e+04
 155.8493974,1.4538053e+04
 155.8698318,1.4535477e+04
 155.8902662,1.4534412e+04
 155.9107006,1.4534494e+04
 155.9311349,1.4532156e+04
 155.9515692,1.4528237e+04
 155.9720037,1.4536442e+04
 155.9924379,1.4527710e+04
 156.0128723,1.4545507e+04
 156.0333066,1.4533494e+04
 156.0537410,1.4531781e+04
 156.0741754,1.4535379e+04
 156.0946097,1.4541452e+04
 156.1150441,1.4536016e+04
 156.1354785,1.4529666e+04
 156.1559128,1.4530723e+04
 156.1763471,1.4530670e+04
 156.1967815,1.4525764e+04
 156.2172159,1.4521990e+04
 156.2376501,1.4520569e+04
 156.2580845,1.4523112e+04
 156.2785190,1.4531527e+04
 156.2989532,1.4521090e+04
 156.3193876,1.4527436e+04
 156.3398220,1.4534072e+04
 156.3602563,1.4530821e+04
 156.3806906,1.4528858e+04
 156.4011250,1.4533831e+04
 156.4215594,1.4527405e+04
 156.4419937,1.4542097e+04
 156.4624281,1.4540446e+04
 156.4828625,1.4527808e+04
 156.5032968,1.4530313e+04
 156.5237311,1.4533202e+04
 156.5441655,1.4533961e+04
 156.5645998,1.4533546e+04
 156.5850342,1.4529665e+04
 156.6054685,1.4524464e+04
 156.6259029,1.4529530e+04
 156.6463373,1.4526656e+04
 156.6667716,1.4528194e+04
 156.6872060,1.4533204e+04
 156.7076403,1.4525917e+04
 156.7280747,1.4527161e+04
 156.7485090,1.4534829e+04
 156.7689433,1.4537004e+04
 156.7893777,1.4527985e+04
 156.8098121,1.4532168e+04
 156.8302464,1.4540371e+04
 156.8506808,1.4530995e+04
 156.8711151,1.4529595e+04
 156.8915495,1.4527783e+04
 156.9119837,1.4531451e+04
 156.9324182,1.4533022e+04
 156.9528525,1.4528855e+04
 156.9732868,1.4528205e+04
 156.9937213,1.4531160e+04
 157.0141556,1.4535216e+04
 157.0345899,1.4532103e+04
 157.0550242,1.4521605e+04
 157.0754587,1.4529151e+04
 157.0958929,1.4521881e+04
 157.1163273,1.4524096e+04
 157.1367617,1.4525479e+04
 157.1571961,1.4532286e+04
 157.1776303,1.4531571e+04
 157.1980647,1.4530838e+04
 157.2184991,1.4526110e+04
 157.2389334,1.4524002e+04
 157.2593677,1.4529410e+04
 157.2798021,1.4521375e+04
 157.3002364,1.4537559e+04
 157.3206708,1.4521637e+04
 157.3411051,1.4518901e+04
 157.3615395,1.4519602e+04
 157.3819738,1.4522777e+04
 157.4024082,1.4524770e+04
 157.4228424,1.4527274e+04
 157.4432769,1.4522462e+04
 157.4637112,1.4520146e+04
 157.4841455,1.4519630e+04
 157.5045799,1.4528004e+04
 157.5250142,1.4527344e+04
 157.5454485,1.4522155e+04
 157.5658828,1.4517816e+04
 157.5863173,1.4525648e+04
 157.6067515,1.4530600e+04
 157.6271859,1.4530266e+04
 157.6476203,1.4532325e+04
 157.6680547,1.4523950e+04
 157.6884889,1.4519604e+04
 157.7089233,1.4514730e+04
 157.7293577,1.4522801e+04
 157.7497920,1.4522602e+04
 157.7702263,1.4520974e+04
 157.7906608,1.4529454e+04
 157.8110950,1.4529113e+04
 157.8315294,1.4523115e+04
 157.8519637,1.4518233e+04
 157.8723980,1.4521892e+04
 157.8928324,1.4514802e+04
 157.9132667,1.4522893e+04
 157.9337010,1.4520220e+04
 157.9541354,1.4522926e+04
 157.9745698,1.4516157e+04
 157.9950040,1.4518148e+04
 158.0154385,1.4528467e+04
 158.0358728,1.4519528e+04
 158.0563070,1.4515342e+04
 158.0767414,1.4519064e+04
 158.0971758,1.4525195e+04
 158.1176102,1.4516989e+04
 158.1380444,1.4516738e+04
 158.1584789,1.4525438e+04
 158.1789132,1.4526062e+04
 158.1993475,1.4512584e+04
 158.2197818,1.4523486e+04
 158.2402162,1.4516592e+04
 158.2606505,         null
 158.2810848,1.4515858e+04
 158.3015193,1.4523009e+04
 158.3219536,1.4528548e+04
 158.3423879,1.4524230e+04
 158.3628222,1.4516449e+04
 158.3832566,1.4525791e+04
 158.4036910,1.4517110e+04
 158.4241252,1.4520929e+04
 158.4445596,1.4509541e+04
 158.4649940,1.4519483e+04
 158.4854282,1.4520244e+04
 158.5058626,1.4517045e+04
 158.5262970,1.4520867e+04
 158.5467313,1.4527979e+04
 158.5671656,1.4522093e+04
 158.5875999,1.4516952e+04
 158.6080343,1.4521658e+04
 158.6284686,1.4510795e+04
 158.6489030,1.4514765e+04
 158.6693374,1.4527391e+04
 158.6897716,1.4524301e+04
 158.7102060,1.4519127e+04
 158.7306402,1.4516089e+04
 158.7510747,1.4522976e+04
 158.7715090,1.4521863e+04
 158.7919433,1.4514686e+04
 158.8123777,1.4519355e+04
 158.8328120,1.4512560e+04
 158.8532464,1.4521720e+04
 158.8736806,1.4519656e+04
 158.8941150,1.4519407e+04
 158.9145494,1.4521880e+04
 158.9349836,1.4513024e+04
 158.9554181,1.4522792e+04
 158.9758524,1.4516809e+04
 158.9962866,1.4526022e+04
 159.0167210,1.4517089e+04
 159.0371554,1.4513871e+04
 159.0575896,1.4520729e+04
 159.0780240,1.4507895e+04
 159.0984583,1.4522790e+04
 159.1188927,1.4519562e+04
 159.1393270,1.4518057e+04
 159.1597613,1.4520064e+04
 159.1801958,1.4515257e+04
 159.2006300,1.4512567e+04
 159.2210643,1.4514949e+04
 159.2414986,1.4517591e+04
 159.2619330,1.4519155e+04
 159.2823673,1.4520159e+04
 159.3028017,1.4518890e+04
 159.3232360,1.4518185e+04
 159.3436703,1.4515698e+04
 159.3641047,1.4517098e+04
 159.3845389,1.4513482e+04
 159.4049733,1.4516146e+04
 159.4254077,1.4516177e+04
 159.4458419,1.4511617e+04
 159.4662763,1.4519808e+04
 159.4867107,1.4517233e+04
 159.5071449,1.4517632e+04
 159.5275792,1.4524185e+04
 159.5480137,1.4517311e+04
 159.5684479,1.4522723e+04
 159.5888822,1.4511521e+04
 159.6093166,1.4512531e+04
 159.6297510,1.4527673e+04
 159.6501852,1.4522829e+04
 159.6706196,1.4517505e+04
 159.6910540,1.4517538e+04
 159.7114882,1.4524923e+04
 159.7319226,1.4524046e+04
 159.7523569,1.4522553e+04
 159.7727912,1.4527325e+04
 159.7932256,1.4526301e+04
 159.8136599,1.4522122e+04
 159.8340942,1.4527051e+04
 159.8545286,1.4525505e+04
 159.8749629,1.4525780e+04
 159.8953971,1.4520197e+04
 159.9158316,1.4523471e+04
 159.9362659,1.4525023e+04
 159.9567002,1.4521419e+04
 159.9771345,1.4528704e+04
 159.9975689,1.4531351e+04
 160.0180032,1.4530854e+04
 160.0384375,1.4522417e+04
 160.0588719,1.4517546e+04
 160.0793062,1.4529185e+04
 160.0997405,1.4523731e+04
 160.1201748,1.4527808e+04
 160.1406092,1.4530868e+04
 160.1610435,1.4523216e+04
 160.1814777,1.4530125e+04
 160.2019122,1.4527305e+04
 160.2223465,1.4526665e+04
 160.2427807,1.4520466e+04
 160.2632151,1.4527341e+04
 160.2836495,1.4526348e+04
 160.3040837,1.4533912e+04
 160.3245180,1.4538019e+04
 160.3449525,1.4525602e+04
 160.3653868,1.4531757e+04
 160.3858210,1.4538848e+04
 160.4062553,1.4531436e+04
 160.4266898,1.4533392e+04
 160.4471240,1.4525423e+04
 160.4675583,1.4538591e+04
 160.4879927,1.4539414e+04
 160.5084270,1.4529684e+04
 160.5288613,1.4537478e+04
 160.5492956,1.4535532e+04
 160.5697300,1.4522232e+04
 160.5901643,1.4539766e+04
 160.6105986,1.4536814e+04
 160.6310328,1.4527717e+04
 160.6514673,1.4537120e+04
 160.6719016,1.4535258e+04
 160.6923358,1.4532722e+04
 160.7127702,1.4539666e+04
 160.7332046,1.4534289e+04
 160.7536388,1.4529405e+04
 160.7740731,1.4537342e+04
 160.7945075,1.4540963e+04
 160.8149418,1.4545340e+04
 160.8353761,1.4545003e+04
 160.8558105,1.4535239e+04
 160.8762448,1.4541402e+04
 160.8966790,1.4537399e+04
 160.9171134,1.4541747e+04
 160.9375478,1.4540333e+04
 160.9579820,1.4547024e+04
 160.9784163,1.4547778e+04
 160.9988508,1.4552854e+04
 161.0192850,1.4541263e+04
 161.0397193,1.4542854e+04
 161.0601536,1.4542836e+04
 161.0805879,1.4549737e+04
 161.1010223,1.4547009e+04
 161.1214566,1.4547389e+04
 161.1418910,1.4551230e+04
 161.1623252,1.4545830e+04
 161.1827595,1.4545983e+04
 161.2031938,1.4541853e+04
 161.2236282,1.4545532e+04
 161.2440625,         null
 161.2644968,1.4559093e+04
 161.2849310,1.4552300e+04
 161.3053655,1.4547377e+04
 161.3257998,1.4552455e+04
 161.3462340,1.4547558e+04
 161.3666684,1.4561806e+04
 161.3871027,1.4553415e+04
 161.4075370,1.4550917e+04
 161.4279713,1.4560476e+04
 161.4484057,1.4551724e+04
 161.4688399,1.4551165e+04
 161.4892742,1.4556626e+04
 161.5097087,1.4554607e+04
 161.5301429,1.4558690e+04
 161.5505772,1.4562853e+04
 161.5710115,1.4567658e+04
 161.5914459,1.4562458e+04
 161.6118801,1.4558323e+04
 161.6323145,1.4565307e+04
 161.6527489,1.4561450e+04
 161.6731832,1.4560647e+04
 161.6936174,1.4552589e+04
 161.7140517,1.4560603e+04
 161.7344862,1.4567726e+04
 161.7549204,1.4564475e+04
 161.7753547,1.4560080e+04
 161.7957890,1.4564251e+04
 161.8162233,1.4566709e+04
 161.8366576,1.4566981e+04
 161.8570919,1.4568454e+04
 161.8775264,1.4572102e+04
 161.8979606,1.4571984e+04
 161.9183949,1.4569792e+04
 161.9388291,1.4572596e+04
 161.9592635,1.4565062e+04
 161.9796978,1.4561537e+04
 162.0001322,1.4566762e+04
 162.0205665,1.4567648e+04
 162.0410008,1.4565211e+04
 162.0614351,1.4573631e+04
 162.0818693,1.4572548e+04
 162.1023037,1.4573941e+04
 162.1227380,1.4566642e+04
 162.1431722,1.4571809e+04
 162.1636067,1.4581444e+04
 162.1840410,1.4570118e+04
 162.2044752,1.4562969e+04
 162.2249095,1.4569311e+04
 162.2453439,1.4563790e+04
 162.2657781,1.4569094e+04
 162.2862124,1.4571112e+04
 162.3066468,1.4572770e+04
 162.3270812,1.4575935e+04
 162.3475154,1.4571789e+04
 162.3679497,1.4575737e+04
 162.3883841,1.4571552e+04
 162.4088183,1.4567785e+04
 162.4292526,1.4570734e+04
 162.4496868,1.4568003e+04
 162.4701212,1.4567355e+04
 162.4905556,1.4574682e+04
 162.5109893,1.4572600e+04
 162.5314237,1.4572760e+04
 162.5518579,1.4568176e+04
 162.5722922,1.4573858e+04
 162.5927265,1.4568271e+04
 162.6131609,1.4578268e+04
 162.6335951,1.4571209e+04
 162.6540294,1.4580341e+04
 162.6744638,1.4579045e+04
 162.6948980,1.4579626e+04
 162.7153324,1.4575888e+04
 162.7357667,1.4581404e+04
 162.7562010,1.4572981e+04
 162.7766353,1.4580472e+04
 162.7970696,1.4574354e+04
 162.8175039,1.4572888e+04
 162.8379382,1.4576397e+04
 162.8583725,1.4583520e+04
 162.8788067,1.4573853e+04
 162.8992411,1.4585650e+04
 162.9196754,1.4573145e+04
 162.9401096,1.4575350e+04
 162.9605439,1.4580185e+04
 162.9809784,1.4582613e+04
 163.0014126,1.4585673e+04
 163.0218469,1.4583240e+04
 163.0422813,1.4571004e+04
 163.0627156,1.4576660e+04
 163.0831498,1.4575703e+04
 163.1035841,1.4573677e+04
 163.1240185,1.4569388e+04
 163.1444527,1.4575184e+04
 163.1648870,1.4583097e+04
 163.1853214,1.4579623e+04
 163.2057556,1.4572513e+04
 163.2261899,1.4578935e+04
 163.2466242,1.4573682e+04
 163.2670585,1.4577748e+04
 163.2874928,1.4573542e+04
 163.3079271,1.4576157e+04
 163.3283615,1.4574633e+04
 163.3487957,1.4569364e+04
 163.3692300,1.4571251e+04
 163.3896643,1.4573637e+04
 163.4100987,1.4576969e+04
 163.4305330,1.4577854e+04
 163.4509672,1.4577425e+04
 163.4714016,1.4581847e+04
 163.4918359,1.4575589e+04
 163.5122702,1.4583976e+04
 163.5327044,1.4570680e+04
 163.5531388,1.4571436e+04
 163.5735731,1.4573172e+04
 163.5940073,1.4577870e+04
 163.6144416,1.4577020e+04
 163.6348760,1.4572577e+04
 163.6553102,1.4573412e+04
 163.6757445,1.4575184e+04
 163.6961789,1.4577645e+04
 163.7166131,1.4583785e+04
 163.7370474,1.4580817e+04
 163.7574817,1.4573670e+04
 163.7779160,1.4575705e+04
 163.7983503,1.4573991e+04
 163.8187846,1.4575440e+04
 163.8392190,1.4568724e+04
 163.8596532,1.4570454e+04
 163.8800875,1.4581467e+04
 163.9005217,1.4572882e+04
 163.9209561,1.4576015e+04
 163.9413904,1.4583205e+04
 163.9618247,1.4573508e+04
 163.9822590,1.4576438e+04
 164.0026933,1.4577984e+04
 164.0231276,1.4578402e+04
 164.0435618,1.4570778e+04
 164.0639962,1.4572312e+04
 164.0844305,1.4573119e+04
 164.1048648,1.4570800e+04
 164.1252990,1.4571709e+04
 164.1457334,1.4575652e+04
 164.1661676,1.4566271e+04
 164.1866018,1.4573484e+04
 164.2070362,1.4577233e+04
 164.2274705,         null
 164.2479047,1.4576892e+04
 164.2683390,1.4570556e+04
 164.2887733,1.4577076e+04
 164.3092076,1.4561673e+04
 164.3296419,1.4570466e+04
 164.3500763,1.4597207e+04
 164.3705106,1.4572835e+04
 164.3909448,1.4569875e+04
 164.4113791,1.4573063e+04
 164.4318134,1.4573621e+04
 164.4522477,1.4566361e+04
 164.4726820,1.4580592e+04
 164.4931164,1.4572771e+04
 164.5135506,1.4569519e+04
 164.5339849,1.4579767e+04
 164.5544192,1.4575069e+04
 164.5748535,1.4568765e+04
 164.5952877,1.4567451e+04
 164.6157220,1.4569077e+04
 164.6361562,1.4561910e+04
 164.6565906,1.4571791e+04
 164.6770249,1.4564088e+04
 164.6974592,1.4577410e+04
 164.7178935,1.4569172e+04
 164.7383278,1.4560444e+04
 164.7587621,1.4564716e+04
 164.7791963,1.4567344e+04
 164.7996307,1.4566255e+04
 164.8200650,1.4571487e+04
 164.8404992,1.4559448e+04
 164.8609335,1.4557496e+04
 164.8813678,1.4563281e+04
 164.9018020,1.4563479e+04
 164.9222363,1.4554415e+04
 164.9426707,1.4563769e+04
 164.9631049,1.4562474e+04
 164.9835392,1.4562593e+04
