        TIME,  PDCSAP_FLUX
 131.5123402,1.7439293e+04
 131.5327748,1.7437186e+04
 131.5532093,1.7432717e+04
 131.5736437,1.7435781e+04
 131.5940782,1.7451945e+04
 131.6145129,1.7440291e+04
 131.6349473,1.7436676e+04
 131.6553818,1.7440631e+04
 131.6758164,1.7441830e+04
 131.6962509,1.7441799e+04
 131.7166853,1.7429346e+04
 131.7371199,1.7438328e+04
 131.7575545,1.7437328e+04
 131.7779889,1.7444254e+04
 131.7984234,1.7432643e+04
 131.8188580,1.7426559e+04
 131.8392924,1.7442193e+04
 131.8597270,1.7434857e+04
 131.8801615,1.7434664e+04
 131.9005960,1.7443600e+04
 131.9210305,1.7439918e+04
 131.9414650,1.7442738e+04
 131.9618995,1.7434557e+04
 131.9823340,1.7436549e+04
 132.0027686,1.7439447e+04
 132.0232030,1.7438795e+04
 132.0436376,1.7438994e+04
 132.0640721,1.7447443e+04
 132.0845065,1.7438383e+04
 132.1049410,1.7434768e+04
 132.1253757,1.7438365e+04
 132.1458101,1.7439891e+04
 132.1662446,1.7440287e+04
 132.1866792,1.7433975e+04
 132.2071137,1.7436799e+04
 132.2275481,1.7433434e+04
 132.2479826,1.7449168e+04
 132.2684173,1.7436400e+04
 132.2888517,1.7436740e+04
 132.3092862,1.7441795e+04
 132.3297208,1.7434898e+04
 132.3501552,1.7443775e+04
 132.3705897,1.7442102e+04
 132.3910242,1.7432309e+04
 132.4114588,1.7437998e+04
 132.4318933,1.7436467e+04
 132.4523278,1.7439121e+04
 132.4727624,1.7439623e+04
 132.4931968,1.7434035e+04
 132.5136313,1.7442049e+04
 132.5340657,1.7434240e+04
 132.5545003,1.7447445e+04
 132.5749349,1.7436848e+04
 132.5953693,1.7439160e+04
 132.6158039,1.7437344e+04
 132.6362384,1.7428703e+04
 132.6566729,1.7438754e+04
 132.6771073,1.7436928e+04
 132.6975419,1.7439807e+04
 132.7179765,1.7444643e+04
 132.7384109,1.7434775e+04
 132.7588455,1.7444236e+04
 132.7792800,1.7436191e+04
 132.7997144,1.7436107e+04
 132.8201489,1.7435252e+04
 132.8405835,1.7446588e+04
 132.8610179,1.7433234e+04
 132.8814525,1.7441830e+04
 132.9018871,1.7433760e+04
 132.9223215,1.7428336e+04
 132.9427560,1.7438682e+04
 132.9631905,1.7440918e+04
 132.9836251,1.7440738e+04
 133.0040595,1.7436938e+04
 133.0244940,1.7444887e+04
 133.0449285,1.7440295e+04
 133.0653631,1.7437391e+04
 133.0857976,1.7442230e+04
 133.1062321,1.7439123e+04
 133.1266666,1.7435121e+04
 133.1471011,1.7431740e+04
 133.1675356,1.7436594e+04
 133.1879701,1.7437025e+04
 133.2084047,1.7432096e+04
 133.2288391,1.7434877e+04
 133.2492737,1.7435338e+04
 133.2697082,1.7437594e+04
 133.2901427,1.7447402e+04
 133.3105772,1.7440314e+04
 133.3310116,1.7428920e+04
 133.3514462,1.7446791e+04
 133.3718807,1.7444920e+04
 133.3923152,1.7437650e+04
 133.4127497,1.7443527e+04
 133.4331843,1.7434711e+04
 133.4536188,1.7437365e+04
 133.4740532,1.7438512e+04
 133.4944878,1.7443031e+04
 133.5149223,1.7440398e+04
 133.5353567,1.7437334e+04
 133.5557913,1.7436547e+04
 133.5762258,1.7433568e+04
 133.5966602,1.7447051e+04
 133.6170947,1.7436221e+04
 133.6375294,1.7434338e+04
 133.6579639,1.7436518e+04
 133.6783983,1.7442408e+04
 133.6988329,1.7438473e+04
 133.7192674,1.7442525e+04
 133.7397018,1.7434125e+04
 133.7601363,1.7444332e+04
 133.7805709,1.7436688e+04
 133.8010053,1.7434479e+04
 133.8214398,1.7472637e+04
 133.8418743,1.7431033e+04
 133.8623089,1.7431902e+04
 133.8827434,1.7436543e+04
 133.9031779,1.7444051e+04
 133.9236124,1.7427750e+04
 133.9440469,1.7434807e+04
 133.9644814,1.7430562e+04
 133.9849158,1.7437885e+04
 134.0053504,1.7431129e+04
 134.0257849,1.7444209e+04
 134.0462193,1.7440719e+04
 134.0666539,1.7440922e+04
 134.0870884,1.7435346e+04
 134.1075228,1.7438451e+04
 134.1279574,1.7434586e+04
 134.1483920,1.7442344e+04
 134.1688265,1.7440244e+04
 134.1892609,1.7433262e+04
 134.2096955,1.7442189e+04
 134.2301300,1.7426295e+04
 134.2505644,1.7444324e+04
 134.2709989,1.7433193e+04
 134.2914335,1.7436477e+04
 134.3118679,1.7441086e+04
 134.3323024,1.7440225e+04
 134.3527370,1.7437963e+04
 134.3731714,1.7432480e+04
 134.3936059,         null
 134.4140405,1.7435963e+04
 134.4344750,1.7436408e+04
 134.4549095,1.7429482e+04
 134.4753440,1.7438969e+04
 134.4957786,1.7442799e+04
 134.5162130,1.7443568e+04
 134.5366475,1.7439904e+04
 134.5570819,1.7441828e+04
 134.5775165,1.7437584e+04
 134.5979510,1.7443082e+04
 134.6183854,1.7437725e+04
 134.6388199,1.7445391e+04
 134.6592545,1.7436344e+04
 134.6796890,1.7442447e+04
 134.7001235,1.7438453e+04
 134.7205580,1.7443355e+04
 134.7409925,1.7432613e+04
 134.7614270,1.7447275e+04
 134.7818615,1.7438439e+04
 134.8022961,1.7434318e+04
 134.8227306,1.7440049e+04
 134.8431650,1.7445547e+04
 134.8635996,1.7429848e+04
 134.8840341,1.7447934e+04
 134.9044686,1.7436150e+04
 134.9249030,1.7440393e+04
 134.9453376,1.7438250e+04
 134.9657721,1.7440750e+04
 134.9862065,1.7435016e+04
 135.0066411,1.7436332e+04
 135.0270756,1.7438783e+04
 135.0475100,1.7438037e+04
 135.0679445,1.7435539e+04
 135.0883791,1.7441449e+04
 135.1088135,1.7437691e+04
 135.1292480,1.7444525e+04
 135.1496826,1.7441230e+04
 135.1701171,1.7438658e+04
 135.1905515,1.7442074e+04
 135.2109860,1.7431559e+04
 135.2314206,1.7439355e+04
 135.2518550,1.7432570e+04
 135.2722896,1.7435936e+04
 135.2927240,1.7438510e+04
 135.3131586,1.7433783e+04
 135.3335931,1.7437334e+04
 135.3540275,1.7440545e+04
 135.3744621,1.7435678e+04
 135.3948966,1.7441209e+04
 135.4153311,1.7445502e+04
 135.4357655,1.7436811e+04
 135.4562001,1.7431580e+04
 135.4766346,1.7441436e+04
 135.4970690,1.7442238e+04
 135.5175036,1.7439764e+04
 135.5379381,1.7445908e+04
 135.5583725,1.7442877e+04
 135.5788070,1.7442555e+04
 135.5992416,1.7436654e+04
 135.6196760,1.7447943e+04
 135.6401105,1.7445604e+04
 135.6605451,1.7448619e+04
 135.6809796,1.7445791e+04
 135.7014140,1.7439949e+04
 135.7218485,1.7444652e+04
 135.7422831,1.7444572e+04
 135.7627175,1.7447980e+04
 135.7831520,1.7436477e+04
 135.8035866,1.7440953e+04
 135.8240210,1.7438090e+04
 135.8444555,1.7431758e+04
 135.8648900,1.7443709e+04
 135.8853245,1.7444547e+04
 135.9057590,1.7443764e+04
 135.9261935,1.7437594e+04
 135.9466279,1.7433160e+04
 135.9670625,1.7441787e+04
 135.9874970,1.7439137e+04
 136.0079314,1.7441070e+04
 136.0283660,1.7440992e+04
 136.0488005,1.7433316e+04
 136.0692349,1.7436436e+04
 136.0896694,1.7449967e+04
 136.1101040,1.7446812e+04
 136.1305385,1.7443492e+04
 136.1509729,1.7442467e+04
 136.1714075,1.7437684e+04
 136.1918420,1.7432820e+04
 136.2122764,1.7439254e+04
 136.2327109,1.7435762e+04
 136.2531455,1.7438787e+04
 136.2735799,1.7443193e+04
 136.2940144,1.7439059e+04
 136.3144490,1.7448873e+04
 136.3348834,1.7445160e+04
 136.3553179,1.7440045e+04
 136.3757524,1.7441398e+04
 136.3961869,1.7437912e+04
 136.4166214,1.7437811e+04
 136.4370559,1.7441893e+04
 136.4574905,1.7435154e+04
 136.4779249,1.7439857e+04
 136.4983594,1.7441875e+04
 136.5187939,1.7441699e+04
 136.5392284,1.7440055e+04
 136.5596629,1.7444057e+04
 136.5800974,1.7431590e+04
 136.6005319,1.7424408e+04
 136.6209664,1.7432402e+04
 136.6414009,1.7448457e+04
 136.6618354,1.7450539e+04
 136.6822699,1.7435459e+04
 136.7027043,1.7439893e+04
 136.7231388,1.7438156e+04
 136.7435732,1.7442795e+04
 136.7640078,1.7434283e+04
 136.7844423,1.7444459e+04
 136.8048767,1.7444990e+04
 136.8253113,1.7444045e+04
 136.8457458,1.7443535e+04
 136.8661803,1.7435697e+04
 136.8866147,1.7440564e+04
 136.9070493,1.7439436e+04
 136.9274838,1.7433508e+04
 136.9479182,1.7429010e+04
 136.9683528,1.7444842e+04
 136.9887873,1.7442785e+04
 137.0092217,1.7444092e+04
 137.0296562,1.7434340e+04
 137.0500908,1.7443797e+04
 137.0705252,1.7442354e+04
 137.0909597,1.7438869e+04
 137.1113943,1.7436842e+04
 137.1318287,1.7435936e+04
 137.1522632,1.7437934e+04
 137.1726977,1.7446949e+04
 137.1931322,1.7438857e+04
 137.2135666,1.7446021e+04
 137.2340011,1.7440947e+04
 137.2544355,1.7443611e+04
 137.2748701,1.7447895e+04
 137.2953046,1.7443096e+04
 137.3157390,1.7437039e+04
 137.3361736,1.7446258e+04
 137.3566081,1.7431537e+04
 137.3770426,         null
 137.3974770,1.7449162e+04
 137.4179116,1.7431490e+04
 137.4383461,1.7446553e+04
 137.4587805,1.7440855e+04
 137.4792151,1.7434824e+04
 137.4996496,1.7447842e+04
 137.5200839,1.7441939e+04
 137.5405184,1.7439971e+04
 137.5609530,1.7437258e+04
 137.5813874,1.7444432e+04
 137.6018219,1.7444115e+04
 137.6222565,1.7436412e+04
 137.6426910,1.7443541e+04
 137.6631254,1.7442836e+04
 137.6835599,1.7443834e+04
 137.7039945,1.7437963e+04
 137.7244289,1.7438250e+04
 137.7448634,1.7443098e+04
 137.7652980,1.7436639e+04
 137.7857323,1.7437736e+04
 137.8061668,1.7440807e+04
 137.8266012,1.7447289e+04
 137.8470358,1.7443459e+04
 137.8674703,1.7442779e+04
 137.8879048,1.7447195e+04
 137.9083392,1.7433688e+04
 137.9287738,1.7445762e+04
 137.9492083,1.7434727e+04
 137.9696427,1.7435980e+04
 137.9900773,1.7434432e+04
 138.0105118,1.7429455e+04
 138.0309461,1.7436221e+04
 138.0513806,1.7434311e+04
 138.0718152,1.7447775e+04
 138.0922497,1.7435232e+04
 138.1126841,1.7434227e+04
 138.1331187,1.7439416e+04
 138.1535532,1.7439729e+04
 138.1739876,1.7438176e+04
 138.1944221,1.7441971e+04
 138.2148567,1.7450957e+04
 138.2352911,1.7445203e+04
 138.2557255,1.7444328e+04
 138.2761601,1.7438469e+04
 138.2965946,1.7448744e+04
 138.3170290,1.7443725e+04
 138.3374635,1.7446295e+04
 138.3578981,1.7442357e+04
 138.3783326,1.7435461e+04
 138.3987670,1.7446828e+04
 138.4192016,1.7444748e+04
 138.4396360,1.7443240e+04
 138.4600704,1.7448119e+04
 138.4805049,1.7443633e+04
 138.5009395,1.7443496e+04
 138.5213739,1.7443107e+04
 138.5418084,1.7454779e+04
 138.5622429,1.7442336e+04
 138.5826774,1.7444232e+04
 138.6031118,1.7447215e+04
 138.6235463,1.7444543e+04
 138.6439808,1.7445672e+04
 138.6644153,1.7443916e+04
 138.6848498,1.7444492e+04
 138.7052842,1.7443826e+04
 138.7257188,1.7441742e+04
 138.7461533,1.7447734e+04
 138.7665876,1.7443824e+04
 138.7870222,1.7448180e+04
 138.8074567,1.7437746e+04
 138.8278911,1.7435213e+04
 138.8483256,1.7438984e+04
 138.8687602,1.7440109e+04
 138.8891947,1.7442895e+04
 138.9096291,1.7440275e+04
 138.9300636,1.7443221e+04
 138.9504981,1.7446174e+04
 138.9709325,1.7440969e+04
 138.9913670,1.7450857e+04
 139.0118016,1.7450494e+04
 139.0322360,1.7435996e+04
 139.0526705,1.7445596e+04
 139.0731050,1.7449393e+04
 139.0935394,1.7455520e+04
 139.1139739,1.7441395e+04
 139.1344084,1.7442143e+04
 139.1548429,1.7430770e+04
 139.1752774,1.7451922e+04
 139.1957119,1.7449758e+04
 139.2161462,1.7451812e+04
 139.2365808,1.7440920e+04
 139.2570153,1.7440594e+04
 139.2774497,1.7438061e+04
 139.2978843,1.7464029e+04
 139.3183188,1.7442160e+04
 139.3387532,1.7440029e+04
 139.3591876,1.7443463e+04
 139.3796222,1.7444578e+04
 139.4000567,1.7438570e+04
 139.4204911,1.7439961e+04
 139.4409257,1.7437283e+04
 139.4613601,1.7446305e+04
 139.4817945,1.7446680e+04
 139.5022290,1.7449115e+04
 139.5226636,1.7430996e+04
 139.5430980,1.7440002e+04
 139.5635325,1.7440990e+04
 139.5839670,1.7439098e+04
 139.6044014,1.7446441e+04
 139.6248359,1.7444438e+04
 139.6452704,1.7448385e+04
 139.6657050,1.7446154e+04
 139.6861394,1.7439424e+04
 139.7065738,1.7439783e+04
 139.7270083,1.7438283e+04
 139.7474428,1.7451994e+04
 139.7678773,1.7444127e+04
 139.7883118,1.7441838e+04
 139.8087463,1.7441635e+04
 139.8291807,1.7442924e+04
 139.8496152,1.7438084e+04
 139.8700497,1.7430650e+04
 139.8904842,1.7440598e+04
 139.9109187,1.7441268e+04
 139.9313531,1.7437932e+04
 139.9517877,1.7443322e+04
 139.9722221,1.7447498e+04
 139.9926566,1.7435465e+04
 140.0130910,1.7447434e+04
 140.0335255,1.7445877e+04
 140.0539600,1.7448008e+04
 140.0743945,1.7449629e+04
 140.0948290,1.7446273e+04
 140.1152635,1.7440217e+04
 140.1356979,1.7443434e+04
 140.1561323,1.7444758e+04
 140.1765669,1.7444676e+04
 140.1970014,1.7445984e+04
 140.2174358,1.7442758e+04
 140.2378703,1.7437342e+04
 140.2583048,1.7444543e+04
 140.2787392,1.7444977e+04
 140.2991737,1.7441848e+04
 140.3196083,1.7437801e+04
 140.3400426,1.7436459e+04
 140.3604771,         null
 140.3809116,1.7443604e+04
 140.4013462,1.7444232e+04
 140.4217806,1.7438082e+04
 140.4422150,1.7443768e+04
 140.4626496,1.7448176e+04
 140.4830840,1.7443152e+04
 140.5035185,1.7449316e+04
 140.5239529,1.7440658e+04
 140.5443874,1.7450842e+04
 140.5648219,1.7440820e+04
 140.5852564,1.7454887e+04
 140.6056909,1.7464613e+04
 140.6261253,1.7452836e+04
 140.6465598,1.7440783e+04
 140.6669942,1.7441674e+04
 140.6874288,1.7444904e+04
 140.7078633,1.7445232e+04
 140.7282976,1.7440377e+04
 140.7487322,1.7441998e+04
 140.7691667,1.7436959e+04
 140.7896011,1.7445256e+04
 140.8100355,1.7436471e+04
 140.8304701,1.7444086e+04
 140.8509046,1.7444193e+04
 140.8713390,1.7439094e+04
 140.8917734,1.7443816e+04
 140.9122080,1.7446461e+04
 140.9326424,1.7445924e+04
 140.9530769,1.7442199e+04
 140.9735114,1.7452863e+04
 140.9939458,1.7452355e+04
 141.0143803,1.7443441e+04
 141.0348148,1.7435709e+04
 141.0552492,1.7448930e+04
 141.0756837,1.7436861e+04
 141.0961182,1.7444867e+04
 141.1165527,1.7443088e+04
 141.1369871,1.7446467e+04
 141.1574216,1.7446164e+04
 141.1778560,1.7445588e+04
 141.1982906,1.7438520e+04
 141.2187250,1.7455150e+04
 141.2391594,1.7443408e+04
 141.2595940,1.7441754e+04
 141.2800285,1.7438406e+04
 141.3004628,1.7440246e+04
 141.3208973,1.7446170e+04
 141.3413319,1.7439367e+04
 141.3617664,1.7452564e+04
 141.3822007,1.7445051e+04
 141.4026352,1.7444162e+04
 141.4230698,1.7443941e+04
 141.4435043,1.7445346e+04
 141.4639386,1.7437969e+04
 141.4843732,1.7436023e+04
 141.5048077,1.7445906e+04
 141.5252420,1.7442998e+04
 141.5456765,1.7445277e+04
 141.5661110,1.7447432e+04
 141.5865456,1.7449635e+04
 141.6069799,1.7443441e+04
 141.6274145,1.7448426e+04
 141.6478490,1.7449480e+04
 141.6682833,1.7445787e+04
 141.6887178,1.7449760e+04
 141.7091524,1.7450242e+04
 141.7295868,1.7450361e+04
 141.7500212,1.7437035e+04
 141.7704558,1.7443939e+04
 141.7908902,1.7442459e+04
 141.8113246,1.7447471e+04
 141.8317591,1.7436354e+04
 141.8521936,1.7442346e+04
 141.8726281,1.7448717e+04
 141.8930625,1.7443287e+04
 141.9134971,1.7443477e+04
 141.9339315,1.7451979e+04
 141.9543659,1.7450025e+04
 141.9748003,1.7445703e+04
 141.9952349,1.7448656e+04
 142.0156694,1.7451537e+04
 142.0361037,1.7446951e+04
 142.0565382,1.7434969e+04
 142.0769728,1.7438406e+04
 142.0974072,1.7437070e+04
 142.1178416,1.7440549e+04
 142.1382762,1.7442119e+04
 142.1587106,1.7439258e+04
 142.1791450,1.7449664e+04
 142.1995795,1.7440693e+04
 142.2200140,1.7444152e+04
 142.2404484,1.7450867e+04
 142.2608829,1.7444305e+04
 142.2813175,1.7451373e+04
 142.3017518,1.7444527e+04
 142.3221863,1.7439482e+04
 142.3426208,1.7447941e+04
 142.3630553,1.7442043e+04
 142.3834897,1.7448154e+04
 142.4039242,1.7440021e+04
 142.4243587,1.7441496e+04
 142.4447931,1.7450791e+04
 142.4652276,1.7448008e+04
 142.4856619,1.7439939e+04
 142.5060965,1.7446945e+04
 142.5265310,1.7449258e+04
 142.5469654,1.7449164e+04
 142.5673998,1.7442273e+04
 142.5878344,1.7450684e+04
 142.6082688,1.7448613e+04
 142.6287032,1.7453391e+04
 142.6491378,1.7455096e+04
 142.6695722,1.7454113e+04
 142.6900066,1.7441223e+04
 142.7104411,1.7437074e+04
 142.7308756,1.7452061e+04
 142.7513100,1.7443035e+04
 142.7717445,1.7448186e+04
 142.7921790,1.7439998e+04
 142.8126134,1.7438672e+04
 142.8330479,1.7455822e+04
 142.8534823,1.7439156e+04
 142.8739169,1.7448346e+04
 142.8943512,1.7450867e+04
 142.9147857,1.7441605e+04
 142.9352203,1.7449877e+04
 142.9556546,1.7446490e+04
 142.9760891,1.7446293e+04
 142.9965235,1.7446561e+04
 143.0169580,1.7449273e+04
 143.0373925,1.7444461e+04
 143.0578270,1.7441260e+04
 143.0782614,1.7445039e+04
 143.0986959,1.7443877e+04
 143.1191304,1.7443820e+04
 143.1395648,1.7440090e+04
 143.1599993,1.7451926e+04
 143.1804337,1.7442867e+04
 143.2008681,1.7447686e+04
 143.2213026,1.7441379e+04
 143.2417371,1.7449324e+04
 143.2621716,1.7453818e+04
 143.2826061,1.7456828e+04
 143.3030405,1.7446045e+04
 143.3234750,1.7452988e+04
 143.3439094,         null
 143.3643438,1.7444750e+04
 143.3847784,1.7457338e+04
 143.4052128,1.7442508e+04
 143.4256472,1.7439514e+04
 143.4460817,1.7447191e+04
 143.4665162,1.7438143e+04
 143.4869506,1.7445912e+04
 143.5073850,1.7443451e+04
 143.5278196,1.7446689e+04
 143.5482541,1.7444139e+04
 143.5686884,1.7446754e+04
 143.5891230,1.7449115e+04
 143.6095574,1.7440287e+04
 143.6299918,1.7448975e+04
 143.6504263,1.7450400e+04
 143.6708608,1.7451830e+04
 143.6912952,1.7454748e+04
 143.7117296,1.7442684e+04
 143.7321641,1.7437695e+04
 143.7525986,1.7441998e+04
 143.7730330,1.7443084e+04
 143.7934675,1.7450668e+04
 143.8139019,1.7440318e+04
 143.8343364,1.7451367e+04
 143.8547709,1.7441922e+04
 143.8752052,1.7445277e+04
 143.8956398,1.7444096e+04
 143.9160742,1.7456555e+04
 143.9365086,1.7443068e+04
 143.9569431,1.7447676e+04
 143.9773776,1.7458018e+04
 143.9978120,1.7440889e+04
 144.0182464,1.7444090e+04
 144.0386810,1.7445244e+04
 144.0591154,1.7442850e+04
 144.0795498,1.7442293e+04
 144.0999844,1.7440174e+04
 144.1204188,1.7451629e+04
 144.1408532,1.7447734e+04
 144.1612876,1.7433168e+04
 144.1817222,1.7446268e+04
 144.2021565,1.7436227e+04
 144.2225910,1.7445250e+04
 144.2430256,1.7446039e+04
 144.2634599,1.7448486e+04
 144.2838944,1.7440619e+04
 144.3043288,1.7442264e+04
 144.3247633,1.7448426e+04
 144.3451977,1.7448582e+04
 144.3656322,1.7446936e+04
 144.3860665,1.7453947e+04
 144.4065011,1.7445090e+04
 144.4269356,1.7449551e+04
 144.4473699,1.7444119e+04
 144.4678045,1.7439547e+04
 144.4882389,1.7442975e+04
 144.5086733,1.7450369e+04
 144.5291077,1.7445781e+04
 144.5495423,1.7446078e+04
 144.5699767,1.7453455e+04
 144.5904111,1.7441395e+04
 144.6108456,1.7461600e+04
 144.6312801,1.7445561e+04
 144.6517145,1.7454211e+04
 144.6721489,1.7446967e+04
 144.6925835,1.7443621e+04
 144.7130178,1.7443004e+04
 144.7334523,1.7444859e+04
 144.7538868,1.7440889e+04
 144.7743212,1.7450566e+04
 144.7947556,1.7447162e+04
 144.8151901,1.7444938e+04
 144.8356246,1.7444734e+04
 144.8560590,1.7445939e+04
 144.8764934,1.7448572e+04
 144.8969279,1.7441715e+04
 144.9173623,1.7447127e+04
 144.9377968,1.7452268e+04
 144.9582313,1.7439494e+04
 144.9786658,1.7453469e+04
 144.9991002,1.7451723e+04
 145.0195346,1.7446197e+04
 145.0399691,1.7446496e+04
 145.0604035,1.7441195e+04
 145.0808380,1.7450176e+04
 145.1012724,1.7447082e+04
 145.1217070,1.7449617e+04
 145.1421413,1.7452537e+04
 145.1625758,1.7452285e+04
 145.1830101,1.7444234e+04
 145.2034447,1.7450521e+04
 145.2238791,1.7444986e+04
 145.2443135,1.7447572e+04
 145.2647480,1.7450402e+04
 145.2851825,1.7441006e+04
 145.3056169,1.7446559e+04
 145.3260513,1.7439479e+04
 145.3464858,1.7445846e+04
 145.3669203,1.7450650e+04
 145.3873546,1.7453377e+04
 145.4077892,1.7440551e+04
 145.4282236,1.7452465e+04
 145.4486580,1.7449607e+04
 145.4690924,1.7450000e+04
 145.4895270,1.7450707e+04
 145.5099613,1.7445057e+04
 145.5303958,1.7442227e+04
 145.5508302,1.7452557e+04
 145.5712648,1.7455217e+04
 145.5916991,1.7453418e+04
 145.6121336,1.7446680e+04
 145.6325681,1.7448703e+04
 145.6530025,1.7442592e+04
 145.6734369,1.7443750e+04
 145.6938712,1.7448303e+04
 145.7143058,1.7450971e+04
 145.7347402,1.7443309e+04
 145.7551747,1.7446719e+04
 145.7756091,1.7436383e+04
 145.7960436,1.7440318e+04
 145.8164780,1.7445338e+04
 145.8369124,1.7446465e+04
 145.8573469,1.7450963e+04
 145.8777814,1.7438451e+04
 145.8982157,1.7444066e+04
 145.9186503,1.7440775e+04
 145.9390847,1.7447027e+04
 145.9595191,1.7445492e+04
 145.9799535,1.7443301e+04
 146.0003880,1.7440391e+04
 146.0208225,1.7455695e+04
 146.0412568,1.7446998e+04
 146.0616914,1.7444787e+04
 146.0821258,1.7453359e+04
 146.1025602,1.7457041e+04
 146.1229946,1.7447598e+04
 146.1434292,1.7447631e+04
 146.1638635,1.7442748e+04
 146.1842979,1.7448102e+04
 146.2047324,1.7448629e+04
 146.2251668,1.7443990e+04
 146.2456013,1.7447082e+04
 146.2660357,1.7446320e+04
 146.2864702,1.7440773e+04
 146.3069046,1.7452742e+04
 146.3273391,         null
 146.3477734,1.7437811e+04
 146.3682079,1.7436646e+04
 146.3886424,1.7448238e+04
 146.4090767,1.7451166e+04
 146.4295113,1.7439441e+04
 146.4499457,1.7445539e+04
 146.4703800,1.7443371e+04
 146.4908146,1.7444477e+04
 146.5112490,1.7443410e+04
 146.5316835,1.7455676e+04
 146.5521178,1.7444428e+04
 146.5725524,1.7454963e+04
 146.5929868,1.7446561e+04
 146.6134212,1.7445482e+04
 146.6338556,1.7440936e+04
 146.6542901,1.7444990e+04
 146.6747246,1.7441910e+04
 146.6951589,1.7445051e+04
 146.7155934,1.7445561e+04
 146.7360279,1.7448381e+04
 146.7564623,1.7445562e+04
 146.7768967,1.7446844e+04
 146.7973312,1.7455951e+04
 146.8177656,1.7449064e+04
 146.8382000,1.7452166e+04
 146.8586344,1.7448463e+04
 146.8790690,1.7439219e+04
 146.8995033,1.7434904e+04
 146.9199377,1.7454193e+04
 146.9403723,1.7442799e+04
 146.9608066,1.7446973e+04
 146.9812411,1.7449297e+04
 147.0016755,1.7442855e+04
 147.0221099,1.7440619e+04
 147.0425444,1.7446582e+04
 147.0629788,1.7445309e+04
 147.0834134,1.7459912e+04
 147.1038477,1.7441631e+04
 147.1242821,1.7451680e+04
 147.1447165,1.7448434e+04
 147.1651510,1.7440230e+04
 147.1855854,1.7438998e+04
 147.2060198,1.7450596e+04
 147.2264543,1.7444898e+04
 147.2468888,1.7456857e+04
 147.2673232,1.7444639e+04
 147.2877575,1.7448961e+04
 147.3081921,1.7454828e+04
 147.3286265,1.7433738e+04
 147.3490608,1.7443033e+04
 147.3694953,1.7446348e+04
 147.3899298,1.7447279e+04
 147.4103641,1.7454455e+04
 147.4307986,1.7441453e+04
 147.4512331,1.7449029e+04
 147.4716675,1.7452982e+04
 147.4921019,1.7448760e+04
 147.5125363,1.7448846e+04
 147.5329709,1.7441873e+04
 147.5534052,1.7442707e+04
 147.5738396,1.7446967e+04
 147.5942742,1.7445670e+04
 147.6147085,1.7436887e+04
 147.6351429,1.7458244e+04
 147.6555773,1.7442010e+04
 147.6760118,1.7445223e+04
 147.6964462,1.7446404e+04
 147.7168806,1.7445680e+04
 147.7373151,1.7447338e+04
 147.7577495,1.7456996e+04
 147.7781840,1.7452314e+04
 147.7986183,1.7450400e+04
 147.8190528,1.7451438e+04
 147.8394873,1.7450807e+04
 147.8599216,1.7442861e+04
 147.8803560,1.7453900e+04
 147.9007906,         null
 147.9212249,1.7445682e+04
 147.9416593,1.7443076e+04
 147.9620939,1.7445361e+04
 147.9825282,1.7453094e+04
 148.0029626,1.7444951e+04
 148.0233971,1.7446900e+04
 148.0438316,1.7449191e+04
 148.0642659,1.7440000e+04
 148.0847004,1.7450914e+04
 148.1051349,1.7445574e+04
 148.1255692,1.7448230e+04
 148.1460036,1.7448811e+04
 148.1664381,1.7442086e+04
 148.1868725,1.7449740e+04
 148.2073069,1.7445553e+04
 148.2277414,1.7449748e+04
 148.2481759,1.7450938e+04
 148.2686102,1.7445699e+04
 148.2890447,1.7443062e+04
 148.3094791,1.7448576e+04
 148.3299135,1.7451670e+04
 148.3503479,1.7452672e+04
 148.3707824,1.7451193e+04
 148.3912167,1.7441340e+04
 148.4116512,1.7443404e+04
 148.4320857,1.7456455e+04
 148.4525201,1.7448217e+04
 148.4729545,1.7454643e+04
 148.4933890,1.7439662e+04
 148.5138234,1.7445215e+04
 148.5342577,1.7443215e+04
 148.5546922,1.7456373e+04
 148.5751267,1.7440186e+04
 148.5955610,1.7450248e+04
 148.6159955,1.7451984e+04
 148.6364299,1.7445273e+04
 148.6568643,1.7444811e+04
 148.6772987,1.7453361e+04
 148.6977332,1.7444695e+04
 148.7181676,1.7442713e+04
 148.7386020,1.7442777e+04
 148.7590365,1.7442619e+04
 148.7794709,1.7456455e+04
 148.7999053,1.7443158e+04
 148.8203397,1.7449064e+04
 148.8407742,1.7445268e+04
 148.8612085,1.7452102e+04
 148.8816430,1.7441482e+04
 148.9020775,1.7449426e+04
 148.9225118,1.7445850e+04
 148.9429462,1.7449438e+04
 148.9633807,1.7439742e+04
 148.9838151,1.7437305e+04
 149.0042495,1.7457400e+04
 149.0246839,1.7449803e+04
 149.0451183,1.7443941e+04
 149.0655528,1.7447539e+04
 149.0859872,1.7448670e+04
 149.1064215,1.7453818e+04
 149.1268561,1.7449830e+04
 149.1472905,1.7459621e+04
 149.1677248,1.7449117e+04
 149.1881592,1.7443623e+04
 149.2085938,1.7444422e+04
 149.2290282,1.7451264e+04
 149.2494625,1.7444664e+04
 149.2698970,1.7443883e+04
 149.2903314,1.7440947e+04
 149.3107658,         null
 149.3312002,1.7452484e+04
 149.3516347,1.7460328e+04
 149.3720690,1.7444412e+04
 149.3925035,1.7450182e+04
 149.4129380,1.7444191e+04
 149.4333723,1.7451520e+04
 149.4538067,1.7455869e+04
 149.4742411,1.7448506e+04
 149.4946756,1.7435734e+04
 149.5151100,1.7451871e+04
 149.5355444,1.7448240e+04
 149.5559789,1.7458566e+04
 149.5764132,1.7447752e+04
 149.5968477,1.7465072e+04
 149.6172820,1.7445469e+04
 149.6377165,1.7460100e+04
 149.6581509,1.7445426e+04
 149.6785852,1.7451109e+04
 149.6990197,1.7444580e+04
 149.7194542,1.7446287e+04
 149.7398886,1.7449375e+04
 149.7603229,1.7462961e+04
 149.7807574,1.7438664e+04
 149.8011919,1.7447998e+04
 149.8216262,1.7451168e+04
 149.8420606,1.7439256e+04
 149.8624951,1.7448826e+04
 149.8829295,1.7446521e+04
 149.9033639,1.7443324e+04
 149.9237984,1.7446801e+04
 149.9442328,1.7446748e+04
 149.9646672,1.7445336e+04
 149.9851015,1.7443490e+04
 150.0055360,1.7449713e+04
 150.0259705,1.7442797e+04
 150.0464048,1.7450066e+04
 150.0668393,1.7449188e+04
 150.0872737,1.7448084e+04
 150.1077080,1.7450986e+04
 150.1281424,1.7443947e+04
 150.1485770,1.7447104e+04
 150.1690113,1.7446188e+04
 150.1894457,1.7447047e+04
 150.2098802,1.7445270e+04
 150.2303145,1.7444350e+04
 150.2507489,1.7448592e+04
 150.2711834,1.7445398e+04
 150.2916179,1.7449244e+04
 150.3120522,1.7452092e+04
 150.3324866,1.7448232e+04
 150.3529209,1.7439877e+04
 150.3733554,1.7454711e+04
 150.3937898,1.7446221e+04
 150.4142242,1.7448279e+04
 150.4346587,1.7453635e+04
 150.4550931,1.7460246e+04
 150.4755275,1.7450797e+04
 150.4959618,1.7454586e+04
 150.5163963,1.7455461e+04
 150.5368307,1.7441658e+04
 150.5572651,1.7452406e+04
 150.5776996,1.7463939e+04
 150.5981340,1.7452293e+04
 150.6185683,1.7441771e+04
 150.6390027,1.7443980e+04
 150.6594372,1.7446363e+04
 150.6798715,1.7447896e+04
 150.7003059,1.7444549e+04
 150.7207405,1.7454340e+04
 150.7411749,1.7437977e+04
 150.7616092,1.7449199e+04
 150.7820436,1.7447707e+04
 150.8024781,1.7446471e+04
 150.8229124,1.7453930e+04
 150.8433468,1.7446482e+04
 150.8637813,1.7453686e+04
 150.8842156,1.7447395e+04
 150.9046501,1.7447740e+04
 150.9250845,1.7461857e+04
 150.9455189,1.7438486e+04
 150.9659533,1.7449084e+04
 150.9863877,1.7444490e+04
 151.0068220,1.7448000e+04
 151.0272565,1.7448391e+04
 151.0476909,1.7438773e+04
 151.0681252,1.7456926e+04
 151.0885597,1.7448213e+04
 151.1089942,1.7444195e+04
 151.1294285,1.7446748e+04
 151.1498629,1.7433975e+04
 151.1702974,1.7438662e+04
 151.1907317,1.7459256e+04
 151.2111661,1.7445492e+04
 151.2316006,1.7445023e+04
 151.2520350,1.7452588e+04
 151.2724693,1.7457516e+04
 151.2929037,1.7443783e+04
 151.3133382,1.7444359e+04
 151.3337725,1.7442533e+04
 151.3542070,1.7451588e+04
 151.3746415,1.7452055e+04
 151.3950758,1.7450391e+04
 151.4155102,1.7445912e+04
 151.4359446,1.7451570e+04
 151.4563790,1.7452822e+04
 151.4768134,1.7448553e+04
 151.4972478,1.7453105e+04
 151.5176822,1.7443002e+04
 151.5381166,1.7445943e+04
 151.5585510,1.7449471e+04
 151.5789854,1.7446816e+04
 151.5994199,1.7455480e+04
 151.6198542,1.7448945e+04
 151.6402886,1.7447252e+04
 151.6607230,         null
 151.6811574,1.7455426e+04
 151.7015919,1.7443906e+04
 151.7220263,1.7450102e+04
 151.7424607,1.7450023e+04
 151.7628951,1.7457936e+04
 151.7833295,1.7452928e+04
 151.8037638,1.7444779e+04
 151.8241983,1.7452604e+04
 151.8446327,1.7449354e+04
 151.8650670,1.7448211e+04
 151.8855015,1.7441697e+04
 151.9059359,1.7442773e+04
 151.9263702,1.7445303e+04
 151.9468046,1.7450730e+04
 151.9672391,1.7444227e+04
 151.9876735,1.7451346e+04
 152.0081078,1.7447791e+04
 152.0285423,1.7459047e+04
 152.0489767,1.7457734e+04
 152.0694110,1.7447295e+04
 152.0898454,1.7445926e+04
 152.1102799,1.7454117e+04
 152.1307142,1.7444467e+04
 152.1511486,1.7453508e+04
 152.1715830,1.7451080e+04
 152.1920174,1.7444988e+04
 152.2124518,1.7440734e+04
 152.2328862,1.7448445e+04
 152.2533207,1.7449172e+04
 152.2737550,1.7449324e+04
 152.2941894,         null
 152.3146237,1.7449021e+04
 152.3350582,1.7445961e+04
 152.3554926,1.7455650e+04
 152.3759269,1.7450693e+04
 152.3963614,1.7446637e+04
 152.4167958,1.7454143e+04
 152.4372302,1.7450471e+04
 152.4576645,1.7456188e+04
 152.4780990,1.7450912e+04
 152.4985334,1.7456896e+04
 152.5189677,1.7449352e+04
 152.5394022,1.7449604e+04
 152.5598366,1.7446209e+04
 152.5802709,1.7446219e+04
 152.6007053,1.7448467e+04
 152.6211398,1.7442295e+04
 152.6415741,1.7450020e+04
 152.6620085,         null
 152.6824429,1.7500596e+04
 152.7028773,1.7469611e+04
 152.7233117,1.7445734e+04
 152.7437461,1.7443480e+04
 152.7641806,1.7442084e+04
 152.7846149,1.7439172e+04
 152.8050493,1.7444139e+04
 152.8254836,1.7439451e+04
 152.8459181,1.7434490e+04
 152.8663524,1.7435672e+04
 152.8867867,1.7445408e+04
 152.9072212,1.7427838e+04
 152.9276556,1.7443547e+04
 152.9480900,1.7433945e+04
 152.9685243,1.7441598e+04
 152.9889588,1.7436111e+04
 153.0093932,1.7439326e+04
 153.0298275,1.7440830e+04
 153.0502620,1.7441545e+04
 153.0706964,1.7435711e+04
 153.0911307,1.7444371e+04
 153.1115651,1.7437934e+04
 153.1319996,1.7434195e+04
 153.1524339,1.7442711e+04
 153.1728683,1.7439674e+04
 153.1933026,1.7435652e+04
 153.2137371,1.7447953e+04
 153.2341715,1.7440441e+04
 153.2546058,1.7436168e+04
 153.2750403,1.7429732e+04
 153.2954747,1.7428336e+04
 153.3159090,1.7436803e+04
 153.3363434,1.7438252e+04
 153.3567778,1.7438875e+04
 153.3772122,1.7440049e+04
 153.3976466,1.7440877e+04
 153.4180811,1.7436729e+04
 153.4385154,1.7428291e+04
 153.4589497,1.7439654e+04
 153.4793841,1.7438592e+04
 153.4998186,1.7443963e+04
 153.5202529,1.7436762e+04
 153.5406873,1.7438545e+04
 153.5611218,1.7436072e+04
 153.5815561,1.7432758e+04
 153.6019905,1.7437449e+04
 153.6224249,1.7439166e+04
 153.6428592,1.7424152e+04
 153.6632936,1.7438994e+04
 153.6837280,1.7445865e+04
 153.7041623,1.7452586e+04
 153.7245968,1.7437729e+04
 153.7450312,1.7442949e+04
 153.7654655,1.7436166e+04
 153.7859000,1.7449205e+04
 153.8063344,1.7439340e+04
 153.8267686,1.7441578e+04
 153.8472030,1.7445039e+04
 153.8676375,1.7444092e+04
 153.8880718,1.7448918e+04
 153.9085062,1.7446131e+04
 153.9289407,1.7439027e+04
 153.9493751,1.7438246e+04
 153.9698093,1.7440789e+04
 153.9902437,1.7444561e+04
 154.0106782,1.7440510e+04
 154.0311125,1.7442795e+04
 154.0515469,1.7436664e+04
 154.0719814,1.7442469e+04
 154.0924157,1.7442279e+04
 154.1128500,1.7437641e+04
 154.1332844,1.7444602e+04
 154.1537188,1.7444186e+04
 154.1741532,1.7439883e+04
 154.1945876,1.7436904e+04
 154.2150220,1.7437562e+04
 154.2354564,1.7434674e+04
 154.2558907,1.7438363e+04
 154.2763250,1.7437254e+04
 154.2967595,1.7436277e+04
 154.3171939,1.7434791e+04
 154.3376282,1.7431938e+04
 154.3580626,1.7437256e+04
 154.3784970,1.7444861e+04
 154.3989313,1.7443514e+04
 154.4193657,1.7448234e+04
 154.4398002,1.7437666e+04
 154.4602346,1.7432510e+04
 154.4806689,1.7437816e+04
 154.5011032,1.7434811e+04
 154.5215377,1.7443883e+04
 154.5419720,1.7438832e+04
 154.5624064,1.7435664e+04
 154.5828409,1.7440932e+04
 154.6032751,1.7446424e+04
 154.6237095,1.7435951e+04
 154.6441439,1.7429549e+04
 154.6645783,1.7444133e+04
 154.6850127,1.7439141e+04
 154.7054470,1.7436246e+04
 154.7258815,1.7435432e+04
 154.7463158,1.7438674e+04
 154.7667502,1.7446027e+04
 154.7871846,1.7436154e+04
 154.8076189,1.7433436e+04
 154.8280533,1.7429762e+04
 154.8484876,1.7435711e+04
 154.8689221,1.7432697e+04
 154.8893565,1.7440332e+04
 154.9097908,1.7438133e+04
 154.9302252,1.7438857e+04
 154.9506596,1.7435404e+04
 154.9710940,1.7436131e+04
 154.9915284,1.7429484e+04
 155.0119626,1.7438822e+04
 155.0323971,1.7429822e+04
 155.0528315,1.7441719e+04
 155.0732658,1.7443295e+04
 155.0937002,1.7444199e+04
 155.1141346,1.7432615e+04
 155.1345689,1.7437367e+04
 155.1550033,1.7437451e+04
 155.1754377,1.7436533e+04
 155.1958721,1.7436705e+04
 155.2163064,1.7442117e+04
 155.2367408,1.7443365e+04
 155.2571752,1.7442289e+04
 155.2776095,         null
 155.2980439,1.7439061e+04
 155.3184784,1.7430656e+04
 155.3389126,1.7430230e+04
 155.3593470,1.7431686e+04
 155.3797814,1.7445625e+04
 155.4002158,1.7442674e+04
 155.4206501,1.7444768e+04
 155.4410845,1.7436020e+04
 155.4615190,1.7442459e+04
 155.4819533,1.7442523e+04
 155.5023876,1.7443088e+04
 155.5228219,1.7446650e+04
 155.5432564,1.7442896e+04
 155.5636908,         null
 155.5841250,1.7440533e+04
 155.6045595,1.7439824e+04
 155.6249939,1.7433439e+04
 155.6454283,1.7443803e+04
 155.6658625,1.7434564e+04
 155.6862970,1.7437248e+04
 155.7067314,1.7437018e+04
 155.7271656,1.7440578e+04
 155.7476000,1.7433697e+04
 155.7680345,1.7438832e+04
 155.7884688,1.7441059e+04
 155.8089031,1.7436029e+04
 155.8293376,1.7436152e+04
 155.8497719,1.7438598e+04
 155.8702062,1.7433264e+04
 155.8906406,1.7437770e+04
 155.9110751,1.7437717e+04
 155.9315093,1.7433113e+04
 155.9519437,1.7445238e+04
 155.9723782,1.7441910e+04
 155.9928125,1.7444805e+04
 156.0132468,1.7440209e+04
 156.0336811,1.7444391e+04
 156.0541156,1.7444330e+04
 156.0745499,1.7440705e+04
 156.0949843,1.7440537e+04
 156.1154187,1.7441246e+04
 156.1358530,1.7438395e+04
 156.1562874,1.7450551e+04
 156.1767217,1.7451967e+04
 156.1971561,1.7441939e+04
 156.2175905,1.7433045e+04
 156.2380248,1.7439180e+04
 156.2584591,1.7437693e+04
 156.2788936,1.7447758e+04
 156.2993279,1.7440115e+04
 156.3197622,1.7435082e+04
 156.3401967,1.7431635e+04
 156.3606310,1.7440703e+04
 156.3810653,1.7436287e+04
 156.4014997,1.7434629e+04
 156.4219342,1.7430672e+04
 156.4423684,1.7440967e+04
 156.4628028,1.7440213e+04
 156.4832373,1.7437660e+04
 156.5036715,1.7438023e+04
 156.5241059,1.7438400e+04
 156.5445403,1.7438225e+04
 156.5649746,1.7442188e+04
 156.5854090,1.7438320e+04
 156.6058433,1.7438662e+04
 156.6262777,1.7438781e+04
 156.6467121,1.7449990e+04
 156.6671464,1.7443182e+04
 156.6875808,1.7438199e+04
 156.7080152,1.7440354e+04
 156.7284495,1.7445602e+04
 156.7488839,1.7443619e+04
 156.7693182,1.7450904e+04
 156.7897526,1.7437021e+04
 156.8101870,1.7442127e+04
 156.8306213,1.7445557e+04
 156.8510557,1.7444488e+04
 156.8714901,1.7433965e+04
 156.8919244,1.7445867e+04
 156.9123587,1.7442949e+04
 156.9327931,1.7444699e+04
 156.9532275,1.7451299e+04
 156.9736618,1.7450732e+04
 156.9940962,1.7454312e+04
 157.0145306,1.7442131e+04
 157.0349649,1.7449979e+04
 157.0553992,1.7444127e+04
 157.0758337,1.7444096e+04
 157.0962679,1.7439439e+04
 157.1167023,1.7437869e+04
 157.1371367,1.7440311e+04
 157.1575711,1.7444758e+04
 157.1780054,1.7438621e+04
 157.1984397,1.7443697e+04
 157.2188742,1.7438379e+04
 157.2393084,1.7444094e+04
 157.2597428,1.7444686e+04
 157.2801772,1.7446354e+04
 157.3006115,1.7438779e+04
 157.3210459,1.7443920e+04
 157.3414802,1.7438506e+04
 157.3619146,1.7441375e+04
 157.3823489,1.7441076e+04
 157.4027833,1.7440268e+04
 157.4232176,1.7438422e+04
 157.4436520,1.7446678e+04
 157.4640864,1.7446832e+04
 157.4845206,1.7443475e+04
 157.5049551,1.7447293e+04
 157.5253894,1.7437920e+04
 157.5458237,1.7442875e+04
 157.5662581,1.7438305e+04
 157.5866925,1.7439572e+04
 157.6071268,1.7432578e+04
 157.6275611,1.7442121e+04
 157.6479956,1.7441490e+04
 157.6684299,1.7445352e+04
 157.6888642,1.7437559e+04
 157.7092985,1.7448830e+04
 157.7297330,1.7428508e+04
 157.7501672,1.7443365e+04
 157.7706016,1.7441176e+04
 157.7910360,1.7442744e+04
 157.8114703,1.7441881e+04
 157.8319047,1.7451428e+04
 157.8523390,1.7437428e+04
 157.8727734,1.7443004e+04
 157.8932077,1.7447332e+04
 157.9136421,1.7432986e+04
 157.9340763,1.7438240e+04
 157.9545108,1.7438426e+04
 157.9749451,1.7445346e+04
 157.9953794,1.7443602e+04
 158.0158138,1.7440357e+04
 158.0362482,1.7448627e+04
 158.0566824,1.7438752e+04
 158.0771168,1.7442715e+04
 158.0975512,1.7443506e+04
 158.1179856,1.7446352e+04
 158.1384198,1.7444807e+04
 158.1588543,1.7451736e+04
 158.1792886,1.7429586e+04
 158.1997229,1.7449873e+04
 158.2201572,1.7445205e+04
 158.2405917,1.7438016e+04
 158.2610259,         null
 158.2814603,1.7437371e+04
 158.3018947,1.7449330e+04
 158.3223291,1.7436645e+04
 158.3427633,1.7441465e+04
 158.3631977,1.7441496e+04
 158.3836321,1.7438525e+04
 158.4040665,1.7434904e+04
 158.4245007,1.7440684e+04
 158.4449351,1.7442559e+04
 158.4653695,1.7439805e+04
 158.4858038,1.7439938e+04
 158.5062381,1.7443912e+04
 158.5266725,1.7439996e+04
 158.5471068,1.7444701e+04
 158.5675411,1.7436955e+04
 158.5879755,1.7444541e+04
 158.6084098,1.7435719e+04
 158.6288442,1.7476645e+04
 158.6492785,1.7443029e+04
 158.6697130,1.7438223e+04
 158.6901472,1.7437465e+04
 158.7105816,1.7436234e+04
 158.7310158,1.7438771e+04
 158.7514503,1.7446371e+04
 158.7718846,1.7442480e+04
 158.7923189,1.7444631e+04
 158.8127533,1.7445000e+04
 158.8331876,1.7442582e+04
 158.8536220,1.7439061e+04
 158.8740562,1.7442721e+04
 158.8944907,1.7445486e+04
 158.9149250,1.7438531e+04
 158.9353592,1.7442971e+04
 158.9557937,1.7444059e+04
 158.9762280,1.7441705e+04
 158.9966623,1.7444730e+04
 159.0170966,1.7438482e+04
 159.0375311,1.7444160e+04
 159.0579653,1.7436332e+04
 159.0783996,1.7439426e+04
 159.0988340,1.7446680e+04
 159.1192684,1.7442350e+04
 159.1397027,1.7440564e+04
 159.1601370,1.7446609e+04
 159.1805714,1.7443418e+04
 159.2010057,1.7438473e+04
 159.2214400,1.7437178e+04
 159.2418743,1.7443199e+04
 159.2623087,1.7436166e+04
 159.2827430,1.7440697e+04
 159.3031774,1.7442297e+04
 159.3236117,1.7445264e+04
 159.3440461,1.7439523e+04
 159.3644804,1.7455688e+04
 159.3849146,1.7438922e+04
 159.4053491,1.7427830e+04
 159.4257834,1.7436627e+04
 159.4462177,1.7442693e+04
 159.4666521,1.7444256e+04
 159.4870864,1.7442227e+04
 159.5075207,1.7448154e+04
 159.5279550,1.7443418e+04
 159.5483894,1.7433844e+04
 159.5688237,1.7439240e+04
 159.5892580,1.7439064e+04
 159.6096924,1.7434049e+04
 159.6301268,1.7444967e+04
 159.6505610,1.7443197e+04
 159.6709954,1.7446189e+04
 159.6914298,1.7439961e+04
 159.7118640,1.7448139e+04
 159.7322984,1.7454652e+04
 159.7527327,1.7432068e+04
 159.7731670,1.7436861e+04
 159.7936014,1.7444252e+04
 159.8140357,1.7443295e+04
 159.8344701,1.7442852e+04
 159.8549044,1.7443066e+04
 159.8753387,1.7445379e+04
 159.8957730,1.7448293e+04
 159.9162074,1.7444139e+04
 159.9366417,1.7443365e+04
 159.9570761,1.7440803e+04
 159.9775104,1.7438012e+04
 159.9979447,1.7449490e+04
 160.0183791,1.7435488e+04
 160.0388134,1.7452264e+04
 160.0592477,1.7438018e+04
 160.0796821,1.7435891e+04
 160.1001164,1.7451770e+04
 160.1205506,1.7446650e+04
 160.1409850,1.7440809e+04
 160.1614194,1.7443039e+04
 160.1818536,1.7439635e+04
 160.2022880,1.7446352e+04
 160.2227224,1.7449637e+04
 160.2431566,1.7440205e+04
 160.2635909,1.7444145e+04
 160.2840254,1.7439922e+04
 160.3044596,1.7447809e+04
 160.3248939,1.7442646e+04
 160.3453284,1.7439895e+04
 160.3657627,1.7435816e+04
 160.3861969,1.7446273e+04
 160.4066312,1.7441777e+04
 160.4270657,1.7441982e+04
 160.4474999,1.7448240e+04
 160.4679342,1.7446189e+04
 160.4883687,1.7447281e+04
 160.5088029,1.7446807e+04
 160.5292372,1.7444674e+04
 160.5496715,1.7443043e+04
 160.5701059,1.7448135e+04
 160.5905402,1.7439799e+04
 160.6109745,1.7443584e+04
 160.6314088,1.7432990e+04
 160.6518432,1.7437889e+04
 160.6722775,1.7449174e+04
 160.6927117,1.7444363e+04
 160.7131462,1.7442301e+04
 160.7335805,1.7445016e+04
 160.7540147,1.7451693e+04
 160.7744490,1.7434221e+04
 160.7948835,1.7450188e+04
 160.8153178,1.7444227e+04
 160.8357520,1.7446205e+04
 160.8561864,1.7440480e+04
 160.8766208,1.7444834e+04
 160.8970550,1.7435412e+04
 160.9174893,1.7443570e+04
 160.9379237,1.7438459e+04
 160.9583580,1.7445480e+04
 160.9787923,1.7442514e+04
 160.9992267,1.7444725e+04
 161.0196609,1.7444219e+04
 161.0400953,1.7441162e+04
 161.0605296,1.7440361e+04
 161.0809639,1.7444541e+04
 161.1013982,1.7447342e+04
 161.1218325,1.7449266e+04
 161.1422670,1.7443020e+04
 161.1627012,1.7444158e+04
 161.1831355,1.7443635e+04
 161.2035697,1.7444023e+04
 161.2240042,1.7445383e+04
 161.2444385,         null
 161.2648728,1.7443883e+04
 161.2853070,1.7441502e+04
 161.3057414,1.7441566e+04
 161.3261758,1.7443889e+04
 161.3466100,1.7435791e+04
 161.3670444,1.7429006e+04
 161.3874787,1.7438322e+04
 161.4079129,1.7438516e+04
 161.4283473,1.7437566e+04
 161.4487817,1.7439918e+04
 161.4692159,1.7443404e+04
 161.4896502,1.7435705e+04
 161.5100846,1.7433695e+04
 161.5305189,1.7450014e+04
 161.5509532,1.7453012e+04
 161.5713875,1.7434375e+04
 161.5918219,1.7442578e+04
 161.6122561,1.7431721e+04
 161.6326904,1.7443275e+04
 161.6531249,1.7449375e+04
 161.6735592,1.7445414e+04
 161.6939934,1.7435494e+04
 161.7144277,1.7445145e+04
 161.7348621,1.7435682e+04
 161.7552963,1.7448516e+04
 161.7757307,1.7447572e+04
 161.7961650,1.7448359e+04
 161.8165993,1.7438107e+04
 161.8370336,1.7441947e+04
 161.8574679,1.7437391e+04
 161.8779023,1.7440232e+04
 161.8983366,1.7442168e+04
 161.9187709,1.7442760e+04
 161.9392051,1.7440883e+04
 161.9596395,1.7435105e+04
 161.9800738,1.7449451e+04
 162.0005081,1.7455070e+04
 162.0209424,1.7431775e+04
 162.0413767,1.7443107e+04
 162.0618111,1.7440367e+04
 162.0822453,1.7446885e+04
 162.1026797,1.7434494e+04
 162.1231140,1.7444645e+04
 162.1435482,1.7436264e+04
 162.1639826,1.7456635e+04
 162.1844169,1.7438709e+04
 162.2048511,1.7441990e+04
 162.2252855,1.7451330e+04
 162.2457199,1.7441381e+04
 162.2661541,1.7440051e+04
 162.2865884,1.7447801e+04
 162.3070228,1.7440639e+04
 162.3274571,1.7438672e+04
 162.3478913,1.7471123e+04
 162.3683256,1.7438383e+04
 162.3887600,1.7447729e+04
 162.4091943,1.7442170e+04
 162.4296286,1.7440172e+04
 162.4500628,1.7442797e+04
 162.4704972,1.7435932e+04
 162.4909315,1.7442705e+04
 162.5113652,1.7441492e+04
 162.5317996,1.7441699e+04
 162.5522338,1.7436158e+04
 162.5726681,1.7441355e+04
 162.5931024,1.7440014e+04
 162.6135368,1.7435756e+04
 162.6339711,1.7452051e+04
 162.6544054,1.7439799e+04
 162.6748398,1.7444676e+04
 162.6952740,1.7440236e+04
 162.7157083,1.7438396e+04
 162.7361426,1.7443365e+04
 162.7565769,1.7436486e+04
 162.7770112,1.7438592e+04
 162.7974455,1.7434561e+04
 162.8178798,1.7441201e+04
 162.8383141,1.7437275e+04
 162.8587484,1.7444592e+04
 162.8791826,1.7440506e+04
 162.8996170,1.7445240e+04
 162.9200513,1.7442125e+04
 162.9404855,1.7442721e+04
 162.9609198,1.7437584e+04
 162.9813543,1.7441832e+04
 163.0017885,1.7463922e+04
 163.0222228,1.7444385e+04
 163.0426572,1.7434535e+04
 163.0630915,1.7444422e+04
 163.0835257,1.7434443e+04
 163.1039600,1.7442850e+04
 163.1243944,1.7451740e+04
 163.1448286,1.7442555e+04
 163.1652629,1.7440096e+04
 163.1856973,1.7443443e+04
 163.2061315,1.7437180e+04
 163.2265658,1.7451379e+04
 163.2470001,1.7438934e+04
 163.2674344,1.7440680e+04
 163.2878687,1.7440037e+04
 163.3083030,1.7429781e+04
 163.3287374,1.7444826e+04
 163.3491716,1.7445004e+04
 163.3696059,1.7447100e+04
 163.3900401,1.7436992e+04
 163.4104745,1.7438098e+04
 163.4309088,1.7445441e+04
 163.4513430,1.7439400e+04
 163.4717774,1.7443387e+04
 163.4922117,1.7443219e+04
 163.5126460,1.7439061e+04
 163.5330802,1.7440756e+04
 163.5535146,1.7444242e+04
 163.5739489,1.7448373e+04
 163.5943831,1.7440092e+04
 163.6148174,1.7432785e+04
 163.6352518,1.7443271e+04
 163.6556860,1.7437465e+04
 163.6761203,1.7434381e+04
 163.6965547,1.7451424e+04
 163.7169889,1.7437594e+04
 163.7374232,1.7435373e+04
 163.7578575,1.7439369e+04
 163.7782918,1.7448582e+04
 163.7987261,1.7434111e+04
 163.8191603,1.7434523e+04
 163.8395947,1.7448266e+04
 163.8600289,1.7447488e+04
 163.8804632,1.7451270e+04
 163.9008974,1.7442021e+04
 163.9213318,1.7431145e+04
 163.9417661,1.7446389e+04
 163.9622004,1.7447092e+04
 163.9826347,1.7444559e+04
 164.0030690,1.7442994e+04
 164.0235033,1.7446207e+04
 164.0439375,1.7429756e+04
 164.0643719,1.7435842e+04
 164.0848062,1.7432938e+04
 164.1052405,1.7453473e+04
 164.1256747,1.7444906e+04
 164.1461091,1.7448105e+04
 164.1665432,1.7438432e+04
 164.1869775,1.7442408e+04
 164.2074119,1.7453711e+04
 164.2278462,         null
 164.2482804,1.7452766e+04
 164.2687147,1.7455957e+04
 164.2891490,1.7450266e+04
 164.3095833,1.7447105e+04
 164.3300176,1.7445750e+04
 164.3504520,1.7439816e+04
 164.3708863,1.7440258e+04
 164.3913204,1.7450965e+04
 164.4117547,1.7443840e+04
 164.4321890,1.7442406e+04
 164.4526233,1.7446480e+04
 164.4730576,1.7444467e+04
 164.4934920,1.7445432e+04
 164.5139262,1.7443475e+04
 164.5343605,1.7451762e+04
 164.5547948,1.7441703e+04
 164.5752290,1.7439590e+04
 164.5956633,1.7441082e+04
 164.6160976,1.7440047e+04
 164.6365318,1.7447650e+04
 164.6569662,1.7450334e+04
 164.6774005,1.7438822e+04
 164.6978348,1.7448971e+04
 164.7182691,1.7444057e+04
 164.7387033,1.7443844e+04
 164.7591376,1.7438178e+04
 164.7795718,1.7443539e+04
 164.8000062,1.7453109e+04
 164.8204405,1.7434344e+04
 164.8408747,1.7433988e+04
 164.8613091,1.7441643e+04
 164.8817433,1.7442709e+04
 164.9021775,1.7435471e+04
 164.9226118,1.7444541e+04
 164.9430462,1.7438598e+04
 164.9634804,1.7438766e+04
 164.9839147,1.7439945e+04
