        TIME,  PDCSAP_FLUX
 131.5116807,1.4878240e+04
 131.5321154,1.4893661e+04
 131.5525499,1.4866361e+04
 131.5729843,1.4877455e+04
 131.5934188,1.4884125e+04
 131.6138535,1.4882650e+04
 131.6342879,1.4891240e+04
 131.6547224,1.4884552e+04
 131.6751570,1.4880195e+04
 131.6955916,1.4879989e+04
 131.7160260,1.4893093e+04
 131.7364605,1.4895766e+04
 131.7568951,1.4880858e+04
 131.7773296,1.4884572e+04
 131.7977641,1.4885467e+04
 131.8181987,1.4874000e+04
 131.8386331,1.4876088e+04
 131.8590677,1.4878923e+04
 131.8795022,1.4882871e+04
 131.8999367,1.4863300e+04
 131.9203712,1.4883610e+04
 131.9408058,1.4892094e+04
 131.9612403,1.4885389e+04
 131.9816748,1.4874856e+04
 132.0021093,1.4881004e+04
 132.0225438,1.4876145e+04
 132.0429784,1.4873622e+04
 132.0634129,1.4876962e+04
 132.0838473,1.4873457e+04
 132.1042819,1.4884520e+04
 132.1247165,1.4877789e+04
 132.1451509,1.4869682e+04
 132.1655854,1.4889464e+04
 132.1860201,1.4874985e+04
 132.2064546,1.4867820e+04
 132.2268890,1.4878052e+04
 132.2473235,1.4881146e+04
 132.2677582,1.4874781e+04
 132.2881926,1.4867265e+04
 132.3086271,1.4882493e+04
 132.3290617,1.4884544e+04
 132.3494962,1.4873966e+04
 132.3699307,1.4869840e+04
 132.3903652,1.4875565e+04
 132.4107997,1.4880683e+04
 132.4312343,1.4873477e+04
 132.4516688,1.4874109e+04
 132.4721034,1.4868432e+04
 132.4925378,1.4890178e+04
 132.5129724,1.4889824e+04
 132.5334068,1.4892218e+04
 132.5538414,1.4873718e+04
 132.5742759,1.4872167e+04
 132.5947104,1.4882622e+04
 132.6151450,1.4881159e+04
 132.6355795,1.4874643e+04
 132.6560140,1.4874541e+04
 132.6764485,1.4876469e+04
 132.6968831,1.4872163e+04
 132.7173176,1.4894726e+04
 132.7377520,1.4881433e+04
 132.7581867,1.4883401e+04
 132.7786212,1.4870878e+04
 132.7990556,1.4881633e+04
 132.8194901,1.4872922e+04
 132.8399248,1.4878884e+04
 132.8603592,1.4876007e+04
 132.8807937,1.4891370e+04
 132.9012284,1.4878359e+04
 132.9216628,1.4873613e+04
 132.9420973,1.4872197e+04
 132.9625318,1.4874753e+04
 132.9829665,1.4899214e+04
 133.0034009,1.4881350e+04
 133.0238354,1.4864562e+04
 133.0442699,1.4872525e+04
 133.0647045,1.4878879e+04
 133.0851390,1.4879776e+04
 133.1055735,1.4875055e+04
 133.1260080,1.4889529e+04
 133.1464426,1.4878194e+04
 133.1668771,1.4869441e+04
 133.1873116,1.4876353e+04
 133.2077462,1.4875508e+04
 133.2281807,1.4890540e+04
 133.2486152,1.4885271e+04
 133.2690497,1.4864405e+04
 133.2894842,1.4882155e+04
 133.3099188,1.4882100e+04
 133.3303532,1.4881443e+04
 133.3507878,1.4892934e+04
 133.3712223,1.4886160e+04
 133.3916569,1.4879956e+04
 133.4120914,1.4870119e+04
 133.4325259,1.4858561e+04
 133.4529604,1.4881424e+04
 133.4733949,1.4888008e+04
 133.4938295,1.4874058e+04
 133.5142640,1.4893773e+04
 133.5346984,1.4871699e+04
 133.5551331,1.4874052e+04
 133.5755676,1.4877600e+04
 133.5960020,1.4865080e+04
 133.6164365,1.4861674e+04
 133.6368712,1.4876358e+04
 133.6573057,1.4879649e+04
 133.6777401,1.4882730e+04
 133.6981747,1.4872609e+04
 133.7186093,1.4873033e+04
 133.7390437,1.4876251e+04
 133.7594782,1.4885541e+04
 133.7799128,1.4875439e+04
 133.8003473,1.4891802e+04
 133.8207818,1.4865587e+04
 133.8412163,1.4882712e+04
 133.8616508,1.4876405e+04
 133.8820854,1.4888267e+04
 133.9025199,1.4871197e+04
 133.9229544,1.4876367e+04
 133.9433889,1.4880933e+04
 133.9638235,1.4880225e+04
 133.9842579,1.4879498e+04
 134.0046925,1.4871458e+04
 134.0251270,1.4870493e+04
 134.0455615,1.4872538e+04
 134.0659961,1.4885034e+04
 134.0864306,1.4878366e+04
 134.1068650,1.4877993e+04
 134.1272996,1.4878797e+04
 134.1477342,1.4880912e+04
 134.1681687,1.4883918e+04
 134.1886031,1.4881923e+04
 134.2090378,1.4875930e+04
 134.2294723,1.4886441e+04
 134.2499067,1.4874123e+04
 134.2703412,1.4870764e+04
 134.2907759,1.4880657e+04
 134.3112103,1.4873317e+04
 134.3316448,1.4891435e+04
 134.3520794,1.4884713e+04
 134.3725139,1.4875930e+04
 134.3929484,         null
 134.4133829,1.4882969e+04
 134.4338174,1.4879499e+04
 134.4542520,1.4867637e+04
 134.4746865,1.4882509e+04
 134.4951211,1.4874633e+04
 134.5155555,1.4863002e+04
 134.5359901,1.4873057e+04
 134.5564245,1.4870656e+04
 134.5768591,1.4862396e+04
 134.5972936,1.4875939e+04
 134.6177281,1.4871094e+04
 134.6381626,1.4885651e+04
 134.6585972,1.4891220e+04
 134.6790317,1.4871669e+04
 134.6994663,1.4884035e+04
 134.7199008,1.4870371e+04
 134.7403353,1.4886709e+04
 134.7607697,1.4881684e+04
 134.7812043,1.4878070e+04
 134.8016389,1.4885163e+04
 134.8220734,1.4876194e+04
 134.8425078,1.4877415e+04
 134.8629425,1.4882418e+04
 134.8833770,1.4870220e+04
 134.9038115,1.4881637e+04
 134.9242459,1.4881679e+04
 134.9446806,1.4886510e+04
 134.9651151,1.4874014e+04
 134.9855495,1.4881057e+04
 135.0059841,1.4876200e+04
 135.0264187,1.4871464e+04
 135.0468531,1.4885166e+04
 135.0672876,1.4878766e+04
 135.0877222,1.4881131e+04
 135.1081566,1.4895701e+04
 135.1285912,1.4881907e+04
 135.1490258,1.4877960e+04
 135.1694603,1.4877827e+04
 135.1898947,1.4872120e+04
 135.2103293,1.4886720e+04
 135.2307639,1.4879098e+04
 135.2511983,1.4885116e+04
 135.2716328,1.4884301e+04
 135.2920673,1.4881922e+04
 135.3125019,1.4882351e+04
 135.3329364,1.4885034e+04
 135.3533708,1.4879758e+04
 135.3738055,1.4882711e+04
 135.3942400,1.4888087e+04
 135.4146745,1.4888191e+04
 135.4351089,1.4884624e+04
 135.4555436,1.4869235e+04
 135.4759781,1.4881051e+04
 135.4964125,1.4878752e+04
 135.5168471,1.4880000e+04
 135.5372817,1.4867777e+04
 135.5577161,1.4880872e+04
 135.5781506,1.4876872e+04
 135.5985852,1.4873015e+04
 135.6190197,1.4878354e+04
 135.6394542,1.4890476e+04
 135.6598888,1.4887346e+04
 135.6803233,1.4872968e+04
 135.7007578,1.4880478e+04
 135.7211923,1.4882102e+04
 135.7416269,1.4883983e+04
 135.7620613,1.4889050e+04
 135.7824958,1.4887438e+04
 135.8029305,1.4882745e+04
 135.8233649,1.4881741e+04
 135.8437994,1.4880363e+04
 135.8642339,1.4875317e+04
 135.8846685,1.4880656e+04
 135.9051030,1.4879139e+04
 135.9255375,1.4879884e+04
 135.9459719,1.4888952e+04
 135.9664066,1.4880729e+04
 135.9868411,1.4885894e+04
 136.0072755,1.4873665e+04
 136.0277101,1.4880148e+04
 136.0481447,1.4885228e+04
 136.0685791,1.4885863e+04
 136.0890136,1.4863777e+04
 136.1094482,1.4884524e+04
 136.1298828,1.4877918e+04
 136.1503172,1.4884306e+04
 136.1707518,1.4890796e+04
 136.1911863,1.4876826e+04
 136.2116207,1.4873228e+04
 136.2320553,1.4874048e+04
 136.2524899,1.4873701e+04
 136.2729243,1.4883215e+04
 136.2933588,1.4868910e+04
 136.3137935,1.4874037e+04
 136.3342279,1.4884321e+04
 136.3546624,1.4890745e+04
 136.3750969,1.4879074e+04
 136.3955315,1.4878213e+04
 136.4159660,1.4883513e+04
 136.4364005,1.4884008e+04
 136.4568351,1.4881822e+04
 136.4772696,1.4877824e+04
 136.4977041,1.4894996e+04
 136.5181386,1.4887228e+04
 136.5385731,1.4871950e+04
 136.5590076,1.4878737e+04
 136.5794422,1.4879545e+04
 136.5998767,1.4888143e+04
 136.6203112,1.4908921e+04
 136.6407457,1.4890572e+04
 136.6611803,1.4883351e+04
 136.6816148,1.4893194e+04
 136.7020493,1.4880057e+04
 136.7224838,1.4886592e+04
 136.7429183,1.4885611e+04
 136.7633529,1.4875436e+04
 136.7837874,1.4880185e+04
 136.8042218,1.4886769e+04
 136.8246564,1.4885917e+04
 136.8450910,1.4879899e+04
 136.8655255,1.4879051e+04
 136.8859599,1.4877886e+04
 136.9063945,1.4889257e+04
 136.9268291,1.4894287e+04
 136.9472635,1.4894556e+04
 136.9676981,1.4881141e+04
 136.9881326,1.4897069e+04
 137.0085671,1.4888777e+04
 137.0290016,1.4876727e+04
 137.0494362,1.4885201e+04
 137.0698706,1.4869381e+04
 137.0903051,1.4873472e+04
 137.1107398,1.4884206e+04
 137.1311742,1.4875254e+04
 137.1516087,1.4882148e+04
 137.1720432,1.4881099e+04
 137.1924779,1.4888744e+04
 137.2129123,1.4882744e+04
 137.2333468,1.4885010e+04
 137.2537812,1.4886920e+04
 137.2742158,1.4881800e+04
 137.2946504,1.4886794e+04
 137.3150848,1.4883513e+04
 137.3355194,1.4874218e+04
 137.3559539,1.4884401e+04
 137.3763885,         null
 137.3968229,1.4871312e+04
 137.4172575,1.4876851e+04
 137.4376920,1.4877924e+04
 137.4581265,1.4886568e+04
 137.4785611,1.4886581e+04
 137.4989956,1.4878321e+04
 137.5194300,1.4876438e+04
 137.5398645,1.4885936e+04
 137.5602992,1.4879179e+04
 137.5807336,1.4881361e+04
 137.6011681,1.4876770e+04
 137.6216027,1.4882697e+04
 137.6420373,1.4885928e+04
 137.6624717,1.4881781e+04
 137.6829062,1.4883381e+04
 137.7033408,1.4883368e+04
 137.7237752,1.4891430e+04
 137.7442098,1.4892668e+04
 137.7646444,1.4886569e+04
 137.7850788,1.4882646e+04
 137.8055133,1.4885352e+04
 137.8259477,1.4880908e+04
 137.8463824,1.4882904e+04
 137.8668169,1.4888643e+04
 137.8872514,1.4889044e+04
 137.9076858,1.4885603e+04
 137.9281205,1.4881340e+04
 137.9485550,1.4878757e+04
 137.9689894,1.4880801e+04
 137.9894240,1.4876513e+04
 138.0098585,1.4886194e+04
 138.0302930,1.4888167e+04
 138.0507275,1.4875643e+04
 138.0711621,1.4870925e+04
 138.0915966,1.4882242e+04
 138.1120311,1.4885391e+04
 138.1324657,1.4894400e+04
 138.1529002,1.4873735e+04
 138.1733346,1.4881927e+04
 138.1937691,1.4879680e+04
 138.2142038,1.4884217e+04
 138.2346383,1.4881714e+04
 138.2550727,1.4890751e+04
 138.2755073,1.4880072e+04
 138.2959418,1.4886559e+04
 138.3163763,1.4884359e+04
 138.3368108,1.4882739e+04
 138.3572454,1.4880354e+04
 138.3776799,1.4886255e+04
 138.3981143,1.4900860e+04
 138.4185490,1.4894891e+04
 138.4389835,1.4891403e+04
 138.4594179,1.4879905e+04
 138.4798524,1.4890847e+04
 138.5002871,1.4892961e+04
 138.5207215,1.4885282e+04
 138.5411560,1.4873512e+04
 138.5615905,1.4887041e+04
 138.5820250,1.4895239e+04
 138.6024596,1.4881097e+04
 138.6228941,1.4875554e+04
 138.6433286,1.4899209e+04
 138.6637631,1.4875348e+04
 138.6841976,1.4887729e+04
 138.7046321,1.4876796e+04
 138.7250667,1.4879646e+04
 138.7455012,1.4876268e+04
 138.7659356,1.4877309e+04
 138.7863702,1.4888245e+04
 138.8068048,1.4884237e+04
 138.8272392,1.4881610e+04
 138.8476737,1.4882873e+04
 138.8681083,1.4887127e+04
 138.8885428,1.4885450e+04
 138.9089773,1.4885375e+04
 138.9294119,1.4876649e+04
 138.9498464,1.4892195e+04
 138.9702808,1.4881165e+04
 138.9907153,1.4875724e+04
 139.0111500,1.4882923e+04
 139.0315844,1.4880081e+04
 139.0520189,1.4890450e+04
 139.0724535,1.4888338e+04
 139.0928879,1.4876956e+04
 139.1133225,1.4880297e+04
 139.1337570,1.4886380e+04
 139.1541915,1.4888172e+04
 139.1746260,1.4876480e+04
 139.1950605,1.4876218e+04
 139.2154950,1.4886070e+04
 139.2359296,1.4882091e+04
 139.2563641,1.4869136e+04
 139.2767985,1.4877943e+04
 139.2972331,1.4867232e+04
 139.3176677,1.4876343e+04
 139.3381022,1.4873215e+04
 139.3585366,1.4885105e+04
 139.3789712,1.4880924e+04
 139.3994057,1.4873284e+04
 139.4198402,1.4877687e+04
 139.4402748,1.4884485e+04
 139.4607093,1.4878146e+04
 139.4811437,1.4876263e+04
 139.5015782,1.4894901e+04
 139.5220129,1.4879685e+04
 139.5424473,1.4881497e+04
 139.5628818,1.4878265e+04
 139.5833164,1.4870139e+04
 139.6037508,1.4880097e+04
 139.6241854,1.4894004e+04
 139.6446199,1.4872628e+04
 139.6650545,1.4883848e+04
 139.6854889,1.4875251e+04
 139.7059234,1.4882810e+04
 139.7263579,1.4872610e+04
 139.7467925,1.4873986e+04
 139.7672270,1.4874999e+04
 139.7876615,1.4878480e+04
 139.8080960,1.4880539e+04
 139.8285305,1.4882217e+04
 139.8489651,1.4884643e+04
 139.8693996,1.4885176e+04
 139.8898341,1.4873770e+04
 139.9102686,1.4885692e+04
 139.9307031,1.4879034e+04
 139.9511378,1.4887378e+04
 139.9715722,1.4874871e+04
 139.9920067,1.4885441e+04
 140.0124411,1.4872940e+04
 140.0328757,1.4883683e+04
 140.0533102,1.4875231e+04
 140.0737448,1.4880986e+04
 140.0941793,1.4871993e+04
 140.1146138,1.4875969e+04
 140.1350483,1.4875133e+04
 140.1554827,1.4875762e+04
 140.1759174,1.4879844e+04
 140.1963519,1.4884486e+04
 140.2167863,1.4881017e+04
 140.2372209,1.4880127e+04
 140.2576554,1.4882136e+04
 140.2780898,1.4881154e+04
 140.2985244,1.4878291e+04
 140.3189590,1.4879318e+04
 140.3393934,1.4866875e+04
 140.3598279,         null
 140.3802624,1.4879753e+04
 140.4006971,1.4871332e+04
 140.4211315,1.4889539e+04
 140.4415660,1.4869580e+04
 140.4620006,1.4875261e+04
 140.4824350,1.4873715e+04
 140.5028695,1.4873663e+04
 140.5233040,1.4861048e+04
 140.5437386,1.4874456e+04
 140.5641731,1.4871862e+04
 140.5846076,1.4878104e+04
 140.6050421,1.4879110e+04
 140.6254766,1.4868559e+04
 140.6459112,1.4863167e+04
 140.6663456,1.4889717e+04
 140.6867802,1.4874036e+04
 140.7072147,1.4858854e+04
 140.7276491,1.4875665e+04
 140.7480837,1.4870782e+04
 140.7685183,1.4874321e+04
 140.7889527,1.4878240e+04
 140.8093872,1.4874227e+04
 140.8298218,1.4873214e+04
 140.8502563,1.4876456e+04
 140.8706907,1.4886889e+04
 140.8911253,1.4883729e+04
 140.9115599,1.4863140e+04
 140.9319943,1.4869328e+04
 140.9524288,1.4882409e+04
 140.9728634,1.4875693e+04
 140.9932978,1.4871133e+04
 141.0137324,1.4876552e+04
 141.0341669,1.4877723e+04
 141.0546014,1.4870883e+04
 141.0750359,1.4885949e+04
 141.0954704,1.4881727e+04
 141.1159049,1.4868279e+04
 141.1363395,1.4874377e+04
 141.1567740,1.4864802e+04
 141.1772084,1.4875941e+04
 141.1976430,1.4871245e+04
 141.2180775,1.4878920e+04
 141.2385119,1.4874645e+04
 141.2589466,1.4870587e+04
 141.2793811,1.4875145e+04
 141.2998155,1.4884954e+04
 141.3202500,1.4879963e+04
 141.3406846,1.4874641e+04
 141.3611191,1.4874573e+04
 141.3815536,1.4876792e+04
 141.4019881,1.4886179e+04
 141.4224227,1.4870248e+04
 141.4428572,1.4875092e+04
 141.4632916,1.4875379e+04
 141.4837262,1.4873228e+04
 141.5041607,1.4869324e+04
 141.5245952,1.4869872e+04
 141.5450297,1.4884075e+04
 141.5654642,1.4870931e+04
 141.5858988,1.4862842e+04
 141.6063332,1.4880827e+04
 141.6267678,1.4873452e+04
 141.6472023,1.4874779e+04
 141.6676368,1.4888073e+04
 141.6880713,1.4869934e+04
 141.7085059,1.4860689e+04
 141.7289403,1.4869742e+04
 141.7493748,1.4863566e+04
 141.7698094,1.4878461e+04
 141.7902439,1.4869923e+04
 141.8106784,1.4875234e+04
 141.8311129,1.4875188e+04
 141.8515474,1.4868759e+04
 141.8719819,1.4871067e+04
 141.8924164,1.4872052e+04
 141.9128510,1.4878191e+04
 141.9332855,1.4871881e+04
 141.9537200,1.4881236e+04
 141.9741544,1.4876854e+04
 141.9945890,1.4873229e+04
 142.0150235,1.4867862e+04
 142.0354579,1.4882082e+04
 142.0558924,1.4874363e+04
 142.0763271,1.4864209e+04
 142.0967616,1.4867985e+04
 142.1171960,1.4867593e+04
 142.1376306,1.4864938e+04
 142.1580651,1.4863652e+04
 142.1784995,1.4857079e+04
 142.1989340,1.4871287e+04
 142.2193687,1.4859162e+04
 142.2398031,1.4871161e+04
 142.2602376,1.4877015e+04
 142.2806722,1.4864790e+04
 142.3011066,1.4871933e+04
 142.3215411,1.4876925e+04
 142.3419756,1.4871209e+04
 142.3624102,1.4877822e+04
 142.3828447,1.4869995e+04
 142.4032792,1.4875298e+04
 142.4237138,1.4859715e+04
 142.4441482,1.4870630e+04
 142.4645827,1.4881546e+04
 142.4850171,1.4880102e+04
 142.5054517,1.4875567e+04
 142.5258863,1.4860381e+04
 142.5463208,1.4869414e+04
 142.5667552,1.4871341e+04
 142.5871898,1.4870354e+04
 142.6076243,1.4875249e+04
 142.6280587,1.4876438e+04
 142.6484933,1.4869316e+04
 142.6689278,1.4866137e+04
 142.6893623,1.4868940e+04
 142.7097968,1.4878073e+04
 142.7302314,1.4876395e+04
 142.7506658,1.4863150e+04
 142.7711003,1.4865557e+04
 142.7915349,1.4868170e+04
 142.8119693,1.4865486e+04
 142.8324038,1.4867810e+04
 142.8528384,1.4871936e+04
 142.8732730,1.4860160e+04
 142.8937074,1.4855483e+04
 142.9141419,1.4870518e+04
 142.9345765,1.4871212e+04
 142.9550109,1.4860541e+04
 142.9754454,1.4855386e+04
 142.9958798,1.4866491e+04
 143.0163145,1.4858327e+04
 143.0367490,1.4863054e+04
 143.0571835,1.4855530e+04
 143.0776180,1.4870168e+04
 143.0980525,1.4858485e+04
 143.1184870,1.4870700e+04
 143.1389215,1.4876306e+04
 143.1593560,1.4862761e+04
 143.1797905,1.4853854e+04
 143.2002250,1.4870661e+04
 143.2206595,1.4861191e+04
 143.2410941,1.4860510e+04
 143.2615286,1.4858194e+04
 143.2819631,1.4862654e+04
 143.3023976,1.4884942e+04
 143.3228321,1.4854729e+04
 143.3432666,         null
 143.3637010,1.4864544e+04
 143.3841357,1.4865074e+04
 143.4045702,1.4858067e+04
 143.4250046,1.4857064e+04
 143.4454392,1.4850951e+04
 143.4658737,1.4866680e+04
 143.4863081,1.4865719e+04
 143.5067426,1.4868817e+04
 143.5271772,1.4864390e+04
 143.5476117,1.4857408e+04
 143.5680461,1.4864796e+04
 143.5884808,1.4857159e+04
 143.6089153,1.4855906e+04
 143.6293497,1.4877247e+04
 143.6497842,1.4859157e+04
 143.6702188,1.4859003e+04
 143.6906532,1.4864816e+04
 143.7110877,1.4853699e+04
 143.7315222,1.4870337e+04
 143.7519567,1.4850324e+04
 143.7723912,1.4866917e+04
 143.7928258,1.4863140e+04
 143.8132603,1.4861632e+04
 143.8336948,1.4853168e+04
 143.8541293,1.4874584e+04
 143.8745637,1.4863399e+04
 143.8949983,1.4854501e+04
 143.9154328,1.4858033e+04
 143.9358672,1.4853354e+04
 143.9563018,1.4858165e+04
 143.9767363,1.4856503e+04
 143.9971708,1.4863306e+04
 144.0176053,1.4867395e+04
 144.0380399,1.4864793e+04
 144.0584744,1.4858125e+04
 144.0789088,1.4857293e+04
 144.0993434,1.4859924e+04
 144.1197779,1.4860281e+04
 144.1402123,1.4867010e+04
 144.1606468,1.4857104e+04
 144.1810814,1.4863751e+04
 144.2015158,1.4863059e+04
 144.2219504,1.4872615e+04
 144.2423850,1.4856507e+04
 144.2628194,1.4862260e+04
 144.2832539,1.4856814e+04
 144.3036884,1.4854165e+04
 144.3241229,1.4858825e+04
 144.3445574,1.4862921e+04
 144.3649919,1.4847173e+04
 144.3854263,1.4867561e+04
 144.4058609,1.4862014e+04
 144.4262954,1.4868987e+04
 144.4467298,1.4866410e+04
 144.4671644,1.4851640e+04
 144.4875990,1.4853570e+04
 144.5080334,1.4857004e+04
 144.5284679,1.4866318e+04
 144.5489025,1.4864788e+04
 144.5693370,1.4872268e+04
 144.5897714,1.4864231e+04
 144.6102060,1.4855814e+04
 144.6306405,1.4856708e+04
 144.6510749,1.4860930e+04
 144.6715094,1.4854409e+04
 144.6919440,1.4853578e+04
 144.7123784,1.4860400e+04
 144.7328129,1.4861375e+04
 144.7532476,1.4871792e+04
 144.7736820,1.4855530e+04
 144.7941165,1.4856491e+04
 144.8145510,1.4856041e+04
 144.8349856,1.4859736e+04
 144.8554200,1.4861864e+04
 144.8758545,1.4866500e+04
 144.8962890,1.4862202e+04
 144.9167235,1.4857099e+04
 144.9371580,1.4857305e+04
 144.9575925,1.4866936e+04
 144.9780271,1.4854225e+04
 144.9984615,1.4856566e+04
 145.0188960,1.4862123e+04
 145.0393305,1.4865020e+04
 145.0597650,1.4860415e+04
 145.0801996,1.4860770e+04
 145.1006341,1.4850274e+04
 145.1210687,1.4854192e+04
 145.1415031,1.4857698e+04
 145.1619376,1.4863538e+04
 145.1823720,1.4856897e+04
 145.2028066,1.4855252e+04
 145.2232411,1.4852714e+04
 145.2436755,1.4861294e+04
 145.2641101,1.4861144e+04
 145.2845446,1.4865311e+04
 145.3049791,1.4858138e+04
 145.3254135,1.4865284e+04
 145.3458481,1.4862591e+04
 145.3662826,1.4853550e+04
 145.3867170,1.4862219e+04
 145.4071516,1.4858229e+04
 145.4275861,1.4861395e+04
 145.4480206,1.4858943e+04
 145.4684551,1.4865385e+04
 145.4888897,1.4849534e+04
 145.5093241,1.4883323e+04
 145.5297586,1.4866574e+04
 145.5501931,1.4860735e+04
 145.5706277,1.4862833e+04
 145.5910621,1.4853480e+04
 145.6114966,1.4879923e+04
 145.6319312,1.4864495e+04
 145.6523656,1.4864294e+04
 145.6728001,1.4875462e+04
 145.6932345,1.4861598e+04
 145.7136691,1.4870310e+04
 145.7341036,1.4866558e+04
 145.7545381,1.4868396e+04
 145.7749726,1.4859032e+04
 145.7954071,1.4862608e+04
 145.8158416,1.4863055e+04
 145.8362760,1.4857044e+04
 145.8567106,1.4866939e+04
 145.8771451,1.4859598e+04
 145.8975795,1.4859303e+04
 145.9180141,1.4870740e+04
 145.9384487,1.4852640e+04
 145.9588831,1.4857532e+04
 145.9793176,1.4866738e+04
 145.9997522,1.4858904e+04
 146.0201867,1.4855941e+04
 146.0406211,1.4849780e+04
 146.0610557,1.4854409e+04
 146.0814902,1.4861189e+04
 146.1019246,1.4859251e+04
 146.1223591,1.4868182e+04
 146.1427937,1.4848121e+04
 146.1632281,1.4863480e+04
 146.1836626,1.4854660e+04
 146.2040971,1.4869094e+04
 146.2245316,1.4861423e+04
 146.2449661,1.4862888e+04
 146.2654006,1.4862042e+04
 146.2858351,1.4858539e+04
 146.3062696,1.4858545e+04
 146.3267041,         null
 146.3471385,1.4836046e+04
 146.3675731,1.4852697e+04
 146.3880076,1.4855549e+04
 146.4084420,1.4864537e+04
 146.4288766,1.4855965e+04
 146.4493111,1.4860207e+04
 146.4697455,1.4866173e+04
 146.4901801,1.4871295e+04
 146.5106146,1.4855839e+04
 146.5310491,1.4861613e+04
 146.5514835,1.4860532e+04
 146.5719181,1.4864949e+04
 146.5923526,1.4858188e+04
 146.6127871,1.4867151e+04
 146.6332215,1.4859635e+04
 146.6536561,1.4856393e+04
 146.6740906,1.4861369e+04
 146.6945250,1.4864954e+04
 146.7149596,1.4862100e+04
 146.7353941,1.4862095e+04
 146.7558286,1.4872735e+04
 146.7762630,1.4861653e+04
 146.7966976,1.4858991e+04
 146.8171321,1.4868445e+04
 146.8375665,1.4864005e+04
 146.8580010,1.4873120e+04
 146.8784356,1.4855549e+04
 146.8988700,1.4861727e+04
 146.9193045,1.4862954e+04
 146.9397391,1.4865081e+04
 146.9601735,1.4854396e+04
 146.9806080,1.4863542e+04
 147.0010425,1.4861372e+04
 147.0214770,1.4867062e+04
 147.0419115,1.4863141e+04
 147.0623460,1.4856895e+04
 147.0827806,1.4868193e+04
 147.1032150,1.4859086e+04
 147.1236495,1.4874825e+04
 147.1440839,1.4864386e+04
 147.1645185,1.4872288e+04
 147.1849530,1.4864365e+04
 147.2053874,1.4868814e+04
 147.2258220,1.4877137e+04
 147.2462565,1.4872300e+04
 147.2666910,1.4869258e+04
 147.2871254,1.4859121e+04
 147.3075600,1.4875447e+04
 147.3279945,1.4871420e+04
 147.3484289,1.4858873e+04
 147.3688634,1.4872060e+04
 147.3892980,1.4866898e+04
 147.4097324,1.4873616e+04
 147.4301669,1.4865352e+04
 147.4506015,1.4865427e+04
 147.4710359,1.4869367e+04
 147.4914704,1.4865280e+04
 147.5119049,1.4874784e+04
 147.5323395,1.4866799e+04
 147.5527739,1.4869733e+04
 147.5732084,1.4855199e+04
 147.5936430,1.4863433e+04
 147.6140774,1.4869031e+04
 147.6345119,1.4864961e+04
 147.6549463,1.4869689e+04
 147.6753809,1.4869254e+04
 147.6958154,1.4874587e+04
 147.7162498,1.4871612e+04
 147.7366844,1.4880403e+04
 147.7571189,1.4871716e+04
 147.7775534,1.4877610e+04
 147.7979878,1.4873271e+04
 147.8184224,1.4862141e+04
 147.8388569,1.4872165e+04
 147.8592913,1.4877934e+04
 147.8797257,1.4883122e+04
 147.9001603,         null
 147.9205947,1.4875300e+04
 147.9410292,1.4871696e+04
 147.9614638,1.4869082e+04
 147.9818982,1.4869554e+04
 148.0023327,1.4874327e+04
 148.0227672,1.4869730e+04
 148.0432018,1.4877534e+04
 148.0636362,1.4876697e+04
 148.0840707,1.4871029e+04
 148.1045053,1.4870787e+04
 148.1249397,1.4872975e+04
 148.1453742,1.4872019e+04
 148.1658087,1.4887261e+04
 148.1862432,1.4873504e+04
 148.2066777,1.4867362e+04
 148.2271122,1.4868673e+04
 148.2475468,1.4868923e+04
 148.2679812,1.4875644e+04
 148.2884157,1.4866316e+04
 148.3088502,1.4874049e+04
 148.3292847,1.4877166e+04
 148.3497191,1.4868209e+04
 148.3701536,1.4866729e+04
 148.3905880,1.4877869e+04
 148.4110226,1.4887606e+04
 148.4314571,1.4872444e+04
 148.4518916,1.4867440e+04
 148.4723261,1.4885565e+04
 148.4927606,1.4870706e+04
 148.5131951,1.4873531e+04
 148.5336295,1.4878094e+04
 148.5540641,1.4884319e+04
 148.5744986,1.4877365e+04
 148.5949330,1.4878608e+04
 148.6153676,1.4872549e+04
 148.6358021,1.4873322e+04
 148.6562365,1.4879381e+04
 148.6766710,1.4881618e+04
 148.6971055,1.4885881e+04
 148.7175399,1.4879320e+04
 148.7379744,1.4877359e+04
 148.7584090,1.4884002e+04
 148.7788435,1.4875923e+04
 148.7992779,1.4869888e+04
 148.8197124,1.4870597e+04
 148.8401470,1.4866523e+04
 148.8605814,1.4887926e+04
 148.8810159,1.4874431e+04
 148.9014505,1.4876097e+04
 148.9218849,1.4881614e+04
 148.9423194,1.4880626e+04
 148.9627539,1.4883668e+04
 148.9831883,1.4873254e+04
 149.0036228,1.4865261e+04
 149.0240573,1.4877704e+04
 149.0444917,1.4891034e+04
 149.0649263,1.4871621e+04
 149.0853608,1.4877643e+04
 149.1057952,1.4884762e+04
 149.1262298,1.4884876e+04
 149.1466643,1.4873168e+04
 149.1670987,1.4887223e+04
 149.1875332,1.4879296e+04
 149.2079678,1.4882717e+04
 149.2284022,1.4879720e+04
 149.2488366,1.4879779e+04
 149.2692712,1.4879162e+04
 149.2897057,1.4876627e+04
 149.3101401,         null
 149.3305746,1.4883196e+04
 149.3510092,1.4883917e+04
 149.3714436,1.4875097e+04
 149.3918781,1.4875343e+04
 149.4123127,1.4874148e+04
 149.4327471,1.4882491e+04
 149.4531815,1.4891859e+04
 149.4736160,1.4885277e+04
 149.4940505,1.4882314e+04
 149.5144850,1.4874344e+04
 149.5349195,1.4873445e+04
 149.5553541,1.4889207e+04
 149.5757885,1.4892871e+04
 149.5962230,1.4878722e+04
 149.6166574,1.4888320e+04
 149.6370920,1.4878499e+04
 149.6575264,1.4868638e+04
 149.6779608,1.4877109e+04
 149.6983953,1.4883820e+04
 149.7188299,1.4869742e+04
 149.7392644,1.4893600e+04
 149.7596988,1.4895676e+04
 149.7801334,1.4888518e+04
 149.8005679,1.4876559e+04
 149.8210023,1.4886707e+04
 149.8414368,1.4897854e+04
 149.8618713,1.4875690e+04
 149.8823058,1.4882739e+04
 149.9027402,1.4888317e+04
 149.9231748,1.4882541e+04
 149.9436093,1.4886817e+04
 149.9640438,1.4877487e+04
 149.9844782,1.4888273e+04
 150.0049128,1.4892009e+04
 150.0253472,1.4881303e+04
 150.0457816,1.4892016e+04
 150.0662162,1.4890930e+04
 150.0866507,1.4890076e+04
 150.1070851,1.4883404e+04
 150.1275196,1.4893392e+04
 150.1479542,1.4880100e+04
 150.1683886,1.4883059e+04
 150.1888230,1.4886649e+04
 150.2092576,1.4891333e+04
 150.2296920,1.4874271e+04
 150.2501265,1.4877664e+04
 150.2705610,1.4887930e+04
 150.2909956,1.4875489e+04
 150.3114300,1.4890852e+04
 150.3318645,1.4881159e+04
 150.3522988,1.4883584e+04
 150.3727334,1.4885112e+04
 150.3931679,1.4880611e+04
 150.4136023,1.4883832e+04
 150.4340369,1.4877411e+04
 150.4544714,1.4880312e+04
 150.4749059,1.4877512e+04
 150.4953402,1.4878428e+04
 150.5157748,1.4883378e+04
 150.5362093,1.4889657e+04
 150.5566437,1.4891882e+04
 150.5770783,1.4873669e+04
 150.5975128,1.4893949e+04
 150.6179472,1.4887037e+04
 150.6383816,1.4880896e+04
 150.6588162,1.4873402e+04
 150.6792506,1.4882777e+04
 150.6996851,1.4882348e+04
 150.7201197,1.4882347e+04
 150.7405542,1.4886094e+04
 150.7609886,1.4896914e+04
 150.7814230,1.4887656e+04
 150.8018576,1.4889401e+04
 150.8222920,1.4887349e+04
 150.8427265,1.4884532e+04
 150.8631611,1.4883895e+04
 150.8835955,1.4876569e+04
 150.9040300,1.4878161e+04
 150.9244644,1.4888499e+04
 150.9448989,1.4881459e+04
 150.9653334,1.4884681e+04
 150.9857679,1.4885129e+04
 151.0062023,1.4875177e+04
 151.0266369,1.4885627e+04
 151.0470713,1.4889186e+04
 151.0675057,1.4870271e+04
 151.0879403,1.4882734e+04
 151.1083748,1.4874101e+04
 151.1288092,1.4882815e+04
 151.1492437,1.4894957e+04
 151.1696782,1.4890637e+04
 151.1901126,1.4874620e+04
 151.2105471,1.4877841e+04
 151.2309817,1.4890457e+04
 151.2514162,1.4885295e+04
 151.2718506,1.4890497e+04
 151.2922850,1.4884803e+04
 151.3127196,1.4881289e+04
 151.3331540,1.4884798e+04
 151.3535885,1.4875854e+04
 151.3740231,1.4876404e+04
 151.3944574,1.4876100e+04
 151.4148919,1.4879778e+04
 151.4353264,1.4881467e+04
 151.4557609,1.4879041e+04
 151.4761954,1.4876189e+04
 151.4966299,1.4867327e+04
 151.5170643,1.4880270e+04
 151.5374988,1.4883068e+04
 151.5579333,1.4879369e+04
 151.5783678,1.4896520e+04
 151.5988024,1.4876096e+04
 151.6192367,1.4886214e+04
 151.6396712,1.4882698e+04
 151.6601057,         null
 151.6805402,1.4880607e+04
 151.7009747,1.4886512e+04
 151.7214091,1.4877165e+04
 151.7418436,1.4878173e+04
 151.7622781,1.4881528e+04
 151.7827126,1.4888149e+04
 151.8031470,1.4886572e+04
 151.8235816,1.4871127e+04
 151.8440160,1.4889025e+04
 151.8644504,1.4880752e+04
 151.8848850,1.4886281e+04
 151.9053195,1.4889622e+04
 151.9257539,1.4881020e+04
 151.9461883,1.4870585e+04
 151.9666229,1.4888238e+04
 151.9870574,1.4886106e+04
 152.0074918,1.4888401e+04
 152.0279263,1.4886269e+04
 152.0483608,1.4881131e+04
 152.0687952,1.4881015e+04
 152.0892297,1.4890051e+04
 152.1096643,1.4887362e+04
 152.1300986,1.4882461e+04
 152.1505331,1.4883914e+04
 152.1709676,1.4891172e+04
 152.1914021,1.4896684e+04
 152.2118366,1.4874548e+04
 152.2322710,1.4873999e+04
 152.2527056,1.4879243e+04
 152.2731400,1.4883115e+04
 152.2935745,         null
 152.3140088,1.4889984e+04
 152.3344434,1.4875685e+04
 152.3548779,1.4877804e+04
 152.3753123,1.4882380e+04
 152.3957469,1.4882796e+04
 152.4161813,1.4894245e+04
 152.4366158,1.4885538e+04
 152.4570502,1.4870063e+04
 152.4774848,1.4880546e+04
 152.4979192,1.4889706e+04
 152.5183536,1.4882003e+04
 152.5387882,1.4893247e+04
 152.5592227,1.4870892e+04
 152.5796571,1.4878864e+04
 152.6000915,1.4890525e+04
 152.6205261,1.4883677e+04
 152.6409605,1.4882015e+04
 152.6613950,         null
 152.6818294,1.4879382e+04
 152.7022639,1.4874162e+04
 152.7226984,1.4878461e+04
 152.7431329,1.4887846e+04
 152.7635674,1.4883094e+04
 152.7840018,1.4885636e+04
 152.8044363,1.4872425e+04
 152.8248707,1.4887960e+04
 152.8453052,1.4884916e+04
 152.8657397,1.4879602e+04
 152.8861741,1.4882565e+04
 152.9066087,1.4873725e+04
 152.9270431,1.4894292e+04
 152.9474776,1.4877681e+04
 152.9679120,1.4879273e+04
 152.9883466,1.4886611e+04
 153.0087810,1.4874288e+04
 153.0292154,1.4887410e+04
 153.0496500,1.4887450e+04
 153.0700845,1.4884993e+04
 153.0905188,1.4883938e+04
 153.1109533,1.4872281e+04
 153.1313879,1.4871596e+04
 153.1518223,1.4874254e+04
 153.1722567,1.4881089e+04
 153.1926912,1.4882216e+04
 153.2131258,1.4882381e+04
 153.2335602,1.4874823e+04
 153.2539946,1.4884298e+04
 153.2744292,1.4878040e+04
 153.2948637,1.4884032e+04
 153.3152980,1.4865325e+04
 153.3357325,1.4875818e+04
 153.3561670,1.4876418e+04
 153.3766015,1.4879476e+04
 153.3970359,1.4872943e+04
 153.4174705,1.4886487e+04
 153.4379050,1.5107375e+04
 153.4583394,1.4880316e+04
 153.4787738,1.4858837e+04
 153.4992084,1.4870049e+04
 153.5196428,1.4872170e+04
 153.5400772,1.4874848e+04
 153.5605118,1.4891205e+04
 153.5809462,1.4892475e+04
 153.6013807,1.4885723e+04
 153.6218151,1.4887382e+04
 153.6422496,1.4882698e+04
 153.6626841,1.4871875e+04
 153.6831185,1.4875145e+04
 153.7035529,1.4874824e+04
 153.7239875,1.4877584e+04
 153.7444220,1.4881021e+04
 153.7648563,1.4870202e+04
 153.7852909,1.4889193e+04
 153.8057254,1.4865392e+04
 153.8261597,1.4878028e+04
 153.8465942,1.4878328e+04
 153.8670288,1.4873229e+04
 153.8874631,1.4871110e+04
 153.9078976,1.4872137e+04
 153.9283322,1.4870366e+04
 153.9487667,1.4876938e+04
 153.9692010,1.4871024e+04
 153.9896355,1.4883200e+04
 154.0100701,1.4877041e+04
 154.0305044,1.4888392e+04
 154.0509389,1.4878249e+04
 154.0713735,1.4870391e+04
 154.0918078,1.4863741e+04
 154.1122423,1.4860547e+04
 154.1326768,1.4871706e+04
 154.1531112,1.4884712e+04
 154.1735457,1.4883019e+04
 154.1939802,1.4873053e+04
 154.2144147,1.4885475e+04
 154.2348491,1.4880745e+04
 154.2552836,1.4870450e+04
 154.2757180,1.4878256e+04
 154.2961525,1.4876897e+04
 154.3165870,1.4879545e+04
 154.3370214,1.4883000e+04
 154.3574558,1.4869624e+04
 154.3778904,1.4868734e+04
 154.3983248,1.4875350e+04
 154.4187592,1.4869401e+04
 154.4391938,1.4876648e+04
 154.4596283,1.4875462e+04
 154.4800626,1.4884758e+04
 154.5004971,1.4885419e+04
 154.5209317,1.4883019e+04
 154.5413660,1.4884974e+04
 154.5618005,1.4873226e+04
 154.5822351,1.4875993e+04
 154.6026694,1.4866148e+04
 154.6231039,1.4875978e+04
 154.6435384,1.4880215e+04
 154.6639728,1.4884865e+04
 154.6844073,1.4874069e+04
 154.7048418,1.4878501e+04
 154.7252763,1.4872021e+04
 154.7457107,1.4862367e+04
 154.7661452,1.4880648e+04
 154.7865796,1.4873457e+04
 154.8070141,1.4875415e+04
 154.8274486,1.4856247e+04
 154.8478829,1.4879273e+04
 154.8683175,1.4861973e+04
 154.8887520,1.4869945e+04
 154.9091864,1.4874467e+04
 154.9296209,1.4874955e+04
 154.9500553,1.4871691e+04
 154.9704898,1.4869426e+04
 154.9909243,1.4871706e+04
 155.0113586,1.4877288e+04
 155.0317932,1.4865776e+04
 155.0522277,1.4867584e+04
 155.0726620,1.4884327e+04
 155.0930966,1.4871054e+04
 155.1135311,1.4860098e+04
 155.1339654,1.4875889e+04
 155.1543999,1.4877283e+04
 155.1748345,1.4874044e+04
 155.1952689,1.4881423e+04
 155.2157033,1.4868686e+04
 155.2361377,1.4882141e+04
 155.2565723,1.4882446e+04
 155.2770067,         null
 155.2974411,1.4873277e+04
 155.3178757,1.4867568e+04
 155.3383101,1.4868104e+04
 155.3587445,1.4870815e+04
 155.3791790,1.4867038e+04
 155.3996134,1.4866770e+04
 155.4200479,1.4875792e+04
 155.4404824,1.4867749e+04
 155.4609169,1.4869688e+04
 155.4813513,1.4867518e+04
 155.5017858,1.4866783e+04
 155.5222201,1.4884282e+04
 155.5426547,1.4865331e+04
 155.5630891,         null
 155.5835235,1.4878792e+04
 155.6039581,1.4868516e+04
 155.6243925,1.4873382e+04
 155.6448270,1.4872659e+04
 155.6652613,1.4867610e+04
 155.6856959,1.4873754e+04
 155.7061304,1.4861104e+04
 155.7265647,1.4863324e+04
 155.7469992,1.4878392e+04
 155.7674337,1.4869272e+04
 155.7878681,1.4878732e+04
 155.8083026,1.4884075e+04
 155.8287371,1.4862262e+04
 155.8491715,1.4874090e+04
 155.8696059,1.4875533e+04
 155.8900404,1.4872915e+04
 155.9104750,1.4884847e+04
 155.9309093,1.4872151e+04
 155.9513438,1.4875689e+04
 155.9717783,1.4893269e+04
 155.9922127,1.4878642e+04
 156.0126472,1.4864317e+04
 156.0330815,1.4872889e+04
 156.0535161,1.4864977e+04
 156.0739505,1.4870753e+04
 156.0943850,1.4882365e+04
 156.1148194,1.4871754e+04
 156.1352539,1.4870565e+04
 156.1556884,1.4870656e+04
 156.1761227,1.4876549e+04
 156.1965573,1.4972662e+04
 156.2169917,1.4873272e+04
 156.2374261,1.4869315e+04
 156.2578606,1.4869617e+04
 156.2782951,1.4885623e+04
 156.2987295,1.4872591e+04
 156.3191639,1.4869579e+04
 156.3395985,1.4877181e+04
 156.3600328,1.4865884e+04
 156.3804673,1.4878492e+04
 156.4009018,1.4871453e+04
 156.4213363,1.4871711e+04
 156.4417707,1.4877427e+04
 156.4622051,1.4866182e+04
 156.4826397,1.4876126e+04
 156.5030740,1.4875539e+04
 156.5235085,1.4861749e+04
 156.5439429,1.4871170e+04
 156.5643774,1.4868862e+04
 156.5848119,1.4877607e+04
 156.6052463,1.4857584e+04
 156.6256808,1.4859938e+04
 156.6461152,1.4867423e+04
 156.6665497,1.4868312e+04
 156.6869841,1.4867254e+04
 156.7074186,1.4872627e+04
 156.7278530,1.4872590e+04
 156.7482875,1.4875359e+04
 156.7687219,1.4869884e+04
 156.7891564,1.4879121e+04
 156.8095909,1.4870412e+04
 156.8300253,1.4880527e+04
 156.8504598,1.4879384e+04
 156.8708942,1.4873295e+04
 156.8913287,1.4875107e+04
 156.9117630,1.4867081e+04
 156.9321976,1.4870535e+04
 156.9526320,1.4881166e+04
 156.9730664,1.4860157e+04
 156.9935009,1.4870162e+04
 157.0139354,1.4877938e+04
 157.0343698,1.4878144e+04
 157.0548042,1.4866624e+04
 157.0752388,1.4880482e+04
 157.0956731,1.4876840e+04
 157.1161076,1.4863862e+04
 157.1365421,1.4877090e+04
 157.1569766,1.4875677e+04
 157.1774109,1.4870135e+04
 157.1978454,1.4877634e+04
 157.2182799,1.4880952e+04
 157.2387143,1.4872180e+04
 157.2591487,1.4877834e+04
 157.2795832,1.4861030e+04
 157.3000176,1.4863839e+04
 157.3204521,1.4871143e+04
 157.3408865,1.4867466e+04
 157.3613210,1.4872743e+04
 157.3817554,1.4851943e+04
 157.4021899,1.4864259e+04
 157.4226242,1.4868554e+04
 157.4430588,1.4875244e+04
 157.4634932,1.4881707e+04
 157.4839276,1.4873330e+04
 157.5043621,1.4870290e+04
 157.5247966,1.4866117e+04
 157.5452309,1.4884021e+04
 157.5656654,1.4883647e+04
 157.5860999,1.4866112e+04
 157.6065343,1.4867414e+04
 157.6269687,1.4865843e+04
 157.6474033,1.4876562e+04
 157.6678377,1.4868075e+04
 157.6882721,1.4861011e+04
 157.7087065,1.4870793e+04
 157.7291411,1.4858859e+04
 157.7495754,1.4869907e+04
 157.7700099,1.4881042e+04
 157.7904444,1.4863677e+04
 157.8108788,1.4879730e+04
 157.8313132,1.4872514e+04
 157.8517477,1.4876025e+04
 157.8721821,1.4867915e+04
 157.8926166,1.4876607e+04
 157.9130510,1.4881234e+04
 157.9334854,1.4862292e+04
 157.9539199,1.4867573e+04
 157.9743544,1.4868977e+04
 157.9947887,1.4856155e+04
 158.0152233,1.4868167e+04
 158.0356577,1.4879161e+04
 158.0560921,1.4878410e+04
 158.0765265,1.4869388e+04
 158.0969610,1.4856651e+04
 158.1173955,1.4857429e+04
 158.1378298,1.4849163e+04
 158.1582644,1.4866504e+04
 158.1786988,1.4867595e+04
 158.1991332,1.4862400e+04
 158.2195676,1.4873121e+04
 158.2400022,1.4869937e+04
 158.2604365,         null
 158.2808710,1.4949206e+04
 158.3013055,1.4884459e+04
 158.3217400,1.4868492e+04
 158.3421743,1.4873437e+04
 158.3626087,1.4862905e+04
 158.3830433,1.4861608e+04
 158.4034777,1.4873343e+04
 158.4239121,1.4871517e+04
 158.4443465,1.4867156e+04
 158.4647811,1.4879844e+04
 158.4852154,1.4869180e+04
 158.5056499,1.4870264e+04
 158.5260844,1.4870136e+04
 158.5465187,1.4873713e+04
 158.5669532,1.4872852e+04
 158.5873876,1.4870072e+04
 158.6078221,1.4874354e+04
 158.6282565,1.4862175e+04
 158.6486910,1.4883209e+04
 158.6691255,1.4871625e+04
 158.6895599,1.4872172e+04
 158.7099943,1.4872922e+04
 158.7304286,1.4875880e+04
 158.7508632,1.4868855e+04
 158.7712976,1.4872831e+04
 158.7917321,1.4884288e+04
 158.8121665,1.4878179e+04
 158.8326009,1.4875577e+04
 158.8530354,1.4891803e+04
 158.8734697,1.4881892e+04
 158.8939043,1.4865602e+04
 158.9143387,1.4875471e+04
 158.9347731,1.4867085e+04
 158.9552076,1.4867253e+04
 158.9756420,1.4862662e+04
 158.9960764,1.4874008e+04
 159.0165108,1.4852187e+04
 159.0369454,1.4871311e+04
 159.0573797,1.4877104e+04
 159.0778141,1.4871910e+04
 159.0982486,1.4866489e+04
 159.1186831,1.4876243e+04
 159.1391175,1.4876498e+04
 159.1595519,1.4872742e+04
 159.1799864,1.4877092e+04
 159.2004208,1.4878227e+04
 159.2208552,1.4856229e+04
 159.2412896,1.4861395e+04
 159.2617241,1.4861672e+04
 159.2821585,1.4876746e+04
 159.3025930,1.4869889e+04
 159.3230274,1.4871645e+04
 159.3434619,1.4867538e+04
 159.3638963,1.4867718e+04
 159.3843306,1.4871641e+04
 159.4047652,1.4873580e+04
 159.4251996,1.4885401e+04
 159.4456340,1.4869593e+04
 159.4660685,1.4873365e+04
 159.4865029,1.4873697e+04
 159.5069373,1.4873234e+04
 159.5273717,1.4885006e+04
 159.5478063,1.4862811e+04
 159.5682406,1.4866562e+04
 159.5886750,1.4869577e+04
 159.6091095,1.4880830e+04
 159.6295440,1.4866281e+04
 159.6499783,1.4870754e+04
 159.6704128,1.4870379e+04
 159.6908473,1.4866686e+04
 159.7112816,1.4879271e+04
 159.7317161,1.4872799e+04
 159.7521505,1.4869589e+04
 159.7725850,1.4873669e+04
 159.7930194,1.4873762e+04
 159.8134538,1.4878118e+04
 159.8338883,1.4878188e+04
 159.8543227,1.4866561e+04
 159.8747571,1.4875396e+04
 159.8951915,1.4857623e+04
 159.9156260,1.4883417e+04
 159.9360604,1.4867177e+04
 159.9564949,1.4870990e+04
 159.9769293,1.4874095e+04
 159.9973638,1.4863484e+04
 160.0177982,1.4852455e+04
 160.0382326,1.4868458e+04
 160.0586671,1.4879718e+04
 160.0791015,1.4870610e+04
 160.0995359,1.4877983e+04
 160.1199703,1.4887597e+04
 160.1404048,1.4885673e+04
 160.1608392,1.4886702e+04
 160.1812736,1.4872121e+04
 160.2017081,1.4877396e+04
 160.2221425,1.4857410e+04
 160.2425769,1.4881401e+04
 160.2630113,1.4881955e+04
 160.2834458,1.4887696e+04
 160.3038802,1.4872381e+04
 160.3243146,1.4877517e+04
 160.3447491,1.4881949e+04
 160.3651836,1.4872293e+04
 160.3856179,1.4878447e+04
 160.4060523,1.4880283e+04
 160.4264869,1.4863421e+04
 160.4469212,1.4885239e+04
 160.4673556,1.4868486e+04
 160.4877901,1.4869296e+04
 160.5082245,1.4875428e+04
 160.5286589,1.4875018e+04
 160.5490933,1.4880488e+04
 160.5695278,1.4888358e+04
 160.5899622,1.4882440e+04
 160.6103966,1.4877761e+04
 160.6308310,1.4883288e+04
 160.6512655,1.4876091e+04
 160.6716999,1.4870232e+04
 160.6921343,1.4884012e+04
 160.7125688,1.4862786e+04
 160.7330032,1.4869003e+04
 160.7534376,1.4869784e+04
 160.7738720,1.4879604e+04
 160.7943065,1.4875431e+04
 160.8147409,1.4882535e+04
 160.8351753,1.4873632e+04
 160.8556098,1.4875680e+04
 160.8760442,1.4884760e+04
 160.8964786,1.4893812e+04
 160.9169130,1.4879079e+04
 160.9373475,1.4874450e+04
 160.9577818,1.4881785e+04
 160.9782163,1.4877057e+04
 160.9986508,1.4865033e+04
 161.0190851,1.4873404e+04
 161.0395196,1.4890850e+04
 161.0599540,1.4886819e+04
 161.0803884,1.4884667e+04
 161.1008228,1.4872798e+04
 161.1212573,1.4878633e+04
 161.1416918,1.4865730e+04
 161.1621261,1.4868325e+04
 161.1825606,1.4880074e+04
 161.2029949,1.4875910e+04
 161.2234294,1.4871814e+04
 161.2438638,         null
 161.2642983,1.4876968e+04
 161.2847326,1.4870249e+04
 161.3051671,1.4877638e+04
 161.3256015,1.4862785e+04
 161.3460359,1.4878868e+04
 161.3664704,1.4867495e+04
 161.3869048,1.4888575e+04
 161.4073391,1.4887743e+04
 161.4277736,1.4882233e+04
 161.4482081,1.4882471e+04
 161.4686424,1.4878142e+04
 161.4890768,1.4882181e+04
 161.5095114,1.4876738e+04
 161.5299457,1.4880657e+04
 161.5503801,1.4879210e+04
 161.5708145,1.4874960e+04
 161.5912491,1.4891134e+04
 161.6116834,1.4882430e+04
 161.6321178,1.4885661e+04
 161.6525523,1.4869447e+04
 161.6729868,1.4874803e+04
 161.6934211,1.4859606e+04
 161.7138555,1.4874992e+04
 161.7342900,1.4882408e+04
 161.7547244,1.4889087e+04
 161.7751588,1.4872502e+04
 161.7955932,1.4879796e+04
 161.8160276,1.4872726e+04
 161.8364620,1.4872542e+04
 161.8568965,1.4876017e+04
 161.8773310,1.4878004e+04
 161.8977653,1.4870705e+04
 161.9181997,1.4871900e+04
 161.9386341,1.4878108e+04
 161.9590686,1.4871832e+04
 161.9795030,1.4887336e+04
 161.9999374,1.4875820e+04
 162.0203718,1.4886370e+04
 162.0408063,1.4886029e+04
 162.0612407,1.4874287e+04
 162.0816750,1.4869636e+04
 162.1021095,1.4879205e+04
 162.1225440,1.4874626e+04
 162.1429783,1.4873723e+04
 162.1634128,1.4884266e+04
 162.1838472,1.4886563e+04
 162.2042815,1.4877243e+04
 162.2247160,1.4881889e+04
 162.2451505,1.4879387e+04
 162.2655848,1.4881401e+04
 162.2860192,1.4887314e+04
 162.3064537,1.4879863e+04
 162.3268882,1.4874515e+04
 162.3473225,1.4870091e+04
 162.3677569,1.4882314e+04
 162.3881914,1.4891129e+04
 162.4086257,1.4878468e+04
 162.4290601,1.4877775e+04
 162.4494945,1.4864443e+04
 162.4699290,1.4872469e+04
 162.4903634,1.4883350e+04
 162.5107972,1.4878258e+04
 162.5312317,1.4877022e+04
 162.5516661,1.4880366e+04
 162.5721005,1.4874153e+04
 162.5925349,1.4873040e+04
 162.6129694,1.4876257e+04
 162.6334037,1.4894386e+04
 162.6538381,1.4879156e+04
 162.6742727,1.4871146e+04
 162.6947070,1.4879038e+04
 162.7151414,1.4866476e+04
 162.7355758,1.4890673e+04
 162.7560102,1.4876417e+04
 162.7764446,1.4878487e+04
 162.7968791,1.4872789e+04
 162.8173135,1.4881277e+04
 162.8377479,1.4871046e+04
 162.8581823,1.4881140e+04
 162.8786166,1.4871803e+04
 162.8990511,1.4876464e+04
 162.9194856,1.4877058e+04
 162.9399199,1.4887207e+04
 162.9603543,1.4874768e+04
 162.9807888,1.4884036e+04
 163.0012231,1.4888528e+04
 163.0216575,1.4881918e+04
 163.0420920,1.4877567e+04
 163.0625265,1.4867829e+04
 163.0829608,1.4888295e+04
 163.1033952,1.4875641e+04
 163.1238297,1.4874809e+04
 163.1442640,1.4885583e+04
 163.1646984,1.4886170e+04
 163.1851329,1.4875833e+04
 163.2055673,1.4860040e+04
 163.2260017,1.4870317e+04
 163.2464361,1.4890809e+04
 163.2668705,1.4875392e+04
 163.2873049,1.4878112e+04
 163.3077393,1.4893050e+04
 163.3281738,1.4881164e+04
 163.3486081,1.4873063e+04
 163.3690426,1.4873257e+04
 163.3894769,1.4897545e+04
 163.4099114,1.4878052e+04
 163.4303458,1.4879329e+04
 163.4507801,1.4876173e+04
 163.4712146,1.4885637e+04
 163.4916490,1.4873798e+04
 163.5120834,1.4889352e+04
 163.5325177,1.4882226e+04
 163.5529523,1.4879048e+04
 163.5733867,1.4875856e+04
 163.5938210,1.4873603e+04
 163.6142554,1.4874443e+04
 163.6346899,1.4875764e+04
 163.6551242,1.4888264e+04
 163.6755586,1.4888814e+04
 163.6959931,1.4883518e+04
 163.7164274,1.4882838e+04
 163.7368618,1.4897053e+04
 163.7572963,1.4885418e+04
 163.7777307,1.4883032e+04
 163.7981651,1.4886240e+04
 163.8185995,1.4881651e+04
 163.8390340,1.4884858e+04
 163.8594683,1.4879408e+04
 163.8799027,1.4884158e+04
 163.9003370,1.4872350e+04
 163.9207715,1.4875604e+04
 163.9412059,1.4877142e+04
 163.9616403,1.4878825e+04
 163.9820747,1.4884881e+04
 164.0025092,1.4878231e+04
 164.0229436,1.4873253e+04
 164.0433779,1.4884925e+04
 164.0638124,1.4887112e+04
 164.0842468,1.4877374e+04
 164.1046812,1.4893504e+04
 164.1251155,1.4883581e+04
 164.1455500,1.4883002e+04
 164.1659843,1.4879786e+04
 164.1864187,1.4873467e+04
 164.2068532,1.4879807e+04
 164.2272876,         null
 164.2477219,1.4881974e+04
 164.2681563,1.4893009e+04
 164.2885907,1.4883484e+04
 164.3090252,1.4887424e+04
 164.3294596,1.4890270e+04
 164.3498941,1.4880218e+04
 164.3703285,1.4881845e+04
 164.3907628,1.4888669e+04
 164.4111972,1.4883350e+04
 164.4316316,1.4893935e+04
 164.4520660,1.4886436e+04
 164.4725004,1.4879197e+04
 164.4929349,1.4882646e+04
 164.5133692,1.4878060e+04
 164.5338036,1.4882603e+04
 164.5542380,1.4889981e+04
 164.5746724,1.4880929e+04
 164.5951068,1.4884773e+04
 164.6155412,1.4879892e+04
 164.6359755,1.4893590e+04
 164.6564100,1.4881293e+04
 164.6768444,1.4889474e+04
 164.6972788,1.4881283e+04
 164.7177132,1.4880052e+04
 164.7381476,1.4885081e+04
 164.7585820,1.4888586e+04
 164.7790163,1.4886498e+04
 164.7994508,1.4877841e+04
 164.8198852,1.4875321e+04
 164.8403195,1.4871990e+04
 164.8607540,1.4868356e+04
 164.8811884,1.4877077e+04
 164.9016227,1.4882277e+04
 164.9220571,1.4877290e+04
 164.9424916,1.4877979e+04
 164.9629259,1.4880593e+04
 164.9833603,1.4887455e+04
