        TIME,  PDCSAP_FLUX
 131.5123880,4.5808336e+04
 131.5328226,4.5806949e+04
 131.5532571,4.5809504e+04
 131.5736915,4.5819316e+04
 131.5941259,4.5816301e+04
 131.6145605,4.5812461e+04
 131.6349949,4.5811598e+04
 131.6554293,4.5809836e+04
 131.6758639,4.5813461e+04
 131.6962984,4.5807723e+04
 131.7167328,4.5813660e+04
 131.7371672,4.5805406e+04
 131.7576018,4.5803699e+04
 131.7780362,4.5804438e+04
 131.7984707,4.5817402e+04
 131.8189052,4.5826164e+04
 131.8393396,4.5811570e+04
 131.8597741,4.5799758e+04
 131.8802085,4.5817414e+04
 131.9006430,4.5810891e+04
 131.9210775,4.5815172e+04
 131.9415120,4.5811738e+04
 131.9619464,4.5813180e+04
 131.9823809,4.5812797e+04
 132.0028154,4.5818477e+04
 132.0232497,4.5826109e+04
 132.0436843,4.5808527e+04
 132.0641188,4.5820945e+04
 132.0845532,4.5812992e+04
 132.1049876,4.5809617e+04
 132.1254222,4.5806387e+04
 132.1458566,4.5822531e+04
 132.1662910,4.5821395e+04
 132.1867256,4.5811281e+04
 132.2071601,4.5811551e+04
 132.2275945,4.5793113e+04
 132.2480289,4.5804594e+04
 132.2684635,4.5812387e+04
 132.2888979,4.5814320e+04
 132.3093323,4.5818121e+04
 132.3297669,4.5811156e+04
 132.3502013,4.5815512e+04
 132.3706358,4.5821312e+04
 132.3910702,4.5812594e+04
 132.4115047,4.5813695e+04
 132.4319392,4.5804074e+04
 132.4523736,4.5817195e+04
 132.4728082,4.5814539e+04
 132.4932426,4.5811836e+04
 132.5136770,4.5813148e+04
 132.5341114,4.5812258e+04
 132.5545460,4.5818492e+04
 132.5749805,4.5813121e+04
 132.5954148,4.5822777e+04
 132.6158494,4.5797059e+04
 132.6362839,4.5815621e+04
 132.6567183,4.5802766e+04
 132.6771527,4.5807949e+04
 132.6975873,4.5807953e+04
 132.7180217,4.5804496e+04
 132.7384561,4.5817387e+04
 132.7588907,4.5820719e+04
 132.7793252,4.5808379e+04
 132.7997595,4.5805605e+04
 132.8201940,4.5819234e+04
 132.8406286,4.5819406e+04
 132.8610629,4.5812691e+04
 132.8814974,4.5806449e+04
 132.9019320,4.5806246e+04
 132.9223663,4.5799652e+04
 132.9428008,4.5807992e+04
 132.9632353,4.5816594e+04
 132.9836698,4.5809910e+04
 133.0041042,4.5817266e+04
 133.0245387,4.5806484e+04
 133.0449731,4.5804516e+04
 133.0654076,4.5817473e+04
 133.0858421,4.5805441e+04
 133.1062765,4.5817484e+04
 133.1267110,4.5796898e+04
 133.1471455,4.5805984e+04
 133.1675799,4.5806348e+04
 133.1880144,4.5812250e+04
 133.2084490,4.5811020e+04
 133.2288833,4.5820328e+04
 133.2493178,4.5806363e+04
 133.2697523,4.5801934e+04
 133.2901867,4.5810043e+04
 133.3106212,4.5813805e+04
 133.3310556,4.5804289e+04
 133.3514901,4.5808668e+04
 133.3719246,4.5813402e+04
 133.3923591,4.5812066e+04
 133.4127935,4.5809559e+04
 133.4332280,4.5803617e+04
 133.4536625,4.5801125e+04
 133.4740968,4.5802012e+04
 133.4945314,4.5816621e+04
 133.5149659,4.5812008e+04
 133.5354002,4.5821090e+04
 133.5558348,4.5802965e+04
 133.5762693,4.5799285e+04
 133.5967036,4.5802660e+04
 133.6171381,4.5812582e+04
 133.6375727,4.5821715e+04
 133.6580071,4.5817645e+04
 133.6784415,4.5811508e+04
 133.6988761,4.5787906e+04
 133.7193105,4.5801066e+04
 133.7397449,4.5811254e+04
 133.7601794,4.5823305e+04
 133.7806139,4.5811082e+04
 133.8010483,4.5817938e+04
 133.8214828,4.5814559e+04
 133.8419172,4.5800895e+04
 133.8623517,4.5813887e+04
 133.8827862,4.5815660e+04
 133.9032206,4.5795703e+04
 133.9236551,4.5793609e+04
 133.9440895,4.5795898e+04
 133.9645240,4.5787016e+04
 133.9849584,4.5793008e+04
 134.0053929,4.5794051e+04
 134.0258274,4.5802887e+04
 134.0462618,4.5813633e+04
 134.0666963,4.5809918e+04
 134.0871308,4.5811727e+04
 134.1075652,4.5804488e+04
 134.1279996,4.5815910e+04
 134.1484342,4.5806203e+04
 134.1688687,4.5821016e+04
 134.1893030,4.5812480e+04
 134.2097376,4.5810051e+04
 134.2301720,4.5810797e+04
 134.2506064,4.5812059e+04
 134.2710409,4.5799094e+04
 134.2914754,4.5804109e+04
 134.3119098,4.5806418e+04
 134.3323443,4.5820293e+04
 134.3527788,4.5797238e+04
 134.3732132,4.5802074e+04
 134.3936476,         null
 134.4140821,4.5808141e+04
 134.4345166,4.5814527e+04
 134.4549510,4.5806609e+04
 134.4753855,4.5820617e+04
 134.4958201,4.5815977e+04
 134.5162544,4.5805555e+04
 134.5366889,4.5807594e+04
 134.5571232,4.5808707e+04
 134.5775578,4.5814281e+04
 134.5979923,4.5813254e+04
 134.6184266,4.5809000e+04
 134.6388611,4.5815414e+04
 134.6592956,4.5801902e+04
 134.6797301,4.5813785e+04
 134.7001646,4.5797676e+04
 134.7205990,4.5810688e+04
 134.7410335,4.5812426e+04
 134.7614679,4.5817148e+04
 134.7819023,4.5806762e+04
 134.8023369,4.5819230e+04
 134.8227713,4.5804742e+04
 134.8432057,4.5806918e+04
 134.8636403,4.5820688e+04
 134.8840747,4.5812113e+04
 134.9045092,4.5813629e+04
 134.9249435,4.5846746e+04
 134.9453781,4.5815324e+04
 134.9658126,4.5798441e+04
 134.9862469,4.5814574e+04
 135.0066815,4.5810328e+04
 135.0271159,4.5819895e+04
 135.0475503,4.5817590e+04
 135.0679848,4.5811754e+04
 135.0884193,4.5807344e+04
 135.1088537,4.5823320e+04
 135.1292881,4.5802613e+04
 135.1497227,4.5803961e+04
 135.1701572,4.5817156e+04
 135.1905915,4.5795641e+04
 135.2110260,4.5813836e+04
 135.2314605,4.5814578e+04
 135.2518949,4.5807289e+04
 135.2723293,4.5813652e+04
 135.2927637,4.5800215e+04
 135.3131983,4.5808273e+04
 135.3336327,4.5809855e+04
 135.3540671,4.5806832e+04
 135.3745016,4.5812418e+04
 135.3949361,4.5797391e+04
 135.4153706,4.5815238e+04
 135.4358049,4.5811188e+04
 135.4562395,4.5797125e+04
 135.4766739,4.5803602e+04
 135.4971083,4.5806570e+04
 135.5175428,4.5804453e+04
 135.5379773,4.5804922e+04
 135.5584117,4.5814320e+04
 135.5788461,4.5819461e+04
 135.5992807,4.5808277e+04
 135.6197150,4.5819348e+04
 135.6401495,4.5814719e+04
 135.6605840,4.5805613e+04
 135.6810185,4.5824152e+04
 135.7014529,4.5810996e+04
 135.7218873,4.5807199e+04
 135.7423219,4.5796688e+04
 135.7627562,4.5818383e+04
 135.7831907,4.5819961e+04
 135.8036252,4.5807820e+04
 135.8240596,4.5823082e+04
 135.8444941,4.5811918e+04
 135.8649285,4.5812523e+04
 135.8853630,4.5817387e+04
 135.9057974,4.5818598e+04
 135.9262319,4.5820758e+04
 135.9466662,4.5813289e+04
 135.9671008,4.5816156e+04
 135.9875352,4.5805395e+04
 136.0079696,4.5814414e+04
 136.0284042,4.5811734e+04
 136.0488386,4.5818941e+04
 136.0692730,4.5801316e+04
 136.0897074,4.5800359e+04
 136.1101420,4.5822242e+04
 136.1305764,4.5822152e+04
 136.1510108,4.5812809e+04
 136.1714453,4.5807859e+04
 136.1918798,4.5804742e+04
 136.2123142,4.5814793e+04
 136.2327486,4.5814559e+04
 136.2531832,4.5823180e+04
 136.2736175,4.5819535e+04
 136.2940520,4.5821750e+04
 136.3144865,4.5811434e+04
 136.3349209,4.5810461e+04
 136.3553553,4.5807465e+04
 136.3757898,4.5797809e+04
 136.3962242,4.5810223e+04
 136.4166587,4.5816230e+04
 136.4370932,4.5824324e+04
 136.4575277,4.5805016e+04
 136.4779621,4.5818844e+04
 136.4983965,4.5814215e+04
 136.5188310,4.5816734e+04
 136.5392654,4.5817609e+04
 136.5596999,4.5814766e+04
 136.5801343,4.5815305e+04
 136.6005688,4.5816156e+04
 136.6210032,4.5811539e+04
 136.6414377,4.5808203e+04
 136.6618721,4.5808523e+04
 136.6823066,4.5813312e+04
 136.7027410,4.5806539e+04
 136.7231755,4.5815957e+04
 136.7436098,4.5805848e+04
 136.7640444,4.5809863e+04
 136.7844788,4.5813211e+04
 136.8049132,4.5821285e+04
 136.8253477,4.5827590e+04
 136.8457822,4.5804535e+04
 136.8662167,4.5820000e+04
 136.8866510,4.5825773e+04
 136.9070856,4.5807324e+04
 136.9275200,4.5817219e+04
 136.9479544,4.5809180e+04
 136.9683889,4.5813762e+04
 136.9888234,4.5812781e+04
 137.0092577,4.5799160e+04
 137.0296922,4.5816207e+04
 137.0501267,4.5816172e+04
 137.0705611,4.5818559e+04
 137.0909955,4.5813320e+04
 137.1114301,4.5810211e+04
 137.1318644,4.5807211e+04
 137.1522989,4.5805230e+04
 137.1727333,4.5806855e+04
 137.1931679,4.5805742e+04
 137.2136022,4.5806199e+04
 137.2340367,4.5821199e+04
 137.2544710,4.5803812e+04
 137.2749056,4.5820539e+04
 137.2953400,4.5809777e+04
 137.3157744,4.5819855e+04
 137.3362089,4.5820754e+04
 137.3566434,4.5808566e+04
 137.3770778,         null
 137.3975122,4.5817000e+04
 137.4179467,4.5810562e+04
 137.4383812,4.5808090e+04
 137.4588155,4.5810500e+04
 137.4792501,4.5809117e+04
 137.4996845,4.5801961e+04
 137.5201189,4.5818180e+04
 137.5405533,4.5804867e+04
 137.5609878,4.5808914e+04
 137.5814222,4.5819199e+04
 137.6018566,4.5809332e+04
 137.6222912,4.5802953e+04
 137.6427256,4.5837234e+04
 137.6631600,4.5800844e+04
 137.6835944,4.5818461e+04
 137.7040290,4.5800387e+04
 137.7244633,4.5825652e+04
 137.7448978,4.5794875e+04
 137.7653323,4.5810773e+04
 137.7857667,4.5800918e+04
 137.8062011,4.5811473e+04
 137.8266355,4.5811234e+04
 137.8470700,4.5794871e+04
 137.8675045,4.5812203e+04
 137.8879389,4.5806586e+04
 137.9083733,4.5813203e+04
 137.9288078,4.5820102e+04
 137.9492422,4.5800863e+04
 137.9696766,4.5805043e+04
 137.9901111,4.5800891e+04
 138.0105456,4.5811094e+04
 138.0309799,4.5804430e+04
 138.0514144,4.5805855e+04
 138.0718489,4.5807848e+04
 138.0922834,4.5804227e+04
 138.1127177,4.5794324e+04
 138.1331523,4.5811496e+04
 138.1535867,4.5807840e+04
 138.1740210,4.5812629e+04
 138.1944555,4.5800297e+04
 138.2148900,4.5802020e+04
 138.2353245,4.5805352e+04
 138.2557588,4.5800609e+04
 138.2761934,4.5810875e+04
 138.2966278,4.5804098e+04
 138.3170622,4.5810676e+04
 138.3374966,4.5801125e+04
 138.3579312,4.5807070e+04
 138.3783656,4.5813301e+04
 138.3987999,4.5798789e+04
 138.4192345,4.5794348e+04
 138.4396689,4.5813973e+04
 138.4601033,4.5797273e+04
 138.4805377,4.5799219e+04
 138.5009723,4.5809258e+04
 138.5214066,4.5802840e+04
 138.5418410,4.5801250e+04
 138.5622755,4.5794539e+04
 138.5827099,4.5822887e+04
 138.6031444,4.5798664e+04
 138.6235788,4.5809906e+04
 138.6440133,4.5808859e+04
 138.6644477,4.5804215e+04
 138.6848821,4.5807562e+04
 138.7053165,4.5814129e+04
 138.7257510,4.5816848e+04
 138.7461855,4.5812199e+04
 138.7666198,4.5805230e+04
 138.7870544,4.5814531e+04
 138.8074888,4.5805230e+04
 138.8279231,4.5804242e+04
 138.8483576,4.5816004e+04
 138.8687921,4.5803961e+04
 138.8892266,4.5804883e+04
 138.9096609,4.5820109e+04
 138.9300955,4.5817594e+04
 138.9505299,4.5810375e+04
 138.9709642,4.5802215e+04
 138.9913987,4.5816336e+04
 139.0118332,4.5805895e+04
 139.0322676,4.5815570e+04
 139.0527020,4.5818629e+04
 139.0731365,4.5807281e+04
 139.0935709,4.5806770e+04
 139.1140053,4.5815207e+04
 139.1344398,4.5816746e+04
 139.1548742,4.5805270e+04
 139.1753086,4.5811191e+04
 139.1957431,4.5795184e+04
 139.2161774,4.5800648e+04
 139.2366120,4.5782883e+04
 139.2570464,4.5805957e+04
 139.2774807,4.5816246e+04
 139.2979153,4.5806539e+04
 139.3183497,4.5824746e+04
 139.3387842,4.5819375e+04
 139.3592185,4.5814238e+04
 139.3796530,4.5798227e+04
 139.4000875,4.5832375e+04
 139.4205218,4.5818531e+04
 139.4409564,4.5815531e+04
 139.4613908,4.5819648e+04
 139.4818251,4.5808934e+04
 139.5022596,4.5811465e+04
 139.5226941,4.5803484e+04
 139.5431284,4.5817812e+04
 139.5635629,4.5808129e+04
 139.5839974,4.5814891e+04
 139.6044318,4.5798035e+04
 139.6248662,4.5792543e+04
 139.6453006,4.5806586e+04
 139.6657352,4.5814508e+04
 139.6861695,4.5808984e+04
 139.7066039,4.5809125e+04
 139.7270384,4.5803617e+04
 139.7474728,4.5818504e+04
 139.7679073,4.5801395e+04
 139.7883417,4.5813098e+04
 139.8087761,4.5809695e+04
 139.8292106,4.5796656e+04
 139.8496450,4.5824758e+04
 139.8700794,4.5810727e+04
 139.8905139,4.5811949e+04
 139.9109483,4.5807047e+04
 139.9313827,4.5812105e+04
 139.9518173,4.5803855e+04
 139.9722516,4.5806180e+04
 139.9926861,4.5814484e+04
 140.0131204,4.5809812e+04
 140.0335549,4.5819355e+04
 140.0539894,4.5815883e+04
 140.0744238,4.5805266e+04
 140.0948582,4.5809875e+04
 140.1152927,4.5811324e+04
 140.1357271,4.5827258e+04
 140.1561614,4.5805691e+04
 140.1765960,4.5814840e+04
 140.1970304,4.5809789e+04
 140.2174647,4.5799242e+04
 140.2378993,4.5819516e+04
 140.2583337,4.5803410e+04
 140.2787680,4.5819988e+04
 140.2992025,4.5809219e+04
 140.3196370,4.5820793e+04
 140.3400713,4.5816418e+04
 140.3605058,         null
 140.3809402,4.5807480e+04
 140.4013747,4.5802414e+04
 140.4218091,4.5813195e+04
 140.4422435,4.5821039e+04
 140.4626780,4.5812551e+04
 140.4831124,4.5820773e+04
 140.5035468,4.5811461e+04
 140.5239811,4.5801238e+04
 140.5444157,4.5819766e+04
 140.5648501,4.5816449e+04
 140.5852845,4.5796918e+04
 140.6057190,4.5814195e+04
 140.6261534,4.5821785e+04
 140.6465878,4.5808617e+04
 140.6670222,4.5804699e+04
 140.6874567,4.5809590e+04
 140.7078911,4.5816441e+04
 140.7283255,4.5807785e+04
 140.7487600,4.5798852e+04
 140.7691944,4.5836406e+04
 140.7896288,4.5815477e+04
 140.8100632,4.5808766e+04
 140.8304977,4.5811973e+04
 140.8509322,4.5808281e+04
 140.8713665,4.5810848e+04
 140.8918009,4.5807691e+04
 140.9122355,4.5807090e+04
 140.9326698,4.5811594e+04
 140.9531042,4.5800832e+04
 140.9735387,4.5811027e+04
 140.9939731,4.5808242e+04
 141.0144075,4.5804934e+04
 141.0348419,4.5811027e+04
 141.0552764,4.5823949e+04
 141.0757108,4.5810883e+04
 141.0961452,4.5812523e+04
 141.1165797,4.5802785e+04
 141.1370141,4.5796719e+04
 141.1574485,4.5819281e+04
 141.1778828,4.5805812e+04
 141.1983174,4.5822762e+04
 141.2187518,4.5805781e+04
 141.2391861,4.5818082e+04
 141.2596207,4.5808598e+04
 141.2800551,4.5814977e+04
 141.3004894,4.5817699e+04
 141.3209238,4.5809984e+04
 141.3413584,4.5808129e+04
 141.3617928,4.5807801e+04
 141.3822271,4.5810301e+04
 141.4026616,4.5812578e+04
 141.4230961,4.5813582e+04
 141.4435305,4.5801809e+04
 141.4639648,4.5802215e+04
 141.4843994,4.5822023e+04
 141.5048338,4.5823406e+04
 141.5252681,4.5810398e+04
 141.5457025,4.5814820e+04
 141.5661370,4.5804754e+04
 141.5865715,4.5803273e+04
 141.6070058,4.5815965e+04
 141.6274404,4.5812406e+04
 141.6478748,4.5806289e+04
 141.6683091,4.5799754e+04
 141.6887435,4.5808645e+04
 141.7091781,4.5811793e+04
 141.7296124,4.5810906e+04
 141.7500468,4.5808773e+04
 141.7704813,4.5803496e+04
 141.7909157,4.5819652e+04
 141.8113501,4.5805473e+04
 141.8317845,4.5806781e+04
 141.8522189,4.5795047e+04
 141.8726534,4.5800348e+04
 141.8930878,4.5809922e+04
 141.9135223,4.5804688e+04
 141.9339566,4.5814789e+04
 141.9543911,4.5795844e+04
 141.9748254,4.5792508e+04
 141.9952599,4.5800973e+04
 142.0156943,4.5797641e+04
 142.0361287,4.5809910e+04
 142.0565631,4.5811465e+04
 142.0769976,4.5804176e+04
 142.0974320,4.5809438e+04
 142.1178664,4.5806238e+04
 142.1383009,4.5814773e+04
 142.1587353,4.5805934e+04
 142.1791696,4.5811176e+04
 142.1996041,4.5816281e+04
 142.2200386,4.5806551e+04
 142.2404729,4.5807902e+04
 142.2609073,4.5801273e+04
 142.2813418,4.5810934e+04
 142.3017762,4.5801684e+04
 142.3222106,4.5809930e+04
 142.3426450,4.5806227e+04
 142.3630795,4.5802199e+04
 142.3835139,4.5809758e+04
 142.4039483,4.5810039e+04
 142.4243828,4.5808707e+04
 142.4448171,4.5813785e+04
 142.4652515,4.5813859e+04
 142.4856859,4.5811973e+04
 142.5061204,4.5799441e+04
 142.5265548,4.5800477e+04
 142.5469892,4.5810668e+04
 142.5674236,4.5801230e+04
 142.5878581,4.5815395e+04
 142.6082925,4.5809664e+04
 142.6287268,4.5810969e+04
 142.6491613,4.5806625e+04
 142.6695958,4.5819016e+04
 142.6900301,4.5798984e+04
 142.7104645,4.5813352e+04
 142.7308990,4.5802152e+04
 142.7513333,4.5813980e+04
 142.7717678,4.5805023e+04
 142.7922023,4.5814441e+04
 142.8126366,4.5793074e+04
 142.8330710,4.5817191e+04
 142.8535054,4.5815312e+04
 142.8739400,4.5815352e+04
 142.8943743,4.5803133e+04
 142.9148087,4.5805668e+04
 142.9352432,4.5805746e+04
 142.9556775,4.5802508e+04
 142.9761120,4.5809352e+04
 142.9965463,4.5808902e+04
 143.0169808,4.5800539e+04
 143.0374152,4.5811508e+04
 143.0578496,4.5815855e+04
 143.0782840,4.5800473e+04
 143.0987185,4.5815625e+04
 143.1191529,4.5801641e+04
 143.1395873,4.5809629e+04
 143.1600217,4.5813066e+04
 143.1804561,4.5814406e+04
 143.2008905,4.5807121e+04
 143.2213249,4.5801355e+04
 143.2417594,4.5813621e+04
 143.2621938,4.5792059e+04
 143.2826282,4.5793988e+04
 143.3030626,4.5797926e+04
 143.3234971,4.5801422e+04
 143.3439315,         null
 143.3643658,4.5800332e+04
 143.3848003,4.5806062e+04
 143.4052347,4.5796902e+04
 143.4256690,4.5793281e+04
 143.4461036,4.5795543e+04
 143.4665380,4.5789930e+04
 143.4869723,4.5781855e+04
 143.5074067,4.5782789e+04
 143.5278412,4.5794133e+04
 143.5482756,4.5795641e+04
 143.5687099,4.5800449e+04
 143.5891445,4.5818766e+04
 143.6095789,4.5804410e+04
 143.6300132,4.5811812e+04
 143.6504476,4.5812570e+04
 143.6708821,4.5812285e+04
 143.6913164,4.5807844e+04
 143.7117508,4.5811938e+04
 143.7321853,4.5806672e+04
 143.7526197,4.5801594e+04
 143.7730541,4.5807129e+04
 143.7934885,4.5817672e+04
 143.8139229,4.5803598e+04
 143.8343573,4.5798895e+04
 143.8547917,4.5804867e+04
 143.8752261,4.5814984e+04
 143.8956606,4.5808898e+04
 143.9160950,4.5809391e+04
 143.9365293,4.5812234e+04
 143.9569638,4.5800113e+04
 143.9773982,4.5823957e+04
 143.9978325,4.5818523e+04
 144.0182669,4.5801715e+04
 144.0387015,4.5789941e+04
 144.0591359,4.5811684e+04
 144.0795702,4.5807695e+04
 144.1000047,4.5806930e+04
 144.1204391,4.5810316e+04
 144.1408734,4.5812656e+04
 144.1613078,4.5810496e+04
 144.1817423,4.5803711e+04
 144.2021767,4.5807070e+04
 144.2226111,4.5820082e+04
 144.2430456,4.5798156e+04
 144.2634799,4.5812195e+04
 144.2839143,4.5811570e+04
 144.3043487,4.5805652e+04
 144.3247831,4.5807441e+04
 144.3452175,4.5795547e+04
 144.3656519,4.5815902e+04
 144.3860862,4.5809410e+04
 144.4065208,4.5812562e+04
 144.4269552,4.5803957e+04
 144.4473895,4.5806633e+04
 144.4678240,4.5802426e+04
 144.4882584,4.5805555e+04
 144.5086927,4.5804645e+04
 144.5291271,4.5805586e+04
 144.5495616,4.5815465e+04
 144.5699960,4.5811785e+04
 144.5904303,4.5801496e+04
 144.6108649,4.5795609e+04
 144.6312993,4.5793109e+04
 144.6517336,4.5804188e+04
 144.6721680,4.5808859e+04
 144.6926025,4.5812758e+04
 144.7130368,4.5812277e+04
 144.7334712,4.5814066e+04
 144.7539057,4.5801457e+04
 144.7743400,4.5802188e+04
 144.7947744,4.5787855e+04
 144.8152088,4.5804367e+04
 144.8356433,4.5802039e+04
 144.8560776,4.5799547e+04
 144.8765121,4.5809281e+04
 144.8969465,4.5811820e+04
 144.9173809,4.5810512e+04
 144.9378153,4.5815895e+04
 144.9582497,4.5812613e+04
 144.9786842,4.5801520e+04
 144.9991185,4.5802918e+04
 145.0195529,4.5800594e+04
 145.0399873,4.5800184e+04
 145.0604217,4.5811020e+04
 145.0808561,4.5799625e+04
 145.1012905,4.5808145e+04
 145.1217250,4.5813762e+04
 145.1421593,4.5803664e+04
 145.1625937,4.5807008e+04
 145.1830280,4.5801883e+04
 145.2034625,4.5808766e+04
 145.2238969,4.5825844e+04
 145.2443313,4.5811812e+04
 145.2647658,4.5823758e+04
 145.2852002,4.5792344e+04
 145.3056346,4.5805910e+04
 145.3260689,4.5805680e+04
 145.3465034,4.5811414e+04
 145.3669378,4.5807668e+04
 145.3873721,4.5809051e+04
 145.4078066,4.5794039e+04
 145.4282410,4.5809949e+04
 145.4486753,4.5802562e+04
 145.4691097,4.5799242e+04
 145.4895442,4.5798867e+04
 145.5099785,4.5807613e+04
 145.5304129,4.5810820e+04
 145.5508473,4.5814562e+04
 145.5712818,4.5804723e+04
 145.5917161,4.5820652e+04
 145.6121505,4.5809203e+04
 145.6325850,4.5822914e+04
 145.6530193,4.5808922e+04
 145.6734537,4.5808461e+04
 145.6938880,4.5793520e+04
 145.7143225,4.5814160e+04
 145.7347569,4.5801805e+04
 145.7551913,4.5805105e+04
 145.7756257,4.5795750e+04
 145.7960601,4.5806531e+04
 145.8164945,4.5800426e+04
 145.8369288,4.5810828e+04
 145.8573633,4.5806656e+04
 145.8777977,4.5805586e+04
 145.8982320,4.5798016e+04
 145.9186665,4.5811180e+04
 145.9391009,4.5787348e+04
 145.9595352,4.5801242e+04
 145.9799696,4.5808898e+04
 146.0004041,4.5813316e+04
 146.0208385,4.5793477e+04
 146.0412728,4.5803484e+04
 146.0617073,4.5816734e+04
 146.0821417,4.5805027e+04
 146.1025760,4.5800383e+04
 146.1230104,4.5812500e+04
 146.1434449,4.5799566e+04
 146.1638792,4.5802645e+04
 146.1843136,4.5808965e+04
 146.2047480,4.5794746e+04
 146.2251824,4.5797117e+04
 146.2456168,4.5804543e+04
 146.2660512,4.5804941e+04
 146.2864856,4.5794430e+04
 146.3069200,4.5814785e+04
 146.3273544,         null
 146.3477887,4.5806461e+04
 146.3682232,4.5805910e+04
 146.3886576,4.5814961e+04
 146.4090919,4.5824684e+04
 146.4295264,4.5803031e+04
 146.4499608,4.5809566e+04
 146.4703951,4.5809750e+04
 146.4908296,4.5810906e+04
 146.5112640,4.5806520e+04
 146.5316984,4.5811266e+04
 146.5521327,4.5881719e+04
 146.5725672,4.5815570e+04
 146.5930016,4.5808539e+04
 146.6134360,4.5791906e+04
 146.6338702,4.5815906e+04
 146.6543047,4.5803184e+04
 146.6747391,4.5803621e+04
 146.6951734,4.5794555e+04
 146.7156079,4.5800797e+04
 146.7360423,4.5804152e+04
 146.7564767,4.5811301e+04
 146.7769110,4.5814105e+04
 146.7973455,4.5807109e+04
 146.8177799,4.5803547e+04
 146.8382142,4.5812914e+04
 146.8586486,4.5814906e+04
 146.8790831,4.5813906e+04
 146.8995174,4.5806324e+04
 146.9199518,4.5798375e+04
 146.9403863,4.5806047e+04
 146.9608206,4.5805066e+04
 146.9812549,4.5809797e+04
 147.0016893,4.5807273e+04
 147.0221237,4.5802754e+04
 147.0425581,4.5800285e+04
 147.0629925,4.5806047e+04
 147.0834270,4.5802441e+04
 147.1038613,4.5805672e+04
 147.1242957,4.5804555e+04
 147.1447300,4.5808047e+04
 147.1651645,4.5804188e+04
 147.1855989,4.5821559e+04
 147.2060332,4.5820188e+04
 147.2264677,4.5812316e+04
 147.2469020,4.5813027e+04
 147.2673364,4.5808926e+04
 147.2877707,4.5796645e+04
 147.3082052,4.5794965e+04
 147.3286396,4.5812219e+04
 147.3490739,4.5807867e+04
 147.3695083,4.5810316e+04
 147.3899428,4.5822121e+04
 147.4103771,4.5803758e+04
 147.4308115,4.5812656e+04
 147.4512459,4.5800125e+04
 147.4716802,4.5804113e+04
 147.4921146,4.5808824e+04
 147.5125490,4.5807637e+04
 147.5329835,4.5795145e+04
 147.5534178,4.5815703e+04
 147.5738522,4.5803016e+04
 147.5942867,4.5814559e+04
 147.6147210,4.5805699e+04
 147.6351553,4.5814027e+04
 147.6555896,4.5807844e+04
 147.6760241,4.5805328e+04
 147.6964585,4.5812363e+04
 147.7168928,4.5823855e+04
 147.7373273,4.5813848e+04
 147.7577617,4.5808523e+04
 147.7781961,4.5799492e+04
 147.7986304,4.5810922e+04
 147.8190648,4.5800359e+04
 147.8394992,4.5811195e+04
 147.8599335,4.5809641e+04
 147.8803679,4.5813961e+04
 147.9008024,         null
 147.9212367,4.5807238e+04
 147.9416711,4.5803410e+04
 147.9621055,4.5817414e+04
 147.9825398,4.5815805e+04
 148.0029742,4.5818371e+04
 148.0234086,4.5811805e+04
 148.0438431,4.5817812e+04
 148.0642774,4.5808914e+04
 148.0847118,4.5809484e+04
 148.1051462,4.5818844e+04
 148.1255805,4.5803750e+04
 148.1460149,4.5815035e+04
 148.1664493,4.5809465e+04
 148.1868837,4.5819164e+04
 148.2073181,4.5802906e+04
 148.2277525,4.5807703e+04
 148.2481869,4.5799855e+04
 148.2686212,4.5809699e+04
 148.2890556,4.5804246e+04
 148.3094900,4.5817004e+04
 148.3299244,4.5799723e+04
 148.3503588,4.5809910e+04
 148.3707931,4.5803816e+04
 148.3912274,4.5822469e+04
 148.4116619,4.5815277e+04
 148.4320963,4.5808121e+04
 148.4525307,4.5812227e+04
 148.4729651,4.5814113e+04
 148.4933994,4.5805434e+04
 148.5138338,4.5811570e+04
 148.5342681,4.5801387e+04
 148.5547026,4.5820012e+04
 148.5751370,4.5803711e+04
 148.5955712,4.5817332e+04
 148.6160057,4.5812352e+04
 148.6364401,4.5811082e+04
 148.6568744,4.5830590e+04
 148.6773088,4.5794668e+04
 148.6977433,4.5818949e+04
 148.7181775,4.5818555e+04
 148.7386119,4.5818727e+04
 148.7590464,4.5805906e+04
 148.7794808,4.5822133e+04
 148.7999151,4.5809281e+04
 148.8203494,4.5811965e+04
 148.8407839,4.5799684e+04
 148.8612182,4.5809699e+04
 148.8816526,4.5821508e+04
 148.9020871,4.5815730e+04
 148.9225213,4.5819426e+04
 148.9429557,4.5821312e+04
 148.9633901,4.5814262e+04
 148.9838245,4.5813223e+04
 149.0042588,4.5812164e+04
 149.0246932,4.5815199e+04
 149.0451275,4.5810430e+04
 149.0655620,4.5819980e+04
 149.0859964,4.5801883e+04
 149.1064306,4.5807969e+04
 149.1268651,4.5807801e+04
 149.1472995,4.5802488e+04
 149.1677338,4.5805535e+04
 149.1881681,4.5806250e+04
 149.2086026,4.5800695e+04
 149.2290370,4.5804926e+04
 149.2494713,4.5803930e+04
 149.2699058,4.5801141e+04
 149.2903401,4.5796434e+04
 149.3107744,         null
 149.3312088,4.5799703e+04
 149.3516433,4.5810695e+04
 149.3720775,4.5805609e+04
 149.3925119,4.5804855e+04
 149.4129464,4.5812137e+04
 149.4333807,4.5816508e+04
 149.4538150,4.5800379e+04
 149.4742494,4.5824137e+04
 149.4946838,4.5809262e+04
 149.5151182,4.5806629e+04
 149.5355525,4.5809016e+04
 149.5559870,4.5811641e+04
 149.5764213,4.5810902e+04
 149.5968557,4.5817820e+04
 149.6172899,4.5808922e+04
 149.6377244,4.5814492e+04
 149.6581588,4.5803305e+04
 149.6785931,4.5819375e+04
 149.6990274,4.5815641e+04
 149.7194619,4.5811113e+04
 149.7398963,4.5812785e+04
 149.7603306,4.5808809e+04
 149.7807650,4.5806473e+04
 149.8011994,4.5808844e+04
 149.8216337,4.5803969e+04
 149.8420680,4.5814738e+04
 149.8625025,4.5803332e+04
 149.8829369,4.5797168e+04
 149.9033712,4.5807523e+04
 149.9238056,4.5804281e+04
 149.9442400,4.5820484e+04
 149.9646744,4.5814086e+04
 149.9851086,4.5810336e+04
 150.0055431,4.5806855e+04
 150.0259775,4.5807051e+04
 150.0464118,4.5814301e+04
 150.0668462,4.5815180e+04
 150.0872806,4.5802871e+04
 150.1077149,4.5827332e+04
 150.1281492,4.5794863e+04
 150.1485837,4.5814316e+04
 150.1690180,4.5809184e+04
 150.1894524,4.5804375e+04
 150.2098868,4.5797508e+04
 150.2303211,4.5801449e+04
 150.2507555,4.5815438e+04
 150.2711898,4.5805480e+04
 150.2916243,4.5807496e+04
 150.3120586,4.5809578e+04
 150.3324929,4.5803258e+04
 150.3529272,4.5807570e+04
 150.3733617,4.5798230e+04
 150.3937960,4.5807715e+04
 150.4142303,4.5802793e+04
 150.4346648,4.5805539e+04
 150.4550992,4.5819234e+04
 150.4755335,4.5807332e+04
 150.4959678,4.5797605e+04
 150.5164023,4.5804402e+04
 150.5368366,4.5809809e+04
 150.5572709,4.5806031e+04
 150.5777054,4.5804348e+04
 150.5981397,4.5807469e+04
 150.6185740,4.5817215e+04
 150.6390084,4.5815488e+04
 150.6594428,4.5816922e+04
 150.6798771,4.5800730e+04
 150.7003115,4.5811176e+04
 150.7207459,4.5821105e+04
 150.7411803,4.5799875e+04
 150.7616146,4.5801641e+04
 150.7820489,4.5800863e+04
 150.8024834,4.5810031e+04
 150.8229176,4.5817988e+04
 150.8433520,4.5815961e+04
 150.8637865,4.5807426e+04
 150.8842207,4.5827211e+04
 150.9046551,4.5807180e+04
 150.9250895,4.5805984e+04
 150.9455238,4.5804625e+04
 150.9659582,4.5812738e+04
 150.9863926,4.5808812e+04
 151.0068268,4.5829500e+04
 151.0272613,4.5813047e+04
 151.0476957,4.5802090e+04
 151.0681299,4.5815230e+04
 151.0885644,4.5816586e+04
 151.1089987,4.5810637e+04
 151.1294330,4.5815059e+04
 151.1498674,4.5808234e+04
 151.1703018,4.5815410e+04
 151.1907361,4.5800691e+04
 151.2111705,4.5815199e+04
 151.2316049,4.5812965e+04
 151.2520393,4.5813676e+04
 151.2724735,4.5807547e+04
 151.2929079,4.5814141e+04
 151.3133424,4.5802738e+04
 151.3337766,4.5812234e+04
 151.3542110,4.5821418e+04
 151.3746454,4.5808719e+04
 151.3950797,4.5797508e+04
 151.4155141,4.5809711e+04
 151.4359484,4.5804121e+04
 151.4563828,4.5817723e+04
 151.4768172,4.5820977e+04
 151.4972515,4.5804320e+04
 151.5176859,4.5822762e+04
 151.5381202,4.5820859e+04
 151.5585546,4.5802680e+04
 151.5789889,4.5807406e+04
 151.5994234,4.5816418e+04
 151.6198577,4.5818750e+04
 151.6402920,4.5806402e+04
 151.6607264,         null
 151.6811607,4.5818816e+04
 151.7015951,4.5814281e+04
 151.7220295,4.5804000e+04
 151.7424638,4.5811613e+04
 151.7628982,4.5824852e+04
 151.7833325,4.5804391e+04
 151.8037668,4.5809867e+04
 151.8242012,4.5810641e+04
 151.8446356,4.5821199e+04
 151.8650699,4.5822164e+04
 151.8855043,4.5815168e+04
 151.9059387,4.5813766e+04
 151.9263729,4.5809379e+04
 151.9468073,4.5813105e+04
 151.9672417,4.5822211e+04
 151.9876761,4.5809504e+04
 152.0081104,4.5804820e+04
 152.0285448,4.5821395e+04
 152.0489792,4.5819262e+04
 152.0694134,4.5809715e+04
 152.0898478,4.5820332e+04
 152.1102822,4.5808902e+04
 152.1307165,4.5818008e+04
 152.1511508,4.5799414e+04
 152.1715852,4.5819141e+04
 152.1920196,4.5816535e+04
 152.2124539,4.5814340e+04
 152.2328883,4.5824723e+04
 152.2533227,4.5816227e+04
 152.2737570,4.5815266e+04
 152.2941913,         null
 152.3146256,4.5822004e+04
 152.3350600,4.5811105e+04
 152.3554944,4.5810414e+04
 152.3759286,4.5812293e+04
 152.3963631,4.5796832e+04
 152.4167974,4.5809645e+04
 152.4372318,4.5800559e+04
 152.4576661,4.5810148e+04
 152.4781005,4.5816023e+04
 152.4985349,4.5808312e+04
 152.5189691,4.5818590e+04
 152.5394036,4.5807820e+04
 152.5598379,4.5798770e+04
 152.5802722,4.5800180e+04
 152.6007065,4.5806594e+04
 152.6211410,4.5815457e+04
 152.6415752,4.5804328e+04
 152.6620096,         null
 152.6824439,4.5817332e+04
 152.7028783,4.5817609e+04
 152.7233126,4.5812758e+04
 152.7437470,4.5808102e+04
 152.7641814,4.5815246e+04
 152.7846157,4.5811992e+04
 152.8050500,4.5816590e+04
 152.8254843,4.5807723e+04
 152.8459187,4.5806957e+04
 152.8663531,4.5809918e+04
 152.8867873,4.5808074e+04
 152.9072218,4.5803918e+04
 152.9276561,4.5812156e+04
 152.9480905,4.5817609e+04
 152.9685247,4.5809918e+04
 152.9889592,4.5814359e+04
 153.0093935,4.5837102e+04
 153.0298278,4.5817594e+04
 153.0502622,4.5807297e+04
 153.0706965,4.5813703e+04
 153.0911308,4.5821219e+04
 153.1115651,4.5813148e+04
 153.1319996,4.5821242e+04
 153.1524338,4.5821941e+04
 153.1728682,4.5814887e+04
 153.1933025,4.5812078e+04
 153.2137370,4.5817613e+04
 153.2341713,4.5821605e+04
 153.2546056,4.5817992e+04
 153.2750400,4.5814355e+04
 153.2954744,4.5796129e+04
 153.3159086,4.5802148e+04
 153.3363430,4.5823629e+04
 153.3567773,4.5814672e+04
 153.3772116,4.5807469e+04
 153.3976460,4.5806543e+04
 153.4180804,4.5828953e+04
 153.4385148,4.5815832e+04
 153.4589490,4.5816145e+04
 153.4793834,4.5826621e+04
 153.4998178,4.5817531e+04
 153.5202521,4.5814520e+04
 153.5406864,4.5808980e+04
 153.5611208,4.5818836e+04
 153.5815551,4.5807668e+04
 153.6019894,4.5798434e+04
 153.6224238,4.5808922e+04
 153.6428581,4.5799699e+04
 153.6632925,4.5800984e+04
 153.6837268,4.5818816e+04
 153.7041610,4.5812543e+04
 153.7245955,4.5817305e+04
 153.7450298,4.5815699e+04
 153.7654641,4.5825945e+04
 153.7858985,4.5809883e+04
 153.8063329,4.5818023e+04
 153.8267671,4.5812855e+04
 153.8472014,4.5806422e+04
 153.8676359,4.5813820e+04
 153.8880701,4.5816969e+04
 153.9085045,4.5816527e+04
 153.9289389,4.5818312e+04
 153.9493732,4.5814227e+04
 153.9698075,4.5826312e+04
 153.9902418,4.5819348e+04
 154.0106763,4.5822816e+04
 154.0311105,4.5813242e+04
 154.0515448,4.5811375e+04
 154.0719793,4.5805633e+04
 154.0924135,4.5809559e+04
 154.1128479,4.5814559e+04
 154.1332822,4.5823801e+04
 154.1537165,4.5819180e+04
 154.1741509,4.5823348e+04
 154.1945852,4.5806285e+04
 154.2150195,4.5805781e+04
 154.2354539,4.5805305e+04
 154.2558882,4.5810398e+04
 154.2763225,4.5817395e+04
 154.2967569,4.5810789e+04
 154.3171912,4.5816449e+04
 154.3376255,4.5820352e+04
 154.3580598,4.5815277e+04
 154.3784942,4.5818059e+04
 154.3989285,4.5816531e+04
 154.4193628,4.5810438e+04
 154.4397973,4.5820695e+04
 154.4602316,4.5816969e+04
 154.4806658,4.5804320e+04
 154.5011002,4.5811387e+04
 154.5215346,4.5814164e+04
 154.5419688,4.5816121e+04
 154.5624032,4.5816770e+04
 154.5828376,4.5822871e+04
 154.6032718,4.5817176e+04
 154.6237062,4.5811805e+04
 154.6441405,4.5820871e+04
 154.6645748,4.5817484e+04
 154.6850092,4.5826824e+04
 154.7054435,4.5811180e+04
 154.7258779,4.5812277e+04
 154.7463122,4.5825047e+04
 154.7667465,4.5818516e+04
 154.7871808,4.5814293e+04
 154.8076152,4.5811559e+04
 154.8280495,4.5807273e+04
 154.8484837,4.5816035e+04
 154.8689182,4.5810594e+04
 154.8893525,4.5819844e+04
 154.9097868,4.5824469e+04
 154.9302212,4.5813434e+04
 154.9506555,4.5810902e+04
 154.9710898,4.5808945e+04
 154.9915242,4.5810621e+04
 155.0119584,4.5808730e+04
 155.0323928,4.5816828e+04
 155.0528272,4.5812902e+04
 155.0732614,4.5808047e+04
 155.0936958,4.5815848e+04
 155.1141302,4.5821320e+04
 155.1345644,4.5812270e+04
 155.1549987,4.5818984e+04
 155.1754332,4.5817496e+04
 155.1958675,4.5817984e+04
 155.2163017,4.5816945e+04
 155.2367360,4.5818203e+04
 155.2571705,4.5818332e+04
 155.2776047,         null
 155.2980390,4.5822016e+04
 155.3184735,4.5820148e+04
 155.3389077,4.5812535e+04
 155.3593420,4.5808328e+04
 155.3797763,4.5821980e+04
 155.4002107,4.5823535e+04
 155.4206450,4.5819742e+04
 155.4410793,4.5811340e+04
 155.4615138,4.5821359e+04
 155.4819480,4.5811668e+04
 155.5023823,4.5819125e+04
 155.5228165,4.5818578e+04
 155.5432510,4.5803770e+04
 155.5636853,         null
 155.5841195,4.5831582e+04
 155.6045539,4.5814750e+04
 155.6249883,4.5809957e+04
 155.6454226,4.5810496e+04
 155.6658568,4.5817918e+04
 155.6862912,4.5817156e+04
 155.7067256,4.5803742e+04
 155.7271598,4.5818004e+04
 155.7475941,4.5815020e+04
 155.7680286,4.5803871e+04
 155.7884628,4.5812805e+04
 155.8088971,4.5809598e+04
 155.8293315,4.5814719e+04
 155.8497657,4.5809906e+04
 155.8702001,4.5816949e+04
 155.8906344,4.5816242e+04
 155.9110688,4.5817598e+04
 155.9315030,4.5820543e+04
 155.9519374,4.5829238e+04
 155.9723718,4.5811773e+04
 155.9928060,4.5808125e+04
 156.0132403,4.5810789e+04
 156.0336746,4.5813828e+04
 156.0541090,4.5813629e+04
 156.0745433,4.5808938e+04
 156.0949776,4.5828914e+04
 156.1154120,4.5826445e+04
 156.1358463,4.5829117e+04
 156.1562806,4.5803078e+04
 156.1767148,4.5819316e+04
 156.1971492,4.5814520e+04
 156.2175836,4.5818719e+04
 156.2380178,4.5835766e+04
 156.2584521,4.5824625e+04
 156.2788865,4.5823633e+04
 156.2993207,4.5812531e+04
 156.3197551,4.5818977e+04
 156.3401895,4.5814164e+04
 156.3606237,4.5807727e+04
 156.3810580,4.5798148e+04
 156.4014923,4.5808672e+04
 156.4219268,4.5816215e+04
 156.4423610,4.5815656e+04
 156.4627953,4.5804531e+04
 156.4832297,4.5815527e+04
 156.5036639,4.5813488e+04
 156.5240983,4.5815629e+04
 156.5445326,4.5831766e+04
 156.5649669,4.5819004e+04
 156.5854012,4.5817188e+04
 156.6058355,4.5820691e+04
 156.6262698,4.5814152e+04
 156.6467042,4.5808160e+04
 156.6671385,4.5815828e+04
 156.6875728,4.5803754e+04
 156.7080071,4.5809129e+04
 156.7284414,4.5820305e+04
 156.7488757,4.5805887e+04
 156.7693100,4.5812863e+04
 156.7897444,4.5813676e+04
 156.8101787,4.5812273e+04
 156.8306130,4.5815223e+04
 156.8510473,4.5811461e+04
 156.8714816,4.5812582e+04
 156.8919160,4.5802613e+04
 156.9123502,4.5823105e+04
 156.9327846,4.5820824e+04
 156.9532189,4.5816062e+04
 156.9736531,4.5813156e+04
 156.9940875,4.5831109e+04
 157.0145218,4.5817387e+04
 157.0349561,4.5811074e+04
 157.0553904,4.5827543e+04
 157.0758248,4.5808711e+04
 157.0962590,4.5815312e+04
 157.1166933,4.5803484e+04
 157.1371277,4.5804809e+04
 157.1575620,4.5819523e+04
 157.1779963,4.5805641e+04
 157.1984306,4.5813785e+04
 157.2188650,4.5801445e+04
 157.2392992,4.5826945e+04
 157.2597335,4.5803938e+04
 157.2801678,4.5808891e+04
 157.3006021,4.5827691e+04
 157.3210364,4.5823387e+04
 157.3414708,4.5823742e+04
 157.3619051,4.5826805e+04
 157.3823394,4.5802359e+04
 157.4027737,4.5806426e+04
 157.4232079,4.5823672e+04
 157.4436423,4.5821324e+04
 157.4640766,4.5813957e+04
 157.4845108,4.5812941e+04
 157.5049452,4.5822023e+04
 157.5253795,4.5805992e+04
 157.5458138,4.5813281e+04
 157.5662481,4.5820352e+04
 157.5866825,4.5821391e+04
 157.6071167,4.5829539e+04
 157.6275510,4.5835453e+04
 157.6479854,4.5821293e+04
 157.6684197,4.5818711e+04
 157.6888539,4.5824215e+04
 157.7092882,4.5811387e+04
 157.7297226,4.5813352e+04
 157.7501568,4.5811105e+04
 157.7705912,4.5814688e+04
 157.7910256,4.5832379e+04
 157.8114598,4.5815508e+04
 157.8318941,4.5811000e+04
 157.8523284,4.5811055e+04
 157.8727627,4.5806328e+04
 157.8931970,4.5815910e+04
 157.9136313,4.5797926e+04
 157.9340655,4.5816770e+04
 157.9544999,4.5820625e+04
 157.9749342,4.5817598e+04
 157.9953684,4.5817918e+04
 158.0158028,4.5822211e+04
 158.0362371,4.5826531e+04
 158.0566713,4.5814699e+04
 158.0771056,4.5810398e+04
 158.0975400,4.5811586e+04
 158.1179744,4.5810316e+04
 158.1384086,4.5807996e+04
 158.1588430,4.5811586e+04
 158.1792773,4.5830727e+04
 158.1997115,4.5807219e+04
 158.2201458,4.5816738e+04
 158.2405802,4.5808242e+04
 158.2610144,         null
 158.2814487,4.5815977e+04
 158.3018831,4.5809160e+04
 158.3223174,4.5810461e+04
 158.3427516,4.5812816e+04
 158.3631859,4.5809723e+04
 158.3836203,4.5810051e+04
 158.4040546,4.5814047e+04
 158.4244888,4.5807168e+04
 158.4449231,4.5815770e+04
 158.4653575,4.5822801e+04
 158.4857917,4.5825008e+04
 158.5062260,4.5823082e+04
 158.5266604,4.5823305e+04
 158.5470946,4.5803457e+04
 158.5675289,4.5810727e+04
 158.5879632,4.5820492e+04
 158.6083975,4.5820000e+04
 158.6288318,4.5810676e+04
 158.6492661,4.5812367e+04
 158.6697005,4.5807414e+04
 158.6901347,4.5817742e+04
 158.7105690,4.5821355e+04
 158.7310032,4.5816492e+04
 158.7514376,4.5837637e+04
 158.7718719,4.5812742e+04
 158.7923062,4.5818285e+04
 158.8127405,4.5805418e+04
 158.8331748,4.5819160e+04
 158.8536091,4.5810574e+04
 158.8740433,4.5816621e+04
 158.8944777,4.5813621e+04
 158.9149120,4.5817246e+04
 158.9353462,4.5822602e+04
 158.9557806,4.5800020e+04
 158.9762149,4.5822367e+04
 158.9966491,4.5816953e+04
 159.0170834,4.5825336e+04
 159.0375178,4.5807309e+04
 159.0579520,4.5818770e+04
 159.0783863,4.5829367e+04
 159.0988206,4.5813535e+04
 159.1192549,4.5813953e+04
 159.1396891,4.5808633e+04
 159.1601234,4.5818102e+04
 159.1805578,4.5818730e+04
 159.2009920,4.5816297e+04
 159.2214263,4.5805980e+04
 159.2418605,4.5821488e+04
 159.2622949,4.5821164e+04
 159.2827292,4.5800758e+04
 159.3031635,4.5808750e+04
 159.3235978,4.5809684e+04
 159.3440321,4.5812043e+04
 159.3644664,4.5812402e+04
 159.3849006,4.5819898e+04
 159.4053350,4.5818316e+04
 159.4257693,4.5824535e+04
 159.4462034,4.5819902e+04
 159.4666378,4.5826910e+04
 159.4870721,4.5829758e+04
 159.5075063,4.5827383e+04
 159.5279406,4.5816961e+04
 159.5483750,4.5829480e+04
 159.5688092,4.5829879e+04
 159.5892435,4.5805133e+04
 159.6096778,4.5819637e+04
 159.6301122,4.5830027e+04
 159.6505464,4.5819141e+04
 159.6709807,4.5813250e+04
 159.6914150,4.5817246e+04
 159.7118492,4.5808562e+04
 159.7322835,4.5818797e+04
 159.7527178,4.5809418e+04
 159.7731521,4.5802656e+04
 159.7935864,4.5818332e+04
 159.8140207,4.5816223e+04
 159.8344550,4.5810340e+04
 159.8548893,4.5821230e+04
 159.8753235,4.5811781e+04
 159.8957577,4.5806504e+04
 159.9161921,4.5817102e+04
 159.9366264,4.5823965e+04
 159.9570607,4.5812457e+04
 159.9774950,4.5808996e+04
 159.9979293,4.5817324e+04
 160.0183636,4.5823098e+04
 160.0387978,4.5811406e+04
 160.0592321,4.5816500e+04
 160.0796664,4.5822039e+04
 160.1001007,4.5819754e+04
 160.1205349,4.5827117e+04
 160.1409693,4.5824840e+04
 160.1614036,4.5812703e+04
 160.1818378,4.5824090e+04
 160.2022721,4.5845738e+04
 160.2227064,4.5824039e+04
 160.2431406,4.5828344e+04
 160.2635749,4.5821238e+04
 160.2840093,4.5825156e+04
 160.3044435,4.5808961e+04
 160.3248777,4.5821891e+04
 160.3453121,4.5814461e+04
 160.3657464,4.5815977e+04
 160.3861806,4.5825160e+04
 160.4066149,4.5819344e+04
 160.4270493,4.5820805e+04
 160.4474834,4.5816965e+04
 160.4679177,4.5824234e+04
 160.4883521,4.5819902e+04
 160.5087863,4.5803000e+04
 160.5292206,4.5815484e+04
 160.5496549,4.5842234e+04
 160.5700891,4.5814082e+04
 160.5905234,4.5820074e+04
 160.6109577,4.5817309e+04
 160.6313919,4.5813336e+04
 160.6518263,4.5810375e+04
 160.6722605,4.5819543e+04
 160.6926947,4.5826441e+04
 160.7131291,4.5807328e+04
 160.7335634,4.5812949e+04
 160.7539976,4.5827535e+04
 160.7744318,4.5808285e+04
 160.7948662,4.5804457e+04
 160.8153005,4.5813461e+04
 160.8357347,4.5799387e+04
 160.8561691,4.5816953e+04
 160.8766033,4.5828613e+04
 160.8970375,4.5826293e+04
 160.9174718,4.5830316e+04
 160.9379062,4.5831602e+04
 160.9583404,4.5819457e+04
 160.9787746,4.5813117e+04
 160.9992090,4.5820730e+04
 161.0196432,4.5820797e+04
 161.0400775,4.5809949e+04
 161.0605117,4.5828191e+04
 161.0809460,4.5808793e+04
 161.1013803,4.5807996e+04
 161.1218146,4.5814938e+04
 161.1422490,4.5814555e+04
 161.1626831,4.5816527e+04
 161.1831174,4.5829406e+04
 161.2035516,4.5812523e+04
 161.2239860,4.5808031e+04
 161.2444202,         null
 161.2648545,4.5825375e+04
 161.2852887,4.5808676e+04
 161.3057231,4.5828340e+04
 161.3261573,4.5818891e+04
 161.3465915,4.5819906e+04
 161.3670259,4.5830902e+04
 161.3874602,4.5811648e+04
 161.4078943,4.5822762e+04
 161.4283286,4.5818199e+04
 161.4487630,4.5830391e+04
 161.4691972,4.5819121e+04
 161.4896314,4.5821543e+04
 161.5100658,4.5820867e+04
 161.5305000,4.5815867e+04
 161.5509342,4.5807332e+04
 161.5713685,4.5805047e+04
 161.5918029,4.5817539e+04
 161.6122371,4.5816859e+04
 161.6326713,4.5812102e+04
 161.6531057,4.5833980e+04
 161.6735400,4.5816914e+04
 161.6939741,4.5811984e+04
 161.7144084,4.5797191e+04
 161.7348428,4.5826469e+04
 161.7552770,4.5812102e+04
 161.7757112,4.5813273e+04
 161.7961455,4.5824543e+04
 161.8165798,4.5822078e+04
 161.8370140,4.5811867e+04
 161.8574483,4.5824879e+04
 161.8778827,4.5822602e+04
 161.8983168,4.5786094e+04
 161.9187511,4.5820172e+04
 161.9391853,4.5814504e+04
 161.9596197,4.5826473e+04
 161.9800539,4.5821145e+04
 162.0004882,4.5835324e+04
 162.0209225,4.5813082e+04
 162.0413567,4.5807547e+04
 162.0617910,4.5814957e+04
 162.0822252,4.5830367e+04
 162.1026595,4.5821180e+04
 162.1230938,4.5824520e+04
 162.1435280,4.5822434e+04
 162.1639623,4.5812039e+04
 162.1843966,4.5819223e+04
 162.2048308,4.5825977e+04
 162.2252650,4.5839051e+04
 162.2456994,4.5821109e+04
 162.2661336,4.5824934e+04
 162.2865678,4.5826734e+04
 162.3070022,4.5827168e+04
 162.3274365,4.5825801e+04
 162.3478706,4.5821809e+04
 162.3683049,4.5798602e+04
 162.3887392,4.5811039e+04
 162.4091734,4.5818969e+04
 162.4296077,4.5820953e+04
 162.4500418,4.5820070e+04
 162.4704762,4.5798477e+04
 162.4909105,4.5805512e+04
 162.5113441,4.5813652e+04
 162.5317785,4.5817043e+04
 162.5522127,4.5827586e+04
 162.5726469,4.5834023e+04
 162.5930812,4.5823133e+04
 162.6135155,4.5827496e+04
 162.6339497,4.5816914e+04
 162.6543840,4.5821742e+04
 162.6748183,4.5821297e+04
 162.6952525,4.5815355e+04
 162.7156868,4.5832328e+04
 162.7361210,4.5827875e+04
 162.7565553,4.5823082e+04
 162.7769895,4.5836992e+04
 162.7974238,4.5813102e+04
 162.8178581,4.5818691e+04
 162.8382923,4.5824312e+04
 162.8587266,4.5820770e+04
 162.8791607,4.5827602e+04
 162.8995951,4.5817840e+04
 162.9200294,4.5818875e+04
 162.9404635,4.5819219e+04
 162.9608978,4.5827531e+04
 162.9813321,4.5820242e+04
 163.0017663,4.5829699e+04
 163.0222005,4.5814719e+04
 163.0426349,4.5823266e+04
 163.0630692,4.5823176e+04
 163.0835033,4.5817445e+04
 163.1039376,4.5819641e+04
 163.1243719,4.5812484e+04
 163.1448061,4.5826812e+04
 163.1652404,4.5827887e+04
 163.1856747,4.5821430e+04
 163.2061089,4.5823250e+04
 163.2265431,4.5819812e+04
 163.2469774,4.5828965e+04
 163.2674116,4.5820828e+04
 163.2878459,4.5814586e+04
 163.3082801,4.5810820e+04
 163.3287145,4.5829762e+04
 163.3491487,4.5812297e+04
 163.3695829,4.5817422e+04
 163.3900171,4.5810500e+04
 163.4104514,4.5805926e+04
 163.4308857,4.5811281e+04
 163.4513198,4.5815625e+04
 163.4717542,4.5827020e+04
 163.4921884,4.5817598e+04
 163.5126227,4.5815969e+04
 163.5330568,4.5837801e+04
 163.5534912,4.5812336e+04
 163.5739254,4.5816246e+04
 163.5943596,4.5826504e+04
 163.6147939,4.5830238e+04
 163.6352282,4.5825293e+04
 163.6556624,4.5812996e+04
 163.6760966,4.5829168e+04
 163.6965310,4.5832262e+04
 163.7169651,4.5829926e+04
 163.7373994,4.5833789e+04
 163.7578336,4.5830875e+04
 163.7782679,4.5816738e+04
 163.7987021,4.5833012e+04
 163.8191364,4.5829855e+04
 163.8395707,4.5827793e+04
 163.8600049,4.5821871e+04
 163.8804391,4.5823008e+04
 163.9008733,4.5821625e+04
 163.9213076,4.5822070e+04
 163.9417419,4.5823160e+04
 163.9621761,4.5829457e+04
 163.9826104,4.5827270e+04
 164.0030446,4.5830777e+04
 164.0234789,4.5819676e+04
 164.0439130,4.5826082e+04
 164.0643474,4.5820141e+04
 164.0847816,4.5825367e+04
 164.1052158,4.5827473e+04
 164.1256500,4.5805422e+04
 164.1460843,4.5816004e+04
 164.1665185,4.5820809e+04
 164.1869527,4.5818578e+04
 164.2073871,4.5841934e+04
 164.2278213,         null
 164.2482555,4.5817793e+04
 164.2686897,4.5812535e+04
 164.2891240,4.5817387e+04
 164.3095582,4.5804391e+04
 164.3299925,4.5829957e+04
 164.3504268,4.5828902e+04
 164.3708610,4.5810004e+04
 164.3912952,4.5822891e+04
 164.4117294,4.5822090e+04
 164.4321637,4.5830184e+04
 164.4525979,4.5819703e+04
 164.4730322,4.5830070e+04
 164.4934665,4.5818039e+04
 164.5139007,4.5817461e+04
 164.5343349,4.5834777e+04
 164.5547691,4.5816832e+04
 164.5752034,4.5811383e+04
 164.5956376,4.5829211e+04
 164.6160719,4.5812551e+04
 164.6365060,4.5821004e+04
 164.6569404,4.5803445e+04
 164.6773746,4.5816281e+04
 164.6978088,4.5825168e+04
 164.7182431,4.5814492e+04
 164.7386773,4.5812816e+04
 164.7591116,4.5816512e+04
 164.7795457,4.5817840e+04
 164.7999800,4.5808801e+04
 164.8204143,4.5820922e+04
 164.8408484,4.5823965e+04
 164.8612828,4.5823211e+04
 164.8817170,4.5824176e+04
 164.9021511,4.5820559e+04
 164.9225854,4.5813555e+04
 164.9430197,4.5811762e+04
 164.9634539,4.5812941e+04
 164.9838881,4.5808219e+04
