        TIME,  PDCSAP_FLUX
 131.5122767,7.6941953e+03
 131.5327113,7.6797939e+03
 131.5531458,7.6833462e+03
 131.5735802,7.6782397e+03
 131.5940147,7.6800859e+03
 131.6144493,7.6775684e+03
 131.6348837,7.6832153e+03
 131.6553182,7.6808550e+03
 131.6757528,7.6846304e+03
 131.6961873,7.6758696e+03
 131.7166217,7.6841680e+03
 131.7370562,7.6848467e+03
 131.7574908,7.6730630e+03
 131.7779251,7.6780747e+03
 131.7983596,7.6752896e+03
 131.8187942,7.6814727e+03
 131.8392286,7.6799155e+03
 131.8596631,7.6830952e+03
 131.8800976,7.6793887e+03
 131.9005321,7.6731719e+03
 131.9209666,7.6816821e+03
 131.9414011,7.6854062e+03
 131.9618356,7.6722021e+03
 131.9822701,7.6793022e+03
 132.0027046,7.6761343e+03
 132.0231390,7.6755981e+03
 132.0435736,7.6826831e+03
 132.0640081,7.6756655e+03
 132.0844425,7.6760889e+03
 132.1048770,7.6788784e+03
 132.1253116,7.6758599e+03
 132.1457460,7.6781118e+03
 132.1661805,7.6827637e+03
 132.1866151,7.6829111e+03
 132.2070496,7.6787275e+03
 132.2274840,7.6762222e+03
 132.2479185,7.6743525e+03
 132.2683531,7.6764810e+03
 132.2887875,7.6791743e+03
 132.3092220,7.6815308e+03
 132.3296565,7.6757812e+03
 132.3500909,7.6730713e+03
 132.3705254,7.6682510e+03
 132.3909599,7.6718662e+03
 132.4113944,7.6735396e+03
 132.4318289,7.6776387e+03
 132.4522634,7.6707212e+03
 132.4726980,7.6760464e+03
 132.4931324,7.6663940e+03
 132.5135669,7.6759023e+03
 132.5340013,7.6707549e+03
 132.5544359,7.6813784e+03
 132.5748704,7.6764312e+03
 132.5953048,7.6857456e+03
 132.6157394,7.6757202e+03
 132.6361739,7.6758154e+03
 132.6566084,7.6649482e+03
 132.6770428,7.6682148e+03
 132.6974774,7.6745361e+03
 132.7179119,7.6876719e+03
 132.7383462,7.6721211e+03
 132.7587808,7.6726475e+03
 132.7792153,7.6762402e+03
 132.7996497,7.6728911e+03
 132.8200842,7.6697920e+03
 132.8405188,7.6774976e+03
 132.8609532,7.6669854e+03
 132.8813877,7.6740762e+03
 132.9018223,7.6805269e+03
 132.9222567,7.6808643e+03
 132.9426912,7.6696606e+03
 132.9631257,7.6741455e+03
 132.9835603,7.6747964e+03
 133.0039947,7.6749634e+03
 133.0244292,7.6796958e+03
 133.0448637,7.6731479e+03
 133.0652981,7.6707207e+03
 133.0857326,7.6728843e+03
 133.1061671,7.6761440e+03
 133.1266016,7.6784043e+03
 133.1470361,7.6770479e+03
 133.1674706,7.6680186e+03
 133.1879051,7.6706543e+03
 133.2083397,7.6753726e+03
 133.2287741,7.6787373e+03
 133.2492086,7.6766104e+03
 133.2696431,7.6767637e+03
 133.2900776,7.6799170e+03
 133.3105121,7.6779287e+03
 133.3309464,7.6750459e+03
 133.3513810,7.6696714e+03
 133.3718155,7.6773481e+03
 133.3922500,7.6776802e+03
 133.4126845,7.6709224e+03
 133.4331190,7.6785713e+03
 133.4535535,7.6770732e+03
 133.4739879,7.6741655e+03
 133.4944225,7.6784683e+03
 133.5148570,7.6772231e+03
 133.5352914,7.6787720e+03
 133.5557260,7.6790796e+03
 133.5761605,7.6727769e+03
 133.5965948,7.6735557e+03
 133.6170293,7.6713027e+03
 133.6374639,7.6796392e+03
 133.6578984,7.6763862e+03
 133.6783328,7.6767363e+03
 133.6987674,7.6786743e+03
 133.7192019,7.6734634e+03
 133.7396363,7.6745332e+03
 133.7600708,7.6787061e+03
 133.7805054,7.6771094e+03
 133.8009398,7.6711562e+03
 133.8213742,7.6705713e+03
 133.8418087,7.6830952e+03
 133.8622432,7.6815547e+03
 133.8826777,7.6783330e+03
 133.9031122,7.6857900e+03
 133.9235467,7.6793330e+03
 133.9439812,7.6746060e+03
 133.9644157,7.6732695e+03
 133.9848501,7.6848350e+03
 134.0052847,7.6806353e+03
 134.0257191,7.6780796e+03
 134.0461535,7.6785220e+03
 134.0665881,7.6762432e+03
 134.0870226,7.6820737e+03
 134.1074570,7.6797876e+03
 134.1278915,7.6769136e+03
 134.1483261,7.6778286e+03
 134.1687606,7.6760728e+03
 134.1891950,7.6719541e+03
 134.2096296,7.6755498e+03
 134.2300640,7.6799980e+03
 134.2504984,7.6799580e+03
 134.2709329,7.6762124e+03
 134.2913675,7.6815762e+03
 134.3118019,7.6751865e+03
 134.3322364,7.6758765e+03
 134.3526710,7.6792036e+03
 134.3731054,7.6832515e+03
 134.3935399,         null
 134.4139743,7.6777554e+03
 134.4344088,7.6753296e+03
 134.4548433,7.6784233e+03
 134.4752778,7.6791045e+03
 134.4957124,7.6732671e+03
 134.5161468,7.6810933e+03
 134.5365813,7.6816689e+03
 134.5570157,7.6778711e+03
 134.5774502,7.6838403e+03
 134.5978847,7.6773345e+03
 134.6183191,7.6842212e+03
 134.6387536,7.6787803e+03
 134.6591882,7.6736450e+03
 134.6796227,7.6781060e+03
 134.7000572,7.6841548e+03
 134.7204917,7.6807271e+03
 134.7409261,7.6869995e+03
 134.7613605,7.6779614e+03
 134.7817950,7.6724351e+03
 134.8022296,7.6820601e+03
 134.8226641,7.6834976e+03
 134.8430985,7.6801504e+03
 134.8635331,7.6773232e+03
 134.8839676,7.6745171e+03
 134.9044020,7.6803989e+03
 134.9248364,7.6849150e+03
 134.9452710,7.6820796e+03
 134.9657055,7.6893032e+03
 134.9861399,7.6707588e+03
 135.0065745,7.6821040e+03
 135.0270090,7.6768643e+03
 135.0474433,7.6848911e+03
 135.0678778,7.6839307e+03
 135.0883124,7.6887290e+03
 135.1087468,7.6807451e+03
 135.1291813,7.6787866e+03
 135.1496159,7.6834575e+03
 135.1700504,7.6835469e+03
 135.1904847,7.6798892e+03
 135.2109192,7.6868555e+03
 135.2313538,7.6894082e+03
 135.2517882,7.6874673e+03
 135.2722227,7.6875630e+03
 135.2926571,7.6851753e+03
 135.3130917,7.6903701e+03
 135.3335261,7.6818008e+03
 135.3539605,7.6884146e+03
 135.3743951,7.6821416e+03
 135.3948296,7.6830474e+03
 135.4152641,7.6767905e+03
 135.4356985,7.6904512e+03
 135.4561331,7.6850830e+03
 135.4765675,7.6834370e+03
 135.4970019,7.6868271e+03
 135.5174365,7.6830029e+03
 135.5378710,7.6915864e+03
 135.5583054,7.6840659e+03
 135.5787399,7.6880396e+03
 135.5991744,7.6868452e+03
 135.6196088,7.6924434e+03
 135.6400433,7.6847759e+03
 135.6604779,7.6927720e+03
 135.6809124,7.6933252e+03
 135.7013468,7.6890337e+03
 135.7217812,7.6929009e+03
 135.7422158,7.6935381e+03
 135.7626502,7.6889688e+03
 135.7830847,7.7004214e+03
 135.8035193,7.6959517e+03
 135.8239537,7.6985225e+03
 135.8443881,7.6927251e+03
 135.8648226,7.6907974e+03
 135.8852571,7.6961621e+03
 135.9056916,7.6923403e+03
 135.9261261,7.6896680e+03
 135.9465605,7.6932480e+03
 135.9669950,7.6934531e+03
 135.9874295,7.6906392e+03
 136.0078639,7.7008774e+03
 136.0282985,7.6998057e+03
 136.0487330,7.6991694e+03
 136.0691674,7.7012886e+03
 136.0896018,7.6984434e+03
 136.1100364,7.6965151e+03
 136.1304709,7.7041650e+03
 136.1509053,7.7007119e+03
 136.1713399,7.6963472e+03
 136.1917744,7.7073242e+03
 136.2122087,7.6978208e+03
 136.2326432,7.6986064e+03
 136.2530778,7.7042222e+03
 136.2735122,7.7083999e+03
 136.2939467,7.7048721e+03
 136.3143812,7.7003950e+03
 136.3348156,7.7030596e+03
 136.3552501,7.7022500e+03
 136.3756846,7.7011323e+03
 136.3961191,7.7078604e+03
 136.4165535,7.7046733e+03
 136.4369880,7.7042686e+03
 136.4574226,7.7074155e+03
 136.4778570,7.6984370e+03
 136.4982915,7.7034834e+03
 136.5187259,7.6984409e+03
 136.5391604,7.7006509e+03
 136.5595949,7.7011167e+03
 136.5800294,7.6983477e+03
 136.6004639,7.7011016e+03
 136.6208984,7.7067227e+03
 136.6413328,7.7131479e+03
 136.6617673,7.7042271e+03
 136.6822018,7.7087617e+03
 136.7026363,7.7086313e+03
 136.7230708,7.7070039e+03
 136.7435051,7.7110430e+03
 136.7639397,7.7071113e+03
 136.7843742,7.7086528e+03
 136.8048086,7.7040820e+03
 136.8252431,7.7177217e+03
 136.8456776,7.7171753e+03
 136.8661121,7.7178901e+03
 136.8865465,7.7138223e+03
 136.9069811,7.7215078e+03
 136.9274155,7.7104722e+03
 136.9478499,7.7163726e+03
 136.9682845,7.7288872e+03
 136.9887190,7.7088242e+03
 137.0091534,7.7205913e+03
 137.0295878,7.7144976e+03
 137.0500224,7.7144990e+03
 137.0704568,7.7140596e+03
 137.0908913,7.7121177e+03
 137.1113258,7.7202646e+03
 137.1317602,7.7194058e+03
 137.1521947,7.7189268e+03
 137.1726292,7.7187827e+03
 137.1930638,7.7317729e+03
 137.2134981,7.7207651e+03
 137.2339326,7.7219448e+03
 137.2543670,7.7230771e+03
 137.2748016,7.7250522e+03
 137.2952360,7.7246235e+03
 137.3156704,7.7215332e+03
 137.3361050,7.7241606e+03
 137.3565395,7.7187231e+03
 137.3769740,         null
 137.3974083,7.7279316e+03
 137.4178429,7.7222197e+03
 137.4382774,7.7301719e+03
 137.4587118,7.7314097e+03
 137.4791463,7.7153916e+03
 137.4995808,7.7275771e+03
 137.5200152,7.7272104e+03
 137.5404497,7.7348232e+03
 137.5608842,7.7301792e+03
 137.5813186,7.7288730e+03
 137.6017531,7.7296602e+03
 137.6221877,7.7277568e+03
 137.6426221,7.7264312e+03
 137.6630565,7.7258677e+03
 137.6834910,7.7255527e+03
 137.7039256,7.7287788e+03
 137.7243600,7.7287495e+03
 137.7447944,7.7222720e+03
 137.7652290,7.7307568e+03
 137.7856634,7.7287925e+03
 137.8060979,7.7372305e+03
 137.8265322,7.7296182e+03
 137.8469668,7.7268862e+03
 137.8674013,7.7229575e+03
 137.8878358,7.7322524e+03
 137.9082701,7.7353623e+03
 137.9287047,7.7329658e+03
 137.9491392,7.7329585e+03
 137.9695735,7.7303921e+03
 137.9900081,7.7376914e+03
 138.0104426,7.7339023e+03
 138.0308770,7.7326523e+03
 138.0513114,7.7320571e+03
 138.0717460,7.7295884e+03
 138.0921805,7.7324814e+03
 138.1126149,7.7338296e+03
 138.1330494,7.7392861e+03
 138.1534839,7.7287710e+03
 138.1739183,7.7337329e+03
 138.1943528,7.7327812e+03
 138.2147873,7.7326533e+03
 138.2352218,7.7403828e+03
 138.2556562,7.7397383e+03
 138.2760908,7.7330767e+03
 138.2965252,7.7323384e+03
 138.3169596,7.7407495e+03
 138.3373941,7.7372339e+03
 138.3578286,7.7330923e+03
 138.3782631,7.7410205e+03
 138.3986975,7.7392402e+03
 138.4191321,7.7343877e+03
 138.4395665,7.7299917e+03
 138.4600009,7.7334517e+03
 138.4804354,7.7278008e+03
 138.5008700,7.7344448e+03
 138.5213043,7.7378525e+03
 138.5417388,7.7372979e+03
 138.5621733,7.7396919e+03
 138.5826077,7.7347246e+03
 138.6030422,7.7380171e+03
 138.6234767,7.7312695e+03
 138.6439112,7.7364019e+03
 138.6643456,7.7375356e+03
 138.6847801,7.7360493e+03
 138.7052145,7.7338638e+03
 138.7256490,7.7328921e+03
 138.7460835,7.7359238e+03
 138.7665179,7.7375601e+03
 138.7869524,7.7390796e+03
 138.8073869,7.7284170e+03
 138.8278213,7.7349395e+03
 138.8482558,7.7293813e+03
 138.8686903,7.7366826e+03
 138.8891248,7.7359399e+03
 138.9095592,7.7355513e+03
 138.9299937,7.7323203e+03
 138.9504282,7.7359521e+03
 138.9708626,7.7396162e+03
 138.9912971,7.7386357e+03
 139.0117316,7.7364292e+03
 139.0321660,7.7316997e+03
 139.0526005,7.7362686e+03
 139.0730350,7.7363345e+03
 139.0934694,7.7432368e+03
 139.1139039,7.7398228e+03
 139.1343383,7.7298076e+03
 139.1547728,7.7349438e+03
 139.1752073,7.7374780e+03
 139.1956417,7.7350464e+03
 139.2160761,7.7362002e+03
 139.2365107,7.7334658e+03
 139.2569452,7.7380298e+03
 139.2773795,7.7405259e+03
 139.2978141,7.7303394e+03
 139.3182486,7.7354844e+03
 139.3386830,7.7368198e+03
 139.3591174,7.7354512e+03
 139.3795520,7.7349204e+03
 139.3999864,7.7294365e+03
 139.4204208,7.7403145e+03
 139.4408554,7.7347778e+03
 139.4612898,7.7358262e+03
 139.4817242,7.7339717e+03
 139.5021587,7.7336411e+03
 139.5225932,7.7368223e+03
 139.5430276,7.7319810e+03
 139.5634621,7.7318564e+03
 139.5838966,7.7301294e+03
 139.6043310,7.7308599e+03
 139.6247655,7.7415635e+03
 139.6451999,7.7294150e+03
 139.6656345,7.7370879e+03
 139.6860689,7.7302876e+03
 139.7065033,7.7362505e+03
 139.7269378,7.7341250e+03
 139.7473723,7.7330439e+03
 139.7678067,7.7366079e+03
 139.7882412,7.7318022e+03
 139.8086757,7.7364800e+03
 139.8291101,7.7285698e+03
 139.8495446,7.7283540e+03
 139.8699791,7.7358896e+03
 139.8904135,7.7329229e+03
 139.9108480,7.7308667e+03
 139.9312825,7.7366836e+03
 139.9517170,7.7349580e+03
 139.9721514,7.7308389e+03
 139.9925859,7.7327222e+03
 140.0130202,7.7294165e+03
 140.0334548,7.7299888e+03
 140.0538892,7.7278818e+03
 140.0743237,7.7265571e+03
 140.0947582,7.7197285e+03
 140.1151926,7.7206235e+03
 140.1356271,7.7297539e+03
 140.1560615,7.7267466e+03
 140.1764960,7.7311992e+03
 140.1969305,7.7216328e+03
 140.2173649,7.7283682e+03
 140.2377994,7.7257329e+03
 140.2582339,7.7253589e+03
 140.2786683,7.7267441e+03
 140.2991027,7.7225205e+03
 140.3195373,7.7307949e+03
 140.3399716,7.7226567e+03
 140.3604061,         null
 140.3808406,7.7253525e+03
 140.4012751,7.7229937e+03
 140.4217095,7.7238687e+03
 140.4421440,7.7191177e+03
 140.4625785,7.7238481e+03
 140.4830129,7.7216216e+03
 140.5034473,7.7255840e+03
 140.5238817,7.7226172e+03
 140.5443163,7.7200640e+03
 140.5647507,7.7086846e+03
 140.5851852,7.7230854e+03
 140.6056197,7.7169419e+03
 140.6260541,7.7179604e+03
 140.6464886,7.7215186e+03
 140.6669229,7.7189502e+03
 140.6873575,7.7205518e+03
 140.7077920,7.7179888e+03
 140.7282263,7.7111636e+03
 140.7486609,7.7133638e+03
 140.7690954,7.7166904e+03
 140.7895297,7.7136733e+03
 140.8099642,7.7171035e+03
 140.8303987,7.7089634e+03
 140.8508332,7.7122925e+03
 140.8712676,7.7194106e+03
 140.8917020,7.7208403e+03
 140.9121366,7.7152300e+03
 140.9325709,7.7091396e+03
 140.9530054,7.7118188e+03
 140.9734400,7.7096758e+03
 140.9938743,7.7106611e+03
 141.0143088,7.7099663e+03
 141.0347432,7.7063174e+03
 141.0551777,7.7082480e+03
 141.0756122,7.7159683e+03
 141.0960466,7.7020693e+03
 141.1164811,7.7077041e+03
 141.1369155,7.7156963e+03
 141.1573500,7.7133926e+03
 141.1777844,7.7081753e+03
 141.1982189,7.7084160e+03
 141.2186534,7.7062632e+03
 141.2390877,7.7085850e+03
 141.2595223,7.7034663e+03
 141.2799567,7.7129858e+03
 141.3003911,7.7122993e+03
 141.3208256,7.7092910e+03
 141.3412601,7.7077402e+03
 141.3616946,7.7106089e+03
 141.3821289,7.7092593e+03
 141.4025634,7.7039927e+03
 141.4229980,7.7089863e+03
 141.4434324,7.6996855e+03
 141.4638668,7.7026318e+03
 141.4843013,7.7025010e+03
 141.5047358,7.7070488e+03
 141.5251701,7.7061230e+03
 141.5456046,7.7010435e+03
 141.5660391,7.7028770e+03
 141.5864736,7.7054985e+03
 141.6069080,7.6907676e+03
 141.6273425,7.6908936e+03
 141.6477770,7.6971919e+03
 141.6682113,7.7033057e+03
 141.6886458,7.7016299e+03
 141.7090804,7.6956133e+03
 141.7295147,7.6938584e+03
 141.7499492,7.6919092e+03
 141.7703837,7.6962856e+03
 141.7908181,7.6972222e+03
 141.8112525,7.6911206e+03
 141.8316870,7.6945112e+03
 141.8521214,7.6913345e+03
 141.8725559,7.6961094e+03
 141.8929904,7.6930464e+03
 141.9134249,7.6914692e+03
 141.9338593,7.6908765e+03
 141.9542937,7.6944302e+03
 141.9747281,7.6881880e+03
 141.9951626,7.6948955e+03
 142.0155971,7.6937515e+03
 142.0360314,7.6877261e+03
 142.0564659,7.6901934e+03
 142.0769005,7.6966084e+03
 142.0973349,7.6900332e+03
 142.1177693,7.6945283e+03
 142.1382038,7.6944170e+03
 142.1586383,7.6928599e+03
 142.1790726,7.6880762e+03
 142.1995071,7.6913667e+03
 142.2199416,7.6947710e+03
 142.2403760,7.6885537e+03
 142.2608104,7.6926724e+03
 142.2812450,7.6862798e+03
 142.3016793,7.6887061e+03
 142.3221138,7.6818252e+03
 142.3425483,7.6837295e+03
 142.3629828,7.6928457e+03
 142.3834172,7.6958672e+03
 142.4038516,7.6840562e+03
 142.4242862,7.6768604e+03
 142.4447205,7.6823779e+03
 142.4651550,7.6901724e+03
 142.4855893,7.6854487e+03
 142.5060239,7.6945322e+03
 142.5264583,7.6810088e+03
 142.5468928,7.6836841e+03
 142.5673271,7.6903228e+03
 142.5877617,7.6897290e+03
 142.6081961,7.6831768e+03
 142.6286305,7.6878276e+03
 142.6490650,7.6856196e+03
 142.6694995,7.6825869e+03
 142.6899338,7.6852930e+03
 142.7103683,7.6867866e+03
 142.7308028,7.6836987e+03
 142.7512372,7.6886528e+03
 142.7716716,7.6888906e+03
 142.7921062,7.6874629e+03
 142.8125405,7.6772129e+03
 142.8329750,7.6860273e+03
 142.8534094,7.6855581e+03
 142.8738440,7.6859326e+03
 142.8942783,7.6772896e+03
 142.9147128,7.6892734e+03
 142.9351473,7.6830269e+03
 142.9555817,7.6877422e+03
 142.9760161,7.6893682e+03
 142.9964505,7.6915254e+03
 143.0168850,7.6879805e+03
 143.0373195,7.6838027e+03
 143.0577539,7.6926118e+03
 143.0781884,7.6842847e+03
 143.0986228,7.6858301e+03
 143.1190573,7.6798232e+03
 143.1394917,7.6842783e+03
 143.1599262,7.6893799e+03
 143.1803606,7.6846094e+03
 143.2007950,7.6879204e+03
 143.2212294,7.6916880e+03
 143.2416640,7.6749888e+03
 143.2620984,7.6833765e+03
 143.2825329,7.6805215e+03
 143.3029673,7.6844941e+03
 143.3234018,7.6794243e+03
 143.3438362,         null
 143.3642706,7.6830928e+03
 143.3847051,7.6780938e+03
 143.4051396,7.6938569e+03
 143.4255739,7.6799175e+03
 143.4460084,7.6853945e+03
 143.4664429,7.6838667e+03
 143.4868772,7.6830859e+03
 143.5073117,7.6844707e+03
 143.5277462,7.6822505e+03
 143.5481807,7.6788179e+03
 143.5686150,7.6857832e+03
 143.5890496,7.6865278e+03
 143.6094840,7.6889707e+03
 143.6299184,7.6700562e+03
 143.6503528,7.6880835e+03
 143.6707874,7.6851323e+03
 143.6912217,7.6864829e+03
 143.7116561,7.6819858e+03
 143.7320906,7.6846826e+03
 143.7525250,7.6878369e+03
 143.7729595,7.6918145e+03
 143.7933939,7.6846802e+03
 143.8138284,7.6821606e+03
 143.8342628,7.6851758e+03
 143.8546973,7.6956826e+03
 143.8751316,7.6850986e+03
 143.8955662,7.6828662e+03
 143.9160006,7.6901172e+03
 143.9364349,7.6884111e+03
 143.9568695,7.6848203e+03
 143.9773039,7.6903735e+03
 143.9977383,7.6893345e+03
 144.0181727,7.6898447e+03
 144.0386073,7.6805356e+03
 144.0590417,7.6869907e+03
 144.0794760,7.6843911e+03
 144.0999106,7.6856152e+03
 144.1203450,7.6880752e+03
 144.1407794,7.6925303e+03
 144.1612138,7.6870840e+03
 144.1816484,7.6883813e+03
 144.2020827,7.6826572e+03
 144.2225171,7.6936665e+03
 144.2429517,7.6924004e+03
 144.2633860,7.6807295e+03
 144.2838205,7.6869795e+03
 144.3042549,7.6845386e+03
 144.3246894,7.6797314e+03
 144.3451238,7.6880591e+03
 144.3655582,7.6895059e+03
 144.3859926,7.6869419e+03
 144.4064271,7.6885415e+03
 144.4268616,7.6875273e+03
 144.4472959,7.6913765e+03
 144.4677305,7.6861318e+03
 144.4881649,7.6894902e+03
 144.5085992,7.6876074e+03
 144.5290337,7.6923457e+03
 144.5494682,7.6934297e+03
 144.5699027,7.6813794e+03
 144.5903370,7.6953940e+03
 144.6107715,7.6978052e+03
 144.6312060,7.6946484e+03
 144.6516403,7.6844634e+03
 144.6720748,7.6864214e+03
 144.6925093,7.6964653e+03
 144.7129436,7.6920562e+03
 144.7333781,7.6973794e+03
 144.7538126,7.6903086e+03
 144.7742470,7.6925576e+03
 144.7946814,7.6968047e+03
 144.8151158,7.6894976e+03
 144.8355504,7.6929585e+03
 144.8559847,7.6875718e+03
 144.8764191,7.6912720e+03
 144.8968536,7.7004971e+03
 144.9172880,7.6934766e+03
 144.9377225,7.7056958e+03
 144.9581569,7.6895171e+03
 144.9785914,7.6868003e+03
 144.9990258,7.6917808e+03
 145.0194602,7.6902402e+03
 145.0398947,7.6902363e+03
 145.0603291,7.6957314e+03
 145.0807635,7.6909180e+03
 145.1011980,7.6947710e+03
 145.1216325,7.6873140e+03
 145.1420668,7.6915176e+03
 145.1625013,7.6936909e+03
 145.1829356,7.6932944e+03
 145.2033702,7.6967632e+03
 145.2238046,7.6980156e+03
 145.2442389,7.6936968e+03
 145.2646735,7.6954927e+03
 145.2851079,7.6950840e+03
 145.3055423,7.6938394e+03
 145.3259767,7.6987212e+03
 145.3464112,7.6926729e+03
 145.3668456,7.6895020e+03
 145.3872800,7.7009756e+03
 145.4077145,7.6917354e+03
 145.4281489,7.6957695e+03
 145.4485833,7.7055840e+03
 145.4690177,7.6965225e+03
 145.4894523,7.6987036e+03
 145.5098866,7.6881909e+03
 145.5303210,7.6994712e+03
 145.5507555,7.7008140e+03
 145.5711900,7.7037427e+03
 145.5916243,7.6992217e+03
 145.6120588,7.6929614e+03
 145.6324933,7.6919570e+03
 145.6529276,7.7061245e+03
 145.6733621,7.6963115e+03
 145.6937964,7.6961504e+03
 145.7142309,7.7031396e+03
 145.7346654,7.7065547e+03
 145.7550998,7.6969287e+03
 145.7755342,7.6948364e+03
 145.7959687,7.7015146e+03
 145.8164031,7.7008716e+03
 145.8368374,7.7034199e+03
 145.8572720,7.6988931e+03
 145.8777064,7.6968438e+03
 145.8981407,7.7041016e+03
 145.9185753,7.7031948e+03
 145.9390097,7.7053364e+03
 145.9594440,7.7004521e+03
 145.9798785,7.7052368e+03
 146.0003130,7.6995059e+03
 146.0207474,7.7034409e+03
 146.0411818,7.7004707e+03
 146.0616163,7.7130659e+03
 146.0820507,7.6986191e+03
 146.1024850,7.6987495e+03
 146.1229195,7.7110220e+03
 146.1433540,7.7121763e+03
 146.1637883,7.7003711e+03
 146.1842228,7.7006519e+03
 146.2046572,7.6980933e+03
 146.2250916,7.6972754e+03
 146.2455261,7.7031670e+03
 146.2659605,7.6991694e+03
 146.2863949,7.7011030e+03
 146.3068294,7.7073755e+03
 146.3272638,         null
 146.3476981,7.7011392e+03
 146.3681326,7.7015000e+03
 146.3885671,7.7082881e+03
 146.4090014,7.7037974e+03
 146.4294359,7.7099194e+03
 146.4498704,7.7032607e+03
 146.4703047,7.7007095e+03
 146.4907392,7.7097534e+03
 146.5111736,7.7001538e+03
 146.5316081,7.7040615e+03
 146.5520424,7.7076831e+03
 146.5724769,7.7035205e+03
 146.5929114,7.7070259e+03
 146.6133458,7.7186924e+03
 146.6337801,7.7088193e+03
 146.6542146,7.7056855e+03
 146.6746491,7.7081152e+03
 146.6950834,7.7085156e+03
 146.7155179,7.7089497e+03
 146.7359524,7.7088618e+03
 146.7563868,7.7058398e+03
 146.7768211,7.7131895e+03
 146.7972556,7.7048716e+03
 146.8176901,7.7043579e+03
 146.8381244,7.7060723e+03
 146.8585588,7.7079722e+03
 146.8789933,7.7087412e+03
 146.8994277,7.7029150e+03
 146.9198621,7.7057378e+03
 146.9402966,7.7032183e+03
 146.9607309,7.7071606e+03
 146.9811654,7.7041558e+03
 147.0015998,7.7173877e+03
 147.0220342,7.7061870e+03
 147.0424687,7.7071025e+03
 147.0629031,7.7027671e+03
 147.0833376,7.7109155e+03
 147.1037719,7.7067075e+03
 147.1242064,7.7126772e+03
 147.1446407,7.7094282e+03
 147.1650752,7.7087031e+03
 147.1855096,7.7079619e+03
 147.2059439,7.7126973e+03
 147.2263785,7.7113809e+03
 147.2468129,7.7049756e+03
 147.2672473,7.7096216e+03
 147.2876816,7.7121304e+03
 147.3081162,7.7053130e+03
 147.3285506,7.7081924e+03
 147.3489849,7.7100142e+03
 147.3694193,7.7062334e+03
 147.3898539,7.7101548e+03
 147.4102882,7.7057329e+03
 147.4307226,7.7064902e+03
 147.4511571,7.7067266e+03
 147.4715915,7.7097881e+03
 147.4920259,7.7137241e+03
 147.5124603,7.7050801e+03
 147.5328948,7.7123232e+03
 147.5533291,7.7022812e+03
 147.5737636,7.7026787e+03
 147.5941981,7.7173330e+03
 147.6146324,7.7093418e+03
 147.6350668,7.7090698e+03
 147.6555012,7.7048052e+03
 147.6759357,7.7069302e+03
 147.6963701,7.7060391e+03
 147.7168044,7.7012188e+03
 147.7372389,7.7033130e+03
 147.7576734,7.7020776e+03
 147.7781078,7.7054668e+03
 147.7985421,7.7092466e+03
 147.8189766,7.7011147e+03
 147.8394110,7.7057871e+03
 147.8598454,7.7002729e+03
 147.8802798,7.7002183e+03
 147.9007143,         null
 147.9211486,7.7007104e+03
 147.9415830,7.7144355e+03
 147.9620176,7.7021982e+03
 147.9824519,7.6985269e+03
 148.0028863,7.6981099e+03
 148.0233207,7.7033765e+03
 148.0437552,7.6987944e+03
 148.0641896,7.7022759e+03
 148.0846240,7.7004785e+03
 148.1050585,7.6982056e+03
 148.1254928,7.7021797e+03
 148.1459272,7.6991064e+03
 148.1663616,7.7059492e+03
 148.1867961,7.6933423e+03
 148.2072305,7.6961943e+03
 148.2276649,7.6974390e+03
 148.2480994,7.6948833e+03
 148.2685337,7.6998496e+03
 148.2889682,7.7048481e+03
 148.3094026,7.6967617e+03
 148.3298370,7.6966719e+03
 148.3502714,7.7017827e+03
 148.3707058,7.6993623e+03
 148.3911401,7.6996909e+03
 148.4115747,7.6889888e+03
 148.4320091,7.6932109e+03
 148.4524435,7.6926748e+03
 148.4728779,7.7049692e+03
 148.4933123,7.6945591e+03
 148.5137467,7.6933525e+03
 148.5341810,7.6899517e+03
 148.5546156,7.6966548e+03
 148.5750500,7.6898428e+03
 148.5954843,7.6975591e+03
 148.6159188,7.6912319e+03
 148.6363532,7.6932998e+03
 148.6567875,7.6885210e+03
 148.6772220,7.6881108e+03
 148.6976565,7.6838618e+03
 148.7180908,7.6982080e+03
 148.7385252,7.6919932e+03
 148.7589597,7.6938789e+03
 148.7793941,7.6913525e+03
 148.7998284,7.6907651e+03
 148.8202629,7.6857739e+03
 148.8406974,7.6896851e+03
 148.8611317,7.6865737e+03
 148.8815661,7.6875767e+03
 148.9020006,7.6855513e+03
 148.9224349,7.6849858e+03
 148.9428693,7.6866489e+03
 148.9633037,7.6885923e+03
 148.9837382,7.6903003e+03
 149.0041726,7.6820928e+03
 149.0246070,7.6834888e+03
 149.0450413,7.6801543e+03
 149.0654758,7.6866831e+03
 149.0859102,7.6820879e+03
 149.1063445,7.6873906e+03
 149.1267790,7.6863726e+03
 149.1472135,7.6829922e+03
 149.1676478,7.6887388e+03
 149.1880822,7.6793901e+03
 149.2085167,7.6725942e+03
 149.2289511,7.6872310e+03
 149.2493854,7.6810923e+03
 149.2698199,7.6834951e+03
 149.2902543,7.6810933e+03
 149.3106886,         null
 149.3311231,7.6847871e+03
 149.3515576,7.6737495e+03
 149.3719919,7.6733481e+03
 149.3924263,7.6803750e+03
 149.4128608,7.6829849e+03
 149.4332951,7.6689585e+03
 149.4537295,7.6755029e+03
 149.4741639,7.6777090e+03
 149.4945983,7.6775811e+03
 149.5150327,7.6718125e+03
 149.5354671,7.6745703e+03
 149.5559017,7.6730068e+03
 149.5763360,7.6753350e+03
 149.5967704,7.6760923e+03
 149.6172047,7.6673613e+03
 149.6376392,7.6749663e+03
 149.6580736,7.6766274e+03
 149.6785079,7.6727773e+03
 149.6989423,7.6703516e+03
 149.7193768,7.6729761e+03
 149.7398112,7.6787554e+03
 149.7602455,7.6816616e+03
 149.7806800,7.6809497e+03
 149.8011144,7.6717334e+03
 149.8215488,7.6775015e+03
 149.8419832,7.6685630e+03
 149.8624177,7.6721118e+03
 149.8828521,7.6733291e+03
 149.9032864,7.6756904e+03
 149.9237209,7.6736362e+03
 149.9441553,7.6688281e+03
 149.9645897,7.6654810e+03
 149.9850240,7.6743887e+03
 150.0054585,7.6676597e+03
 150.0258929,7.6609136e+03
 150.0463272,7.6609126e+03
 150.0667617,7.6660034e+03
 150.0871961,7.6634136e+03
 150.1076304,7.6638638e+03
 150.1280648,7.6674067e+03
 150.1484993,7.6720845e+03
 150.1689336,7.6586099e+03
 150.1893681,7.6690518e+03
 150.2098026,7.6662876e+03
 150.2302369,7.6621851e+03
 150.2506713,7.6616475e+03
 150.2711057,7.6613237e+03
 150.2915402,7.6607026e+03
 150.3119745,7.6638501e+03
 150.3324089,7.6665752e+03
 150.3528432,7.6627227e+03
 150.3732777,7.6623115e+03
 150.3937121,7.6646313e+03
 150.4141464,7.6599941e+03
 150.4345809,7.6591470e+03
 150.4550153,7.6689702e+03
 150.4754497,7.6627886e+03
 150.4958840,7.6675078e+03
 150.5163185,7.6625679e+03
 150.5367529,7.6588657e+03
 150.5571872,7.6543950e+03
 150.5776217,7.6582485e+03
 150.5980561,7.6618057e+03
 150.6184904,7.6648008e+03
 150.6389248,7.6657329e+03
 150.6593593,7.6576475e+03
 150.6797936,7.6600996e+03
 150.7002280,7.6623486e+03
 150.7206625,7.6568130e+03
 150.7410969,7.6565542e+03
 150.7615312,7.6589072e+03
 150.7819656,7.6683086e+03
 150.8024001,7.6572231e+03
 150.8228344,7.6627837e+03
 150.8432688,7.6632661e+03
 150.8637033,7.6633125e+03
 150.8841376,7.6571978e+03
 150.9045720,7.6628267e+03
 150.9250064,7.6575229e+03
 150.9454408,7.6462002e+03
 150.9658752,7.6581665e+03
 150.9863096,7.6595552e+03
 151.0067439,7.6548911e+03
 151.0271784,7.6501763e+03
 151.0476128,7.6583984e+03
 151.0680471,7.6621025e+03
 151.0884816,7.6513477e+03
 151.1089160,7.6500713e+03
 151.1293503,7.6593340e+03
 151.1497847,7.6539536e+03
 151.1702192,7.6623013e+03
 151.1906535,7.6592837e+03
 151.2110879,7.6573208e+03
 151.2315224,7.6621484e+03
 151.2519568,7.6509692e+03
 151.2723911,7.6570200e+03
 151.2928255,7.6555674e+03
 151.3132600,7.6591470e+03
 151.3336943,7.6578022e+03
 151.3541287,7.6518550e+03
 151.3745632,7.6673252e+03
 151.3949974,7.6562129e+03
 151.4154318,7.6624595e+03
 151.4358662,7.6614888e+03
 151.4563006,7.6636572e+03
 151.4767350,7.6531919e+03
 151.4971694,7.6556646e+03
 151.5176038,7.6607954e+03
 151.5380382,7.6613047e+03
 151.5584726,7.6561543e+03
 151.5789070,7.6574355e+03
 151.5993415,7.6565933e+03
 151.6197758,7.6481099e+03
 151.6402102,7.6557896e+03
 151.6606446,         null
 151.6810790,7.6511797e+03
 151.7015134,7.6520562e+03
 151.7219478,7.6562739e+03
 151.7423822,7.6663896e+03
 151.7628165,7.6534170e+03
 151.7832509,7.6519468e+03
 151.8036852,7.6608286e+03
 151.8241197,7.6514106e+03
 151.8445541,7.6585034e+03
 151.8649884,7.6590659e+03
 151.8854229,7.6561143e+03
 151.9058573,7.6534004e+03
 151.9262916,7.6552456e+03
 151.9467260,7.6497495e+03
 151.9671605,7.6505210e+03
 151.9875949,7.6528184e+03
 152.0080291,7.6505557e+03
 152.0284636,7.6554375e+03
 152.0488980,7.6627617e+03
 152.0693323,7.6534487e+03
 152.0897667,7.6561655e+03
 152.1102012,7.6593745e+03
 152.1306355,7.6605112e+03
 152.1510699,7.6566953e+03
 152.1715043,7.6577349e+03
 152.1919387,7.6555962e+03
 152.2123731,7.6572729e+03
 152.2328074,7.6514209e+03
 152.2532419,7.6565635e+03
 152.2736762,7.6543867e+03
 152.2941106,         null
 152.3145449,7.6552832e+03
 152.3349794,7.6585869e+03
 152.3554138,7.6513486e+03
 152.3758481,7.6691499e+03
 152.3962826,7.6550586e+03
 152.4167169,7.6613110e+03
 152.4371513,7.6587471e+03
 152.4575856,7.6514434e+03
 152.4780201,7.6595962e+03
 152.4984545,7.6614697e+03
 152.5188888,7.6592583e+03
 152.5393233,7.6543872e+03
 152.5597577,7.6600679e+03
 152.5801919,7.6534233e+03
 152.6006263,7.6541973e+03
 152.6210608,7.6622695e+03
 152.6414951,7.6636123e+03
 152.6619295,         null
 152.6823639,7.6555107e+03
 152.7027983,7.6590493e+03
 152.7232326,7.6613677e+03
 152.7436670,7.6558384e+03
 152.7641015,7.6757485e+03
 152.7845358,7.6605884e+03
 152.8049702,7.6591641e+03
 152.8254045,7.6586113e+03
 152.8458390,7.6590308e+03
 152.8662733,7.6618184e+03
 152.8867076,7.6583237e+03
 152.9071421,7.6565542e+03
 152.9275765,7.6622295e+03
 152.9480109,7.6611963e+03
 152.9684452,7.6502275e+03
 152.9888796,7.6555884e+03
 153.0093140,7.6616411e+03
 153.0297483,7.6643843e+03
 153.0501828,7.6568550e+03
 153.0706172,7.6605352e+03
 153.0910515,7.6680688e+03
 153.1114858,7.6596597e+03
 153.1319203,7.6688687e+03
 153.1523546,7.6583496e+03
 153.1727890,7.6628975e+03
 153.1932234,7.6629844e+03
 153.2136579,7.6733955e+03
 153.2340922,7.6629565e+03
 153.2545265,7.6704756e+03
 153.2749610,7.6663506e+03
 153.2953954,7.6615957e+03
 153.3158297,7.6648726e+03
 153.3362640,7.6600088e+03
 153.3566984,7.6680801e+03
 153.3771328,7.6677339e+03
 153.3975672,7.6645034e+03
 153.4180017,7.6634033e+03
 153.4384360,7.6673989e+03
 153.4588703,7.6734326e+03
 153.4793047,7.6684927e+03
 153.4997392,7.6675435e+03
 153.5201735,7.6622173e+03
 153.5406078,7.6721108e+03
 153.5610423,7.6703901e+03
 153.5814766,7.6677144e+03
 153.6019110,7.6643521e+03
 153.6223454,7.6669185e+03
 153.6427797,7.6710972e+03
 153.6632141,7.6745215e+03
 153.6836485,7.6714165e+03
 153.7040828,7.6743770e+03
 153.7245173,7.6644082e+03
 153.7449516,7.6697412e+03
 153.7653859,7.6708989e+03
 153.7858204,7.6743667e+03
 153.8062548,7.6707852e+03
 153.8266890,7.6717378e+03
 153.8471234,7.6743735e+03
 153.8675579,7.6754912e+03
 153.8879922,7.6630537e+03
 153.9084265,7.6745986e+03
 153.9288610,7.6766436e+03
 153.9492954,7.6718955e+03
 153.9697297,7.6834390e+03
 153.9901641,7.6777231e+03
 154.0105985,7.6783022e+03
 154.0310328,7.6722251e+03
 154.0514672,7.6753560e+03
 154.0719017,7.6771572e+03
 154.0923359,7.6749751e+03
 154.1127703,7.6820186e+03
 154.1332047,7.6743452e+03
 154.1536391,7.6792222e+03
 154.1740734,7.6760112e+03
 154.1945078,7.6739170e+03
 154.2149422,7.6864453e+03
 154.2353766,7.6800947e+03
 154.2558109,7.6769795e+03
 154.2762452,7.6830312e+03
 154.2966797,7.6857759e+03
 154.3171140,7.6839639e+03
 154.3375483,7.6840107e+03
 154.3579827,7.6794580e+03
 154.3784172,7.6788477e+03
 154.3988514,7.6825166e+03
 154.4192858,7.6882065e+03
 154.4397203,7.6779819e+03
 154.4601547,7.6840142e+03
 154.4805889,7.6802202e+03
 154.5010233,7.6842729e+03
 154.5214578,7.6825132e+03
 154.5418920,7.6885205e+03
 154.5623264,7.6811704e+03
 154.5827609,7.6853896e+03
 154.6031952,7.6835435e+03
 154.6236295,7.6887935e+03
 154.6440639,7.6852422e+03
 154.6644983,7.6935220e+03
 154.6849326,7.6852891e+03
 154.7053670,7.6904199e+03
 154.7258015,7.6862427e+03
 154.7462358,7.6904331e+03
 154.7666701,7.6889604e+03
 154.7871045,7.6901304e+03
 154.8075389,7.6879648e+03
 154.8279732,7.6936934e+03
 154.8484075,7.6922285e+03
 154.8688420,7.6872812e+03
 154.8892763,7.6918032e+03
 154.9097107,7.7006870e+03
 154.9301451,7.6953594e+03
 154.9505794,7.6984014e+03
 154.9710138,7.6966484e+03
 154.9914482,7.6950088e+03
 155.0118824,7.6921450e+03
 155.0323169,7.6958013e+03
 155.0527513,7.6975713e+03
 155.0731856,7.7141772e+03
 155.0936200,7.7023096e+03
 155.1140544,7.6999634e+03
 155.1344887,7.7039067e+03
 155.1549230,7.7023154e+03
 155.1753575,7.6928311e+03
 155.1957919,7.7084521e+03
 155.2162261,7.7041963e+03
 155.2366605,7.7085532e+03
 155.2570950,7.7054536e+03
 155.2775292,         null
 155.2979636,7.7015630e+03
 155.3183980,7.7038589e+03
 155.3388323,7.7030791e+03
 155.3592667,7.7009062e+03
 155.3797010,7.7014551e+03
 155.4001354,7.6953232e+03
 155.4205698,7.7034224e+03
 155.4410041,7.7056704e+03
 155.4614386,7.6971450e+03
 155.4818729,7.7037485e+03
 155.5023072,7.6983022e+03
 155.5227415,7.7042568e+03
 155.5431760,7.7051694e+03
 155.5636103,         null
 155.5840446,7.7038784e+03
 155.6044790,7.7051562e+03
 155.6249134,7.7018555e+03
 155.6453478,7.7059150e+03
 155.6657820,7.7123955e+03
 155.6862165,7.7094956e+03
 155.7066509,7.7046904e+03
 155.7270851,7.7073145e+03
 155.7475195,7.7075342e+03
 155.7679539,7.7036924e+03
 155.7883882,7.7075425e+03
 155.8088226,7.7070249e+03
 155.8292570,7.7091855e+03
 155.8496913,7.7154604e+03
 155.8701257,7.7035527e+03
 155.8905600,7.7138447e+03
 155.9109945,7.7054688e+03
 155.9314287,7.7144692e+03
 155.9518631,7.7052041e+03
 155.9722976,7.7103926e+03
 155.9927318,7.7101108e+03
 156.0131662,7.7159902e+03
 156.0336004,7.7150391e+03
 156.0540349,7.7153560e+03
 156.0744693,7.7063125e+03
 156.0949036,7.7131606e+03
 156.1153380,7.7074473e+03
 156.1357723,7.7199238e+03
 156.1562067,7.7118022e+03
 156.1766409,7.7053813e+03
 156.1970754,7.7167778e+03
 156.2175098,7.7141099e+03
 156.2379440,7.7177935e+03
 156.2583784,7.7177979e+03
 156.2788128,7.7175518e+03
 156.2992471,7.7119575e+03
 156.3196815,7.7146621e+03
 156.3401159,7.7149863e+03
 156.3605502,7.7200737e+03
 156.3809845,7.7134585e+03
 156.4014189,7.7237153e+03
 156.4218533,7.7176582e+03
 156.4422876,7.7160938e+03
 156.4627220,7.7243105e+03
 156.4831564,7.7185996e+03
 156.5035907,7.7205571e+03
 156.5240250,7.7251055e+03
 156.5444594,7.7213418e+03
 156.5648937,7.7226035e+03
 156.5853281,7.7184297e+03
 156.6057624,7.7202397e+03
 156.6261968,7.7171274e+03
 156.6466311,7.7211904e+03
 156.6670655,7.7121562e+03
 156.6874999,7.7303452e+03
 156.7079342,7.7281655e+03
 156.7283686,7.7302290e+03
 156.7488029,7.7166982e+03
 156.7692372,7.7233652e+03
 156.7896716,7.7173062e+03
 156.8101060,7.7272852e+03
 156.8305403,7.7222251e+03
 156.8509747,7.7224390e+03
 156.8714090,7.7258979e+03
 156.8918434,7.7191392e+03
 156.9122776,7.7340820e+03
 156.9327121,7.7269697e+03
 156.9531464,7.7243696e+03
 156.9735807,7.7258809e+03
 156.9940151,7.7240068e+03
 157.0144495,7.7258628e+03
 157.0348838,7.7227026e+03
 157.0553181,7.7197979e+03
 157.0757526,7.7242490e+03
 157.0961868,7.7227681e+03
 157.1166212,7.7168135e+03
 157.1370556,7.7180957e+03
 157.1574900,7.7213247e+03
 157.1779242,7.7242812e+03
 157.1983586,7.7244507e+03
 157.2187930,7.7218657e+03
 157.2392273,7.7233501e+03
 157.2596616,7.7299331e+03
 157.2800960,7.7203652e+03
 157.3005303,7.7185601e+03
 157.3209647,7.7236299e+03
 157.3413990,7.7247661e+03
 157.3618333,7.7241968e+03
 157.3822677,7.7280894e+03
 157.4027020,7.7249956e+03
 157.4231363,7.7225884e+03
 157.4435707,7.7253364e+03
 157.4640051,7.7203384e+03
 157.4844393,7.7185698e+03
 157.5048738,7.7220225e+03
 157.5253081,7.7308110e+03
 157.5457424,7.7191968e+03
 157.5661767,7.7197891e+03
 157.5866112,7.7166660e+03
 157.6070454,7.7223247e+03
 157.6274798,7.7204897e+03
 157.6479142,7.7232529e+03
 157.6683486,7.7240059e+03
 157.6887828,7.7210576e+03
 157.7092171,7.7227363e+03
 157.7296516,7.7218169e+03
 157.7500858,7.7219473e+03
 157.7705202,7.7221885e+03
 157.7909546,7.7237236e+03
 157.8113889,7.7277017e+03
 157.8318232,7.7222617e+03
 157.8522576,7.7226157e+03
 157.8726919,7.7186831e+03
 157.8931263,7.7194019e+03
 157.9135606,7.7181138e+03
 157.9339948,7.7232119e+03
 157.9544293,7.7228506e+03
 157.9748636,7.7206274e+03
 157.9952979,7.7240107e+03
 158.0157323,7.7237407e+03
 158.0361667,7.7222261e+03
 158.0566009,7.7127881e+03
 158.0770352,7.7168608e+03
 158.0974697,7.7163496e+03
 158.1179040,7.7218247e+03
 158.1383383,7.7286206e+03
 158.1587727,7.7179321e+03
 158.1792070,7.7149795e+03
 158.1996413,7.7205688e+03
 158.2200756,7.7187847e+03
 158.2405101,7.7214131e+03
 158.2609443,         null
 158.2813787,7.7133633e+03
 158.3018131,7.7191108e+03
 158.3222474,7.7200518e+03
 158.3426817,7.7102266e+03
 158.3631160,7.7181030e+03
 158.3835505,7.7217183e+03
 158.4039848,7.7144932e+03
 158.4244190,7.7166455e+03
 158.4448534,7.7216240e+03
 158.4652878,7.7145898e+03
 158.4857221,7.7126094e+03
 158.5061564,7.7168774e+03
 158.5265908,7.7143804e+03
 158.5470251,7.7195220e+03
 158.5674594,7.7174966e+03
 158.5878937,7.7117388e+03
 158.6083281,7.7155908e+03
 158.6287624,7.7170884e+03
 158.6491968,7.7126958e+03
 158.6696312,7.7110522e+03
 158.6900654,7.7072397e+03
 158.7104998,7.7120342e+03
 158.7309340,7.7113452e+03
 158.7513684,7.7136328e+03
 158.7718028,7.7099487e+03
 158.7922371,7.7100908e+03
 158.8126714,7.7033086e+03
 158.8331058,7.7115747e+03
 158.8535401,7.7065479e+03
 158.8739744,7.7091875e+03
 158.8944088,7.7101416e+03
 158.9148431,7.7113872e+03
 158.9352774,7.7134663e+03
 158.9557118,7.7020347e+03
 158.9761461,7.7110933e+03
 158.9965804,7.7133794e+03
 159.0170147,7.7127588e+03
 159.0374491,7.7089575e+03
 159.0578834,7.7026147e+03
 159.0783177,7.7087588e+03
 159.0987520,7.7069595e+03
 159.1191865,7.6976440e+03
 159.1396207,7.7038208e+03
 159.1600550,7.7069263e+03
 159.1804895,7.7058467e+03
 159.2009237,7.7008340e+03
 159.2213580,7.7019902e+03
 159.2417923,7.7046118e+03
 159.2622267,7.7035874e+03
 159.2826610,7.7069561e+03
 159.3030954,7.6972778e+03
 159.3235297,7.7017720e+03
 159.3439640,7.7085708e+03
 159.3643984,7.7048062e+03
 159.3848326,7.7028120e+03
 159.4052670,7.7038462e+03
 159.4257013,7.7063398e+03
 159.4461356,7.7017280e+03
 159.4665700,7.6996699e+03
 159.4870043,7.7015581e+03
 159.5074386,7.7067271e+03
 159.5278729,7.6985244e+03
 159.5483073,7.6991133e+03
 159.5687416,7.7076094e+03
 159.5891759,7.7031255e+03
 159.6096102,7.6940815e+03
 159.6300446,7.6951235e+03
 159.6504789,7.7007017e+03
 159.6709132,7.6987285e+03
 159.6913476,7.6963657e+03
 159.7117819,7.6999741e+03
 159.7322162,7.7004092e+03
 159.7526505,7.6941016e+03
 159.7730848,7.6944751e+03
 159.7935192,7.7000425e+03
 159.8139535,7.7015737e+03
 159.8343878,7.6984458e+03
 159.8548222,7.6988008e+03
 159.8752565,7.6959316e+03
 159.8956907,7.6970083e+03
 159.9161251,7.6939893e+03
 159.9365595,7.7006270e+03
 159.9569938,7.6942871e+03
 159.9774281,7.6979614e+03
 159.9978624,7.6951328e+03
 160.0182968,7.6947690e+03
 160.0387311,7.6959941e+03
 160.0591654,7.6954487e+03
 160.0795997,7.6968843e+03
 160.1000341,7.7009307e+03
 160.1204683,7.7011763e+03
 160.1409027,7.6928130e+03
 160.1613370,7.6913169e+03
 160.1817713,7.6931670e+03
 160.2022057,7.6930825e+03
 160.2226400,7.6930039e+03
 160.2430742,7.6991113e+03
 160.2635085,7.6951123e+03
 160.2839430,7.6885747e+03
 160.3043772,7.6889751e+03
 160.3248115,7.6959595e+03
 160.3452459,7.6989614e+03
 160.3656803,7.6937495e+03
 160.3861145,7.6908613e+03
 160.4065488,7.6917661e+03
 160.4269832,7.6976670e+03
 160.4474174,7.6921357e+03
 160.4678518,7.6820088e+03
 160.4882862,7.6863755e+03
 160.5087204,7.6953394e+03
 160.5291547,7.6867637e+03
 160.5495891,7.6953345e+03
 160.5700234,7.6904600e+03
 160.5904577,7.6917861e+03
 160.6108920,7.6925239e+03
 160.6313262,7.6967241e+03
 160.6517607,7.6950020e+03
 160.6721950,7.6883027e+03
 160.6926292,7.6958057e+03
 160.7130636,7.6925444e+03
 160.7334979,7.6954551e+03
 160.7539321,7.6926616e+03
 160.7743665,7.6906167e+03
 160.7948009,7.6930562e+03
 160.8152352,7.6899741e+03
 160.8356694,7.6928711e+03
 160.8561038,7.6919087e+03
 160.8765382,7.6941509e+03
 160.8969724,7.6914731e+03
 160.9174067,7.6903022e+03
 160.9378411,7.6923745e+03
 160.9582753,7.6901128e+03
 160.9787096,7.6863457e+03
 160.9991441,7.6897388e+03
 161.0195783,7.6944355e+03
 161.0400126,7.6878838e+03
 161.0604469,7.6896904e+03
 161.0808812,7.6907061e+03
 161.1013155,7.6927788e+03
 161.1217499,7.6880542e+03
 161.1421843,7.6881279e+03
 161.1626185,7.6895454e+03
 161.1830528,7.6952583e+03
 161.2034870,7.6853472e+03
 161.2239214,7.6939502e+03
 161.2443557,         null
 161.2647901,7.6927896e+03
 161.2852243,7.7029102e+03
 161.3056587,7.6959473e+03
 161.3260930,7.6938633e+03
 161.3465272,7.6961953e+03
 161.3669616,7.6841362e+03
 161.3873959,7.6912461e+03
 161.4078301,7.6919082e+03
 161.4282645,7.6921460e+03
 161.4486989,7.6972139e+03
 161.4691331,7.6963267e+03
 161.4895674,7.6948140e+03
 161.5100018,7.6951890e+03
 161.5304360,7.6969180e+03
 161.5508703,7.6921763e+03
 161.5713046,7.6912632e+03
 161.5917391,7.6985225e+03
 161.6121733,7.6931055e+03
 161.6326076,7.6951270e+03
 161.6530420,7.6947456e+03
 161.6734763,7.6957188e+03
 161.6939105,7.6974473e+03
 161.7143448,7.7017319e+03
 161.7347792,7.6964058e+03
 161.7552134,7.6998965e+03
 161.7756477,7.6947378e+03
 161.7960821,7.6976289e+03
 161.8165164,7.6984878e+03
 161.8369507,7.6957510e+03
 161.8573850,7.7028555e+03
 161.8778194,7.7033940e+03
 161.8982536,7.7017544e+03
 161.9186879,7.7005249e+03
 161.9391221,7.6996294e+03
 161.9595565,7.6991162e+03
 161.9799908,7.6979985e+03
 162.0004251,7.6999438e+03
 162.0208594,7.7023452e+03
 162.0412938,7.7043770e+03
 162.0617281,7.6963330e+03
 162.0821623,7.6958745e+03
 162.1025967,7.6928110e+03
 162.1230310,7.7012139e+03
 162.1434652,7.6966865e+03
 162.1638996,7.7015356e+03
 162.1843339,7.7020898e+03
 162.2047681,7.7030571e+03
 162.2252024,7.6986748e+03
 162.2456368,7.6978135e+03
 162.2660710,7.7084565e+03
 162.2865053,7.7013779e+03
 162.3069397,7.7018179e+03
 162.3273740,7.7017485e+03
 162.3478082,7.6976006e+03
 162.3682425,7.6988511e+03
 162.3886769,7.7043052e+03
 162.4091111,7.6997554e+03
 162.4295454,7.7090181e+03
 162.4499796,7.7032402e+03
 162.4704140,7.7020889e+03
 162.4908484,7.6997637e+03
 162.5112821,7.7110142e+03
 162.5317165,7.6988960e+03
 162.5521507,7.7083589e+03
 162.5725850,7.7066484e+03
 162.5930193,7.7077886e+03
 162.6134537,7.7009585e+03
 162.6338879,7.7082808e+03
 162.6543222,7.7085410e+03
 162.6747566,7.7058262e+03
 162.6951908,7.7041216e+03
 162.7156251,7.7104985e+03
 162.7360594,7.7045771e+03
 162.7564937,7.7090049e+03
 162.7769280,7.7120806e+03
 162.7973623,7.7086104e+03
 162.8177966,7.7046128e+03
 162.8382309,7.7128618e+03
 162.8586652,7.7116431e+03
 162.8790994,7.7119448e+03
 162.8995338,7.7158740e+03
 162.9199681,7.7124844e+03
 162.9404023,7.7074473e+03
 162.9608366,7.7139678e+03
 162.9812710,7.7151948e+03
 163.0017052,7.7093105e+03
 163.0221395,7.7064390e+03
 163.0425738,7.7073569e+03
 163.0630081,7.7093809e+03
 163.0834423,7.7235190e+03
 163.1038766,7.7065522e+03
 163.1243110,7.7061562e+03
 163.1447452,7.7069844e+03
 163.1651795,7.7146172e+03
 163.1856139,7.7122964e+03
 163.2060481,7.7113452e+03
 163.2264824,7.7135269e+03
 163.2469167,7.7154502e+03
 163.2673510,7.7139673e+03
 163.2877853,7.7241338e+03
 163.3082196,7.7160586e+03
 163.3286540,7.7135952e+03
 163.3490882,7.7120771e+03
 163.3695225,7.7193218e+03
 163.3899567,7.7185503e+03
 163.4103911,7.7152427e+03
 163.4308254,7.7201372e+03
 163.4512596,7.7097920e+03
 163.4716940,7.7182778e+03
 163.4921282,7.7202837e+03
 163.5125625,7.7192358e+03
 163.5329967,7.7178970e+03
 163.5534311,7.7171904e+03
 163.5738654,7.7154829e+03
 163.5942996,7.7120698e+03
 163.6147339,7.7155967e+03
 163.6351683,7.7163813e+03
 163.6556025,7.7084209e+03
 163.6760368,7.7123018e+03
 163.6964712,7.7148340e+03
 163.7169054,7.7175229e+03
 163.7373396,7.7149136e+03
 163.7577739,7.7115732e+03
 163.7782082,7.7133101e+03
 163.7986425,7.7121650e+03
 163.8190768,7.7126729e+03
 163.8395112,7.7154771e+03
 163.8599454,7.7167402e+03
 163.8803797,7.7144634e+03
 163.9008139,7.7178325e+03
 163.9212483,7.7177271e+03
 163.9416825,7.7203828e+03
 163.9621168,7.7259346e+03
 163.9825511,7.7165972e+03
 164.0029854,7.7116953e+03
 164.0234197,7.7205986e+03
 164.0438539,7.7175630e+03
 164.0642883,7.7212046e+03
 164.0847226,7.7188721e+03
 164.1051568,7.7184062e+03
 164.1255910,7.7212715e+03
 164.1460254,7.7213057e+03
 164.1664596,7.7260884e+03
 164.1868939,7.7214893e+03
 164.2073283,7.7152212e+03
 164.2277626,         null
 164.2481967,7.7219834e+03
 164.2686310,7.7189399e+03
 164.2890653,7.7114448e+03
 164.3094996,7.7195962e+03
 164.3299339,7.7209512e+03
 164.3503683,7.7174136e+03
 164.3708026,7.7197515e+03
 164.3912367,7.7289390e+03
 164.4116710,7.7225630e+03
 164.4321053,7.7226714e+03
 164.4525396,7.7203667e+03
 164.4729739,7.7225762e+03
 164.4934083,7.7257300e+03
 164.5138424,7.7242397e+03
 164.5342767,7.7218813e+03
 164.5547110,7.7142505e+03
 164.5751453,7.7229028e+03
 164.5955796,7.7224199e+03
 164.6160139,7.7226318e+03
 164.6364480,7.7260615e+03
 164.6568824,7.7299902e+03
 164.6773167,7.7302637e+03
 164.6977510,7.7207104e+03
 164.7181853,7.7239189e+03
 164.7386195,7.7303516e+03
 164.7590538,7.7095825e+03
 164.7794880,7.7215908e+03
 164.7999224,7.7270176e+03
 164.8203567,7.7278701e+03
 164.8407908,7.7237549e+03
 164.8612252,7.7230288e+03
 164.8816595,7.7267700e+03
 164.9020937,7.7256836e+03
 164.9225280,7.7303169e+03
 164.9429623,7.7236094e+03
 164.9633965,7.7274282e+03
 164.9838308,7.7240518e+03
