        TIME,  PDCSAP_FLUX
 131.5127137,6.7432075e+03
 131.5331483,6.7331196e+03
 131.5535828,6.7469316e+03
 131.5740172,6.7416099e+03
 131.5944517,6.7384536e+03
 131.6148863,6.7391958e+03
 131.6353207,6.7390938e+03
 131.6557552,6.7427026e+03
 131.6761898,6.7407300e+03
 131.6966243,6.7376426e+03
 131.7170587,6.7384131e+03
 131.7374931,6.7423057e+03
 131.7579277,6.7403809e+03
 131.7783621,6.7408477e+03
 131.7987966,6.7415308e+03
 131.8192312,6.7397319e+03
 131.8396656,6.7486562e+03
 131.8601001,6.7497407e+03
 131.8805346,6.7522139e+03
 131.9009691,6.7416177e+03
 131.9214036,6.7470317e+03
 131.9418381,6.7415571e+03
 131.9622726,6.7432925e+03
 131.9827071,6.7427646e+03
 132.0031416,6.7439678e+03
 132.0235760,6.7431733e+03
 132.0440106,6.7457388e+03
 132.0644451,6.7449746e+03
 132.0848795,6.7488647e+03
 132.1053140,6.7392310e+03
 132.1257486,6.7423335e+03
 132.1461830,6.7412783e+03
 132.1666175,6.7488945e+03
 132.1870521,6.7364961e+03
 132.2074865,6.7440186e+03
 132.2279209,6.7486816e+03
 132.2483554,6.7469380e+03
 132.2687900,6.7476621e+03
 132.2892244,6.7458477e+03
 132.3096589,6.7505200e+03
 132.3300935,6.7505693e+03
 132.3505279,6.7453589e+03
 132.3709624,6.7504946e+03
 132.3913969,6.7459722e+03
 132.4118314,6.7480767e+03
 132.4322659,6.7427544e+03
 132.4527004,6.7389849e+03
 132.4731350,6.7442617e+03
 132.4935694,6.7517363e+03
 132.5140038,6.7521143e+03
 132.5344382,6.7504395e+03
 132.5548728,6.7510010e+03
 132.5753073,6.7514258e+03
 132.5957417,6.7482822e+03
 132.6161763,6.7505181e+03
 132.6366108,6.7516504e+03
 132.6570453,6.7524087e+03
 132.6774797,6.7541782e+03
 132.6979143,6.7515532e+03
 132.7183488,6.7535439e+03
 132.7387832,6.7510498e+03
 132.7592177,6.7497983e+03
 132.7796522,6.7492686e+03
 132.8000866,6.7482637e+03
 132.8205211,6.7577061e+03
 132.8409557,6.7522324e+03
 132.8613901,6.7507256e+03
 132.8818246,6.7594116e+03
 132.9022592,6.7547686e+03
 132.9226936,6.7568340e+03
 132.9431281,6.7558667e+03
 132.9635626,6.7578506e+03
 132.9839971,6.7505454e+03
 133.0044315,6.7529648e+03
 133.0248660,6.7580054e+03
 133.0453005,6.7527480e+03
 133.0657350,6.7552729e+03
 133.0861695,6.7572700e+03
 133.1066040,6.7545654e+03
 133.1270385,6.7542944e+03
 133.1474730,6.7600269e+03
 133.1679074,6.7594922e+03
 133.1883419,6.7577344e+03
 133.2087765,6.7585835e+03
 133.2292109,6.7654370e+03
 133.2496454,6.7620020e+03
 133.2700799,6.7579185e+03
 133.2905144,6.7630723e+03
 133.3109489,6.7537441e+03
 133.3313833,6.7583389e+03
 133.3518178,6.7607417e+03
 133.3722523,6.7654165e+03
 133.3926868,6.7572251e+03
 133.4131213,6.7555591e+03
 133.4335558,6.7567954e+03
 133.4539903,6.7556206e+03
 133.4744247,6.7640986e+03
 133.4948593,6.7655796e+03
 133.5152937,6.7633467e+03
 133.5357281,6.7600151e+03
 133.5561627,6.7609722e+03
 133.5765972,6.7613120e+03
 133.5970316,6.7538022e+03
 133.6174661,6.7608462e+03
 133.6379007,6.7633301e+03
 133.6583351,6.7567588e+03
 133.6787695,6.7658096e+03
 133.6992041,6.7614170e+03
 133.7196386,6.7682744e+03
 133.7400730,6.7654844e+03
 133.7605075,6.7638770e+03
 133.7809421,6.7583037e+03
 133.8013764,6.7667983e+03
 133.8218109,6.7655527e+03
 133.8422454,6.7630400e+03
 133.8626799,6.7692617e+03
 133.8831144,6.7633726e+03
 133.9035489,6.7657568e+03
 133.9239834,6.7596177e+03
 133.9444178,6.7672573e+03
 133.9648523,6.7714453e+03
 133.9852867,6.7634756e+03
 134.0057213,6.7669609e+03
 134.0261558,6.7642197e+03
 134.0465902,6.7654727e+03
 134.0670247,6.7624849e+03
 134.0874592,6.7664072e+03
 134.1078936,6.7716182e+03
 134.1283281,6.7679023e+03
 134.1487627,6.7639683e+03
 134.1691972,6.7689692e+03
 134.1896315,6.7631562e+03
 134.2100661,6.7700308e+03
 134.2305006,6.7666304e+03
 134.2509350,6.7687627e+03
 134.2713695,6.7695264e+03
 134.2918041,6.7694678e+03
 134.3122384,6.7757788e+03
 134.3326729,6.7699292e+03
 134.3531075,6.7687119e+03
 134.3735419,6.7766367e+03
 134.3939764,         null
 134.4144108,6.7825420e+03
 134.4348453,6.7729409e+03
 134.4552798,6.7719067e+03
 134.4757143,6.7715024e+03
 134.4961489,6.7752451e+03
 134.5165833,6.7778506e+03
 134.5370177,6.7704956e+03
 134.5574521,6.7728945e+03
 134.5778867,6.7767759e+03
 134.5983212,6.7790664e+03
 134.6187556,6.7764321e+03
 134.6391900,6.7819863e+03
 134.6596246,6.7717812e+03
 134.6800591,6.7767314e+03
 134.7004936,6.7816470e+03
 134.7209281,6.7799990e+03
 134.7413625,6.7772573e+03
 134.7617969,6.7792261e+03
 134.7822314,6.7731274e+03
 134.8026660,6.7760898e+03
 134.8231005,6.7785566e+03
 134.8435348,6.7752334e+03
 134.8639694,6.7744502e+03
 134.8844039,6.7740522e+03
 134.9048384,6.7791533e+03
 134.9252727,6.7834053e+03
 134.9457073,6.7810020e+03
 134.9661418,6.7821484e+03
 134.9865762,6.7789097e+03
 135.0070108,6.7829961e+03
 135.0274452,6.7761152e+03
 135.0478796,6.7730688e+03
 135.0683141,6.7783779e+03
 135.0887487,6.7758638e+03
 135.1091831,6.7815825e+03
 135.1296175,6.7985073e+03
 135.1500521,6.7808853e+03
 135.1704866,6.7811646e+03
 135.1909210,6.7815156e+03
 135.2113554,6.7790312e+03
 135.2317900,6.7792788e+03
 135.2522244,6.7808325e+03
 135.2726589,6.7828496e+03
 135.2930932,6.7825811e+03
 135.3135278,6.7839297e+03
 135.3339623,6.7835811e+03
 135.3543967,6.7806313e+03
 135.3748312,6.7793188e+03
 135.3952657,6.7794604e+03
 135.4157002,6.7766392e+03
 135.4361346,6.7889604e+03
 135.4565691,6.7793120e+03
 135.4770036,6.7847134e+03
 135.4974380,6.7838042e+03
 135.5178726,6.7870776e+03
 135.5383070,6.7899609e+03
 135.5587414,6.7822427e+03
 135.5791759,6.7862490e+03
 135.5996105,6.7809146e+03
 135.6200448,6.7904341e+03
 135.6404793,6.7859741e+03
 135.6609139,6.7846074e+03
 135.6813484,6.7883711e+03
 135.7017827,6.7869502e+03
 135.7222172,6.7893149e+03
 135.7426518,6.7772319e+03
 135.7630862,6.7780078e+03
 135.7835206,6.7817554e+03
 135.8039552,6.7834697e+03
 135.8243896,6.7934580e+03
 135.8448241,6.7895400e+03
 135.8652585,6.7970264e+03
 135.8856930,6.7950747e+03
 135.9061275,6.7903745e+03
 135.9265619,6.7889106e+03
 135.9469963,6.7910664e+03
 135.9674309,6.7907183e+03
 135.9878654,6.7922334e+03
 136.0082997,6.7988008e+03
 136.0287343,6.7902969e+03
 136.0491688,6.7916655e+03
 136.0696031,6.7884976e+03
 136.0900376,6.7923799e+03
 136.1104722,6.7988247e+03
 136.1309067,6.7953462e+03
 136.1513410,6.7936035e+03
 136.1717756,6.7976572e+03
 136.1922101,6.8009282e+03
 136.2126444,6.7943618e+03
 136.2330789,6.7903237e+03
 136.2535135,6.7985054e+03
 136.2739479,6.7909243e+03
 136.2943823,6.7936953e+03
 136.3148169,6.7947852e+03
 136.3352513,6.7967163e+03
 136.3556857,6.7969180e+03
 136.3761202,6.7944141e+03
 136.3965547,6.8000854e+03
 136.4169891,6.7946841e+03
 136.4374236,6.7958945e+03
 136.4578582,6.8085391e+03
 136.4782925,6.7949189e+03
 136.4987270,6.7973057e+03
 136.5191615,6.7993335e+03
 136.5395960,6.7960151e+03
 136.5600304,6.8061401e+03
 136.5804649,6.7977222e+03
 136.6008994,6.7936055e+03
 136.6213338,6.7980830e+03
 136.6417683,6.8009111e+03
 136.6622028,6.7996030e+03
 136.6826372,6.7964434e+03
 136.7030717,6.8042856e+03
 136.7235062,6.8034160e+03
 136.7439405,6.8068311e+03
 136.7643751,6.7968438e+03
 136.7848096,6.7979956e+03
 136.8052439,6.8040039e+03
 136.8256785,6.8042197e+03
 136.8461130,6.7970996e+03
 136.8665474,6.8073428e+03
 136.8869818,6.7975703e+03
 136.9074164,6.8071597e+03
 136.9278508,6.8024663e+03
 136.9482852,6.8004814e+03
 136.9687198,6.8029712e+03
 136.9891542,6.7960840e+03
 137.0095886,6.8035161e+03
 137.0300231,6.8010454e+03
 137.0504576,6.8029072e+03
 137.0708920,6.8005239e+03
 137.0913264,6.8052104e+03
 137.1117610,6.8031274e+03
 137.1321954,6.8076313e+03
 137.1526298,6.7994043e+03
 137.1730643,6.8037925e+03
 137.1934989,6.8097524e+03
 137.2139332,6.8039893e+03
 137.2343677,6.8076377e+03
 137.2548021,6.8084282e+03
 137.2752366,6.8073652e+03
 137.2956711,6.8018931e+03
 137.3161055,6.8029814e+03
 137.3365400,6.8115029e+03
 137.3569745,6.8031138e+03
 137.3774089,         null
 137.3978433,6.8006626e+03
 137.4182779,6.7997305e+03
 137.4387123,6.8109165e+03
 137.4591467,6.8096963e+03
 137.4795813,6.8083477e+03
 137.5000157,6.8112744e+03
 137.5204501,6.8061953e+03
 137.5408845,6.8094614e+03
 137.5613191,6.8115659e+03
 137.5817535,6.8110234e+03
 137.6021879,6.8073179e+03
 137.6226225,6.8108706e+03
 137.6430569,6.8058721e+03
 137.6634913,6.8095161e+03
 137.6839258,6.8101245e+03
 137.7043603,6.8062632e+03
 137.7247947,6.8101792e+03
 137.7452292,6.8124976e+03
 137.7656637,6.8136968e+03
 137.7860981,6.8099204e+03
 137.8065325,6.8146255e+03
 137.8269669,6.8043301e+03
 137.8474015,6.8092827e+03
 137.8678359,6.8160293e+03
 137.8882704,6.8067925e+03
 137.9087047,6.8127207e+03
 137.9291393,6.8094688e+03
 137.9495737,6.8091782e+03
 137.9700081,6.8107725e+03
 137.9904427,6.8107935e+03
 138.0108771,6.8108657e+03
 138.0313115,6.8144355e+03
 138.0517459,6.8201963e+03
 138.0721805,6.8063276e+03
 138.0926150,6.8128267e+03
 138.1130493,6.8121851e+03
 138.1334839,6.8076421e+03
 138.1539183,6.8163286e+03
 138.1743527,6.8077695e+03
 138.1947871,6.8129810e+03
 138.2152217,6.8120532e+03
 138.2356562,6.8178208e+03
 138.2560905,6.8182300e+03
 138.2765251,6.8161128e+03
 138.2969595,6.8087695e+03
 138.3173939,6.8156445e+03
 138.3378283,6.8155303e+03
 138.3582629,6.8164517e+03
 138.3786974,6.8129854e+03
 138.3991317,6.8118809e+03
 138.4195663,6.8086665e+03
 138.4400007,6.8115630e+03
 138.4604351,6.8124067e+03
 138.4808695,6.8121289e+03
 138.5013041,6.8148354e+03
 138.5217384,6.8195386e+03
 138.5421729,6.8120630e+03
 138.5626074,6.8118467e+03
 138.5830418,6.8146816e+03
 138.6034763,6.8091680e+03
 138.6239107,6.8202012e+03
 138.6443452,6.8167700e+03
 138.6647796,6.8140566e+03
 138.6852141,6.8160269e+03
 138.7056484,6.8149966e+03
 138.7260830,6.8154189e+03
 138.7465174,6.8179497e+03
 138.7669518,6.8216992e+03
 138.7873864,6.8213730e+03
 138.8078208,6.8172134e+03
 138.8282552,6.8172529e+03
 138.8486896,6.8223867e+03
 138.8691242,6.8167998e+03
 138.8895586,6.8145605e+03
 138.9099930,6.8130195e+03
 138.9304275,6.8122183e+03
 138.9508620,6.8155781e+03
 138.9712963,6.8115015e+03
 138.9917308,6.8180928e+03
 139.0121653,6.8157139e+03
 139.0325997,6.8167280e+03
 139.0530341,6.8271616e+03
 139.0734687,6.8246040e+03
 139.0939030,6.8227891e+03
 139.1143375,6.8152310e+03
 139.1347719,6.8177744e+03
 139.1552064,6.8184229e+03
 139.1756408,6.8245854e+03
 139.1960753,6.8162241e+03
 139.2165096,6.8130317e+03
 139.2369442,6.8230615e+03
 139.2573786,6.8216523e+03
 139.2778130,6.8141699e+03
 139.2982475,6.8240029e+03
 139.3186820,6.8168833e+03
 139.3391164,6.8157231e+03
 139.3595508,6.8117974e+03
 139.3799853,6.8136021e+03
 139.4004198,6.8209795e+03
 139.4208541,6.8159253e+03
 139.4412887,6.8208901e+03
 139.4617231,6.8198281e+03
 139.4821575,6.8148237e+03
 139.5025919,6.8203594e+03
 139.5230265,6.8202534e+03
 139.5434608,6.8164766e+03
 139.5638953,6.8193281e+03
 139.5843298,6.8216108e+03
 139.6047642,6.8152275e+03
 139.6251986,6.8131309e+03
 139.6456331,6.8176030e+03
 139.6660676,6.8106787e+03
 139.6865020,6.8179253e+03
 139.7069364,6.8242236e+03
 139.7273708,6.8163486e+03
 139.7478053,6.8125068e+03
 139.7682397,6.8162339e+03
 139.7886742,6.8129668e+03
 139.8091086,6.8161133e+03
 139.8295431,6.8063159e+03
 139.8499775,6.8226494e+03
 139.8704120,6.8204907e+03
 139.8908464,6.8033711e+03
 139.9112809,6.8149414e+03
 139.9317153,6.8146733e+03
 139.9521499,6.8148613e+03
 139.9725842,6.8175522e+03
 139.9930186,6.8197417e+03
 140.0134530,6.8150747e+03
 140.0338875,6.8186426e+03
 140.0543220,6.8124331e+03
 140.0747564,6.8128604e+03
 140.0951909,6.8197417e+03
 140.1156253,6.8175044e+03
 140.1360597,6.8181113e+03
 140.1564941,6.8157017e+03
 140.1769286,6.8109043e+03
 140.1973631,6.8078735e+03
 140.2177974,6.8094360e+03
 140.2382320,6.8108794e+03
 140.2586664,6.8194888e+03
 140.2791008,6.8158398e+03
 140.2995352,6.8144092e+03
 140.3199697,6.8136240e+03
 140.3404041,6.8118354e+03
 140.3608385,         null
 140.3812730,6.8180596e+03
 140.4017075,6.8154370e+03
 140.4221418,6.8077114e+03
 140.4425763,6.8095322e+03
 140.4630108,6.8046772e+03
 140.4834452,6.8098599e+03
 140.5038796,6.8147266e+03
 140.5243140,6.8175674e+03
 140.5447485,6.8103164e+03
 140.5651829,6.8058540e+03
 140.5856174,6.8090732e+03
 140.6060518,6.8101909e+03
 140.6264863,6.8075083e+03
 140.6469207,6.8114380e+03
 140.6673550,6.8077144e+03
 140.6877896,6.8144180e+03
 140.7082240,6.8148452e+03
 140.7286584,6.8079438e+03
 140.7490929,6.8072871e+03
 140.7695273,6.8202339e+03
 140.7899617,6.8100068e+03
 140.8103961,6.8113003e+03
 140.8308306,6.8099658e+03
 140.8512651,6.8092637e+03
 140.8716994,6.8111440e+03
 140.8921339,6.8120151e+03
 140.9125684,6.8086772e+03
 140.9330027,6.8117480e+03
 140.9534372,6.8136069e+03
 140.9738717,6.8139033e+03
 140.9943061,6.8116792e+03
 141.0147405,6.8096802e+03
 141.0351749,6.8160708e+03
 141.0556094,6.8109595e+03
 141.0760438,6.8068857e+03
 141.0964782,6.8127222e+03
 141.1169127,6.8067524e+03
 141.1373471,6.8094272e+03
 141.1577815,6.8084170e+03
 141.1782159,6.8254443e+03
 141.1986504,6.8114155e+03
 141.2190849,6.8125757e+03
 141.2395192,6.8037695e+03
 141.2599537,6.8074434e+03
 141.2803882,6.8100815e+03
 141.3008225,6.8060000e+03
 141.3212569,6.8153813e+03
 141.3416915,6.8131655e+03
 141.3621259,6.8075156e+03
 141.3825602,6.8196167e+03
 141.4029947,6.8095659e+03
 141.4234292,6.8092627e+03
 141.4438636,6.8133618e+03
 141.4642980,6.8098618e+03
 141.4847325,6.8065610e+03
 141.5051669,6.8079824e+03
 141.5256013,6.8129849e+03
 141.5460357,6.8131484e+03
 141.5664701,6.8015923e+03
 141.5869047,6.8045532e+03
 141.6073390,6.8150293e+03
 141.6277735,6.8108740e+03
 141.6482080,6.8086489e+03
 141.6686423,6.8039233e+03
 141.6890767,6.8115273e+03
 141.7095113,6.8072046e+03
 141.7299456,6.8101147e+03
 141.7503800,6.8069761e+03
 141.7708146,6.8062749e+03
 141.7912489,6.8102358e+03
 141.8116833,6.8120288e+03
 141.8321178,6.8158672e+03
 141.8525522,6.8076582e+03
 141.8729866,6.8062969e+03
 141.8934210,6.8033154e+03
 141.9138556,6.8070938e+03
 141.9342899,6.8132988e+03
 141.9547243,6.8073633e+03
 141.9751587,6.8092451e+03
 141.9955932,6.8053428e+03
 142.0160276,6.8115586e+03
 142.0364620,6.8087939e+03
 142.0568964,6.8076938e+03
 142.0773309,6.8032480e+03
 142.0977653,6.8109663e+03
 142.1181997,6.8091641e+03
 142.1386342,6.8064722e+03
 142.1590686,6.8054297e+03
 142.1795030,6.8042588e+03
 142.1999374,6.8147363e+03
 142.2203719,6.8037236e+03
 142.2408062,6.8047539e+03
 142.2612407,6.8074609e+03
 142.2816752,6.8052715e+03
 142.3021095,6.8076162e+03
 142.3225440,6.8041533e+03
 142.3429784,6.8042876e+03
 142.3634129,6.8063218e+03
 142.3838472,6.8082983e+03
 142.4042817,6.8039023e+03
 142.4247162,6.8024395e+03
 142.4451505,6.8072466e+03
 142.4655849,6.8083496e+03
 142.4860193,6.8098306e+03
 142.5064538,6.8017388e+03
 142.5268882,6.8011118e+03
 142.5473226,6.8053574e+03
 142.5677570,6.8105796e+03
 142.5881915,6.8005815e+03
 142.6086259,6.7991831e+03
 142.6290602,6.8023477e+03
 142.6494948,6.8048887e+03
 142.6699292,6.8175483e+03
 142.6903635,6.8048477e+03
 142.7107979,6.8001421e+03
 142.7312325,6.8052031e+03
 142.7516668,6.8004268e+03
 142.7721012,6.8009185e+03
 142.7925357,6.8029673e+03
 142.8129701,6.8021084e+03
 142.8334045,6.8017202e+03
 142.8538389,6.8099014e+03
 142.8742734,6.8013730e+03
 142.8947078,6.8002646e+03
 142.9151422,6.8052427e+03
 142.9355767,6.7988511e+03
 142.9560110,6.8042832e+03
 142.9764454,6.8082207e+03
 142.9968798,6.8045381e+03
 143.0173143,6.7958384e+03
 143.0377487,6.8040034e+03
 143.0581831,6.8015000e+03
 143.0786176,6.7986509e+03
 143.0990520,6.8051489e+03
 143.1194864,6.8016699e+03
 143.1399208,6.8023857e+03
 143.1603552,6.8058569e+03
 143.1807897,6.7976953e+03
 143.2012240,6.7948384e+03
 143.2216584,6.8020967e+03
 143.2420929,6.8011807e+03
 143.2625273,6.8108076e+03
 143.2829618,6.8009448e+03
 143.3033962,6.8113257e+03
 143.3238306,6.7925435e+03
 143.3442650,         null
 143.3646993,6.8060981e+03
 143.3851339,6.7947686e+03
 143.4055683,6.7954238e+03
 143.4260026,6.7951309e+03
 143.4464371,6.8070913e+03
 143.4668715,6.7981362e+03
 143.4873058,6.7978164e+03
 143.5077403,6.8021582e+03
 143.5281748,6.7996138e+03
 143.5486092,6.7895859e+03
 143.5690435,6.7973970e+03
 143.5894780,6.8019053e+03
 143.6099125,6.7939551e+03
 143.6303468,6.8002173e+03
 143.6507812,6.7959243e+03
 143.6712157,6.8016533e+03
 143.6916500,6.7983853e+03
 143.7120844,6.7947739e+03
 143.7325189,6.7977197e+03
 143.7529533,6.7845474e+03
 143.7733877,6.7950781e+03
 143.7938221,6.7943701e+03
 143.8142565,6.7935835e+03
 143.8346909,6.7909126e+03
 143.8551253,6.7838438e+03
 143.8755597,6.7798442e+03
 143.8959942,6.7883218e+03
 143.9164286,6.7833228e+03
 143.9368629,6.7924922e+03
 143.9572974,6.7924795e+03
 143.9777318,6.7922358e+03
 143.9981662,6.7957021e+03
 144.0186006,6.8012183e+03
 144.0390351,6.7955200e+03
 144.0594695,6.7953696e+03
 144.0799038,6.7971157e+03
 144.1003383,6.7976108e+03
 144.1207727,6.7912271e+03
 144.1412070,6.8006792e+03
 144.1616415,6.7892217e+03
 144.1820760,6.8003276e+03
 144.2025103,6.7939395e+03
 144.2229447,6.7994058e+03
 144.2433792,6.7974478e+03
 144.2638135,6.7984575e+03
 144.2842479,6.7861616e+03
 144.3046823,6.8078032e+03
 144.3251168,6.7891138e+03
 144.3455512,6.7934648e+03
 144.3659856,6.7863218e+03
 144.3864199,6.7975317e+03
 144.4068544,6.7921113e+03
 144.4272888,6.7902290e+03
 144.4477231,6.7882168e+03
 144.4681576,6.7873164e+03
 144.4885920,6.7928462e+03
 144.5090264,6.7946416e+03
 144.5294608,6.7824849e+03
 144.5498953,6.8046440e+03
 144.5703297,6.7927036e+03
 144.5907640,6.7982617e+03
 144.6111985,6.8004702e+03
 144.6316329,6.7944023e+03
 144.6520672,6.7920923e+03
 144.6725016,6.7924243e+03
 144.6929361,6.7853462e+03
 144.7133704,6.7965181e+03
 144.7338048,6.8008066e+03
 144.7542394,6.7920127e+03
 144.7746737,6.7920381e+03
 144.7951081,6.7957769e+03
 144.8155425,6.7908472e+03
 144.8359770,6.7953936e+03
 144.8564113,6.7934297e+03
 144.8768457,6.7929702e+03
 144.8972801,6.7925103e+03
 144.9177145,6.7908921e+03
 144.9381489,6.7930552e+03
 144.9585833,6.7938247e+03
 144.9790178,6.7901509e+03
 144.9994521,6.7939438e+03
 145.0198865,6.7915732e+03
 145.0403210,6.7862305e+03
 145.0607554,6.7957510e+03
 145.0811898,6.7948638e+03
 145.1016242,6.7929736e+03
 145.1220587,6.7983125e+03
 145.1424930,6.7930322e+03
 145.1629274,6.7909346e+03
 145.1833617,6.7821465e+03
 145.2037962,6.7989473e+03
 145.2242306,6.7952090e+03
 145.2446649,6.7859268e+03
 145.2650994,6.7903716e+03
 145.2855338,6.7944219e+03
 145.3059682,6.7885303e+03
 145.3264025,6.7837798e+03
 145.3468370,6.7952559e+03
 145.3672714,6.7878145e+03
 145.3877057,6.8118003e+03
 145.4081402,6.7856709e+03
 145.4285746,6.7923945e+03
 145.4490089,6.7943320e+03
 145.4694433,6.7928003e+03
 145.4898778,6.7862036e+03
 145.5103121,6.7935000e+03
 145.5307465,6.7943662e+03
 145.5511809,6.7858794e+03
 145.5716154,6.7885654e+03
 145.5920497,6.7916382e+03
 145.6124841,6.7840205e+03
 145.6329186,6.7886489e+03
 145.6533529,6.7891138e+03
 145.6737873,6.7814121e+03
 145.6942216,6.7898203e+03
 145.7146561,6.7859517e+03
 145.7350905,6.7840581e+03
 145.7555249,6.7859907e+03
 145.7759593,6.7796172e+03
 145.7963937,6.7852603e+03
 145.8168281,6.7817749e+03
 145.8372624,6.7893701e+03
 145.8576969,6.7851934e+03
 145.8781313,6.7893110e+03
 145.8985656,6.7887041e+03
 145.9190001,6.7881772e+03
 145.9394345,6.7849385e+03
 145.9598688,6.7887949e+03
 145.9803032,6.7908105e+03
 146.0007377,6.7898193e+03
 146.0211721,6.7914331e+03
 146.0416064,6.7881860e+03
 146.0620409,6.7836870e+03
 146.0824753,6.7910498e+03
 146.1029096,6.7901719e+03
 146.1233440,6.7943081e+03
 146.1437785,6.7806343e+03
 146.1642128,6.7818267e+03
 146.1846472,6.7957446e+03
 146.2050816,6.7865205e+03
 146.2255160,6.7863657e+03
 146.2459504,6.7841152e+03
 146.2663848,6.7978218e+03
 146.2868192,6.7954585e+03
 146.3072536,6.7860693e+03
 146.3276880,         null
 146.3481223,6.7828066e+03
 146.3685567,6.7859253e+03
 146.3889911,6.7903047e+03
 146.4094254,6.7818433e+03
 146.4298599,6.7878608e+03
 146.4502943,6.7869604e+03
 146.4707286,6.7778091e+03
 146.4911631,6.7881743e+03
 146.5115975,6.7799365e+03
 146.5320319,6.7832822e+03
 146.5524662,6.7798257e+03
 146.5729007,6.7895542e+03
 146.5933351,6.7810703e+03
 146.6137695,6.7838574e+03
 146.6342038,6.7803516e+03
 146.6546383,6.7824414e+03
 146.6750726,6.7809639e+03
 146.6955069,6.7846855e+03
 146.7159414,6.7880488e+03
 146.7363758,6.7833057e+03
 146.7568102,6.7813374e+03
 146.7772445,6.7799199e+03
 146.7976790,6.7933774e+03
 146.8181134,6.7811899e+03
 146.8385477,6.7774341e+03
 146.8589821,6.7840605e+03
 146.8794166,6.7809521e+03
 146.8998508,6.7788809e+03
 146.9202852,6.7873027e+03
 146.9407197,6.7875674e+03
 146.9611540,6.7846064e+03
 146.9815884,6.7783037e+03
 147.0020228,6.7826763e+03
 147.0224572,6.7775806e+03
 147.0428916,6.7801758e+03
 147.0633260,6.7841387e+03
 147.0837604,6.7831636e+03
 147.1041947,6.7822690e+03
 147.1246291,6.7782363e+03
 147.1450634,6.7817944e+03
 147.1654979,6.7845884e+03
 147.1859323,6.7814683e+03
 147.2063666,6.7852407e+03
 147.2268011,6.7850049e+03
 147.2472354,6.7881758e+03
 147.2676698,6.7817578e+03
 147.2881041,6.7776147e+03
 147.3085386,6.7842593e+03
 147.3289730,6.7818682e+03
 147.3494073,6.7845127e+03
 147.3698417,6.7910757e+03
 147.3902761,6.7782134e+03
 147.4107104,6.7779570e+03
 147.4311448,6.7791621e+03
 147.4515793,6.7815435e+03
 147.4720136,6.7809224e+03
 147.4924480,6.7772275e+03
 147.5128824,6.7800879e+03
 147.5333168,6.7802837e+03
 147.5537511,6.7837500e+03
 147.5741855,6.7813535e+03
 147.5946200,6.7812773e+03
 147.6150543,6.7791392e+03
 147.6354887,6.7800664e+03
 147.6559229,6.7817671e+03
 147.6763574,6.7813096e+03
 147.6967918,6.7793730e+03
 147.7172261,6.7898164e+03
 147.7376606,6.7855908e+03
 147.7580950,6.7802397e+03
 147.7785293,6.7797988e+03
 147.7989636,6.7826973e+03
 147.8193981,6.7802104e+03
 147.8398325,6.7800337e+03
 147.8602668,6.7770034e+03
 147.8807011,6.7802651e+03
 147.9011356,         null
 147.9215699,6.7813560e+03
 147.9420043,6.7719033e+03
 147.9624388,6.7916792e+03
 147.9828730,6.7808921e+03
 148.0033074,6.7770522e+03
 148.0237418,6.7793164e+03
 148.0441763,6.7885059e+03
 148.0646106,6.7789097e+03
 148.0850449,6.7797471e+03
 148.1054794,6.7829795e+03
 148.1259137,6.7758955e+03
 148.1463481,6.7791865e+03
 148.1667825,6.7742393e+03
 148.1872168,6.7778423e+03
 148.2076512,6.7824487e+03
 148.2280856,6.7744585e+03
 148.2485201,6.7785483e+03
 148.2689544,6.7763452e+03
 148.2893887,6.7789360e+03
 148.3098231,6.7776904e+03
 148.3302575,6.7828950e+03
 148.3506919,6.7707847e+03
 148.3711262,6.7717461e+03
 148.3915605,6.7781719e+03
 148.4119950,6.7820356e+03
 148.4324294,6.7737827e+03
 148.4528637,6.7805312e+03
 148.4732981,6.7799834e+03
 148.4937325,6.7744741e+03
 148.5141669,6.7788628e+03
 148.5346011,6.7804023e+03
 148.5550356,6.7799575e+03
 148.5754700,6.7796523e+03
 148.5959043,6.7814478e+03
 148.6163387,6.7700459e+03
 148.6367731,6.7808125e+03
 148.6572074,6.7732173e+03
 148.6776418,6.7802393e+03
 148.6980762,6.7804473e+03
 148.7185105,6.7752300e+03
 148.7389449,6.7751841e+03
 148.7593794,6.7833535e+03
 148.7798137,6.7751104e+03
 148.8002480,6.7853970e+03
 148.8206824,6.7795581e+03
 148.8411169,6.7725034e+03
 148.8615511,6.7822041e+03
 148.8819855,6.7814082e+03
 148.9024200,6.7785308e+03
 148.9228542,6.7773906e+03
 148.9432886,6.7755269e+03
 148.9637230,6.7817275e+03
 148.9841574,6.7783286e+03
 149.0045917,6.7822349e+03
 149.0250261,6.7843750e+03
 149.0454604,6.7804126e+03
 149.0658948,6.7791870e+03
 149.0863292,6.7827695e+03
 149.1067635,6.7851841e+03
 149.1271980,6.7790679e+03
 149.1476323,6.7814458e+03
 149.1680666,6.7788975e+03
 149.1885010,6.7865234e+03
 149.2089354,6.7768545e+03
 149.2293698,6.7827847e+03
 149.2498041,6.7767402e+03
 149.2702385,6.7845171e+03
 149.2906729,6.7818594e+03
 149.3111072,         null
 149.3315415,6.7814619e+03
 149.3519760,6.7775117e+03
 149.3724103,6.7754668e+03
 149.3928446,6.7739980e+03
 149.4132791,6.7720503e+03
 149.4337134,6.7802485e+03
 149.4541477,6.7737939e+03
 149.4745821,6.7747676e+03
 149.4950165,6.7665000e+03
 149.5154508,6.7773584e+03
 149.5358852,6.7716357e+03
 149.5563197,6.7765791e+03
 149.5767539,6.7728354e+03
 149.5971883,6.7737549e+03
 149.6176226,6.7783252e+03
 149.6380570,6.7811123e+03
 149.6584914,6.7677593e+03
 149.6789257,6.7799604e+03
 149.6993600,6.7842026e+03
 149.7197945,6.7757437e+03
 149.7402289,6.7810767e+03
 149.7606631,6.7813311e+03
 149.7810976,6.7780840e+03
 149.8015320,6.7802139e+03
 149.8219662,6.7745039e+03
 149.8424006,6.7787725e+03
 149.8628350,6.7752432e+03
 149.8832694,6.7846646e+03
 149.9037037,6.7780229e+03
 149.9241381,6.7803345e+03
 149.9445725,6.7776606e+03
 149.9650069,6.7862207e+03
 149.9854411,6.7811353e+03
 150.0058756,6.7756147e+03
 150.0263099,6.7802969e+03
 150.0467442,6.7755669e+03
 150.0671787,6.7805225e+03
 150.0876130,6.7722754e+03
 150.1080473,6.7762744e+03
 150.1284817,6.7800742e+03
 150.1489161,6.7896089e+03
 150.1693504,6.7766240e+03
 150.1897847,6.7737734e+03
 150.2102192,6.7802896e+03
 150.2306535,6.7832134e+03
 150.2510878,6.7783081e+03
 150.2715222,6.7764756e+03
 150.2919566,6.7812568e+03
 150.3123909,6.7814976e+03
 150.3328252,6.7796362e+03
 150.3532595,6.7759761e+03
 150.3736940,6.7816777e+03
 150.3941283,6.7771455e+03
 150.4145626,6.7830132e+03
 150.4349970,6.7816387e+03
 150.4554314,6.7797686e+03
 150.4758658,6.7732192e+03
 150.4963000,6.7799653e+03
 150.5167345,6.7880210e+03
 150.5371688,6.7833477e+03
 150.5576031,6.7889360e+03
 150.5780375,6.7789644e+03
 150.5984719,6.7862085e+03
 150.6189062,6.7845059e+03
 150.6393405,6.7809775e+03
 150.6597750,6.7829434e+03
 150.6802092,6.7833252e+03
 150.7006436,6.7830659e+03
 150.7210780,6.7807192e+03
 150.7415124,6.7825918e+03
 150.7619466,6.7835381e+03
 150.7823810,6.7836328e+03
 150.8028155,6.7790332e+03
 150.8232497,6.7827715e+03
 150.8436841,6.7774111e+03
 150.8641185,6.7759365e+03
 150.8845528,6.7823101e+03
 150.9049871,6.7831606e+03
 150.9254215,6.7782671e+03
 150.9458558,6.7875249e+03
 150.9662902,6.7972603e+03
 150.9867245,6.7727061e+03
 151.0071588,6.7759502e+03
 151.0275932,6.7796533e+03
 151.0480276,6.7857979e+03
 151.0684618,6.7808975e+03
 151.0888963,6.7887388e+03
 151.1093306,6.7867822e+03
 151.1297649,6.7837739e+03
 151.1501992,6.7842632e+03
 151.1706337,6.7803511e+03
 151.1910679,6.7786772e+03
 151.2115023,6.7800859e+03
 151.2319367,6.7888076e+03
 151.2523711,6.7868125e+03
 151.2728054,6.7914336e+03
 151.2932397,6.7882124e+03
 151.3136741,6.7879653e+03
 151.3341084,6.7824917e+03
 151.3545427,6.7828130e+03
 151.3749772,6.7843608e+03
 151.3954114,6.7922041e+03
 151.4158458,6.7981875e+03
 151.4362801,6.7806763e+03
 151.4567145,6.7825884e+03
 151.4771488,6.7897812e+03
 151.4975832,6.7905913e+03
 151.5180175,6.7771846e+03
 151.5384519,6.7805684e+03
 151.5588862,6.7854194e+03
 151.5793206,6.7791968e+03
 151.5997550,6.7847515e+03
 151.6201893,6.7848799e+03
 151.6406236,6.7725762e+03
 151.6610580,         null
 151.6814923,6.7789233e+03
 151.7019267,6.7831670e+03
 151.7223610,6.7836553e+03
 151.7427953,6.7814937e+03
 151.7632297,6.7775366e+03
 151.7836640,6.7820640e+03
 151.8040983,6.7781958e+03
 151.8245327,6.7878179e+03
 151.8449671,6.7830957e+03
 151.8654013,6.7840322e+03
 151.8858358,6.7902261e+03
 151.9062701,6.7803809e+03
 151.9267043,6.7788101e+03
 151.9471387,6.7748481e+03
 151.9675731,6.7753779e+03
 151.9880075,6.7852134e+03
 152.0084417,6.7780908e+03
 152.0288762,6.7763516e+03
 152.0493105,6.7796602e+03
 152.0697447,6.7898760e+03
 152.0901791,6.7846040e+03
 152.1106135,6.7881416e+03
 152.1310478,6.7759116e+03
 152.1514821,6.7775557e+03
 152.1719165,6.7863975e+03
 152.1923508,6.7855015e+03
 152.2127851,6.7818267e+03
 152.2332195,6.7850190e+03
 152.2536539,6.7832812e+03
 152.2740882,6.7848701e+03
 152.2945225,         null
 152.3149567,6.7871680e+03
 152.3353912,6.7733257e+03
 152.3558255,6.7823115e+03
 152.3762598,6.7836675e+03
 152.3966942,6.7768613e+03
 152.4171285,6.7915913e+03
 152.4375629,6.7847295e+03
 152.4579971,6.7818418e+03
 152.4784316,6.7783135e+03
 152.4988659,6.7817822e+03
 152.5193001,6.7847744e+03
 152.5397346,6.7823623e+03
 152.5601689,6.7822158e+03
 152.5806031,6.7935762e+03
 152.6010375,6.7880684e+03
 152.6214719,6.7885825e+03
 152.6419062,6.7870376e+03
 152.6623405,         null
 152.6827748,6.7920127e+03
 152.7032092,6.7886016e+03
 152.7236435,6.7813955e+03
 152.7440778,6.7834502e+03
 152.7645123,6.7889458e+03
 152.7849465,6.7864878e+03
 152.8053808,6.7801089e+03
 152.8258151,6.7719224e+03
 152.8462495,6.7845117e+03
 152.8666838,6.7805229e+03
 152.8871181,6.7863350e+03
 152.9075525,6.7856035e+03
 152.9279868,6.7864707e+03
 152.9484212,6.7809980e+03
 152.9688554,6.7785264e+03
 152.9892898,6.7808545e+03
 153.0097242,6.7834282e+03
 153.0301584,6.7776230e+03
 153.0505928,6.7881499e+03
 153.0710272,6.7892861e+03
 153.0914614,6.7848291e+03
 153.1118957,6.7811108e+03
 153.1323302,6.7833027e+03
 153.1527644,6.7894575e+03
 153.1731987,6.7880713e+03
 153.1936331,6.7804580e+03
 153.2140675,6.7817090e+03
 153.2345018,6.7773662e+03
 153.2549361,6.7876631e+03
 153.2753705,6.7862061e+03
 153.2958048,6.7819570e+03
 153.3162391,6.7777500e+03
 153.3366734,6.7799736e+03
 153.3571077,6.7792783e+03
 153.3775420,6.7840913e+03
 153.3979764,6.7848218e+03
 153.4184108,6.7841646e+03
 153.4388451,6.7830117e+03
 153.4592794,6.7780293e+03
 153.4797137,6.7806631e+03
 153.5001481,6.7824653e+03
 153.5205823,6.7820488e+03
 153.5410167,6.7859751e+03
 153.5614511,6.7842090e+03
 153.5818853,6.7839448e+03
 153.6023197,6.7822261e+03
 153.6227540,6.7890747e+03
 153.6431883,6.7810435e+03
 153.6636226,6.7777095e+03
 153.6840570,6.7852207e+03
 153.7044912,6.7797026e+03
 153.7249256,6.7800840e+03
 153.7453599,6.7764658e+03
 153.7657942,6.7776699e+03
 153.7862286,6.7785337e+03
 153.8066629,6.7802158e+03
 153.8270971,6.7744756e+03
 153.8475315,6.7856362e+03
 153.8679659,6.7765811e+03
 153.8884001,6.7850479e+03
 153.9088344,6.7759199e+03
 153.9292689,6.7779917e+03
 153.9497032,6.7778140e+03
 153.9701374,6.7852222e+03
 153.9905717,6.7835415e+03
 154.0110062,6.7779683e+03
 154.0314404,6.7835303e+03
 154.0518747,6.7808311e+03
 154.0723091,6.7717163e+03
 154.0927434,6.7859810e+03
 154.1131777,6.7840444e+03
 154.1336120,6.7836699e+03
 154.1540463,6.7822993e+03
 154.1744806,6.7799619e+03
 154.1949150,6.7740928e+03
 154.2153493,6.7745210e+03
 154.2357836,6.7822461e+03
 154.2562179,6.7772036e+03
 154.2766521,6.7778403e+03
 154.2970866,6.7754507e+03
 154.3175209,6.7824146e+03
 154.3379551,6.7853120e+03
 154.3583894,6.7832080e+03
 154.3788238,6.7794844e+03
 154.3992581,6.7750820e+03
 154.4196924,6.7879473e+03
 154.4401268,6.7860239e+03
 154.4605611,6.7715000e+03
 154.4809953,6.7833696e+03
 154.5014297,6.7846406e+03
 154.5218641,6.7802681e+03
 154.5422983,6.7781099e+03
 154.5627326,6.7809707e+03
 154.5831670,6.7781426e+03
 154.6036012,6.7872271e+03
 154.6240356,6.7800786e+03
 154.6444699,6.7779341e+03
 154.6649042,6.7800815e+03
 154.6853385,6.7811772e+03
 154.7057728,6.7754512e+03
 154.7262072,6.7807666e+03
 154.7466415,6.7783174e+03
 154.7670758,6.7789922e+03
 154.7875101,6.7767095e+03
 154.8079444,6.7723682e+03
 154.8283787,6.7788286e+03
 154.8488129,6.7778291e+03
 154.8692473,6.7723442e+03
 154.8896817,6.7737046e+03
 154.9101160,6.7757197e+03
 154.9305503,6.7758413e+03
 154.9509846,6.7786870e+03
 154.9714189,6.7784766e+03
 154.9918532,6.7800791e+03
 155.0122874,6.7786289e+03
 155.0327219,6.7746528e+03
 155.0531562,6.7784883e+03
 155.0735904,6.7830107e+03
 155.0940248,6.7741738e+03
 155.1144591,6.7811548e+03
 155.1348933,6.7733423e+03
 155.1553276,6.7765386e+03
 155.1757620,6.7740400e+03
 155.1961964,6.7794072e+03
 155.2166306,6.7822534e+03
 155.2370649,6.7740317e+03
 155.2574993,6.7739673e+03
 155.2779335,         null
 155.2983678,6.7823057e+03
 155.3188022,6.7785879e+03
 155.3392364,6.7687896e+03
 155.3596707,6.7783379e+03
 155.3801050,6.7724038e+03
 155.4005394,6.7727939e+03
 155.4209737,6.7713594e+03
 155.4414080,6.7719780e+03
 155.4618424,6.7706592e+03
 155.4822766,6.7768213e+03
 155.5027109,6.7726802e+03
 155.5231451,6.7719614e+03
 155.5435795,6.7770864e+03
 155.5640138,         null
 155.5844480,6.7812207e+03
 155.6048824,6.7753237e+03
 155.6253167,6.7779722e+03
 155.6457510,6.7727729e+03
 155.6661853,6.7745659e+03
 155.6866197,6.7770161e+03
 155.7070540,6.7803052e+03
 155.7274882,6.7780137e+03
 155.7479225,6.7785171e+03
 155.7683569,6.7790698e+03
 155.7887911,6.7753823e+03
 155.8092254,6.7715015e+03
 155.8296598,6.7795195e+03
 155.8500940,6.7731035e+03
 155.8705283,6.7732812e+03
 155.8909626,6.7780391e+03
 155.9113970,6.7799937e+03
 155.9318312,6.7717319e+03
 155.9522655,6.7780396e+03
 155.9726999,6.7753467e+03
 155.9931341,6.7723608e+03
 156.0135684,6.7800356e+03
 156.0340026,6.7770518e+03
 156.0544370,6.7819951e+03
 156.0748713,6.7781807e+03
 156.0953056,6.7727827e+03
 156.1157399,6.7766245e+03
 156.1361742,6.7750737e+03
 156.1566085,6.7782964e+03
 156.1770427,6.7747969e+03
 156.1974771,6.7694902e+03
 156.2179114,6.7811694e+03
 156.2383456,6.7737729e+03
 156.2587799,6.7789390e+03
 156.2792143,6.7733472e+03
 156.2996485,6.7723804e+03
 156.3200828,6.7715825e+03
 156.3405172,6.7707114e+03
 156.3609514,6.7783164e+03
 156.3813857,6.7730132e+03
 156.4018200,6.7757715e+03
 156.4222544,6.7744326e+03
 156.4426886,6.7746719e+03
 156.4631229,6.7714521e+03
 156.4835573,6.7797163e+03
 156.5039915,6.7745254e+03
 156.5244258,6.7717744e+03
 156.5448601,6.7806602e+03
 156.5652944,6.7799062e+03
 156.5857287,6.7707012e+03
 156.6061630,6.7822959e+03
 156.6265973,6.7754321e+03
 156.6470316,6.7718281e+03
 156.6674659,6.7807979e+03
 156.6879002,6.7794365e+03
 156.7083345,6.7818452e+03
 156.7287688,6.7777734e+03
 156.7492031,6.7828535e+03
 156.7696373,6.7825977e+03
 156.7900717,6.7705229e+03
 156.8105060,6.7762212e+03
 156.8309403,6.7756455e+03
 156.8513746,6.7723984e+03
 156.8718089,6.7727764e+03
 156.8922431,6.7713960e+03
 156.9126773,6.7773721e+03
 156.9331117,6.7727495e+03
 156.9535460,6.7813296e+03
 156.9739802,6.7709072e+03
 156.9944146,6.7657573e+03
 157.0148489,6.7769829e+03
 157.0352831,6.7715942e+03
 157.0557174,6.7718491e+03
 157.0761518,6.7707041e+03
 157.0965860,6.7698770e+03
 157.1170203,6.7744312e+03
 157.1374547,6.7815815e+03
 157.1578889,6.7737290e+03
 157.1783231,6.7743711e+03
 157.1987574,6.7789976e+03
 157.2191918,6.7727505e+03
 157.2396260,6.7756094e+03
 157.2600603,6.7793755e+03
 157.2804946,6.7739961e+03
 157.3009289,6.7801069e+03
 157.3213632,6.7838745e+03
 157.3417974,6.7765796e+03
 157.3622317,6.7772964e+03
 157.3826660,6.7800576e+03
 157.4031003,6.7731323e+03
 157.4235345,6.7760923e+03
 157.4439689,6.7739263e+03
 157.4644032,6.7767656e+03
 157.4848374,6.7749980e+03
 157.5052718,6.7750693e+03
 157.5257060,6.7754951e+03
 157.5461402,6.7754634e+03
 157.5665745,6.7766416e+03
 157.5870089,6.7769653e+03
 157.6074431,6.7772559e+03
 157.6278774,6.7820503e+03
 157.6483118,6.7689062e+03
 157.6687460,6.7735137e+03
 157.6891802,6.7725767e+03
 157.7096145,6.7740352e+03
 157.7300489,6.7718398e+03
 157.7504831,6.7756587e+03
 157.7709174,6.7765811e+03
 157.7913517,6.7761162e+03
 157.8117859,6.7755557e+03
 157.8322202,6.7746104e+03
 157.8526545,6.7702808e+03
 157.8730888,6.7687578e+03
 157.8935231,6.7739189e+03
 157.9139573,6.7714238e+03
 157.9343915,6.7783398e+03
 157.9548259,6.7701587e+03
 157.9752602,6.7773711e+03
 157.9956944,6.7767310e+03
 158.0161288,6.7755718e+03
 158.0365630,6.7766885e+03
 158.0569972,6.7738696e+03
 158.0774315,6.7742700e+03
 158.0978659,6.7706826e+03
 158.1183002,6.7721660e+03
 158.1387343,6.7800576e+03
 158.1591687,6.7723608e+03
 158.1796030,6.7734707e+03
 158.2000372,6.7784556e+03
 158.2204715,6.7732129e+03
 158.2409058,6.7707393e+03
 158.2613400,         null
 158.2817743,6.7702339e+03
 158.3022087,6.7694839e+03
 158.3226430,6.7804067e+03
 158.3430771,6.7753213e+03
 158.3635114,6.7676099e+03
 158.3839458,6.7753008e+03
 158.4043801,6.7693999e+03
 158.4248142,6.7782026e+03
 158.4452485,6.7698647e+03
 158.4656829,6.7749780e+03
 158.4861171,6.7771533e+03
 158.5065513,6.7741064e+03
 158.5269857,6.7709033e+03
 158.5474199,6.7725410e+03
 158.5678542,6.7726914e+03
 158.5882885,6.7766050e+03
 158.6087227,6.7710195e+03
 158.6291570,6.7763384e+03
 158.6495913,6.7826226e+03
 158.6700256,6.7740742e+03
 158.6904598,6.7757993e+03
 158.7108941,6.7736343e+03
 158.7313283,6.7768467e+03
 158.7517626,6.7707114e+03
 158.7721969,6.7676240e+03
 158.7926312,6.7763193e+03
 158.8130655,6.7811504e+03
 158.8334997,6.7781309e+03
 158.8539340,6.7693906e+03
 158.8743682,6.7695405e+03
 158.8948026,6.7699229e+03
 158.9152368,6.7685850e+03
 158.9356710,6.7729150e+03
 158.9561054,6.7732075e+03
 158.9765396,6.7696416e+03
 158.9969738,6.7751260e+03
 159.0174081,6.7818027e+03
 159.0378425,6.7738442e+03
 159.0582766,6.7719751e+03
 159.0787109,6.7709131e+03
 159.0991452,6.7719604e+03
 159.1195795,6.7679473e+03
 159.1400137,6.7739526e+03
 159.1604480,6.7646094e+03
 159.1808823,6.7733984e+03
 159.2013165,6.7847871e+03
 159.2217508,6.7698062e+03
 159.2421849,6.7698179e+03
 159.2626193,6.7691353e+03
 159.2830536,6.7784180e+03
 159.3034878,6.7742104e+03
 159.3239221,6.7690679e+03
 159.3443564,6.7689019e+03
 159.3647906,6.7787085e+03
 159.3852248,6.7756699e+03
 159.4056592,6.7731455e+03
 159.4260934,6.7733545e+03
 159.4465276,6.7759209e+03
 159.4669620,6.7696299e+03
 159.4873962,6.7788027e+03
 159.5078304,6.7705146e+03
 159.5282647,6.7810796e+03
 159.5486990,6.7714648e+03
 159.5691332,6.7728228e+03
 159.5895675,6.7729468e+03
 159.6100017,6.7719707e+03
 159.6304361,6.7755249e+03
 159.6508703,6.7781890e+03
 159.6713045,6.7734341e+03
 159.6917389,6.7703901e+03
 159.7121731,6.7738843e+03
 159.7326073,6.7697065e+03
 159.7530416,6.7738560e+03
 159.7734758,6.7678955e+03
 159.7939101,6.7803647e+03
 159.8143444,6.7758301e+03
 159.8347786,6.7687368e+03
 159.8552129,6.7799131e+03
 159.8756471,6.7751475e+03
 159.8960813,6.7770474e+03
 159.9165157,6.7668545e+03
 159.9369499,6.7802661e+03
 159.9573842,6.7832285e+03
 159.9778185,6.7798296e+03
 159.9982527,6.7802534e+03
 160.0186870,6.7763364e+03
 160.0391212,6.7788696e+03
 160.0595555,6.7806187e+03
 160.0799897,6.7706851e+03
 160.1004240,6.7641768e+03
 160.1208582,6.7660107e+03
 160.1412925,6.7640010e+03
 160.1617268,6.7750220e+03
 160.1821609,6.7746670e+03
 160.2025953,6.7874102e+03
 160.2230296,6.7774902e+03
 160.2434637,6.7767900e+03
 160.2638980,6.7792769e+03
 160.2843323,6.7844702e+03
 160.3047665,6.7749229e+03
 160.3252007,6.7951357e+03
 160.3456351,6.7809785e+03
 160.3660694,6.7786172e+03
 160.3865035,6.7861660e+03
 160.4069378,6.7794731e+03
 160.4273721,6.7741699e+03
 160.4478063,6.7814253e+03
 160.4682405,6.7782192e+03
 160.4886749,6.7795527e+03
 160.5091090,6.7779624e+03
 160.5295433,6.7749082e+03
 160.5499775,6.7739912e+03
 160.5704118,6.7821318e+03
 160.5908461,6.7761030e+03
 160.6112803,6.7858179e+03
 160.6317145,6.7789375e+03
 160.6521488,6.7771240e+03
 160.6725831,6.7837642e+03
 160.6930172,6.7783481e+03
 160.7134516,6.7821938e+03
 160.7338858,6.7777651e+03
 160.7543200,6.7806865e+03
 160.7747542,6.7807222e+03
 160.7951886,6.7792324e+03
 160.8156228,6.7784043e+03
 160.8360570,6.7782896e+03
 160.8564913,6.7738745e+03
 160.8769256,6.7777568e+03
 160.8973597,6.7754819e+03
 160.9177940,6.7832168e+03
 160.9382283,6.7838120e+03
 160.9586625,6.7764106e+03
 160.9790967,6.7803955e+03
 160.9995311,6.7922998e+03
 161.0199652,6.7736011e+03
 161.0403995,6.7831787e+03
 161.0608337,6.7763452e+03
 161.0812680,6.7733403e+03
 161.1017022,6.7826885e+03
 161.1221365,6.7828276e+03
 161.1425708,6.7786733e+03
 161.1630049,6.7828398e+03
 161.1834392,6.7835210e+03
 161.2038733,6.7828364e+03
 161.2243077,6.7772344e+03
 161.2447419,         null
 161.2651762,6.7880991e+03
 161.2856103,6.7802944e+03
 161.3060447,6.7810801e+03
 161.3264789,6.7774829e+03
 161.3469131,6.7780317e+03
 161.3673474,6.7788320e+03
 161.3877816,6.7807769e+03
 161.4082158,6.7894756e+03
 161.4286500,6.7755449e+03
 161.4490844,6.7855503e+03
 161.4695185,6.7874131e+03
 161.4899528,6.7827290e+03
 161.5103871,6.7877466e+03
 161.5308213,6.7790879e+03
 161.5512555,6.7832734e+03
 161.5716897,6.7865298e+03
 161.5921241,6.7847983e+03
 161.6125582,6.7811953e+03
 161.6329925,6.7886001e+03
 161.6534268,6.7910312e+03
 161.6738610,6.7850288e+03
 161.6942952,6.7827432e+03
 161.7147294,6.7778594e+03
 161.7351638,6.7861514e+03
 161.7555979,6.7916465e+03
 161.7760321,6.7864453e+03
 161.7964664,6.7874302e+03
 161.8169006,6.7876733e+03
 161.8373349,6.7857065e+03
 161.8577691,6.7860132e+03
 161.8782034,6.7805796e+03
 161.8986376,6.7909688e+03
 161.9190718,6.7824824e+03
 161.9395060,6.7820278e+03
 161.9599403,6.7915317e+03
 161.9803745,6.7850259e+03
 162.0008088,6.7945601e+03
 162.0212430,6.7859492e+03
 162.0416772,6.7812588e+03
 162.0621115,6.7883936e+03
 162.0825456,6.7839336e+03
 162.1029800,6.7879805e+03
 162.1234142,6.7986260e+03
 162.1438483,6.7805952e+03
 162.1642827,6.7881968e+03
 162.1847169,6.7911626e+03
 162.2051510,6.7887358e+03
 162.2255853,6.7957441e+03
 162.2460196,6.7850469e+03
 162.2664537,6.7927788e+03
 162.2868880,6.7901909e+03
 162.3073223,6.7915469e+03
 162.3277565,6.7875166e+03
 162.3481907,6.7971040e+03
 162.3686249,6.7902568e+03
 162.3890592,6.7921050e+03
 162.4094934,6.7933706e+03
 162.4299276,6.7888613e+03
 162.4503617,6.7895068e+03
 162.4707961,6.7839258e+03
 162.4912303,6.7896851e+03
 162.5116639,6.7953057e+03
 162.5320983,6.7943384e+03
 162.5525324,6.7919341e+03
 162.5729666,6.7853569e+03
 162.5934009,6.7909512e+03
 162.6138352,6.7919575e+03
 162.6342693,6.7990381e+03
 162.6547035,6.7960474e+03
 162.6751379,6.7956274e+03
 162.6955720,6.7917812e+03
 162.7160062,6.7972383e+03
 162.7364405,6.7908950e+03
 162.7568747,6.7935107e+03
 162.7773089,6.8049106e+03
 162.7977431,6.7936572e+03
 162.8181774,6.7932139e+03
 162.8386116,6.7945615e+03
 162.8590458,6.8019409e+03
 162.8794800,6.7947817e+03
 162.8999143,6.7988882e+03
 162.9203485,6.7988921e+03
 162.9407826,6.7918940e+03
 162.9612169,6.7952935e+03
 162.9816512,6.8041328e+03
 163.0020853,6.7951270e+03
 163.0225195,6.8004966e+03
 163.0429539,6.7950703e+03
 163.0633881,6.8013281e+03
 163.0838222,6.7979839e+03
 163.1042564,6.7976338e+03
 163.1246908,6.8047251e+03
 163.1451249,6.7971660e+03
 163.1655591,6.7986021e+03
 163.1859934,6.7953296e+03
 163.2064276,6.7989541e+03
 163.2268618,6.8084390e+03
 163.2472960,6.8074453e+03
 163.2677302,6.7985732e+03
 163.2881645,6.8043442e+03
 163.3085987,6.8001343e+03
 163.3290330,6.7993989e+03
 163.3494671,6.8019873e+03
 163.3699013,6.8031431e+03
 163.3903355,6.8028936e+03
 163.4107698,6.8012983e+03
 163.4312040,6.8015415e+03
 163.4516381,6.8036147e+03
 163.4720724,6.7973203e+03
 163.4925067,6.7982939e+03
 163.5129409,6.8067271e+03
 163.5333750,6.8068711e+03
 163.5538093,6.8035610e+03
 163.5742435,6.8028965e+03
 163.5946777,6.7994434e+03
 163.6151119,6.7957891e+03
 163.6355462,6.8038276e+03
 163.6559803,6.8035234e+03
 163.6764145,6.8113760e+03
 163.6968489,6.8035498e+03
 163.7172830,6.8016772e+03
 163.7377172,6.8052759e+03
 163.7581514,6.8030244e+03
 163.7785856,6.8098545e+03
 163.7990198,6.8053101e+03
 163.8194541,6.8041929e+03
 163.8398884,6.8049766e+03
 163.8603225,6.8095679e+03
 163.8807567,6.8098569e+03
 163.9011908,6.8064224e+03
 163.9216251,6.7994121e+03
 163.9420593,6.8091704e+03
 163.9624936,6.8176294e+03
 163.9829278,6.8129165e+03
 164.0033620,6.8058340e+03
 164.0237962,6.8154014e+03
 164.0442303,6.8162988e+03
 164.0646646,6.8077637e+03
 164.0850988,6.8073452e+03
 164.1055331,6.8115610e+03
 164.1259672,6.8126699e+03
 164.1464015,6.8081133e+03
 164.1668356,6.8067510e+03
 164.1872698,6.8137871e+03
 164.2077041,6.8166904e+03
 164.2281383,         null
 164.2485724,6.8158306e+03
 164.2690067,6.8122642e+03
 164.2894409,6.8173730e+03
 164.3098751,6.8122627e+03
 164.3303093,6.8162285e+03
 164.3507436,6.8141387e+03
 164.3711778,6.8127056e+03
 164.3916119,6.8135479e+03
 164.4120461,6.8191914e+03
 164.4324803,6.8141401e+03
 164.4529145,6.8200454e+03
 164.4733487,6.8133394e+03
 164.4937831,6.8169741e+03
 164.5142172,6.8148760e+03
 164.5346514,6.8197275e+03
 164.5550856,6.8194316e+03
 164.5755198,6.8165645e+03
 164.5959540,6.8187837e+03
 164.6163882,6.8158579e+03
 164.6368223,6.8208960e+03
 164.6572566,6.8097808e+03
 164.6776908,6.8210010e+03
 164.6981250,6.8154243e+03
 164.7185592,6.8166885e+03
 164.7389934,6.8204707e+03
 164.7594276,6.8256904e+03
 164.7798617,6.8195488e+03
 164.8002961,6.8218242e+03
 164.8207303,6.8251514e+03
 164.8411644,6.8180474e+03
 164.8615987,6.8183882e+03
 164.8820329,6.8188652e+03
 164.9024670,6.8190215e+03
 164.9229012,6.8196450e+03
 164.9433355,6.8203428e+03
 164.9637696,6.8164814e+03
 164.9842038,6.8175947e+03
