        TIME,  PDCSAP_FLUX
 735.3635577,         null
 735.3839909,4.6751748e+03
 735.4044241,4.6613706e+03
 735.4248573,4.6734751e+03
 735.4452905,4.6766299e+03
 735.4657237,4.6685371e+03
 735.4861569,4.6683530e+03
 735.5065901,4.6572607e+03
 735.5270234,4.6630273e+03
 735.5474566,4.6591206e+03
 735.5678899,4.6593862e+03
 735.5883230,4.6758926e+03
 735.6087563,4.6698003e+03
 735.6291895,4.6655962e+03
 735.6496226,4.6690327e+03
 735.6700559,4.6627666e+03
 735.6904891,4.6640513e+03
 735.7109222,4.6633887e+03
 735.7313555,4.6673062e+03
 735.7517888,4.6626284e+03
 735.7722219,4.6673750e+03
 735.7926552,4.6665962e+03
 735.8130884,4.6682856e+03
 735.8335216,4.6616646e+03
 735.8539548,4.6596274e+03
 735.8743879,4.6597119e+03
 735.8948212,4.6643774e+03
 735.9152544,4.6621929e+03
 735.9356877,4.6631812e+03
 735.9561209,4.6612607e+03
 735.9765541,4.6666689e+03
 735.9969873,4.6639355e+03
 736.0174206,4.6634424e+03
 736.0378537,4.6619507e+03
 736.0582870,4.6583403e+03
 736.0787203,4.6674106e+03
 736.0991534,4.6592930e+03
 736.1195867,4.6646016e+03
 736.1400199,4.6629082e+03
 736.1604530,4.6579565e+03
 736.1808863,4.6643647e+03
 736.2013195,4.6603320e+03
 736.2217527,4.6587656e+03
 736.2421860,4.6635435e+03
 736.2626192,4.6532744e+03
 736.2830525,4.6591230e+03
 736.3034856,4.6667021e+03
 736.3239188,4.6550649e+03
 736.3443522,4.6663018e+03
 736.3647853,4.6604214e+03
 736.3852185,4.6567798e+03
 736.4056518,4.6547188e+03
 736.4260849,4.6620493e+03
 736.4465182,4.6547646e+03
 736.4669514,4.6577954e+03
 736.4873846,4.6521885e+03
 736.5078179,4.6588369e+03
 736.5282510,4.6609585e+03
 736.5486842,4.6621821e+03
 736.5691176,4.6523535e+03
 736.5895508,4.6504683e+03
 736.6099839,4.6503130e+03
 736.6304172,4.6604575e+03
 736.6508505,4.6549531e+03
 736.6712836,4.6588794e+03
 736.6917169,4.6592188e+03
 736.7121501,4.6560342e+03
 736.7325834,4.6534834e+03
 736.7530166,4.6488716e+03
 736.7734498,4.6419990e+03
 736.7938831,4.6456812e+03
 736.8143162,4.6502578e+03
 736.8347495,4.6563809e+03
 736.8551828,4.6484268e+03
 736.8756159,4.6514204e+03
 736.8960492,4.6589238e+03
 736.9164825,4.6553770e+03
 736.9369156,4.6578135e+03
 736.9573489,4.6544287e+03
 736.9777821,4.6556938e+03
 736.9982154,4.6570483e+03
 737.0186486,4.6545376e+03
 737.0390818,4.6502158e+03
 737.0595150,4.6547637e+03
 737.0799483,4.6502197e+03
 737.1003815,4.6559214e+03
 737.1208147,4.6416484e+03
 737.1412479,4.6557866e+03
 737.1616812,4.6525635e+03
 737.1821144,4.6428633e+03
 737.2025476,4.6511401e+03
 737.2229808,4.6548145e+03
 737.2434142,4.6495903e+03
 737.2638473,4.6488662e+03
 737.2842805,4.6537026e+03
 737.3047139,         null
 737.3251470,4.6461938e+03
 737.3455803,4.6483057e+03
 737.3660136,4.6471899e+03
 737.3864467,4.6533379e+03
 737.4068800,4.6456768e+03
 737.4273132,4.6500151e+03
 737.4477464,4.6488530e+03
 737.4681797,4.6416733e+03
 737.4886129,4.6494302e+03
 737.5090461,4.6474121e+03
 737.5294794,4.6522622e+03
 737.5499126,4.6471128e+03
 737.5703460,4.6442349e+03
 737.5907791,4.6475220e+03
 737.6112123,4.6574077e+03
 737.6316457,4.6424072e+03
 737.6520788,4.6459912e+03
 737.6725120,4.6417271e+03
 737.6929454,4.6449717e+03
 737.7133786,4.6482275e+03
 737.7338117,4.6464790e+03
 737.7542451,4.6425527e+03
 737.7746782,4.6395474e+03
 737.7951115,4.6478223e+03
 737.8155448,4.6433452e+03
 737.8359779,4.6428296e+03
 737.8564112,4.6439150e+03
 737.8768445,4.6472407e+03
 737.8972776,4.6508569e+03
 737.9177110,4.6397896e+03
 737.9381442,4.6434355e+03
 737.9585775,4.6379111e+03
 737.9790107,4.6377412e+03
 737.9994439,4.6419468e+03
 738.0198772,4.6381792e+03
 738.0403104,4.6367671e+03
 738.0607436,4.6398882e+03
 738.0811770,4.6388228e+03
 738.1016101,4.6351982e+03
 738.1220433,4.6419551e+03
 738.1424767,4.6366631e+03
 738.1629098,4.6383784e+03
 738.1833432,4.6365815e+03
 738.2037764,4.6408867e+03
 738.2242096,4.6434365e+03
 738.2446429,4.6362021e+03
 738.2650761,4.6417964e+03
 738.2855094,4.6292783e+03
 738.3059426,4.6387725e+03
 738.3263759,4.6422095e+03
 738.3468091,4.6386909e+03
 738.3672424,4.6392852e+03
 738.3876756,4.6371792e+03
 738.4081089,4.6381685e+03
 738.4285421,4.6294883e+03
 738.4489753,4.6539727e+03
 738.4694087,4.6341226e+03
 738.4898418,4.6357905e+03
 738.5102750,4.6414941e+03
 738.5307084,4.6283613e+03
 738.5511415,4.6294150e+03
 738.5715748,4.6365361e+03
 738.5920081,4.6307642e+03
 738.6124413,4.6314644e+03
 738.6328746,4.6332075e+03
 738.6533079,4.6357671e+03
 738.6737410,4.6312134e+03
 738.6941743,4.6293345e+03
 738.7146076,4.6313086e+03
 738.7350408,4.6320757e+03
 738.7554741,4.6323384e+03
 738.7759073,4.6357563e+03
 738.7963406,4.6308877e+03
 738.8167738,4.6312959e+03
 738.8372071,4.6308608e+03
 738.8576404,4.6296821e+03
 738.8780737,4.6302764e+03
 738.8985068,4.6249482e+03
 738.9189402,4.6240859e+03
 738.9393734,4.6352944e+03
 738.9598066,4.6276318e+03
 738.9802399,4.6242783e+03
 739.0006732,4.6314546e+03
 739.0211063,4.6207808e+03
 739.0415397,4.6301860e+03
 739.0619728,4.6247471e+03
 739.0824062,4.6196738e+03
 739.1028394,4.6234580e+03
 739.1232726,4.6217100e+03
 739.1437059,4.6243384e+03
 739.1641392,4.6209556e+03
 739.1845723,4.6193452e+03
 739.2050057,4.6219727e+03
 739.2254389,4.6251880e+03
 739.2458723,4.6176406e+03
 739.2663055,4.6355044e+03
 739.2867387,4.6260518e+03
 739.3071721,4.6239517e+03
 739.3276052,4.6270225e+03
 739.3480385,4.6232065e+03
 739.3684718,4.6233828e+03
 739.3889050,4.6220898e+03
 739.4093382,4.6250728e+03
 739.4297716,4.6231479e+03
 739.4502048,4.6215884e+03
 739.4706381,4.6249766e+03
 739.4910714,4.6178677e+03
 739.5115046,4.6274678e+03
 739.5319379,4.6202510e+03
 739.5523711,4.6170430e+03
 739.5728044,4.6219556e+03
 739.5932376,4.6230166e+03
 739.6136709,4.6153174e+03
 739.6341042,4.6194395e+03
 739.6545374,4.6269727e+03
 739.6749707,4.6251577e+03
 739.6954040,4.6197852e+03
 739.7158372,4.6174414e+03
 739.7362705,4.6221934e+03
 739.7567038,4.6230684e+03
 739.7771370,4.6177334e+03
 739.7975702,4.6174800e+03
 739.8180036,4.6198535e+03
 739.8384368,4.6160215e+03
 739.8588701,4.6172954e+03
 739.8793034,4.6216045e+03
 739.8997365,4.6174717e+03
 739.9201699,4.6164189e+03
 739.9406032,4.6104312e+03
 739.9610364,4.6214131e+03
 739.9814697,4.6138994e+03
 740.0019030,4.6171909e+03
 740.0223362,4.6145942e+03
 740.0427695,4.6166069e+03
 740.0632027,4.6178481e+03
 740.0836361,4.6157490e+03
 740.1040694,4.6214448e+03
 740.1245025,4.6193760e+03
 740.1449359,4.6118726e+03
 740.1653692,4.6128413e+03
 740.1858023,4.6142871e+03
 740.2062357,4.6188579e+03
 740.2266690,4.6067021e+03
 740.2471021,4.6139902e+03
 740.2675355,4.6127642e+03
 740.2879687,         null
 740.3084020,4.6140488e+03
 740.3288353,4.6105732e+03
 740.3492685,4.6139683e+03
 740.3697018,4.6195986e+03
 740.3901351,4.6114556e+03
 740.4105683,4.6162700e+03
 740.4310016,4.6121050e+03
 740.4514349,4.6127188e+03
 740.4718683,4.6181406e+03
 740.4923014,         null
 740.5127347,4.6169106e+03
 740.5331681,4.6157549e+03
 740.5536013,4.6143452e+03
 740.5740345,4.6174897e+03
 740.5944679,4.6080576e+03
 740.6149012,4.6096284e+03
 740.6353343,4.6102456e+03
 740.6557677,4.6168452e+03
 740.6762010,4.6125371e+03
 740.6966343,4.6121392e+03
 740.7170675,4.6026763e+03
 740.7375008,4.6112964e+03
 740.7579342,4.6104424e+03
 740.7783673,4.6159263e+03
 740.7988006,4.6064614e+03
 740.8192340,4.6080527e+03
 740.8396672,4.6140562e+03
 740.8601004,4.6065410e+03
 740.8805338,4.6012051e+03
 740.9009670,4.6070854e+03
 740.9214004,4.6109473e+03
 740.9418335,4.5997598e+03
 740.9622668,4.6120562e+03
 740.9827002,4.6047437e+03
 741.0031334,4.6085220e+03
 741.0235666,4.6147036e+03
 741.0440000,4.6100557e+03
 741.0644332,4.6035474e+03
 741.0848666,4.6059937e+03
 741.1052998,4.6088042e+03
 741.1257331,4.6113442e+03
 741.1461664,4.6113247e+03
 741.1665997,4.6126816e+03
 741.1870330,4.6023882e+03
 741.2074662,4.6150317e+03
 741.2278995,4.6091528e+03
 741.2483328,4.6051401e+03
 741.2687662,4.5940571e+03
 741.2891993,4.5979546e+03
 741.3096327,4.5979482e+03
 741.3300660,4.6057017e+03
 741.3504992,4.6057544e+03
 741.3709326,4.6036543e+03
 741.3913658,4.6116396e+03
 741.4117990,4.6061362e+03
 741.4322324,4.6044814e+03
 741.4526657,4.6043330e+03
 741.4730989,4.6059629e+03
 741.4935323,4.6065337e+03
 741.5139655,4.6063984e+03
 741.5343988,4.6134961e+03
 741.5548321,4.6058975e+03
 741.5752653,4.6027573e+03
 741.5956987,4.6034399e+03
 741.6161319,4.6040977e+03
 741.6365651,4.5986201e+03
 741.6569985,4.6071875e+03
 741.6774318,4.6023643e+03
 741.6978652,4.5994150e+03
 741.7182984,4.6008311e+03
 741.7387317,4.6034741e+03
 741.7591650,4.6008340e+03
 741.7795982,4.6064868e+03
 741.8000315,4.6063091e+03
 741.8204649,4.6013960e+03
 741.8408982,4.6069878e+03
 741.8613314,4.6003159e+03
 741.8817648,4.6064951e+03
 741.9021980,4.5995845e+03
 741.9226314,4.6031787e+03
 741.9430646,4.5985635e+03
 741.9634979,4.5981738e+03
 741.9839313,4.6123413e+03
 742.0043645,4.6055137e+03
 742.0247978,4.6056812e+03
 742.0452312,4.5998872e+03
 742.0656643,4.6043584e+03
 742.0860976,4.5996519e+03
 742.1065310,4.6022651e+03
 742.1269642,4.6049448e+03
 742.1473976,4.5944639e+03
 742.1678309,4.6068687e+03
 742.1882641,4.6136733e+03
 742.2086975,4.5977051e+03
 742.2291307,4.5997319e+03
 742.2495640,4.6019565e+03
 742.2699974,4.6067847e+03
 742.2904305,4.5998545e+03
 742.3108639,4.6010708e+03
 742.3312972,4.6004136e+03
 742.3517305,4.6020835e+03
 742.3721638,4.6076831e+03
 742.3925971,4.5989839e+03
 742.4130304,4.5961797e+03
 742.4334637,4.6010869e+03
 742.4538970,4.5974126e+03
 742.4743303,4.5934805e+03
 742.4947637,4.6024214e+03
 742.5151969,4.5947832e+03
 742.5356303,4.5999736e+03
 742.5560636,4.5975649e+03
 742.5764968,4.6012412e+03
 742.5969302,4.6039639e+03
 742.6173635,4.5949199e+03
 742.6377967,4.5981460e+03
 742.6582301,4.5929888e+03
 742.6786633,4.5905771e+03
 742.6990967,4.5994204e+03
 742.7195299,4.5989565e+03
 742.7399632,4.5978184e+03
 742.7603966,4.5974268e+03
 742.7808298,4.6012158e+03
 742.8012631,4.5972812e+03
 742.8216965,4.5965610e+03
 742.8421297,4.5959424e+03
 742.8625630,4.6034438e+03
 742.8829963,4.5991216e+03
 742.9034296,4.5987690e+03
 742.9238630,4.5982207e+03
 742.9442962,4.5985479e+03
 742.9647295,4.5940386e+03
 742.9851629,4.5997598e+03
 743.0055962,4.5949854e+03
 743.0260294,4.6024297e+03
 743.0464628,4.5970386e+03
 743.0668961,4.6000518e+03
 743.0873293,4.5922788e+03
 743.1077627,4.5980884e+03
 743.1281960,4.5967925e+03
 743.1486295,4.5996152e+03
 743.1690627,4.5997744e+03
 743.1894960,4.5931353e+03
 743.2099294,4.6002139e+03
 743.2303626,4.6015688e+03
 743.2507959,4.6010869e+03
 743.2712293,         null
 743.2916625,4.5928574e+03
 743.3120959,4.5909072e+03
 743.3325292,4.5926406e+03
 743.3529624,4.5986519e+03
 743.3733958,4.5955732e+03
 743.3938291,4.5939854e+03
 743.4142623,4.5956865e+03
 743.4346957,4.5969072e+03
 743.4551290,4.5991445e+03
 743.4755622,4.5930615e+03
 743.4959956,4.5952749e+03
 743.5164290,4.5936387e+03
 743.5368623,4.5915898e+03
 743.5572956,4.5953916e+03
 743.5777289,4.5986299e+03
 743.5981622,4.5976489e+03
 743.6185955,4.5955532e+03
 743.6390288,4.6044766e+03
 743.6594621,4.6025767e+03
 743.6798954,4.6004355e+03
 743.7003288,4.5974648e+03
 743.7207621,4.6059585e+03
 743.7411954,4.5932886e+03
 743.7616288,4.5937847e+03
 743.7820621,4.5869985e+03
 743.8024953,4.5955747e+03
 743.8229287,4.5969087e+03
 743.8433620,4.5984478e+03
 743.8637952,4.5918052e+03
 743.8842286,4.5890327e+03
 743.9046620,4.5958584e+03
 743.9250954,4.5938799e+03
 743.9455286,4.5876152e+03
 743.9659619,4.5941885e+03
 743.9863953,4.5969087e+03
 744.0068285,4.6000137e+03
 744.0272618,4.5969951e+03
 744.0476952,4.5993433e+03
 744.0681285,4.5933398e+03
 744.0885618,4.5987993e+03
 744.1089952,4.5945830e+03
 744.1294284,4.5873120e+03
 744.1498618,4.5941025e+03
 744.1702951,4.5971748e+03
 744.1907284,4.5950464e+03
 744.2111618,4.5944810e+03
 744.2315951,4.5893525e+03
 744.2520283,4.5891201e+03
 744.2724617,4.5850972e+03
 744.2928951,4.5918550e+03
 744.3133285,4.5931553e+03
 744.3337617,4.5962744e+03
 744.3541950,4.5958745e+03
 744.3746284,4.5908340e+03
 744.3950616,4.5912676e+03
 744.4154950,4.5929087e+03
 744.4359284,4.5921279e+03
 744.4563616,4.5982583e+03
 744.4767949,4.5870435e+03
 744.4972283,4.5896396e+03
 744.5176616,4.5969932e+03
 744.5380950,4.5912788e+03
 744.5585283,4.5929824e+03
 744.5789615,4.5912788e+03
 744.5993950,4.5896094e+03
 744.6198283,4.5918184e+03
 744.6402616,4.5938125e+03
 744.6606949,4.5860078e+03
 744.6811282,4.5883145e+03
 744.7015616,4.5944937e+03
 744.7219949,4.5913647e+03
 744.7424282,4.5894111e+03
 744.7628615,4.5916396e+03
 744.7832949,4.5918535e+03
 744.8037282,4.5933208e+03
 744.8241615,4.5891099e+03
 744.8445948,4.5921255e+03
 744.8650282,4.5845273e+03
 744.8854616,4.5901123e+03
 744.9058948,4.5919062e+03
 744.9263282,4.5964868e+03
 744.9467616,4.5834609e+03
 744.9671948,4.5952524e+03
 744.9876282,4.5914888e+03
 745.0080615,4.5911851e+03
 745.0284948,4.5910420e+03
 745.0489282,4.5908682e+03
 745.0693615,4.5871479e+03
 745.0897948,4.5984409e+03
 745.1102282,4.5900776e+03
 745.1306615,4.5919590e+03
 745.1510949,4.5896973e+03
 745.1715282,4.5936294e+03
 745.1919615,4.5896357e+03
 745.2123949,4.5903599e+03
 745.2328282,4.5870605e+03
 745.2532615,4.5927925e+03
 745.2736949,4.5977729e+03
 745.2941282,4.5831562e+03
 745.3145616,4.5887051e+03
 745.3349949,4.5922290e+03
 745.3554283,4.5870854e+03
 745.3758616,4.5951147e+03
 745.3962949,4.5935479e+03
 745.4167282,4.5874893e+03
 745.4371616,4.5868057e+03
 745.4575949,4.5898506e+03
 745.4780282,4.5811714e+03
 745.4984616,4.5992085e+03
 745.5188949,4.5933667e+03
 745.5393284,4.5911655e+03
 745.5597616,4.5895063e+03
 745.5801949,4.5879111e+03
 745.6006284,4.5910859e+03
 745.6210616,4.5953862e+03
 745.6414949,4.5888242e+03
 745.6619284,4.5836162e+03
 745.6823616,4.5890654e+03
 745.7027949,4.5909746e+03
 745.7232284,4.5835518e+03
 745.7436616,4.5853535e+03
 745.7640950,4.5801768e+03
 745.7845284,4.5832666e+03
 745.8049616,4.5791411e+03
 745.8253951,4.5915625e+03
 745.8458284,4.5814697e+03
 745.8662617,4.5860400e+03
 745.8866951,4.5801362e+03
 745.9071284,4.5844067e+03
 745.9275619,4.5860610e+03
 745.9479951,4.5901445e+03
 745.9684284,4.5866270e+03
 745.9888618,4.5829419e+03
 746.0092951,4.5853105e+03
 746.0297285,4.5882036e+03
 746.0501619,4.5856162e+03
 746.0705951,4.5853789e+03
 746.0910285,4.5880015e+03
 746.1114619,4.5918110e+03
 746.1318952,4.5790869e+03
 746.1523286,4.5791592e+03
 746.1727619,4.5907329e+03
 746.1931952,4.5849229e+03
 746.2136286,4.5726030e+03
 746.2340620,4.5879956e+03
 746.2544952,         null
 746.2749287,4.5846611e+03
 746.2953620,4.5885874e+03
 746.3157955,4.5896152e+03
 746.3362287,4.5832300e+03
 746.3566620,4.5837729e+03
 746.3770955,4.5907261e+03
 746.3975287,4.5834214e+03
 746.4179621,4.5831836e+03
 746.4383955,4.5835220e+03
 746.4588288,4.5877129e+03
 746.4792621,4.5839907e+03
 746.4996956,4.5778252e+03
 746.5201289,4.5838589e+03
 746.5405623,4.5846729e+03
 746.5609956,4.5860249e+03
 746.5814290,4.5809336e+03
 746.6018623,4.5796030e+03
 746.6222957,4.5837520e+03
 746.6427289,4.5861924e+03
 746.6631624,4.5846504e+03
 746.6835957,4.5849199e+03
 746.7040289,4.5814067e+03
 746.7244624,4.5959863e+03
 746.7448957,4.5832886e+03
 746.7653292,4.5859819e+03
 746.7857625,4.5851582e+03
 746.8061958,4.5898428e+03
 746.8266293,4.5846719e+03
 746.8470625,4.5851670e+03
 746.8674959,4.5862554e+03
 746.8879293,4.5833511e+03
 746.9083626,4.5854609e+03
 746.9287960,4.5821934e+03
 746.9492294,4.5774844e+03
 746.9696626,4.5869292e+03
 746.9900961,4.5797368e+03
 747.0105294,4.5834722e+03
 747.0309628,4.5913164e+03
 747.0513961,4.5875054e+03
 747.0718295,4.5833813e+03
 747.0922628,4.5858750e+03
 747.1126962,4.5855171e+03
 747.1331296,4.5882256e+03
 747.1535630,4.5835220e+03
 747.1739964,4.5734385e+03
 747.1944296,4.5899756e+03
 747.2148631,4.5801348e+03
 747.2352964,4.5786807e+03
 747.2557297,4.5911606e+03
 747.2761631,4.5805586e+03
 747.2965964,4.5826201e+03
 747.3170299,4.5888940e+03
 747.3374632,4.5833589e+03
 747.3578965,4.5844868e+03
 747.3783299,4.5819990e+03
 747.3987633,4.5853281e+03
 747.4191966,4.5871948e+03
 747.4396300,4.5912852e+03
 747.4600634,4.5742993e+03
 747.4804966,4.5855952e+03
 747.5009301,4.5779839e+03
 747.5213635,4.5797852e+03
 747.5417969,4.5900698e+03
 747.5622302,4.5854141e+03
 747.5826635,4.5854019e+03
 747.6030970,4.5870776e+03
 747.6235303,4.5843486e+03
 747.6439636,4.5821836e+03
 747.6643971,4.5832476e+03
 747.6848303,4.5906465e+03
 747.7052637,4.5912905e+03
 747.7256972,4.5853389e+03
 747.7461305,4.5841250e+03
 747.7665639,4.5812446e+03
 747.7869973,4.5888037e+03
 747.8074306,4.5828394e+03
 747.8278641,4.5791860e+03
 747.8482974,4.5913628e+03
 747.8687307,4.5885278e+03
 747.8891642,4.5798994e+03
 747.9095975,4.5809370e+03
 747.9300309,4.5844375e+03
 747.9504642,4.5831592e+03
 747.9708976,4.5870073e+03
 747.9913310,4.5877734e+03
 748.0117643,4.5860249e+03
 748.0321977,4.5902695e+03
 748.0526311,4.5875391e+03
 748.0730644,4.5918882e+03
 748.0934978,4.5816113e+03
 748.1139312,4.5887246e+03
 748.1343645,4.5823398e+03
 748.1547980,4.5832017e+03
 748.1752313,4.5867026e+03
 748.1956646,4.5920361e+03
 748.2160981,4.5810801e+03
 748.2365314,4.5905361e+03
 748.2569648,4.5900850e+03
 748.2773982,4.5869990e+03
 748.2978316,4.5918916e+03
 748.3182650,4.5895508e+03
 748.3386983,4.5879331e+03
 748.3591317,4.5943096e+03
 748.3795651,4.5797056e+03
 748.3999985,4.5878931e+03
 748.4204318,4.5869629e+03
 748.4408653,4.5884287e+03
 748.4612986,4.5871279e+03
 748.4817319,4.5913462e+03
 748.5021654,4.5844800e+03
 748.5225987,4.5864453e+03
 748.5430321,4.5906387e+03
 748.5634655,4.5951548e+03
 748.5838988,4.5908208e+03
 748.6043322,4.5940439e+03
 748.6247656,4.5860996e+03
 748.6451989,4.5949424e+03
 748.6656324,4.5908647e+03
 748.6860657,4.5916646e+03
 748.7064990,4.5918345e+03
 748.7269325,4.5878672e+03
 748.7473659,4.5918359e+03
 748.7677994,4.5957231e+03
 748.7882326,4.5904917e+03
 748.8086660,4.5955420e+03
 748.8290995,4.5895952e+03
 748.8495328,4.5930566e+03
 748.8699661,4.5896631e+03
 748.8903996,4.5920610e+03
 748.9108330,4.5855264e+03
 748.9312664,4.5952524e+03
 748.9516998,4.5922949e+03
 748.9721331,4.5918716e+03
 748.9925665,4.5938657e+03
 749.0129999,4.5951577e+03
 749.0334333,4.6000718e+03
 749.0538668,4.5940176e+03
 749.0743000,4.6009707e+03
 749.0947334,4.6008579e+03
 749.1151668,4.5961606e+03
 749.1356002,4.5945566e+03
 749.1560337,4.6006553e+03
 749.1764671,4.6099111e+03
 749.1969003,4.5965181e+03
 749.2173338,4.5972739e+03
 749.2377671,         null
 749.2582005,4.5954712e+03
 749.2786340,4.5967666e+03
 749.2990673,4.5979771e+03
 749.3195007,4.6028110e+03
 749.3399341,4.5974810e+03
 749.3603674,4.6008516e+03
 749.3808009,4.5997515e+03
 749.4012343,4.5947051e+03
 749.4216677,4.5986597e+03
 749.4421010,4.6039087e+03
 749.4625344,4.6073203e+03
 749.4829678,4.5979629e+03
 749.5034012,4.5926543e+03
 749.5238346,4.5959717e+03
 749.5442681,4.5933281e+03
 749.5647014,4.6052783e+03
 749.5851348,4.5986187e+03
 749.6055682,4.6028135e+03
 749.6260016,4.6012212e+03
 749.6464349,4.6029863e+03
 749.6668684,4.5947314e+03
 749.6873018,4.5886074e+03
 749.7077351,4.5934653e+03
 749.7281686,4.6046562e+03
 749.7486020,4.6037832e+03
 749.7690354,4.6037168e+03
 749.7894688,4.6069824e+03
 749.8099021,4.5994927e+03
 749.8303355,4.6078486e+03
 749.8507689,4.6050737e+03
 749.8712023,4.6034565e+03
 749.8916357,4.6033545e+03
 749.9120691,4.6088047e+03
 749.9325026,4.6018081e+03
 749.9529359,4.6093076e+03
 749.9733693,4.6094536e+03
 749.9938028,4.6007119e+03
 750.0142361,4.6000518e+03
 750.0346695,4.6195688e+03
 750.0551030,4.6070068e+03
 750.0755364,4.6163364e+03
 750.0959696,4.6064561e+03
 750.1164031,4.6045894e+03
 750.1368365,4.6092109e+03
 750.1572699,4.6074941e+03
 750.1777033,4.6068013e+03
 750.1981367,         null
 750.2185702,4.6134297e+03
 750.2390035,4.6088306e+03
 750.2594369,4.6013809e+03
 750.2798704,4.5995869e+03
 750.3003037,4.6011616e+03
 750.3207372,4.6105923e+03
 750.3411706,4.6060854e+03
 750.3616039,4.6142466e+03
 750.3820374,4.6044736e+03
 750.4024708,4.6035415e+03
 750.4229041,4.6108794e+03
 750.4433376,4.6142344e+03
 750.4637709,4.6077158e+03
 750.4842043,4.6097812e+03
 750.5046378,4.6162930e+03
 750.5250711,4.6197290e+03
 750.5455046,4.6115576e+03
 750.5659380,4.6215894e+03
 750.5863713,4.6150205e+03
 750.6068048,4.6110366e+03
 750.6272382,4.6121050e+03
 750.6476716,4.6122119e+03
 750.6681050,4.6194380e+03
 750.6885384,4.6109214e+03
 750.7089718,4.6146553e+03
 750.7294052,4.6143853e+03
 750.7498386,4.6149116e+03
 750.7702721,4.6170176e+03
 750.7907055,4.6131509e+03
 750.8111388,4.6205928e+03
 750.8315723,4.6127822e+03
 750.8520057,4.6131055e+03
 750.8724391,4.6130771e+03
 750.8928726,4.6186782e+03
 750.9133060,4.6229565e+03
 750.9337395,4.6206211e+03
 750.9541728,4.6187822e+03
 750.9746062,4.6212134e+03
 750.9950397,4.6255771e+03
 751.0154730,4.6236162e+03
 751.0359064,4.6208223e+03
 751.0563398,4.6296899e+03
 751.0767732,4.6193169e+03
 751.0972065,4.6166743e+03
 751.1176400,4.6190562e+03
 751.1380734,4.6204351e+03
 751.1585070,4.6140317e+03
 751.1789403,4.6234805e+03
 751.1993737,4.6190615e+03
 751.2198072,4.6296167e+03
 751.2402405,4.6251543e+03
 751.2606739,4.6331914e+03
 751.2811074,4.6239731e+03
 751.3015408,4.6291714e+03
 751.3219742,4.6298267e+03
 751.3424076,4.6328047e+03
 751.3628411,4.6194692e+03
 751.3832745,4.6167036e+03
 751.4037079,4.6258271e+03
 751.4241413,4.6227637e+03
 751.4445748,4.6174160e+03
 751.4650081,4.6219819e+03
 751.4854415,4.6244570e+03
 751.5058750,4.6300649e+03
 751.5263084,4.6268291e+03
 751.5467419,4.6265767e+03
 751.5671753,4.6240151e+03
 751.5876086,4.6288652e+03
 751.6080421,4.6292100e+03
 751.6284755,4.6229370e+03
 751.6489089,4.6248042e+03
 751.6693424,4.6316841e+03
 751.6897758,4.6283779e+03
 751.7102091,4.6300493e+03
 751.7306426,4.6320176e+03
 751.7510759,4.6276211e+03
 751.7715095,4.6380552e+03
 751.7919429,4.6282852e+03
 751.8123762,4.6380405e+03
 751.8328097,4.6301152e+03
 751.8532431,4.6265620e+03
 751.8736765,4.6293369e+03
 751.8941100,4.6322759e+03
 751.9145434,4.6322773e+03
 751.9349769,4.6355405e+03
 751.9554103,4.6252798e+03
 751.9758436,4.6323740e+03
 751.9962772,4.6336143e+03
 752.0167106,4.6417339e+03
 752.0371439,4.6348853e+03
 752.0575774,4.6301777e+03
 752.0780108,4.6366855e+03
 752.0984442,4.6358521e+03
 752.1188777,4.6344995e+03
 752.1393111,4.6383149e+03
 752.1597446,4.6348389e+03
 752.1801780,4.6394849e+03
 752.2006114,4.6346953e+03
 752.2210449,         null
 752.2414782,4.6346772e+03
 752.2619117,4.6346162e+03
 752.2823452,4.6322241e+03
 752.3027785,4.6378008e+03
 752.3232120,4.6340122e+03
 752.3436455,4.6416406e+03
 752.3640788,4.6395459e+03
 752.3845123,4.6385640e+03
 752.4049456,4.6324087e+03
 752.4253791,4.6396484e+03
 752.4458126,4.6394932e+03
 752.4662460,4.6419995e+03
 752.4866793,4.6408506e+03
 752.5071129,4.6375640e+03
 752.5275463,4.6391865e+03
 752.5479797,4.6356650e+03
 752.5684131,4.6403120e+03
 752.5888466,4.6354741e+03
 752.6092800,4.6374146e+03
 752.6297134,4.6427593e+03
 752.6501469,4.6417266e+03
 752.6705804,4.6349883e+03
 752.6910137,4.6369888e+03
 752.7114472,4.6402720e+03
 752.7318807,4.6523242e+03
 752.7523140,4.6356592e+03
 752.7727475,4.6396069e+03
 752.7931810,4.6431899e+03
 752.8136143,4.6421021e+03
 752.8340478,4.6384673e+03
 752.8544813,4.6500347e+03
 752.8749146,4.6473633e+03
 752.8953481,4.6429951e+03
 752.9157816,4.6419087e+03
 752.9362150,4.6417510e+03
 752.9566484,4.6474639e+03
 752.9770819,4.6534521e+03
 752.9975153,4.6507607e+03
 753.0179487,4.6505996e+03
 753.0383822,4.6502041e+03
        null,         null
        null,         null
        null,         null
 753.1201159,4.6427480e+03
 753.1405493,4.6469595e+03
 753.1609829,4.6423960e+03
 753.1814163,4.6419927e+03
 753.2018497,4.6435820e+03
 753.2222832,4.6443916e+03
 753.2427166,4.6449688e+03
 753.2631500,4.6528706e+03
 753.2835835,4.6490708e+03
 753.3040169,4.6476499e+03
 753.3244505,4.6520581e+03
 753.3448838,4.6494131e+03
 753.3653173,4.6439746e+03
 753.3857508,4.6492285e+03
 753.4061841,4.6549478e+03
 753.4266176,4.6539780e+03
 753.4470511,4.6538838e+03
 753.4674845,4.6468696e+03
 753.4879179,4.6536318e+03
 753.5083514,4.6434370e+03
 753.5287848,4.6529551e+03
 753.5492183,4.6540166e+03
 753.5696518,4.6605635e+03
 753.5900851,4.6519263e+03
 753.6105186,4.6518882e+03
 753.6309521,4.6481704e+03
 753.6513854,4.6500063e+03
 753.6718190,4.6527148e+03
 753.6922524,4.6486426e+03
 753.7126859,4.6491240e+03
 753.7331193,4.6473022e+03
 753.7535528,4.6577627e+03
 753.7739862,4.6537642e+03
 753.7944196,4.6496401e+03
 753.8148531,4.6536797e+03
 753.8352866,4.6546626e+03
 753.8557200,4.6577803e+03
 753.8761534,4.6496914e+03
 753.8965870,4.6577988e+03
 753.9170203,4.6573330e+03
 753.9374539,4.6557266e+03
 753.9578873,4.6655928e+03
 753.9783207,4.6526519e+03
 753.9987542,4.6521050e+03
 754.0191877,4.6555503e+03
 754.0396210,4.6565571e+03
 754.0600545,4.6517158e+03
 754.0804880,4.6568281e+03
 754.1009215,4.6527275e+03
 754.1213549,4.6574072e+03
 754.1417883,4.6556978e+03
 754.1622219,4.6593433e+03
 754.1826552,4.6469888e+03
 754.2030887,4.6581650e+03
 754.2235221,4.6517168e+03
 754.2439556,4.6613398e+03
 754.2643890,4.6541572e+03
 754.2848225,4.6576338e+03
 754.3052559,4.6588506e+03
 754.3256895,4.6574062e+03
 754.3461230,4.6497544e+03
 754.3665563,4.6634507e+03
 754.3869899,4.6539419e+03
 754.4074233,4.6546035e+03
 754.4278567,4.6528413e+03
 754.4482902,4.6595312e+03
 754.4687237,4.6561680e+03
 754.4891570,4.6513062e+03
 754.5095906,4.6590317e+03
 754.5300240,4.6577871e+03
 754.5504576,4.6599780e+03
 754.5708909,4.6570854e+03
 754.5913244,4.6559482e+03
 754.6117580,4.6556401e+03
 754.6321913,4.6609116e+03
 754.6526248,4.6571362e+03
 754.6730583,4.6523618e+03
 754.6934917,4.6546152e+03
 754.7139252,4.6562500e+03
 754.7343587,4.6600312e+03
 754.7547921,4.6475059e+03
 754.7752256,4.6425229e+03
 754.7956591,4.6474658e+03
 754.8160925,4.6586084e+03
 754.8365260,4.6629268e+03
 754.8569595,4.6552236e+03
 754.8773929,4.6520557e+03
 754.8978264,4.6544277e+03
 754.9182598,4.6554937e+03
 754.9386933,4.6585068e+03
 754.9591268,4.6574331e+03
 754.9795602,4.6588955e+03
 754.9999937,4.6520571e+03
 755.0204271,4.6567524e+03
 755.0408606,4.6565649e+03
 755.0612942,4.6577607e+03
 755.0817275,4.6655039e+03
 755.1021611,4.6583047e+03
 755.1225945,4.6566411e+03
 755.1430279,4.6548877e+03
 755.1634615,4.6583799e+03
 755.1838949,         null
 755.2043283,4.6608188e+03
 755.2247619,4.6504385e+03
 755.2451953,4.6626504e+03
 755.2656287,4.6561699e+03
 755.2860623,4.6574883e+03
 755.3064957,4.6643179e+03
 755.3269293,4.6527095e+03
 755.3473627,4.6609590e+03
 755.3677961,4.6612402e+03
 755.3882297,4.6604507e+03
 755.4086631,4.6594995e+03
 755.4290965,4.6554541e+03
 755.4495301,4.6477676e+03
 755.4699635,4.6544023e+03
 755.4903970,4.6590801e+03
 755.5108305,4.6535176e+03
 755.5312639,4.6476235e+03
 755.5516974,4.6544614e+03
 755.5721309,4.6496875e+03
 755.5925643,4.6547065e+03
 755.6129978,4.6463325e+03
 755.6334313,4.6556875e+03
 755.6538647,4.6527974e+03
 755.6742982,4.6528022e+03
 755.6947317,4.6554048e+03
 755.7151653,4.6512612e+03
 755.7355987,4.6477188e+03
 755.7560321,4.6570518e+03
 755.7764657,4.6560781e+03
 755.7968991,4.6606758e+03
 755.8173325,4.6509180e+03
 755.8377661,4.6554170e+03
 755.8581995,4.6483271e+03
 755.8786331,4.6539033e+03
 755.8990665,4.6505151e+03
 755.9194999,4.6490381e+03
 755.9399335,4.6498892e+03
 755.9603670,4.6401851e+03
 755.9808004,4.6554111e+03
 756.0012339,4.6544604e+03
 756.0216674,4.6490356e+03
 756.0421009,4.6532402e+03
 756.0625343,4.6457979e+03
 756.0829678,4.6456660e+03
 756.1034014,4.6445278e+03
 756.1238348,4.6477412e+03
 756.1442682,4.6493105e+03
 756.1647017,4.6408857e+03
 756.1851352,4.6539966e+03
 756.2055687,4.6418530e+03
 756.2260023,4.6443989e+03
 756.2464356,4.6407070e+03
 756.2668691,4.6506089e+03
 756.2873027,4.6477075e+03
 756.3077361,4.6556362e+03
 756.3281696,4.6522129e+03
 756.3486031,4.6423716e+03
 756.3690365,4.6494438e+03
 756.3894701,4.6433604e+03
 756.4099036,4.6431113e+03
 756.4303369,4.6419976e+03
 756.4507705,4.6440649e+03
 756.4712040,4.6436904e+03
 756.4916376,4.6482666e+03
 756.5120710,4.6470918e+03
 756.5325045,4.6432900e+03
 756.5529380,4.6507227e+03
 756.5733714,4.6414336e+03
 756.5938049,4.6394351e+03
 756.6142385,4.6471313e+03
 756.6346719,4.6412578e+03
 756.6551054,4.6454648e+03
 756.6755389,4.6484614e+03
 756.6959724,4.6470918e+03
 756.7164059,4.6379751e+03
 756.7368394,4.6427524e+03
 756.7572729,4.6406260e+03
 756.7777064,4.6426826e+03
 756.7981398,4.6395674e+03
 756.8185732,4.6442461e+03
 756.8390068,4.6376372e+03
 756.8594403,4.6466895e+03
 756.8798738,4.6435557e+03
 756.9003073,4.6466113e+03
 756.9207408,4.6479922e+03
 756.9411744,4.6391572e+03
 756.9616077,4.6431230e+03
 756.9820412,4.6455483e+03
 757.0024748,4.6401997e+03
 757.0229082,4.6376499e+03
 757.0433417,4.6462544e+03
 757.0637753,4.6411709e+03
 757.0842087,4.6354839e+03
 757.1046423,4.6382832e+03
 757.1250758,4.6372549e+03
 757.1455091,4.6439707e+03
 757.1659427,4.6325771e+03
 757.1863762,4.6403247e+03
 757.2068097,4.6356123e+03
 757.2272432,4.6382295e+03
 757.2476767,4.6352080e+03
 757.2681102,4.6381982e+03
 757.2885437,4.6359976e+03
 757.3089772,4.6481230e+03
 757.3294108,4.6410854e+03
 757.3498443,4.6350986e+03
 757.3702777,4.6352437e+03
 757.3907113,4.6336104e+03
 757.4111448,4.6364097e+03
 757.4315781,4.6338540e+03
 757.4520117,4.6372388e+03
 757.4724451,4.6332153e+03
 757.4928787,4.6401631e+03
 757.5133122,4.6333989e+03
 757.5337456,4.6285952e+03
 757.5541792,4.6354297e+03
 757.5746127,4.6322974e+03
 757.5950461,4.6331201e+03
 757.6154797,4.6388687e+03
 757.6359132,4.6293550e+03
 757.6563466,4.6346157e+03
 757.6767802,4.6350483e+03
 757.6972137,4.6275933e+03
 757.7176473,4.6322671e+03
 757.7380807,4.6275654e+03
 757.7585142,4.6300146e+03
 757.7789478,4.6248574e+03
 757.7993812,4.6315225e+03
 757.8198147,4.6292939e+03
 757.8402483,4.6324521e+03
 757.8606818,4.6255518e+03
 757.8811153,4.6230723e+03
 757.9015488,4.6295889e+03
 757.9219823,4.6334102e+03
 757.9424158,4.6263662e+03
 757.9628493,4.6256885e+03
 757.9832828,4.6300708e+03
 758.0037164,4.6249209e+03
 758.0241498,4.6297642e+03
 758.0445833,4.6225049e+03
 758.0650168,4.6272373e+03
 758.0854503,4.6314214e+03
 758.1058839,4.6360806e+03
 758.1263173,4.6287070e+03
 758.1467508,4.6231792e+03
 758.1671844,         null
 758.1876178,4.6250801e+03
 758.2080513,4.6272627e+03
 758.2284849,4.6321440e+03
 758.2489184,4.6248501e+03
 758.2693520,4.6259717e+03
 758.2897855,4.6232080e+03
 758.3102189,4.6269004e+03
 758.3306525,4.6240156e+03
 758.3510860,4.6267666e+03
 758.3715195,4.6283306e+03
 758.3919530,4.6260010e+03
 758.4123865,4.6248530e+03
 758.4328200,4.6260410e+03
 758.4532535,4.6233745e+03
 758.4736870,4.6214287e+03
 758.4941206,4.6261406e+03
 758.5145541,4.6162827e+03
 758.5349876,4.6116724e+03
 758.5554212,4.6317241e+03
 758.5758547,4.6254722e+03
 758.5962881,4.6198984e+03
 758.6167217,4.6231572e+03
 758.6371552,4.6204727e+03
 758.6575887,4.6246548e+03
 758.6780222,4.6223501e+03
 758.6984557,4.6185630e+03
 758.7188893,4.6217192e+03
 758.7393228,4.6229131e+03
 758.7597562,4.6236851e+03
 758.7801898,4.6184194e+03
 758.8006233,4.6264790e+03
 758.8210567,4.6224170e+03
 758.8414903,4.6231064e+03
 758.8619239,4.6227915e+03
 758.8823575,4.6163901e+03
 758.9027909,4.6202070e+03
 758.9232244,4.6180840e+03
 758.9436580,4.6160327e+03
 758.9640914,4.6210239e+03
 758.9845249,4.6161455e+03
 759.0049586,4.6199468e+03
 759.0253920,4.6183779e+03
 759.0458255,4.6193481e+03
 759.0662591,4.6264380e+03
 759.0866926,4.6169644e+03
 759.1071261,4.6159868e+03
 759.1275597,4.6149990e+03
 759.1479932,4.6184443e+03
 759.1684267,4.6169238e+03
 759.1888602,4.6189785e+03
 759.2092937,4.6201982e+03
 759.2297274,4.6153506e+03
 759.2501608,4.6068120e+03
 759.2705944,4.6039185e+03
 759.2910278,4.6018882e+03
 759.3114613,4.6138086e+03
 759.3318950,4.6125229e+03
 759.3523284,4.6192080e+03
 759.3727619,4.6160068e+03
 759.3931955,4.6159336e+03
 759.4136289,4.6202407e+03
 759.4340625,4.6165015e+03
 759.4544961,4.6156226e+03
 759.4749295,4.6250869e+03
 759.4953631,4.6111245e+03
 759.5157966,4.6249878e+03
 759.5362301,4.6130425e+03
 759.5566637,4.6162817e+03
 759.5770972,4.6162744e+03
 759.5975307,4.6172075e+03
 759.6179643,4.6175508e+03
 759.6383978,4.6181997e+03
 759.6588314,4.6117295e+03
 759.6792648,4.6113535e+03
 759.6996984,4.6104683e+03
 759.7201320,4.6077524e+03
 759.7405655,4.6073892e+03
 759.7609989,4.6048906e+03
 759.7814326,4.6127686e+03
 759.8018661,4.6166201e+03
 759.8222995,4.6183232e+03
 759.8427332,4.6145884e+03
 759.8631667,4.6123257e+03
 759.8836003,4.6117837e+03
 759.9040337,4.6094399e+03
 759.9244673,4.6195430e+03
 759.9449008,4.6114087e+03
 759.9653343,4.6115889e+03
 759.9857678,4.6131357e+03
 760.0062014,4.6123413e+03
 760.0266349,4.6146396e+03
 760.0470685,4.6107153e+03
 760.0675020,4.6132285e+03
 760.0879355,4.6096235e+03
 760.1083691,4.6152109e+03
 760.1288026,4.6124751e+03
 760.1492361,4.6074858e+03
 760.1696697,4.6158760e+03
 760.1901032,4.6108813e+03
 760.2105367,4.6113003e+03
 760.2309703,4.6084858e+03
 760.2514039,4.6100293e+03
 760.2718374,4.6109473e+03
 760.2922709,4.6087886e+03
 760.3127045,4.6083970e+03
 760.3331380,4.6127671e+03
 760.3535715,4.6064878e+03
 760.3740051,4.6129883e+03
 760.3944387,4.6169180e+03
 760.4148721,4.6128394e+03
 760.4353058,4.6138320e+03
 760.4557393,4.6072539e+03
 760.4761727,4.6107524e+03
 760.4966064,4.6064326e+03
 760.5170399,4.6090972e+03
 760.5374734,4.6105410e+03
 760.5579070,4.6065781e+03
 760.5783405,4.6145220e+03
 760.5987740,4.6025054e+03
 760.6192076,4.6109419e+03
 760.6396410,4.6082593e+03
 760.6600747,4.6018477e+03
 760.6805082,4.6053799e+03
 760.7009417,4.6088228e+03
 760.7213753,         null
 760.7418088,4.6109722e+03
 760.7622423,4.6041704e+03
 760.7826759,4.6083467e+03
 760.8031095,4.6122725e+03
 760.8235431,4.6124141e+03
 760.8439765,4.6079199e+03
 760.8644101,4.6067656e+03
 760.8848437,4.6038564e+03
 760.9052772,4.6038203e+03
 760.9257107,4.6061201e+03
 760.9461444,4.6011870e+03
 760.9665779,4.6066611e+03
 760.9870113,4.6055859e+03
 761.0074450,4.6076211e+03
 761.0278785,4.6067939e+03
 761.0483122,4.6164644e+03
 761.0687456,         null
        null,         null
        null,         null
        null,         null
        null,         null
        null,         null
        null,         null
        null,         null
        null,         null
        null,         null
        null,         null
        null,         null
        null,         null
        null,         null
        null,         null
        null,         null
        null,         null
        null,         null
        null,         null
        null,         null
        null,         null
        null,         null
        null,         null
        null,         null
        null,         null
        null,         null
        null,         null
        null,         null
        null,         null
        null,         null
        null,         null
        null,         null
        null,         null
        null,         null
        null,         null
        null,         null
        null,         null
        null,         null
        null,         null
        null,         null
        null,         null
        null,         null
        null,         null
        null,         null
        null,         null
        null,         null
        null,         null
        null,         null
        null,         null
        null,         null
        null,         null
        null,         null
        null,         null
        null,         null
        null,         null
        null,         null
        null,         null
        null,         null
        null,         null
        null,         null
        null,         null
        null,         null
        null,         null
        null,         null
        null,         null
        null,         null
        null,         null
        null,         null
        null,         null
        null,         null
        null,         null
        null,         null
        null,         null
        null,         null
        null,         null
        null,         null
        null,         null
        null,         null
        null,         null
        null,         null
        null,         null
        null,         null
        null,         null
        null,         null
        null,         null
        null,         null
        null,         null
        null,         null
        null,         null
        null,         null
        null,         null
        null,         null
        null,         null
        null,         null
        null,         null
        null,         null
        null,         null
        null,         null
        null,         null
        null,         null
        null,         null
        null,         null
        null,         null
        null,         null
        null,         null
        null,         null
        null,         null
        null,         null
        null,         null
        null,         null
        null,         null
        null,         null
        null,         null
        null,         null
        null,         null
        null,         null
        null,         null
        null,         null
        null,         null
        null,         null
        null,         null
        null,         null
        null,         null
        null,         null
        null,         null
        null,         null
        null,         null
        null,         null
        null,         null
        null,         null
        null,         null
 763.7455267,         null
 763.7659602,4.5815771e+03
 763.7863938,4.5802832e+03
 763.8068274,4.5871216e+03
 763.8272610,4.5873774e+03
 763.8476946,4.5853062e+03
 763.8681283,4.5889521e+03
 763.8885617,4.5813047e+03
 763.9089954,4.5940293e+03
 763.9294290,4.5952656e+03
 763.9498625,4.5908735e+03
 763.9702962,4.5899414e+03
 763.9907298,4.5918613e+03
 764.0111632,4.5945947e+03
 764.0315969,4.5826890e+03
 764.0520305,4.5865928e+03
 764.0724640,4.5869951e+03
 764.0928977,4.5872344e+03
 764.1133313,4.5887041e+03
 764.1337650,4.5854956e+03
 764.1541984,4.5823525e+03
 764.1746320,4.5888228e+03
 764.1950656,4.5868877e+03
 764.2154992,4.5814727e+03
 764.2359328,4.5860293e+03
 764.2563664,4.5831826e+03
 764.2768000,4.5877339e+03
 764.2972337,4.5823042e+03
 764.3176671,4.5868794e+03
 764.3381007,4.5870605e+03
 764.3585344,4.5823896e+03
 764.3789680,4.6621680e+03
 764.3994015,4.5828262e+03
 764.4198352,4.5913003e+03
 764.4402688,4.5801099e+03
 764.4607023,4.5778745e+03
 764.4811360,4.5851948e+03
 764.5015696,4.5784561e+03
 764.5220032,4.5867090e+03
 764.5424367,4.5805557e+03
 764.5628703,4.5805195e+03
 764.5833040,4.5927295e+03
 764.6037375,4.5758691e+03
 764.6241711,4.5816641e+03
 764.6446048,4.5840332e+03
 764.6650383,4.5812886e+03
 764.6854720,4.5801226e+03
 764.7059056,4.5783149e+03
 764.7263391,4.5785967e+03
 764.7467728,4.5806953e+03
 764.7672064,4.5649390e+03
 764.7876399,4.5771963e+03
 764.8080736,4.5733208e+03
 764.8285072,4.5761875e+03
 764.8489408,4.5769585e+03
 764.8693744,4.5710303e+03
 764.8898079,4.5704678e+03
 764.9102415,4.5768120e+03
 764.9306751,4.5760620e+03
 764.9511087,4.5683931e+03
 764.9715423,4.5826958e+03
 764.9919759,4.5779219e+03
 765.0124095,4.5698101e+03
 765.0328432,4.5687168e+03
 765.0532767,4.5737812e+03
 765.0737104,4.5768604e+03
 765.0941440,4.5767822e+03
 765.1145775,4.5696616e+03
 765.1350112,4.5783901e+03
 765.1554448,4.5691641e+03
 765.1758783,4.5775269e+03
 765.1963120,4.5796235e+03
 765.2167456,4.5668218e+03
 765.2371791,4.5701255e+03
 765.2576128,4.5714399e+03
 765.2780464,4.5694844e+03
 765.2984801,4.5755776e+03
 765.3189137,4.5685791e+03
 765.3393473,4.5791162e+03
 765.3597810,4.5674756e+03
 765.3802145,4.5699390e+03
 765.4006481,4.5670938e+03
 765.4210818,4.5622466e+03
 765.4415153,4.5761011e+03
 765.4619490,4.5743291e+03
 765.4823825,4.5711089e+03
 765.5028161,4.5687490e+03
 765.5232498,4.5750869e+03
 765.5436833,4.5662866e+03
 765.5641169,4.5656763e+03
 765.5845506,4.5662178e+03
 765.6049842,4.5667573e+03
 765.6254177,4.5615967e+03
 765.6458514,4.5687949e+03
 765.6662850,4.5748892e+03
 765.6867186,4.5692754e+03
 765.7071523,4.5711323e+03
 765.7275859,4.5665659e+03
 765.7480196,4.5738486e+03
 765.7684531,4.5599917e+03
 765.7888867,4.5679287e+03
 765.8093204,4.5641938e+03
 765.8297539,4.5640142e+03
 765.8501876,4.5714023e+03
 765.8706212,4.5740903e+03
 765.8910547,4.5654795e+03
 765.9114885,4.5742905e+03
 765.9319221,         null
 765.9523556,4.5669648e+03
 765.9727893,4.5672666e+03
 765.9932229,4.5739775e+03
 766.0136565,4.5653223e+03
 766.0340901,4.5724092e+03
 766.0545237,4.5599058e+03
 766.0749574,4.5649868e+03
 766.0953910,4.5674995e+03
 766.1158246,4.5750767e+03
 766.1362582,4.5608062e+03
 766.1566918,4.5666206e+03
 766.1771254,4.5739028e+03
 766.1975590,4.5718452e+03
 766.2179926,4.5866606e+03
 766.2384264,4.5634604e+03
 766.2588600,4.5651055e+03
 766.2792935,4.5645630e+03
 766.2997272,4.5677642e+03
 766.3201608,4.5634414e+03
 766.3405943,4.5625576e+03
 766.3610281,4.5727710e+03
 766.3814617,4.5636816e+03
 766.4018954,4.5679609e+03
 766.4223289,4.5639941e+03
 766.4427625,4.5690952e+03
 766.4631963,4.5640610e+03
 766.4836298,4.5729341e+03
 766.5040634,4.5700205e+03
 766.5244971,4.5713413e+03
 766.5449306,4.5641963e+03
 766.5653642,4.5617798e+03
 766.5857980,4.5607593e+03
 766.6062315,4.5640806e+03
 766.6266652,4.5656929e+03
 766.6470988,4.5683203e+03
 766.6675324,4.5633369e+03
 766.6879661,4.5690737e+03
 766.7083997,4.5674976e+03
 766.7288333,4.5666514e+03
 766.7492669,4.5683335e+03
 766.7697006,4.5709316e+03
 766.7901342,4.5661021e+03
 766.8105678,4.5664663e+03
 766.8310014,4.5608115e+03
 766.8514351,4.5664502e+03
 766.8718687,4.5663604e+03
 766.8923023,4.5670874e+03
 766.9127360,4.5648140e+03
 766.9331696,4.5677046e+03
 766.9536032,4.5716743e+03
 766.9740369,4.5652715e+03
 766.9944704,4.5649780e+03
 767.0149042,4.5682573e+03
 767.0353378,4.5700332e+03
 767.0557713,4.5661353e+03
 767.0762050,4.5692676e+03
 767.0966387,4.5623604e+03
 767.1170722,4.5684263e+03
 767.1375059,4.5711079e+03
 767.1579395,4.5607158e+03
 767.1783733,4.5699634e+03
 767.1988068,4.5649702e+03
 767.2192404,4.5694580e+03
 767.2396742,4.5699639e+03
 767.2601077,4.5654927e+03
 767.2805413,4.5684458e+03
 767.3009750,4.5694829e+03
 767.3214086,4.5723809e+03
 767.3418422,4.5676328e+03
 767.3622758,4.5632773e+03
 767.3827096,4.5663799e+03
 767.4031432,4.5662578e+03
 767.4235768,4.5676279e+03
 767.4440104,4.5714600e+03
 767.4644441,4.5678569e+03
 767.4848777,4.5717500e+03
 767.5053113,4.5738833e+03
 767.5257450,4.5764160e+03
 767.5461786,4.5745596e+03
 767.5666123,4.5722666e+03
 767.5870459,4.5673770e+03
 767.6074795,4.5710859e+03
 767.6279133,4.5717544e+03
 767.6483468,4.5750913e+03
 767.6687804,4.5785088e+03
 767.6892142,4.5702446e+03
 767.7096477,4.5760176e+03
 767.7300814,4.5692534e+03
 767.7505151,4.5698208e+03
 767.7709486,4.5777417e+03
 767.7913824,4.5807637e+03
 767.8118160,4.5750679e+03
 767.8322495,4.5726997e+03
 767.8526833,4.5763599e+03
 767.8731169,4.5733115e+03
 767.8935505,4.5736001e+03
 767.9139842,4.5795127e+03
 767.9344178,4.5698379e+03
 767.9548515,4.5739961e+03
 767.9752851,4.5680977e+03
 767.9957187,4.5783008e+03
 768.0161524,4.5774336e+03
 768.0365860,4.5735449e+03
 768.0570197,4.5748491e+03
 768.0774533,4.5745581e+03
 768.0978869,4.5705508e+03
 768.1183207,4.5699126e+03
 768.1387543,4.5818730e+03
 768.1591879,4.5764399e+03
 768.1796216,4.5756362e+03
 768.2000552,4.5773501e+03
 768.2204888,4.5766650e+03
 768.2409225,4.5644683e+03
 768.2613562,4.5685151e+03
 768.2817897,4.5716196e+03
 768.3022235,4.5776587e+03
 768.3226571,4.5801270e+03
 768.3430908,4.5830381e+03
 768.3635244,4.5731187e+03
 768.3839580,4.5799351e+03
 768.4043918,4.5840898e+03
 768.4248253,4.5835122e+03
 768.4452590,4.5763984e+03
 768.4656927,4.5744219e+03
 768.4861263,4.5796621e+03
 768.5065600,4.5743521e+03
 768.5269937,4.5823032e+03
 768.5474272,4.5906860e+03
 768.5678609,4.5859468e+03
 768.5882946,4.5906016e+03
 768.6087282,4.5831963e+03
 768.6291619,4.5883735e+03
 768.6495955,4.5929434e+03
 768.6700292,4.5831045e+03
 768.6904628,4.5829839e+03
 768.7108965,4.5811865e+03
 768.7313301,4.5930122e+03
 768.7517638,4.5862520e+03
 768.7721974,4.5816431e+03
 768.7926312,4.5846958e+03
 768.8130647,4.5893496e+03
 768.8334984,4.5822881e+03
 768.8539321,4.5905352e+03
 768.8743657,4.5863716e+03
 768.8947994,4.5946519e+03
 768.9152331,         null
 768.9356666,4.5858794e+03
 768.9561004,4.5858223e+03
 768.9765341,4.5852778e+03
 768.9969676,4.5902837e+03
 769.0174014,4.5898481e+03
 769.0378350,4.5874932e+03
 769.0582688,4.5998047e+03
 769.0787023,4.5981475e+03
 769.0991360,4.5920747e+03
 769.1195697,4.5902319e+03
 769.1400033,4.5895820e+03
 769.1604369,4.5867422e+03
 769.1808707,4.5902568e+03
 769.2013042,4.5888853e+03
 769.2217379,4.5969380e+03
 769.2421717,4.5986338e+03
 769.2626052,4.5939517e+03
 769.2830390,4.6063071e+03
 769.3034726,4.5961279e+03
 769.3239062,4.5902759e+03
 769.3443399,4.5960244e+03
 769.3647736,4.5947266e+03
 769.3852072,4.5931079e+03
 769.4056409,4.5999136e+03
 769.4260746,4.5979380e+03
 769.4465083,4.6020376e+03
 769.4669419,4.6088428e+03
 769.4873756,4.6010674e+03
 769.5078093,         null
 769.5282429,4.5947993e+03
 769.5486765,4.6036484e+03
 769.5691103,4.5984526e+03
 769.5895439,4.6061870e+03
 769.6099775,4.5958545e+03
 769.6304113,4.6004375e+03
 769.6508448,4.6029917e+03
 769.6712786,4.5992939e+03
 769.6917123,4.5985410e+03
 769.7121458,4.5953379e+03
 769.7325796,4.6048481e+03
 769.7530133,4.5919902e+03
 769.7734469,4.5996733e+03
 769.7938806,4.6084019e+03
 769.8143143,4.5990757e+03
 769.8347480,4.6092144e+03
 769.8551816,4.6131978e+03
 769.8756152,4.6105381e+03
 769.8960490,4.5984409e+03
 769.9164826,4.6072705e+03
 769.9369162,4.6050366e+03
 769.9573499,4.6162842e+03
 769.9777836,4.6044316e+03
 769.9982172,4.6101802e+03
 770.0186510,4.6066611e+03
 770.0390846,4.6142158e+03
 770.0595183,4.6079575e+03
 770.0799520,4.6077979e+03
 770.1003856,4.6120239e+03
 770.1208193,4.6103999e+03
 770.1412530,4.6180381e+03
 770.1616866,4.6060444e+03
 770.1821204,4.6190610e+03
 770.2025540,4.6072495e+03
 770.2229878,4.6062485e+03
 770.2434214,4.6124614e+03
 770.2638550,4.6104277e+03
 770.2842888,4.6092144e+03
 770.3047224,4.6162207e+03
 770.3251560,4.6195122e+03
 770.3455898,4.6154414e+03
 770.3660234,4.6088447e+03
 770.3864571,4.6174092e+03
 770.4068908,4.6168047e+03
 770.4273244,4.6151260e+03
 770.4477582,4.6193716e+03
 770.4681919,4.6096890e+03
 770.4886255,4.6131816e+03
 770.5090592,4.6096152e+03
 770.5294929,4.6190273e+03
 770.5499264,4.6130342e+03
 770.5703602,4.6190649e+03
 770.5907939,4.6261694e+03
 770.6112276,4.6153965e+03
 770.6316612,4.6162632e+03
 770.6520949,4.6197505e+03
 770.6725287,4.6173511e+03
 770.6929623,4.6195488e+03
 770.7133960,4.6170112e+03
 770.7338297,4.6302554e+03
 770.7542633,4.6194976e+03
 770.7746971,4.6165659e+03
 770.7951308,4.6171855e+03
 770.8155643,4.6223696e+03
 770.8359981,4.6193389e+03
 770.8564318,4.6297222e+03
 770.8768654,4.6220615e+03
 770.8972992,4.6119541e+03
 770.9177328,4.6238750e+03
 770.9381665,4.6293667e+03
 770.9586002,4.6249272e+03
 770.9790339,4.6201523e+03
 770.9994677,4.6238315e+03
 771.0199012,4.6259448e+03
 771.0403349,4.6251484e+03
 771.0607687,4.6238047e+03
 771.0812024,4.6220479e+03
 771.1016360,4.6236738e+03
 771.1220696,4.6278936e+03
 771.1425034,4.6224507e+03
 771.1629371,4.6256597e+03
 771.1833708,4.6271929e+03
 771.2038044,4.6241934e+03
 771.2242382,4.6252368e+03
 771.2446718,4.6291440e+03
 771.2651054,4.6315918e+03
 771.2855392,4.6333950e+03
 771.3059729,4.6317236e+03
 771.3264065,4.6250381e+03
 771.3468403,4.6278018e+03
 771.3672739,4.6322705e+03
 771.3877077,4.6293486e+03
 771.4081413,4.6311851e+03
 771.4285750,4.6272725e+03
 771.4490088,4.6306636e+03
 771.4694424,4.6310713e+03
 771.4898761,4.6326001e+03
 771.5103098,4.6280112e+03
 771.5307434,4.6344268e+03
 771.5511772,4.6300601e+03
 771.5716109,4.6302236e+03
 771.5920445,4.6350845e+03
 771.6124783,4.6328081e+03
 771.6329120,4.6263652e+03
 771.6533457,4.6359976e+03
 771.6737794,4.6443354e+03
 771.6942130,4.6334238e+03
 771.7146467,4.6325405e+03
 771.7350804,4.6380430e+03
 771.7555141,4.6401851e+03
 771.7759478,4.6314756e+03
 771.7963815,4.6345015e+03
 771.8168152,4.6283486e+03
 771.8372489,4.6379663e+03
 771.8576826,4.6299668e+03
 771.8781163,4.6307705e+03
 771.8985501,         null
 771.9189836,4.6426411e+03
 771.9394174,4.6378433e+03
 771.9598511,4.6416582e+03
 771.9802847,4.6402422e+03
 772.0007185,4.6431182e+03
 772.0211522,4.6419600e+03
 772.0415858,4.6497456e+03
 772.0620196,4.6374644e+03
 772.0824533,4.6436099e+03
 772.1028869,4.6486875e+03
 772.1233207,4.6393999e+03
 772.1437544,4.6391279e+03
 772.1641882,4.6451475e+03
 772.1846218,4.6371279e+03
 772.2050555,4.6458496e+03
 772.2254893,4.6441060e+03
 772.2459229,4.6457700e+03
 772.2663566,4.6413599e+03
 772.2867904,4.6416265e+03
 772.3072241,4.6453062e+03
 772.3276578,4.6385361e+03
 772.3480915,4.6394434e+03
 772.3685252,4.6489878e+03
 772.3889589,4.6447212e+03
 772.4093926,4.6457021e+03
 772.4298263,4.6406729e+03
 772.4502600,4.6507852e+03
 772.4706937,4.6387114e+03
 772.4911275,4.6406841e+03
 772.5115611,4.6430659e+03
 772.5319948,4.6456812e+03
 772.5524286,4.6496670e+03
 772.5728622,4.6454531e+03
 772.5932959,4.6445493e+03
 772.6137297,4.6467334e+03
 772.6341633,4.6457988e+03
 772.6545970,4.6479287e+03
 772.6750308,4.6434858e+03
 772.6954644,4.6460825e+03
 772.7158982,4.6457314e+03
 772.7363319,4.6401484e+03
 772.7567655,4.6414336e+03
 772.7771993,4.6426855e+03
 772.7976330,4.6482539e+03
 772.8180667,4.6553882e+03
 772.8385004,4.6490322e+03
 772.8589341,         null
 772.8793679,4.6454595e+03
 772.8998015,4.6522393e+03
 772.9202352,4.6570103e+03
 772.9406690,4.6541865e+03
 772.9611027,4.6504004e+03
 772.9815363,4.6486104e+03
 773.0019702,4.6431416e+03
 773.0224038,4.6486357e+03
 773.0428375,4.6465581e+03
 773.0632713,4.6523540e+03
 773.0837049,4.6563999e+03
 773.1041387,4.6558530e+03
 773.1245724,4.6505581e+03
 773.1450060,4.6479214e+03
 773.1654398,4.6567202e+03
 773.1858735,4.6525630e+03
 773.2063071,4.6488564e+03
 773.2267410,4.6485659e+03
 773.2471747,4.6496045e+03
 773.2676085,4.6549146e+03
 773.2880421,4.6529404e+03
 773.3084758,4.6480400e+03
 773.3289096,4.6547383e+03
 773.3493432,4.6588281e+03
 773.3697769,4.6562905e+03
 773.3902107,4.6483105e+03
 773.4106444,4.6691772e+03
 773.4310781,4.6565337e+03
 773.4515119,4.6543735e+03
 773.4719455,4.6515503e+03
 773.4923793,4.6501953e+03
 773.5128130,4.6570718e+03
 773.5332467,4.6619272e+03
 773.5536805,4.6670059e+03
 773.5741142,4.6477153e+03
 773.5945479,4.6541538e+03
 773.6149816,4.6518364e+03
 773.6354153,4.6492007e+03
 773.6558491,4.6510854e+03
 773.6762828,4.6568672e+03
 773.6967165,4.6575542e+03
 773.7171503,4.6601396e+03
 773.7375839,4.6519932e+03
 773.7580176,4.6563994e+03
 773.7784514,4.6462695e+03
 773.7988851,4.6544248e+03
 773.8193188,4.6509771e+03
 773.8397526,4.6525552e+03
 773.8601862,4.6552280e+03
 773.8806200,4.6512051e+03
 773.9010537,4.6483979e+03
 773.9214874,4.6485747e+03
 773.9419212,4.6579390e+03
 773.9623549,4.6605259e+03
 773.9827885,4.6517798e+03
 774.0032224,4.6542017e+03
 774.0236561,4.6602637e+03
 774.0440899,4.6496230e+03
 774.0645235,4.6609375e+03
 774.0849572,4.6516895e+03
 774.1053911,4.6472261e+03
 774.1258247,4.6530161e+03
 774.1462584,4.6479551e+03
 774.1666922,4.6580078e+03
 774.1871260,4.6519702e+03
 774.2075596,4.6502432e+03
 774.2279934,4.6523223e+03
 774.2484271,4.6560298e+03
 774.2688608,4.6570518e+03
 774.2892946,4.6454277e+03
 774.3097283,4.6504771e+03
 774.3301620,4.6508481e+03
 774.3505957,4.6542617e+03
 774.3710294,4.6549858e+03
 774.3914632,4.6518945e+03
 774.4118969,4.6430801e+03
 774.4323307,4.6523633e+03
 774.4527644,4.6460166e+03
 774.4731981,4.6529097e+03
 774.4936319,4.6532241e+03
 774.5140656,4.6432778e+03
 774.5344993,4.6558013e+03
 774.5549331,4.6534883e+03
 774.5753667,4.6541113e+03
 774.5958006,4.6511885e+03
 774.6162343,4.6566919e+03
 774.6366679,4.6575537e+03
 774.6571018,4.6537959e+03
 774.6775355,4.6562500e+03
 774.6979692,4.6565342e+03
 774.7184029,4.6541470e+03
 774.7388367,4.6466709e+03
 774.7592704,4.6460576e+03
 774.7797041,4.6526089e+03
 774.8001379,4.6488911e+03
 774.8205717,4.6534199e+03
 774.8410054,4.6481743e+03
 774.8614391,4.6441694e+03
 774.8818729,         null
 774.9023066,4.6535239e+03
 774.9227403,4.6473594e+03
 774.9431741,4.6476465e+03
 774.9636078,4.6523711e+03
 774.9840416,4.6463687e+03
 775.0044753,4.6469536e+03
 775.0249089,4.6492832e+03
 775.0453428,4.6487988e+03
 775.0657765,4.6461807e+03
 775.0862101,4.6444385e+03
 775.1066440,4.6497451e+03
 775.1270777,4.6461338e+03
 775.1475113,4.6540112e+03
 775.1679452,4.6446221e+03
 775.1883789,4.6471035e+03
 775.2088128,4.6479082e+03
 775.2292464,4.6438955e+03
 775.2496801,4.6502832e+03
 775.2701140,4.6378945e+03
 775.2905476,4.6493887e+03
 775.3109813,4.6481836e+03
 775.3314152,4.6414980e+03
 775.3518489,4.6521523e+03
 775.3722827,4.6445703e+03
 775.3927164,4.6394717e+03
 775.4131501,4.6409146e+03
 775.4335839,4.6387681e+03
 775.4540176,4.6412871e+03
 775.4744514,4.6400581e+03
 775.4948851,4.6420400e+03
 775.5153188,4.6449873e+03
 775.5357526,4.6425479e+03
 775.5561863,4.6421978e+03
 775.5766201,4.6352847e+03
 775.5970539,4.6407778e+03
 775.6174876,4.6475933e+03
 775.6379213,4.6397876e+03
 775.6583551,4.6405024e+03
 775.6787888,4.6420181e+03
 775.6992225,4.6409512e+03
 775.7196564,4.6309990e+03
 775.7400900,4.6417925e+03
 775.7605239,4.6394302e+03
 775.7809576,4.6391851e+03
 775.8013912,4.6347354e+03
 775.8218251,4.6399634e+03
 775.8422588,4.6416118e+03
 775.8626925,4.6459204e+03
 775.8831263,4.6366401e+03
 775.9035601,4.6334917e+03
 775.9239938,4.6369062e+03
 775.9444276,4.6375288e+03
 775.9648613,4.6375264e+03
 775.9852952,4.6390449e+03
 776.0057289,4.6395337e+03
 776.0261626,4.6405142e+03
 776.0465964,4.6331372e+03
 776.0670302,4.6307905e+03
 776.0874638,4.6355234e+03
 776.1078977,4.6337612e+03
 776.1283314,4.6310762e+03
 776.1487651,4.6329478e+03
 776.1691989,4.6320991e+03
 776.1896325,4.6274326e+03
 776.2100664,4.6296860e+03
 776.2305001,4.6344399e+03
 776.2509339,4.6304702e+03
 776.2713677,4.6355566e+03
 776.2918014,4.6340605e+03
 776.3122351,4.6349614e+03
 776.3326689,4.6408745e+03
 776.3531027,4.6318701e+03
 776.3735365,4.6346089e+03
 776.3939702,4.6293276e+03
 776.4144039,4.6312153e+03
 776.4348378,4.6289004e+03
 776.4552714,4.6300400e+03
 776.4757052,4.6364819e+03
 776.4961390,4.6376704e+03
 776.5165727,4.6291050e+03
 776.5370065,4.6345610e+03
 776.5574403,4.6232744e+03
 776.5778740,4.6329253e+03
 776.5983078,4.6314404e+03
 776.6187416,4.6280449e+03
 776.6391753,4.6272310e+03
 776.6596091,4.6294771e+03
 776.6800428,4.6221797e+03
 776.7004766,4.6301582e+03
 776.7209104,4.6264600e+03
 776.7413441,4.6330981e+03
 776.7617780,4.6237363e+03
 776.7822117,4.6249438e+03
 776.8026454,4.6224570e+03
 776.8230792,4.6297334e+03
 776.8435129,4.6288760e+03
 776.8639466,4.6272446e+03
 776.8843805,4.6275332e+03
 776.9048142,4.6276089e+03
 776.9252480,4.6257134e+03
 776.9456818,4.6280396e+03
 776.9661154,4.6229922e+03
 776.9865493,4.6256626e+03
 777.0069831,4.6249780e+03
 777.0274167,4.6205146e+03
 777.0478506,4.6172827e+03
 777.0682844,4.6256343e+03
 777.0887181,4.6267798e+03
 777.1091519,4.6312891e+03
 777.1295856,4.6279805e+03
 777.1500195,4.6214082e+03
 777.1704532,4.6245537e+03
 777.1908869,4.6260400e+03
 777.2113208,4.6253564e+03
 777.2317546,4.6104258e+03
 777.2521882,4.6119258e+03
 777.2726221,4.6123955e+03
 777.2930558,4.6172988e+03
 777.3134896,4.6175630e+03
 777.3339234,4.6188369e+03
 777.3543571,4.6217178e+03
 777.3747910,4.6196611e+03
 777.3952247,4.6178423e+03
 777.4156584,4.6140791e+03
 777.4360923,4.6269712e+03
 777.4565260,4.6287749e+03
 777.4769597,4.6182974e+03
 777.4973935,4.6162866e+03
 777.5178273,4.6170337e+03
 777.5382611,4.6199976e+03
 777.5586948,4.6123008e+03
 777.5791286,4.6172217e+03
 777.5995624,4.6223398e+03
 777.6199961,4.6279375e+03
 777.6404299,4.6196035e+03
 777.6608638,4.6195298e+03
 777.6812974,4.6136611e+03
 777.7017313,4.6222749e+03
 777.7221651,4.6177563e+03
 777.7425987,4.6117876e+03
 777.7630326,4.6215244e+03
 777.7834664,4.6149932e+03
 777.8039001,4.6195010e+03
 777.8243339,4.6190225e+03
 777.8447677,4.6194053e+03
 777.8652015,         null
 777.8856353,4.6217148e+03
 777.9060690,4.6191636e+03
 777.9265029,4.6195146e+03
 777.9469367,4.6114688e+03
 777.9673703,4.6158843e+03
 777.9878042,4.6141265e+03
 778.0082380,4.6124424e+03
 778.0286716,4.6126484e+03
 778.0491055,4.6206177e+03
 778.0695393,4.6139590e+03
 778.0899731,4.6415117e+03
 778.1104068,4.6136694e+03
 778.1308405,4.6159395e+03
 778.1512744,4.6122881e+03
 778.1717082,4.6118877e+03
 778.1921419,4.6186113e+03
 778.2125757,4.6218813e+03
 778.2330095,4.6165532e+03
 778.2534434,4.6130293e+03
 778.2738771,4.6179106e+03
 778.2943108,4.6114443e+03
 778.3147447,4.6144326e+03
 778.3351784,4.6264331e+03
 778.3556122,4.6161494e+03
 778.3760461,4.6118999e+03
 778.3964798,4.6199004e+03
 778.4169135,4.6118794e+03
 778.4373474,4.6128486e+03
 778.4577812,4.6138608e+03
 778.4782149,4.6129990e+03
 778.4986487,4.6175298e+03
 778.5190825,4.6133301e+03
 778.5395163,4.6187134e+03
 778.5599501,4.6125054e+03
 778.5803839,4.6083311e+03
 778.6008177,4.6112715e+03
 778.6212514,4.6142681e+03
 778.6416853,4.6184277e+03
 778.6621191,4.6072495e+03
 778.6825528,4.6054956e+03
 778.7029866,4.6139673e+03
 778.7234204,4.6148604e+03
 778.7438541,4.6086904e+03
 778.7642880,4.6174561e+03
 778.7847217,4.6189927e+03
 778.8051555,4.6155830e+03
 778.8255894,4.6132876e+03
 778.8460230,4.6189028e+03
 778.8664569,4.6122319e+03
 778.8868907,4.6185645e+03
 778.9073244,4.6182939e+03
 778.9277583,4.6102026e+03
 778.9481921,4.6139175e+03
 778.9686259,4.6119722e+03
 778.9890596,4.6115117e+03
 779.0094934,4.6113770e+03
 779.0299273,4.6107441e+03
 779.0503610,4.6109697e+03
 779.0707948,4.6094526e+03
 779.0912287,4.6120049e+03
 779.1116625,4.6114800e+03
 779.1320962,4.6113979e+03
 779.1525300,4.6116670e+03
 779.1729638,4.6148472e+03
 779.1933975,4.6122705e+03
 779.2138314,4.6141240e+03
 779.2342652,4.6139590e+03
 779.2546991,4.6084985e+03
 779.2751328,4.6185952e+03
 779.2955666,4.6151821e+03
 779.3160004,4.6122793e+03
 779.3364342,4.6138115e+03
 779.3568679,4.6025684e+03
 779.3773017,4.6133560e+03
 779.3977355,4.6080967e+03
 779.4181694,4.6063242e+03
 779.4386031,4.6071987e+03
 779.4590369,4.6087329e+03
 779.4794708,4.6039224e+03
 779.4999045,4.6075483e+03
 779.5203383,4.6099126e+03
 779.5407722,4.6176748e+03
 779.5612059,4.6042183e+03
 779.5816397,4.6103481e+03
 779.6020736,4.6049668e+03
 779.6225074,4.6120869e+03
 779.6429412,4.6076890e+03
 779.6633750,4.6110991e+03
 779.6838087,4.6076167e+03
 779.7042425,4.6091128e+03
 779.7246763,4.6028159e+03
 779.7451101,4.6077642e+03
 779.7655440,4.6070918e+03
 779.7859777,4.6106851e+03
 779.8064116,4.6083091e+03
 779.8268454,4.6102065e+03
 779.8472791,4.6031362e+03
 779.8677130,4.6156841e+03
 779.8881468,4.6113555e+03
 779.9085805,4.6126543e+03
 779.9290144,4.6094590e+03
 779.9494482,4.6084688e+03
 779.9698819,4.6043618e+03
 779.9903158,4.6094375e+03
 780.0107495,4.6139048e+03
 780.0311834,4.6016108e+03
 780.0516172,4.6060273e+03
 780.0720509,4.6166274e+03
 780.0924848,4.6087212e+03
 780.1129186,4.6122881e+03
 780.1333524,4.6111768e+03
 780.1537862,4.6085566e+03
 780.1742200,4.6119028e+03
 780.1946539,4.6062554e+03
 780.2150876,4.6054409e+03
 780.2355214,4.6085815e+03
 780.2559553,4.6049980e+03
 780.2763891,4.6106338e+03
 780.2968228,4.6090415e+03
 780.3172568,4.6041572e+03
 780.3376906,4.6109072e+03
 780.3581243,4.6110894e+03
 780.3785582,4.6094990e+03
 780.3989920,4.6020586e+03
 780.4194259,4.6082974e+03
 780.4398596,4.6052358e+03
 780.4602934,4.6089751e+03
 780.4807273,4.6042627e+03
 780.5011610,4.6003984e+03
 780.5215948,4.6059468e+03
 780.5420287,4.6061582e+03
 780.5624624,4.6095654e+03
 780.5828963,4.6073765e+03
 780.6033301,4.6097314e+03
 780.6237638,4.6097964e+03
 780.6441978,4.6106279e+03
 780.6646315,4.6081284e+03
 780.6850653,4.6076606e+03
 780.7054992,4.6029214e+03
 780.7259329,4.6125361e+03
 780.7463667,4.6060205e+03
 780.7668006,4.6066284e+03
 780.7872343,4.6021177e+03
 780.8076682,4.6102529e+03
 780.8281020,4.6068882e+03
 780.8485359,         null
 780.8689697,4.6084048e+03
 780.8894035,         null
 780.9098373,4.6069175e+03
 780.9302711,4.6012373e+03
 780.9507049,4.6039194e+03
 780.9711388,4.6085425e+03
 780.9915726,4.6056689e+03
 781.0120063,4.6058491e+03
 781.0324403,4.6034678e+03
 781.0528741,4.6065972e+03
 781.0733078,4.6044912e+03
 781.0937417,4.6057759e+03
 781.1141755,4.6044780e+03
 781.1346092,4.6056611e+03
 781.1550431,4.6094956e+03
 781.1754770,4.5954712e+03
 781.1959109,4.6067451e+03
 781.2163446,4.6037783e+03
 781.2367784,4.6068643e+03
 781.2572122,4.6024502e+03
 781.2776460,4.6114951e+03
 781.2980798,4.6024932e+03
 781.3185137,4.6038457e+03
 781.3389475,4.5995884e+03
 781.3593814,4.6014800e+03
 781.3798151,4.6063735e+03
 781.4002489,4.6059526e+03
 781.4206829,4.6121128e+03
 781.4411166,4.5960229e+03
 781.4615504,4.6003857e+03
 781.4819843,4.6006558e+03
 781.5024181,4.6023945e+03
 781.5228519,4.6057915e+03
 781.5432858,4.6030059e+03
 781.5637196,4.6051138e+03
 781.5841534,4.6019595e+03
 781.6045872,4.6051572e+03
 781.6250211,4.6020972e+03
 781.6454550,4.6018892e+03
 781.6658887,4.6048726e+03
 781.6863225,4.6048682e+03
 781.7067565,4.6027598e+03
 781.7271902,4.5963906e+03
 781.7476241,4.5955542e+03
 781.7680579,4.5951958e+03
 781.7884916,4.5933892e+03
 781.8089256,4.6018257e+03
 781.8293594,4.6018584e+03
 781.8497931,4.6001514e+03
 781.8702270,4.5989180e+03
 781.8906609,4.5976533e+03
 781.9110947,4.5952266e+03
 781.9315285,4.5951333e+03
 781.9519622,4.5957920e+03
 781.9723962,4.5975283e+03
 781.9928300,4.5965952e+03
 782.0132638,4.6011958e+03
 782.0336976,4.5992832e+03
 782.0541315,4.6018872e+03
 782.0745653,4.5990444e+03
 782.0949991,4.5948521e+03
 782.1154329,4.6021211e+03
 782.1358669,4.5925420e+03
 782.1563007,4.5995708e+03
 782.1767344,4.5982432e+03
 782.1971684,4.6040552e+03
        null,         null
        null,         null
        null,         null
 782.2789037,4.5965815e+03
 782.2993376,4.5977578e+03
 782.3197713,4.5973628e+03
 782.3402052,4.6025503e+03
 782.3606391,4.5990557e+03
 782.3810728,4.5992271e+03
 782.4015067,4.5964004e+03
 782.4219406,4.5964263e+03
 782.4423743,4.6013940e+03
 782.4628081,4.5958623e+03
 782.4832421,4.5895464e+03
 782.5036758,4.5987021e+03
 782.5241097,4.5977271e+03
 782.5445436,4.5959937e+03
 782.5649773,4.6005830e+03
 782.5854112,4.5967339e+03
 782.6058450,4.5984351e+03
 782.6262788,4.5924502e+03
 782.6467127,4.5932129e+03
 782.6671466,4.5928809e+03
 782.6875804,4.6017998e+03
 782.7080143,4.5990806e+03
 782.7284481,4.5913799e+03
 782.7488819,4.5906851e+03
 782.7693158,4.5953535e+03
 782.7897496,4.5926572e+03
 782.8101834,4.6053120e+03
 782.8306173,4.6026611e+03
 782.8510511,4.5884287e+03
 782.8714850,4.5872207e+03
 782.8919188,4.5868428e+03
 782.9123527,4.5891343e+03
 782.9327866,4.5882529e+03
 782.9532203,4.5926226e+03
 782.9736542,4.5954321e+03
 782.9940881,4.5914976e+03
 783.0145218,4.5915425e+03
 783.0349557,4.5905498e+03
 783.0553896,4.5918140e+03
 783.0758235,4.5870635e+03
 783.0962573,4.5909546e+03
 783.1166911,4.5938042e+03
 783.1371249,4.5960562e+03
 783.1575588,4.5925479e+03
 783.1779926,4.5887603e+03
 783.1984265,4.5958228e+03
 783.2188603,4.5890083e+03
 783.2392941,4.5812310e+03
 783.2597280,4.5852954e+03
 783.2801618,4.5795747e+03
 783.3005958,4.5878032e+03
 783.3210296,4.5897407e+03
 783.3414634,4.5868447e+03
 783.3618973,4.5917363e+03
 783.3823311,4.5883350e+03
 783.4027649,4.5828579e+03
 783.4231988,4.5887729e+03
 783.4436327,4.5863760e+03
 783.4640666,4.5891475e+03
 783.4845004,4.5848994e+03
 783.5049342,4.5890674e+03
 783.5253682,4.5855396e+03
 783.5458019,4.5861846e+03
 783.5662357,4.5875254e+03
 783.5866697,4.5882407e+03
 783.6071034,4.5942588e+03
 783.6275373,4.5880020e+03
 783.6479712,4.5887329e+03
 783.6684050,4.5879341e+03
 783.6888389,4.5784819e+03
 783.7092728,4.5827979e+03
 783.7297065,4.5851494e+03
 783.7501405,4.5787568e+03
 783.7705742,4.5838281e+03
 783.7910082,4.5874189e+03
 783.8114420,         null
 783.8318759,4.5773232e+03
 783.8523097,4.5826641e+03
 783.8727436,4.5791797e+03
 783.8931774,4.5852642e+03
 783.9136113,4.5769170e+03
 783.9340451,4.5825308e+03
 783.9544790,4.5831855e+03
 783.9749128,4.5768042e+03
 783.9953467,4.5886250e+03
 784.0157805,4.5886582e+03
 784.0362145,4.5759912e+03
 784.0566482,4.5828691e+03
 784.0770822,4.5840303e+03
 784.0975160,4.5778516e+03
 784.1179498,4.5768623e+03
 784.1383837,4.5829233e+03
 784.1588176,4.5788286e+03
 784.1792513,4.5781626e+03
 784.1996853,4.5767437e+03
 784.2201192,4.5799780e+03
 784.2405531,4.5761504e+03
 784.2609869,4.5806499e+03
 784.2814207,4.5848174e+03
 784.3018547,4.5791987e+03
 784.3222884,4.5826509e+03
 784.3427223,4.5762354e+03
 784.3631562,4.5734180e+03
 784.3835900,4.5814062e+03
 784.4040238,4.5755039e+03
 784.4244577,4.5728423e+03
 784.4448916,4.5717788e+03
 784.4653255,4.5803716e+03
 784.4857593,4.5789531e+03
 784.5061931,4.5809868e+03
 784.5266271,4.5721572e+03
 784.5470610,4.5720996e+03
 784.5674947,4.5742139e+03
 784.5879287,4.5679644e+03
 784.6083625,4.5826089e+03
 784.6287964,4.5790737e+03
 784.6492302,4.5745439e+03
 784.6696641,4.5716348e+03
 784.6900981,4.5761270e+03
 784.7105318,4.5713462e+03
 784.7309657,4.5757549e+03
 784.7513996,4.5830635e+03
 784.7718334,4.5725752e+03
 784.7922673,4.5736499e+03
 784.8127012,4.5731313e+03
 784.8331350,4.5731104e+03
 784.8535690,4.5764756e+03
 784.8740028,4.5776929e+03
 784.8944366,4.5755161e+03
 784.9148705,4.5781484e+03
 784.9353044,4.5780122e+03
 784.9557382,4.5719937e+03
 784.9761721,4.5750859e+03
 784.9966060,4.5799824e+03
 785.0170400,4.5804487e+03
 785.0374737,4.5634058e+03
 785.0579076,4.5758584e+03
 785.0783415,4.5729575e+03
 785.0987753,4.5741699e+03
 785.1192092,4.5716133e+03
 785.1396430,4.5769927e+03
 785.1600769,4.5761196e+03
 785.1805108,4.5696870e+03
 785.2009447,4.5723193e+03
 785.2213785,4.5784028e+03
 785.2418125,4.5668921e+03
 785.2622463,4.5744194e+03
 785.2826801,4.5782241e+03
 785.3031141,4.5732852e+03
 785.3235480,4.5746650e+03
 785.3439817,4.5697412e+03
 785.3644157,4.5761860e+03
 785.3848496,4.5753618e+03
 785.4052835,4.5722256e+03
 785.4257173,4.5741094e+03
 785.4461512,4.5735386e+03
 785.4665851,4.5673022e+03
 785.4870189,4.5741978e+03
 785.5074528,4.5687612e+03
 785.5278867,4.5756729e+03
 785.5483205,4.5715684e+03
 785.5687544,4.5696523e+03
 785.5891884,4.5723984e+03
 785.6096221,4.5673384e+03
 785.6300561,4.5700547e+03
 785.6504900,4.5718965e+03
 785.6709238,4.5802852e+03
 785.6913577,4.5713101e+03
 785.7117916,4.5749941e+03
 785.7322254,4.5705967e+03
 785.7526593,4.5803882e+03
 785.7730932,4.5667461e+03
 785.7935271,4.5739814e+03
 785.8139610,4.5736636e+03
 785.8343948,4.5665190e+03
 785.8548287,4.5674590e+03
 785.8752626,4.5743892e+03
 785.8956965,4.5748574e+03
 785.9161304,4.5716030e+03
 785.9365642,4.5767554e+03
 785.9569981,4.5755200e+03
 785.9774321,4.5694839e+03
 785.9978658,4.5761401e+03
 786.0182998,4.5736704e+03
 786.0387337,4.5704043e+03
 786.0591675,4.5734043e+03
 786.0796014,4.5738906e+03
 786.1000353,4.5817085e+03
 786.1204691,4.5731792e+03
 786.1409031,4.5731978e+03
 786.1613370,4.5688247e+03
 786.1817708,4.5766265e+03
 786.2022047,4.5756455e+03
 786.2226386,4.5731265e+03
 786.2430726,4.5664199e+03
 786.2635064,4.5633696e+03
 786.2839402,4.5756499e+03
 786.3043742,4.5745537e+03
 786.3248080,4.5778525e+03
 786.3452419,4.5792471e+03
 786.3656758,4.5804731e+03
 786.3861096,4.5714858e+03
 786.4065436,4.5787871e+03
 786.4269775,         null
 786.4474113,4.5764980e+03
 786.4678453,4.5739268e+03
 786.4882791,4.5745430e+03
 786.5087129,4.5731641e+03
 786.5291469,4.5711084e+03
 786.5495808,4.5756655e+03
 786.5700146,4.5741665e+03
 786.5904486,4.5801763e+03
 786.6108824,4.5794312e+03
 786.6313164,4.5847261e+03
 786.6517502,4.5740459e+03
 786.6721841,4.5764785e+03
 786.6926181,4.5753022e+03
 786.7130519,4.5802139e+03
 786.7334858,4.5794395e+03
 786.7539197,4.5728306e+03
 786.7743535,4.5861040e+03
 786.7947875,         null
 786.8152214,4.5785293e+03
 786.8356552,4.5809321e+03
 786.8560892,4.5813945e+03
 786.8765231,4.5804551e+03
 786.8969569,4.5800713e+03
 786.9173908,4.5764819e+03
 786.9378247,4.5803320e+03
 786.9582586,4.5773696e+03
 786.9786925,4.5756343e+03
 786.9991264,4.5850103e+03
 787.0195603,4.5835107e+03
 787.0399942,4.5810005e+03
 787.0604281,4.5825806e+03
 787.0808620,4.5903389e+03
 787.1012958,4.5869639e+03
 787.1217297,4.5851626e+03
 787.1421637,4.5860000e+03
 787.1625975,4.5781177e+03
 787.1830315,4.5822002e+03
 787.2034654,4.5851416e+03
 787.2238992,4.5794878e+03
 787.2443332,4.5832720e+03
 787.2647671,4.5926250e+03
 787.2852009,4.5868442e+03
 787.3056348,         null
 787.3260687,4.5895220e+03
 787.3465025,4.5882891e+03
 787.3669365,4.5772197e+03
 787.3873704,4.5770464e+03
 787.4078044,4.5798643e+03
 787.4282382,4.5889438e+03
 787.4486721,4.5831050e+03
 787.4691061,4.5884106e+03
 787.4895399,4.5870269e+03
 787.5099738,4.5894189e+03
 787.5304078,4.5928076e+03
 787.5508417,4.5849453e+03
 787.5712756,4.5933481e+03
 787.5917095,4.5857720e+03
 787.6121434,4.5938687e+03
 787.6325773,4.5883589e+03
 787.6530112,4.5908467e+03
 787.6734450,4.5915039e+03
 787.6938790,4.5932031e+03
 787.7143129,4.5915630e+03
 787.7347466,4.5927080e+03
 787.7551806,4.5920093e+03
 787.7756145,4.5880103e+03
 787.7960485,4.5916045e+03
 787.8164823,4.5952280e+03
 787.8369162,4.5877261e+03
 787.8573502,4.5891948e+03
 787.8777840,4.5962583e+03
 787.8982179,4.5912905e+03
 787.9186519,4.5903418e+03
 787.9390857,4.5941680e+03
 787.9595197,4.5898833e+03
 787.9799536,4.5875308e+03
 788.0003874,4.6050552e+03
 788.0208214,4.5956118e+03
 788.0412553,4.6054839e+03
 788.0616892,4.5976035e+03
 788.0821231,4.5943999e+03
 788.1025571,4.5997056e+03
 788.1229910,4.5982539e+03
 788.1434249,4.5982739e+03
 788.1638588,4.5922153e+03
 788.1842928,4.5936333e+03
 788.2047266,4.5993525e+03
 788.2251605,4.5933442e+03
 788.2455944,4.5966782e+03
 788.2660283,4.6015815e+03
 788.2864622,4.5967852e+03
 788.3068962,4.5975229e+03
 788.3273300,4.6006260e+03
 788.3477640,4.5975596e+03
 788.3681979,4.5919849e+03
 788.3886317,4.5985967e+03
 788.4090657,4.5999155e+03
 788.4294996,4.5981509e+03
 788.4499334,4.5960898e+03
 788.4703674,4.5990811e+03
 788.4908013,4.5966182e+03
 788.5112351,4.6108833e+03
 788.5316692,4.6006963e+03
 788.5521031,4.5971123e+03
 788.5725371,4.5989272e+03
 788.5929709,4.6012231e+03
 788.6134048,4.6041602e+03
 788.6338388,4.6021128e+03
 788.6542726,4.5960474e+03
 788.6747065,4.6056455e+03
 788.6951405,4.5994497e+03
 788.7155743,4.6062852e+03
 788.7360083,4.6111318e+03
 788.7564423,4.6028462e+03
 788.7768762,4.6005586e+03
 788.7973101,4.6063784e+03
 788.8177440,4.6073169e+03
 788.8381779,4.6054321e+03
 788.8586118,4.6093203e+03
 788.8790457,4.6079365e+03
 788.8994796,4.6130444e+03
 788.9199135,4.6041748e+03
 788.9403475,4.6143643e+03
 788.9607815,4.6122998e+03
 788.9812153,4.6107236e+03
 789.0016492,4.6133770e+03
 789.0220832,4.6022817e+03
 789.0425170,4.6132812e+03
 789.0629509,4.6140464e+03
 789.0833850,         null
 789.1038188,4.6062578e+03
 789.1242528,4.6093921e+03
 789.1446867,4.6115864e+03
 789.1651205,4.6056768e+03
 789.1855545,4.6098140e+03
 789.2059884,4.6139224e+03
 789.2264224,4.6151689e+03
 789.2468563,4.6139370e+03
 789.2672902,4.6074219e+03
 789.2877241,4.6220483e+03
 789.3081580,4.6118579e+03
 789.3285919,4.6119849e+03
 789.3490260,4.6181968e+03
 789.3694599,4.6169238e+03
 789.3898937,4.6196182e+03
 789.4103277,4.6208599e+03
 789.4307616,4.6204502e+03
 789.4511955,4.6129766e+03
 789.4716295,4.6145356e+03
 789.4920633,4.6192734e+03
 789.5124972,4.6156650e+03
 789.5329312,4.6152061e+03
 789.5533650,4.6223813e+03
 789.5737991,4.6190806e+03
 789.5942330,4.6206938e+03
 789.6146668,4.6224404e+03
 789.6351008,4.6215176e+03
 789.6555348,4.6196191e+03
 789.6759686,4.6185410e+03
 789.6964026,4.6258901e+03
 789.7168365,4.6205190e+03
 789.7372705,4.6213008e+03
 789.7577044,4.6276465e+03
 789.7781383,         null
 789.7985723,4.6217705e+03
 789.8190061,4.6171709e+03
 789.8394401,4.6244551e+03
 789.8598741,4.6272119e+03
 789.8803079,4.6199468e+03
 789.9007418,4.6189258e+03
 789.9211758,4.6254897e+03
 789.9416098,4.6271714e+03
 789.9620437,4.6272373e+03
 789.9824776,4.6245049e+03
 790.0029115,4.6280679e+03
 790.0233455,4.6256338e+03
 790.0437794,4.6224048e+03
 790.0642133,4.6240186e+03
 790.0846474,4.6290459e+03
 790.1050812,4.6296982e+03
 790.1255152,4.6318433e+03
 790.1459490,4.6245566e+03
 790.1663830,4.6272764e+03
 790.1868170,4.6251396e+03
 790.2072508,4.6319814e+03
 790.2276847,4.6274395e+03
 790.2481188,4.6255078e+03
 790.2685526,4.6330210e+03
 790.2889865,4.6307778e+03
 790.3094206,4.6252358e+03
 790.3298544,4.6234941e+03
 790.3502884,4.6275288e+03
 790.3707223,4.6412173e+03
 790.3911562,4.6258862e+03
 790.4115902,4.6330713e+03
 790.4320241,4.6325571e+03
 790.4524581,4.6273081e+03
 790.4728920,4.6385776e+03
 790.4933259,4.6306992e+03
 790.5137600,4.6311611e+03
 790.5341938,4.6414658e+03
 790.5546277,4.6375435e+03
 790.5750618,4.6309663e+03
 790.5954957,4.6384048e+03
 790.6159295,4.6391006e+03
 790.6363636,4.6421265e+03
 790.6567975,4.6350449e+03
 790.6772313,4.6297954e+03
 790.6976654,4.6431025e+03
 790.7180993,4.6261724e+03
 790.7385333,4.6216514e+03
 790.7589672,4.6242446e+03
 790.7794010,4.6256465e+03
 790.7998350,4.6381201e+03
 790.8202690,4.6356895e+03
 790.8407028,4.6374746e+03
 790.8611368,4.6360234e+03
 790.8815708,4.6351196e+03
 790.9020048,4.6438584e+03
 790.9224386,4.6356514e+03
 790.9428726,4.6363057e+03
 790.9633066,4.6370649e+03
 790.9837405,4.6370679e+03
 791.0041744,4.6391045e+03
 791.0246084,4.6394189e+03
 791.0450423,4.6449932e+03
 791.0654762,4.6407393e+03
 791.0859102,4.6421641e+03
 791.1063442,4.6469893e+03
 791.1267781,4.6431167e+03
 791.1472121,4.6388320e+03
 791.1676460,4.6448306e+03
 791.1880799,4.6381123e+03
 791.2085139,4.6360068e+03
 791.2289478,4.6418057e+03
 791.2493819,4.6456665e+03
 791.2698157,4.6443540e+03
 791.2902497,4.6513247e+03
 791.3106837,4.6440781e+03
 791.3311175,4.6402778e+03
 791.3515516,4.6433203e+03
 791.3719855,4.6442847e+03
 791.3924193,4.6474570e+03
 791.4128534,4.6466816e+03
 791.4332872,4.6410205e+03
 791.4537212,4.6391738e+03
 791.4741552,4.6418755e+03
 791.4945891,4.6468999e+03
 791.5150231,4.6484658e+03
 791.5354570,4.6394985e+03
 791.5558909,4.6435371e+03
 791.5763249,4.6429927e+03
 791.5967589,4.6528540e+03
 791.6171928,4.6474346e+03
 791.6376268,4.6449717e+03
 791.6580607,4.6386006e+03
 791.6784948,4.6502969e+03
 791.6989286,4.6461528e+03
 791.7193625,4.6534546e+03
 791.7397966,4.6502593e+03
 791.7602304,4.6497427e+03
 791.7806644,4.6440288e+03
 791.8010984,4.6500151e+03
 791.8215324,4.6462588e+03
 791.8419662,4.6523599e+03
 791.8624003,4.6537046e+03
 791.8828342,         null
 791.9032682,4.6498164e+03
 791.9237021,         null
 791.9441361,4.6509312e+03
 791.9645700,4.6525938e+03
 791.9850040,4.6518247e+03
 792.0054379,4.6511650e+03
 792.0258719,4.6507046e+03
 792.0463058,4.6498540e+03
 792.0667399,4.6438892e+03
 792.0871737,4.6419409e+03
 792.1076077,4.6525596e+03
 792.1280417,4.6511367e+03
 792.1484756,4.6481060e+03
 792.1689095,4.6492354e+03
 792.1893436,4.6511538e+03
 792.2097774,4.6539868e+03
 792.2302114,4.6509341e+03
 792.2506454,4.6523901e+03
 792.2710793,4.6587905e+03
 792.2915133,4.6487876e+03
 792.3119473,4.6445195e+03
 792.3323812,4.6540283e+03
 792.3528152,4.6523179e+03
 792.3732491,4.6566494e+03
 792.3936831,4.6525454e+03
 792.4141170,4.6590317e+03
 792.4345510,4.6554194e+03
 792.4549850,4.6476260e+03
 792.4754190,4.6539614e+03
 792.4958529,4.6521665e+03
 792.5162869,4.6434434e+03
 792.5367209,4.6521182e+03
 792.5571547,4.6553120e+03
 792.5775888,4.6520405e+03
 792.5980227,4.6502842e+03
 792.6184566,4.6534292e+03
 792.6388906,4.6583223e+03
 792.6593246,4.6538623e+03
 792.6797586,4.6527837e+03
 792.7001925,4.6526582e+03
 792.7206264,4.6521240e+03
 792.7410604,4.6570776e+03
 792.7614944,         null
 792.7819283,4.6598281e+03
 792.8023623,4.6538672e+03
 792.8227963,4.6505127e+03
 792.8432303,4.6573501e+03
 792.8636642,4.6574272e+03
 792.8840981,4.6524297e+03
 792.9045322,4.6497319e+03
 792.9249661,4.6575132e+03
 792.9454000,4.6556538e+03
 792.9658341,4.6556040e+03
 792.9862680,4.6509238e+03
 793.0067019,4.6589688e+03
 793.0271360,4.6550591e+03
 793.0475699,4.6501831e+03
 793.0680039,4.6517188e+03
 793.0884379,4.6549771e+03
 793.1088718,4.6528252e+03
 793.1293059,4.6544419e+03
 793.1497397,4.6491572e+03
 793.1701737,4.6536138e+03
 793.1906078,4.6487173e+03
 793.2110416,4.6543223e+03
 793.2314757,4.6536133e+03
 793.2519097,4.6573052e+03
 793.2723435,4.6561401e+03
 793.2927776,4.6590845e+03
 793.3132114,4.6611855e+03
 793.3336454,4.6546001e+03
 793.3540795,4.6591470e+03
 793.3745133,4.6562915e+03
 793.3949473,4.6564424e+03
 793.4153814,4.6522212e+03
 793.4358152,4.6574219e+03
 793.4562493,4.6550010e+03
 793.4766833,4.6508057e+03
 793.4971172,         null
 793.5175512,4.6567588e+03
 793.5379852,4.6604502e+03
 793.5584191,4.6591396e+03
 793.5788531,4.6515825e+03
 793.5992871,4.6515732e+03
 793.6197210,4.6583135e+03
 793.6401551,4.6506216e+03
 793.6605890,4.6487197e+03
 793.6810230,4.6526245e+03
 793.7014570,4.6560742e+03
 793.7218909,4.6582563e+03
 793.7423250,4.6499619e+03
 793.7627589,4.6453442e+03
 793.7831928,4.6532905e+03
 793.8036269,4.6534521e+03
 793.8240608,4.6600903e+03
 793.8444949,4.6482930e+03
 793.8649288,4.6447363e+03
 793.8853627,4.6491294e+03
 793.9057967,4.6549941e+03
 793.9262307,4.6520273e+03
 793.9466646,4.6510757e+03
 793.9670986,4.6514087e+03
 793.9875326,4.6565933e+03
 794.0079666,4.6513408e+03
 794.0284005,4.6573374e+03
 794.0488345,4.6540552e+03
 794.0692686,4.6504819e+03
 794.0897025,4.6574727e+03
 794.1101364,4.6493081e+03
 794.1305705,4.6526304e+03
 794.1510044,4.6535405e+03
 794.1714384,4.6515801e+03
 794.1918724,4.6533984e+03
 794.2123064,4.6501235e+03
 794.2327404,4.6511680e+03
 794.2531744,4.6556792e+03
 794.2736083,4.6452212e+03
 794.2940424,4.6597900e+03
 794.3144763,4.6475557e+03
 794.3349103,4.6502246e+03
 794.3553443,4.6536284e+03
 794.3757782,4.6562480e+03
 794.3962123,4.6492305e+03
 794.4166463,4.6527383e+03
 794.4370802,4.6508345e+03
 794.4575142,4.6443242e+03
 794.4779482,4.6494248e+03
 794.4983821,4.6440146e+03
 794.5188162,4.6415938e+03
 794.5392501,4.6500312e+03
 794.5596840,4.6492520e+03
 794.5801181,4.6457324e+03
 794.6005520,4.6479961e+03
 794.6209861,4.6474746e+03
 794.6414200,4.6509492e+03
 794.6618539,4.6560508e+03
 794.6822880,4.6457090e+03
 794.7027220,4.6438013e+03
 794.7231560,4.6434604e+03
 794.7435899,4.6482578e+03
 794.7640239,4.6557900e+03
 794.7844579,4.6532847e+03
 794.8048919,4.6440386e+03
 794.8253259,4.6505923e+03
 794.8457599,4.6444995e+03
 794.8661939,4.6545767e+03
 794.8866278,4.6510620e+03
 794.9070619,4.6456284e+03
 794.9274959,4.6470127e+03
 794.9479298,4.6467373e+03
 794.9683638,4.6407080e+03
 794.9887978,4.6475137e+03
 795.0092319,4.6458926e+03
 795.0296658,4.6478716e+03
 795.0500998,4.6505566e+03
 795.0705339,4.6483672e+03
 795.0909677,4.6468027e+03
 795.1114017,4.6446519e+03
 795.1318358,4.6457656e+03
 795.1522697,4.6469214e+03
 795.1727037,4.6471782e+03
 795.1931378,4.6476514e+03
 795.2135717,4.6335288e+03
 795.2340057,4.6455752e+03
 795.2544396,4.6325103e+03
 795.2748736,4.6425952e+03
 795.2953077,4.6490732e+03
 795.3157416,4.6434683e+03
 795.3361756,4.6481909e+03
 795.3566097,4.6457661e+03
 795.3770437,4.6404795e+03
 795.3974776,4.6412954e+03
 795.4179116,4.6429712e+03
 795.4383456,4.6411919e+03
 795.4587796,4.6452686e+03
 795.4792136,4.6425513e+03
 795.4996476,4.6477798e+03
 795.5200817,4.6429878e+03
 795.5405156,4.6379551e+03
 795.5609496,4.6507861e+03
 795.5813837,4.6393262e+03
 795.6018175,4.6388843e+03
 795.6222516,4.6383623e+03
 795.6426856,4.6363130e+03
 795.6631195,4.6367632e+03
 795.6835536,4.6411533e+03
 795.7039876,4.6414722e+03
 795.7244215,4.6385039e+03
 795.7448556,         null
 795.7652896,4.6410464e+03
 795.7857236,4.6353906e+03
 795.8061576,4.6413945e+03
 795.8265916,4.6403379e+03
 795.8470255,4.6404541e+03
 795.8674595,4.6449834e+03
 795.8878935,4.6408198e+03
 795.9083275,4.6398164e+03
 795.9287615,4.6422783e+03
 795.9491955,4.6402422e+03
 795.9696295,4.6375107e+03
 795.9900635,4.6398921e+03
 796.0104976,4.6383584e+03
 796.0309315,4.6354189e+03
 796.0513655,4.6375498e+03
 796.0717996,4.6359937e+03
 796.0922336,4.6412368e+03
 796.1126675,4.6333408e+03
 796.1331016,4.6397148e+03
 796.1535356,4.6356191e+03
 796.1739697,4.6391987e+03
 796.1944036,4.6351577e+03
 796.2148376,4.6305039e+03
 796.2352717,4.6340278e+03
 796.2557056,4.6323823e+03
 796.2761396,4.6357505e+03
 796.2965737,4.6338271e+03
 796.3170076,4.6349502e+03
 796.3374416,4.6345220e+03
 796.3578757,4.6490439e+03
 796.3783096,4.6373843e+03
 796.3987437,4.6334824e+03
 796.4191777,4.6424224e+03
 796.4396116,4.6368345e+03
 796.4600457,4.6397832e+03
 796.4804797,4.6378223e+03
 796.5009136,4.6425864e+03
 796.5213477,4.6333760e+03
 796.5417817,4.6318359e+03
 796.5622157,4.6293984e+03
 796.5826497,4.6298911e+03
 796.6030837,4.6360381e+03
 796.6235177,4.6304502e+03
 796.6439517,4.6297251e+03
 796.6643857,4.6472930e+03
 796.6848198,4.6328350e+03
 796.7052537,4.6348486e+03
 796.7256877,4.6246772e+03
 796.7461218,4.6319297e+03
 796.7665557,4.6358120e+03
 796.7869898,4.6291040e+03
 796.8074238,4.6292412e+03
 796.8278577,4.6305962e+03
 796.8482918,4.6359648e+03
 796.8687258,4.6322656e+03
 796.8891597,4.6353779e+03
 796.9095938,4.6325347e+03
 796.9300278,4.6289888e+03
 796.9504619,4.6378662e+03
 796.9708958,4.6328188e+03
 796.9913298,4.6306689e+03
 797.0117639,4.6262837e+03
 797.0321978,4.6308169e+03
 797.0526319,4.6298105e+03
 797.0730659,4.6284893e+03
 797.0934999,4.6385767e+03
 797.1139339,4.6337534e+03
 797.1343679,4.6340952e+03
 797.1548019,4.6294565e+03
 797.1752360,4.6263477e+03
 797.1956699,4.6285254e+03
 797.2161039,4.6246113e+03
 797.2365380,4.6283457e+03
 797.2569720,4.6303696e+03
 797.2774059,4.6319199e+03
 797.2978401,4.6272573e+03
 797.3182741,4.6310718e+03
 797.3387081,4.6329512e+03
 797.3591421,4.6265283e+03
 797.3795761,4.6254990e+03
 797.4000102,4.6236270e+03
 797.4204441,4.6310957e+03
 797.4408781,4.6261572e+03
 797.4613122,4.6233301e+03
 797.4817461,4.6251558e+03
 797.5021802,4.6320947e+03
 797.5226143,4.6219502e+03
 797.5430482,4.6257007e+03
 797.5634823,4.6311284e+03
 797.5839163,4.6291074e+03
 797.6043502,4.6251899e+03
 797.6247843,4.6315820e+03
 797.6452183,4.6266719e+03
 797.6656523,4.6267080e+03
 797.6860864,4.6309409e+03
 797.7065204,4.6296382e+03
 797.7269544,4.6308765e+03
 797.7473884,4.6306216e+03
 797.7678224,4.6235308e+03
 797.7882564,4.6267642e+03
 797.8086905,4.6285981e+03
 797.8291245,4.6192617e+03
 797.8495585,4.6288237e+03
 797.8699925,4.6241533e+03
 797.8904265,4.6216655e+03
 797.9108606,4.6272930e+03
 797.9312946,4.6273755e+03
 797.9517287,4.6229292e+03
 797.9721627,4.6325278e+03
 797.9925966,4.6332437e+03
 798.0130307,4.6166987e+03
 798.0334647,4.6276245e+03
 798.0538987,4.6304551e+03
 798.0743328,4.6303179e+03
 798.0947668,4.6183354e+03
 798.1152009,4.6299746e+03
 798.1356348,4.6279502e+03
 798.1560689,4.6206836e+03
 798.1765030,4.6236567e+03
 798.1969369,4.6236050e+03
 798.2173709,4.6224453e+03
 798.2378050,4.6298994e+03
 798.2582390,4.6240312e+03
 798.2786730,4.6180977e+03
 798.2991071,4.6264478e+03
 798.3195410,4.6269360e+03
 798.3399751,4.6232227e+03
 798.3604091,4.6287290e+03
 798.3808432,4.6262065e+03
 798.4012772,4.6238403e+03
 798.4217112,4.6260620e+03
 798.4421451,4.6175488e+03
 798.4625793,4.6190747e+03
 798.4830133,4.6162080e+03
 798.5034473,4.6232539e+03
 798.5238813,4.6277720e+03
 798.5443154,4.6216841e+03
 798.5647495,4.6240986e+03
 798.5851834,4.6254717e+03
 798.6056174,         null
 798.6260516,4.6163193e+03
 798.6464855,4.6186514e+03
 798.6669195,4.6174556e+03
 798.6873536,4.6163999e+03
 798.7077876,4.6152695e+03
 798.7282217,         null
 798.7486557,4.6233779e+03
 798.7690896,4.6217378e+03
 798.7895238,4.6167231e+03
 798.8099578,4.6173423e+03
 798.8303917,4.6209121e+03
 798.8508258,4.6235049e+03
 798.8712599,4.6254761e+03
 798.8916940,4.6221895e+03
 798.9121279,4.6195444e+03
 798.9325619,4.6176548e+03
 798.9529961,4.6161963e+03
 798.9734300,4.6218560e+03
 798.9938640,4.6186006e+03
 799.0142981,4.6165298e+03
 799.0347321,4.6280811e+03
 799.0551661,4.6163359e+03
 799.0756001,4.6207061e+03
 799.0960342,4.6193926e+03
 799.1164683,4.6195361e+03
 799.1369023,4.6142974e+03
 799.1573363,4.6100391e+03
 799.1777704,4.6089624e+03
 799.1982044,4.6137085e+03
 799.2186383,4.6208315e+03
 799.2390725,4.6208726e+03
 799.2595065,4.6168521e+03
 799.2799406,4.6237710e+03
 799.3003746,4.6155254e+03
 799.3208086,4.6119722e+03
 799.3412427,4.6140312e+03
 799.3616767,4.6256519e+03
 799.3821107,4.6191484e+03
 799.4025448,4.6168687e+03
 799.4229788,4.6209233e+03
 799.4434128,4.6180791e+03
 799.4638469,4.6212568e+03
 799.4842809,4.6135039e+03
 799.5047150,4.6167275e+03
 799.5251490,4.6116040e+03
 799.5455831,4.6164868e+03
 799.5660171,4.6116035e+03
 799.5864511,4.6185664e+03
 799.6068852,4.6188965e+03
 799.6273192,4.6182207e+03
 799.6477532,4.6122334e+03
 799.6681873,4.6135615e+03
 799.6886213,4.6143286e+03
 799.7090553,4.6093320e+03
 799.7294894,4.6037559e+03
 799.7499234,4.6065601e+03
 799.7703575,4.6047168e+03
 799.7907916,4.6098218e+03
 799.8112255,4.6152485e+03
 799.8316596,4.6136748e+03
 799.8520937,4.6156055e+03
 799.8725276,4.6105161e+03
 799.8929618,4.6133345e+03
 799.9133958,4.6152783e+03
 799.9338298,4.6152964e+03
 799.9542639,4.6142778e+03
 799.9746979,4.6154844e+03
 799.9951319,4.6120767e+03
 800.0155660,4.6127334e+03
 800.0360000,4.6089536e+03
 800.0564342,4.6174189e+03
 800.0768681,4.6027139e+03
 800.0973022,4.6139453e+03
 800.1177363,4.6098057e+03
 800.1381702,4.6110283e+03
 800.1586043,4.6062700e+03
 800.1790384,4.6177964e+03
 800.1994725,4.6095234e+03
 800.2199064,4.6148276e+03
 800.2403405,4.6137358e+03
 800.2607746,4.6110312e+03
 800.2812086,4.6166411e+03
 800.3016427,4.6131807e+03
 800.3220766,4.6132456e+03
 800.3425108,4.6059253e+03
 800.3629448,4.6104395e+03
 800.3833787,4.6100269e+03
 800.4038129,4.6138667e+03
 800.4242469,4.6076870e+03
 800.4446811,4.6040366e+03
 800.4651150,4.6083984e+03
 800.4855491,4.6147256e+03
 800.5059832,4.6274834e+03
 800.5264172,4.6132959e+03
 800.5468512,4.6087964e+03
 800.5672853,4.6120967e+03
 800.5877193,4.6015557e+03
 800.6081533,4.6107725e+03
 800.6285875,4.6100518e+03
 800.6490214,4.6069453e+03
 800.6694556,4.6082139e+03
 800.6898896,4.6062808e+03
 800.7103236,4.6046709e+03
 800.7307577,4.6097383e+03
 800.7511918,4.6023716e+03
 800.7716258,4.6065112e+03
 800.7920598,4.6096128e+03
 800.8124939,4.6108384e+03
 800.8329280,4.6048726e+03
 800.8533620,4.6123389e+03
 800.8737960,4.6096436e+03
 800.8942301,4.6044458e+03
 800.9146641,4.6054648e+03
 800.9350982,4.5996592e+03
 800.9555323,4.6004946e+03
 800.9759663,4.6049229e+03
 800.9964003,4.6032954e+03
 801.0168345,4.6090488e+03
 801.0372684,4.6025513e+03
 801.0577026,4.6087373e+03
 801.0781366,4.6094224e+03
 801.0985706,4.6046436e+03
 801.1190047,4.6012671e+03
 801.1394388,4.6009375e+03
 801.1598727,4.6043970e+03
 801.1803069,4.6010859e+03
 801.2007409,4.6051182e+03
 801.2211751,4.6015571e+03
 801.2416090,4.6036431e+03
 801.2620431,4.5982148e+03
 801.2824772,4.5993633e+03
 801.3029112,4.5998311e+03
 801.3233453,4.6022803e+03
 801.3437794,4.5965845e+03
 801.3642134,4.5992876e+03
 801.3846474,4.5974590e+03
 801.4050816,4.6091221e+03
 801.4255156,4.6094028e+03
 801.4459497,4.6096094e+03
 801.4663837,4.6012632e+03
 801.4868178,4.6009478e+03
 801.5072518,4.6011055e+03
 801.5276859,4.6057544e+03
 801.5481199,4.5964341e+03
 801.5685540,4.6086270e+03
 801.5889881,4.5995820e+03
 801.6094222,4.6011606e+03
 801.6298562,4.6037104e+03
 801.6502902,4.5985171e+03
 801.6707244,4.5958154e+03
 801.6911583,4.6028501e+03
 801.7115924,         null
 801.7320266,4.5994727e+03
 801.7524605,4.5963154e+03
 801.7728946,4.6022261e+03
 801.7933287,4.6011167e+03
 801.8137627,4.6014487e+03
 801.8341968,4.6023867e+03
 801.8546309,4.6036118e+03
 801.8750649,4.6040732e+03
 801.8954990,4.6024629e+03
 801.9159331,4.5942988e+03
 801.9363670,4.6028950e+03
 801.9568012,4.5985269e+03
 801.9772353,4.5886396e+03
 801.9976694,4.6002759e+03
 802.0181034,4.5964346e+03
 802.0385374,4.5918296e+03
 802.0589716,4.5978657e+03
 802.0794057,4.6019268e+03
 802.0998396,4.5990918e+03
 802.1202738,4.6012988e+03
 802.1407077,4.5943384e+03
 802.1611418,4.6053413e+03
 802.1815760,4.5921069e+03
 802.2020100,4.5988486e+03
 802.2224441,4.6002671e+03
 802.2428781,4.5965703e+03
 802.2633121,4.5969409e+03
 802.2837463,4.5960581e+03
 802.3041803,4.5976191e+03
 802.3246143,4.6051436e+03
 802.3450485,4.5930156e+03
