        TIME,  PDCSAP_FLUX
 131.5127147,1.1763092e+04
 131.5331494,1.1753140e+04
 131.5535840,1.1758108e+04
 131.5740185,1.1750933e+04
 131.5944531,1.1746364e+04
 131.6148879,1.1755260e+04
 131.6353224,1.1756251e+04
 131.6557570,1.1751962e+04
 131.6761917,1.1764293e+04
 131.6966263,1.1740415e+04
 131.7170608,1.1751488e+04
 131.7374954,1.1741275e+04
 131.7579301,1.1747479e+04
 131.7783647,1.1749229e+04
 131.7987993,1.1749562e+04
 131.8192340,1.1754217e+04
 131.8396685,1.1742486e+04
 131.8601031,1.1737054e+04
 131.8805377,1.1744149e+04
 131.9009723,1.1732949e+04
 131.9214069,1.1735811e+04
 131.9418416,1.1733989e+04
 131.9622762,1.1748685e+04
 131.9827108,1.1739128e+04
 132.0031454,1.1729763e+04
 132.0235799,1.1733795e+04
 132.0440146,1.1726108e+04
 132.0644492,1.1741270e+04
 132.0848837,1.1733431e+04
 132.1053184,1.1723660e+04
 132.1257531,1.1739984e+04
 132.1461876,1.1736837e+04
 132.1666222,1.1729758e+04
 132.1870569,1.1725988e+04
 132.2074915,1.1731456e+04
 132.2279260,1.1725293e+04
 132.2483606,1.1727833e+04
 132.2687953,1.1719550e+04
 132.2892298,1.1729334e+04
 132.3096645,1.1720886e+04
 132.3300992,1.1729591e+04
 132.3505337,1.1728924e+04
 132.3709683,1.1730696e+04
 132.3914029,1.1729494e+04
 132.4118375,1.1718642e+04
 132.4322721,1.1721226e+04
 132.4527067,1.1728196e+04
 132.4731414,1.1728845e+04
 132.4935759,1.1733984e+04
 132.5140105,1.1714048e+04
 132.5344451,1.1725915e+04
 132.5548798,1.1726672e+04
 132.5753144,1.1724417e+04
 132.5957489,1.1715944e+04
 132.6161836,1.1724670e+04
 132.6366182,1.1718775e+04
 132.6570528,1.1733043e+04
 132.6774873,1.1723889e+04
 132.6979220,1.1718248e+04
 132.7183566,1.1721668e+04
 132.7387911,1.1725418e+04
 132.7592258,1.1729546e+04
 132.7796604,1.1723048e+04
 132.8000950,1.1726009e+04
 132.8205296,1.1720647e+04
 132.8409643,1.1715098e+04
 132.8613988,1.1719936e+04
 132.8818334,1.1714020e+04
 132.9022681,1.1733890e+04
 132.9227026,1.1721827e+04
 132.9431372,1.1728824e+04
 132.9635718,1.1722930e+04
 132.9840065,1.1720082e+04
 133.0044410,1.1721427e+04
 133.0248756,1.1724918e+04
 133.0453102,1.1725247e+04
 133.0657448,1.1710589e+04
 133.0861794,1.1720993e+04
 133.1066140,1.1729379e+04
 133.1270486,1.1715861e+04
 133.1474833,1.1723261e+04
 133.1679179,1.1724026e+04
 133.1883525,1.1721430e+04
 133.2087872,1.1731108e+04
 133.2292217,1.1728623e+04
 133.2496563,1.1722488e+04
 133.2700909,1.1724354e+04
 133.2905255,1.1732564e+04
 133.3109601,1.1729250e+04
 133.3313946,1.1722614e+04
 133.3518293,1.1726506e+04
 133.3722639,1.1733383e+04
 133.3926985,1.1729730e+04
 133.4131331,1.1728599e+04
 133.4335677,1.1742400e+04
 133.4540023,1.1734624e+04
 133.4744368,1.1728099e+04
 133.4948715,1.1725509e+04
 133.5153061,1.1733246e+04
 133.5357406,1.1731906e+04
 133.5561753,1.1727194e+04
 133.5766099,1.1735309e+04
 133.5970444,1.1731655e+04
 133.6174790,1.1723644e+04
 133.6379137,1.1738040e+04
 133.6583483,1.1735873e+04
 133.6787828,1.1754014e+04
 133.6992175,1.1738793e+04
 133.7196521,1.1726489e+04
 133.7400866,1.1739223e+04
 133.7605212,1.1749805e+04
 133.7809559,1.1745378e+04
 133.8013904,1.1738834e+04
 133.8218250,1.1746074e+04
 133.8422596,1.1750702e+04
 133.8626942,1.1732356e+04
 133.8831288,1.1750107e+04
 133.9035634,1.1748165e+04
 133.9239981,1.1749931e+04
 133.9444327,1.1745680e+04
 133.9648673,1.1753841e+04
 133.9853018,1.1751842e+04
 134.0057365,1.1753140e+04
 134.0261710,1.1753420e+04
 134.0466055,1.1754914e+04
 134.0670402,1.1767671e+04
 134.0874748,1.1750046e+04
 134.1079093,1.1755912e+04
 134.1283439,1.1765177e+04
 134.1487786,1.1765609e+04
 134.1692132,1.1799016e+04
 134.1896477,1.1757558e+04
 134.2100824,1.1760624e+04
 134.2305170,1.1774621e+04
 134.2509515,1.1766825e+04
 134.2713861,1.1766745e+04
 134.2918208,1.1782083e+04
 134.3122553,1.1773231e+04
 134.3326899,1.1775766e+04
 134.3531246,1.1775995e+04
 134.3735591,1.1781813e+04
 134.3939937,         null
 134.4144283,1.1701905e+04
 134.4348629,1.1611760e+04
 134.4552975,1.1595631e+04
 134.4757321,1.1628037e+04
 134.4961668,1.1748887e+04
 134.5166013,1.1781421e+04
 134.5370359,1.1776050e+04
 134.5574704,1.1784752e+04
 134.5779051,1.1783158e+04
 134.5983397,1.1779708e+04
 134.6187742,1.1784776e+04
 134.6392088,1.1794626e+04
 134.6596435,1.1788374e+04
 134.6800781,1.1794643e+04
 134.7005127,1.1794574e+04
 134.7209473,1.1794190e+04
 134.7413819,1.1789929e+04
 134.7618164,1.1787076e+04
 134.7822509,1.1796670e+04
 134.8026856,1.1795179e+04
 134.8231202,1.1795681e+04
 134.8435547,1.1799918e+04
 134.8639894,1.1790777e+04
 134.8844240,1.1794354e+04
 134.9048586,1.1804004e+04
 134.9252931,1.1810251e+04
 134.9457278,1.1798607e+04
 134.9661624,1.1798775e+04
 134.9865969,1.1803825e+04
 135.0070316,1.1798945e+04
 135.0274662,1.1804704e+04
 135.0479007,1.1810600e+04
 135.0683353,1.1808520e+04
 135.0887700,1.1807350e+04
 135.1092045,1.1808887e+04
 135.1296390,1.1814145e+04
 135.1500737,1.1815379e+04
 135.1705083,1.1816263e+04
 135.1909428,1.1820675e+04
 135.2113774,1.1820054e+04
 135.2318121,1.1822225e+04
 135.2522466,1.1817045e+04
 135.2726812,1.1818072e+04
 135.2931157,1.1818011e+04
 135.3135504,1.1827948e+04
 135.3339850,1.1824352e+04
 135.3544195,1.1823566e+04
 135.3748541,1.1831645e+04
 135.3952887,1.1827001e+04
 135.4157233,1.1826479e+04
 135.4361578,1.1846410e+04
 135.4565925,1.1826132e+04
 135.4770271,1.1829659e+04
 135.4974616,1.1823207e+04
 135.5178963,1.1833181e+04
 135.5383309,1.1827635e+04
 135.5587654,1.1825535e+04
 135.5792000,1.1833494e+04
 135.5996346,1.1836365e+04
 135.6200691,1.1838822e+04
 135.6405037,1.1830016e+04
 135.6609384,1.1831732e+04
 135.6813730,1.1837178e+04
 135.7018075,1.1840485e+04
 135.7222421,1.1843259e+04
 135.7426768,1.1831293e+04
 135.7631113,1.1844833e+04
 135.7835458,1.1843899e+04
 135.8039805,1.1840109e+04
 135.8244150,1.1845615e+04
 135.8448496,1.1839429e+04
 135.8652842,1.1853855e+04
 135.8857188,1.1851727e+04
 135.9061534,1.1848426e+04
 135.9265880,1.1847092e+04
 135.9470224,1.1856322e+04
 135.9674571,1.1844869e+04
 135.9878917,1.1857327e+04
 136.0083262,1.1854532e+04
 136.0287609,1.1856589e+04
 136.0491955,1.1869178e+04
 136.0696300,1.1870785e+04
 136.0900646,1.1858454e+04
 136.1104992,1.1855976e+04
 136.1309338,1.1866258e+04
 136.1513683,1.1860857e+04
 136.1718030,1.1851205e+04
 136.1922376,1.1864849e+04
 136.2126721,1.1861401e+04
 136.2331067,1.1860067e+04
 136.2535413,1.1859563e+04
 136.2739758,1.1868528e+04
 136.2944104,1.1875987e+04
 136.3148451,1.1870594e+04
 136.3352796,1.1859448e+04
 136.3557142,1.1856388e+04
 136.3761488,1.1868453e+04
 136.3965833,1.1870321e+04
 136.4170179,1.1864988e+04
 136.4374525,1.1874625e+04
 136.4578872,1.1873730e+04
 136.4783217,1.1873840e+04
 136.4987563,1.1918816e+04
 136.5191908,1.1869825e+04
 136.5396254,1.1882903e+04
 136.5600600,1.1885035e+04
 136.5804946,1.1876484e+04
 136.6009292,1.1871773e+04
 136.6213638,1.1888707e+04
 136.6417983,1.1884584e+04
 136.6622329,1.1875184e+04
 136.6826675,1.1880136e+04
 136.7031021,1.1882063e+04
 136.7235367,1.1886871e+04
 136.7439712,1.1876514e+04
 136.7644058,1.1882825e+04
 136.7848404,1.1893323e+04
 136.8052749,1.1887329e+04
 136.8257096,1.1893890e+04
 136.8461442,1.1895763e+04
 136.8665787,1.1886686e+04
 136.8870132,1.1889837e+04
 136.9074479,1.1897362e+04
 136.9278825,1.1883959e+04
 136.9483170,1.1893831e+04
 136.9687516,1.1890117e+04
 136.9891862,1.1894450e+04
 137.0096207,1.1915204e+04
 137.0300553,1.1902161e+04
 137.0504900,1.1887504e+04
 137.0709244,1.1903687e+04
 137.0913590,1.1886292e+04
 137.1117937,1.1890809e+04
 137.1322282,1.1898799e+04
 137.1526628,1.1908666e+04
 137.1730973,1.1896854e+04
 137.1935320,1.1908092e+04
 137.2139665,1.1896142e+04
 137.2344011,1.1899826e+04
 137.2548356,1.1901865e+04
 137.2752702,1.1901658e+04
 137.2957048,1.1907138e+04
 137.3161393,1.1905948e+04
 137.3365740,1.1914907e+04
 137.3570086,1.1906020e+04
 137.3774431,         null
 137.3978776,1.1912258e+04
 137.4183123,1.1907210e+04
 137.4387469,1.1904028e+04
 137.4591813,1.1898461e+04
 137.4796160,1.1916539e+04
 137.5000506,1.1905981e+04
 137.5204851,1.1907200e+04
 137.5409196,1.1903457e+04
 137.5613543,1.1915381e+04
 137.5817888,1.1920432e+04
 137.6022234,1.1910128e+04
 137.6226581,1.1914383e+04
 137.6430926,1.1905184e+04
 137.6635271,1.1900751e+04
 137.6839617,1.1911497e+04
 137.7043964,1.1914786e+04
 137.7248308,1.1915136e+04
 137.7452654,1.1916754e+04
 137.7657001,1.1914187e+04
 137.7861346,1.1920245e+04
 137.8065691,1.1923221e+04
 137.8270036,1.1926472e+04
 137.8474383,1.1916333e+04
 137.8678729,1.1920214e+04
 137.8883074,1.1916834e+04
 137.9087419,1.1935844e+04
 137.9291766,1.1925792e+04
 137.9496112,1.1916749e+04
 137.9700456,1.1912959e+04
 137.9904803,1.1927306e+04
 138.0109149,1.1933593e+04
 138.0313493,1.1926151e+04
 138.0517839,1.1914340e+04
 138.0722186,1.1921352e+04
 138.0926532,1.1923280e+04
 138.1130876,1.1921766e+04
 138.1335223,1.1916612e+04
 138.1539569,1.1920784e+04
 138.1743914,1.1931440e+04
 138.1948259,1.1920715e+04
 138.2152606,1.1923075e+04
 138.2356952,1.1927203e+04
 138.2561296,1.1932289e+04
 138.2765643,1.1926468e+04
 138.2969989,1.1927824e+04
 138.3174334,1.1923952e+04
 138.3378679,1.1922639e+04
 138.3583026,1.1931684e+04
 138.3787372,1.1934540e+04
 138.3991716,1.1940404e+04
 138.4196063,1.1931735e+04
 138.4400409,1.1925060e+04
 138.4604753,1.1935987e+04
 138.4809099,1.1930485e+04
 138.5013446,1.1936560e+04
 138.5217791,1.1934016e+04
 138.5422136,1.1935540e+04
 138.5626482,1.1929329e+04
 138.5830828,1.1931954e+04
 138.6035173,1.1935625e+04
 138.6239519,1.1939549e+04
 138.6443865,1.1925849e+04
 138.6648210,1.1939215e+04
 138.6852556,1.1951755e+04
 138.7056901,1.1941048e+04
 138.7261247,1.1933330e+04
 138.7465593,1.1935121e+04
 138.7669938,1.1925569e+04
 138.7874284,1.1949332e+04
 138.8078630,1.1930716e+04
 138.8282975,1.1934280e+04
 138.8487321,1.1930154e+04
 138.8691667,1.1935209e+04
 138.8896013,1.1933234e+04
 138.9100358,1.1932200e+04
 138.9304704,1.1933057e+04
 138.9509050,1.1943513e+04
 138.9713395,1.1935949e+04
 138.9917740,1.1937646e+04
 139.0122087,1.1927730e+04
 139.0326431,1.1932942e+04
 139.0530777,1.1944025e+04
 139.0735124,1.1940284e+04
 139.0939468,1.1947526e+04
 139.1143814,1.1941776e+04
 139.1348160,1.1934736e+04
 139.1552505,1.1933982e+04
 139.1756851,1.1934834e+04
 139.1961197,1.1941272e+04
 139.2165541,1.1937293e+04
 139.2369888,1.1930092e+04
 139.2574234,1.1933214e+04
 139.2778578,1.1936087e+04
 139.2982925,1.1939227e+04
 139.3187271,1.1936685e+04
 139.3391616,1.1935592e+04
 139.3595961,1.1935762e+04
 139.3800307,1.1943125e+04
 139.4004653,1.1932564e+04
 139.4208998,1.1939968e+04
 139.4413344,1.1937861e+04
 139.4617690,1.1931509e+04
 139.4822035,1.1932394e+04
 139.5026380,1.1933637e+04
 139.5230727,1.1937848e+04
 139.5435071,1.1932560e+04
 139.5639417,1.1939285e+04
 139.5843764,1.1928810e+04
 139.6048108,1.1933868e+04
 139.6252454,1.1934528e+04
 139.6456800,1.1934991e+04
 139.6661146,1.1944041e+04
 139.6865491,1.1929946e+04
 139.7069836,1.1932250e+04
 139.7274182,1.1932157e+04
 139.7478528,1.1925537e+04
 139.7682873,1.1929550e+04
 139.7887219,1.1926786e+04
 139.8091564,1.1926772e+04
 139.8295910,1.1927906e+04
 139.8500256,1.1932188e+04
 139.8704601,1.1931804e+04
 139.8908947,1.1943081e+04
 139.9113292,1.1923685e+04
 139.9317638,1.1935372e+04
 139.9521985,1.1945094e+04
 139.9726329,1.1936555e+04
 139.9930675,1.1938304e+04
 140.0135019,1.1928830e+04
 140.0339366,1.1928630e+04
 140.0543712,1.1934579e+04
 140.0748057,1.1926202e+04
 140.0952403,1.1928539e+04
 140.1156748,1.1926931e+04
 140.1361094,1.1929181e+04
 140.1565438,1.1924193e+04
 140.1769785,1.1917695e+04
 140.1974131,1.1922076e+04
 140.2178475,1.1925351e+04
 140.2382822,1.1925688e+04
 140.2587167,1.1929453e+04
 140.2791512,1.1922095e+04
 140.2995857,1.1920501e+04
 140.3200204,1.1934521e+04
 140.3404549,1.1918046e+04
 140.3608894,         null
 140.3813240,1.1929704e+04
 140.4017586,1.1917984e+04
 140.4221931,1.1926265e+04
 140.4426276,1.1922745e+04
 140.4630623,1.1921830e+04
 140.4834967,1.1916887e+04
 140.5039313,1.1913044e+04
 140.5243657,1.1917619e+04
 140.5448004,1.1923372e+04
 140.5652350,1.1922263e+04
 140.5856695,1.1916657e+04
 140.6061041,1.1913839e+04
 140.6265386,1.1918930e+04
 140.6469732,1.1916486e+04
 140.6674076,1.1914266e+04
 140.6878423,1.1922955e+04
 140.7082768,1.1909770e+04
 140.7287113,1.1923938e+04
 140.7491459,1.1908693e+04
 140.7695805,1.1912382e+04
 140.7900149,1.1908009e+04
 140.8104495,1.1900527e+04
 140.8308841,1.1896771e+04
 140.8513187,1.1902979e+04
 140.8717532,1.1906620e+04
 140.8921877,1.1902812e+04
 140.9126224,1.1909396e+04
 140.9330568,1.1901440e+04
 140.9534914,1.1905201e+04
 140.9739260,1.1905125e+04
 140.9943605,1.1907269e+04
 141.0147950,1.1899816e+04
 141.0352296,1.1906962e+04
 141.0556641,1.1897384e+04
 141.0760987,1.1901158e+04
 141.0965332,1.1909432e+04
 141.1169678,1.1907641e+04
 141.1374023,1.1890581e+04
 141.1578369,1.1891124e+04
 141.1782713,1.1901430e+04
 141.1987060,1.1890987e+04
 141.2191405,1.1901370e+04
 141.2395750,1.1889193e+04
 141.2600096,1.1892933e+04
 141.2804442,1.1882762e+04
 141.3008786,1.1886683e+04
 141.3213132,1.1892293e+04
 141.3417478,1.1884654e+04
 141.3621824,1.1880859e+04
 141.3826168,1.1889497e+04
 141.4030513,1.1886923e+04
 141.4234860,1.1879113e+04
 141.4439205,1.1885422e+04
 141.4643550,1.1880683e+04
 141.4847896,1.1874271e+04
 141.5052242,1.1875731e+04
 141.5256586,1.1873509e+04
 141.5460932,1.1871147e+04
 141.5665277,1.1874351e+04
 141.5869624,1.1872074e+04
 141.6073968,1.1867644e+04
 141.6278315,1.1869513e+04
 141.6482660,1.1871089e+04
 141.6687005,1.1872235e+04
 141.6891350,1.1868254e+04
 141.7095696,1.1870747e+04
 141.7300041,1.1870634e+04
 141.7504386,1.1872600e+04
 141.7708733,1.1870521e+04
 141.7913077,1.1867769e+04
 141.8117423,1.1851680e+04
 141.8321768,1.1867205e+04
 141.8526114,1.1866600e+04
 141.8730459,1.1867298e+04
 141.8934804,1.1856202e+04
 141.9139151,1.1861797e+04
 141.9343495,1.1852645e+04
 141.9547841,1.1843591e+04
 141.9752185,1.1855423e+04
 141.9956532,1.1841567e+04
 142.0160877,1.1857148e+04
 142.0365221,1.1846582e+04
 142.0569567,1.1836745e+04
 142.0773913,1.1842256e+04
 142.0978259,1.1846831e+04
 142.1182603,1.1843300e+04
 142.1386950,1.1845341e+04
 142.1591295,1.1834264e+04
 142.1795639,1.1841426e+04
 142.1999985,1.1832444e+04
 142.2204331,1.1835157e+04
 142.2408676,1.1837931e+04
 142.2613021,1.1840810e+04
 142.2817367,1.1833768e+04
 142.3021712,1.1840437e+04
 142.3226057,1.1833119e+04
 142.3430403,1.1821824e+04
 142.3634749,1.1821393e+04
 142.3839093,1.1823084e+04
 142.4043439,1.1834819e+04
 142.4247785,1.1828552e+04
 142.4452130,1.1830675e+04
 142.4656475,1.1832077e+04
 142.4860819,1.1829293e+04
 142.5065166,1.1823939e+04
 142.5269511,1.1806119e+04
 142.5473857,1.1804145e+04
 142.5678201,1.1809799e+04
 142.5882547,1.1817365e+04
 142.6086893,1.1808555e+04
 142.6291237,1.1813299e+04
 142.6495584,1.1797601e+04
 142.6699929,1.1811040e+04
 142.6904273,1.1813655e+04
 142.7108619,1.1797872e+04
 142.7312965,1.1799379e+04
 142.7517309,1.1787191e+04
 142.7721655,1.1792598e+04
 142.7926001,1.1803295e+04
 142.8130345,1.1795002e+04
 142.8334691,1.1795837e+04
 142.8539036,1.1786624e+04
 142.8743383,1.1794971e+04
 142.8947727,1.1784162e+04
 142.9152072,1.1793612e+04
 142.9356419,1.1782001e+04
 142.9560763,1.1788048e+04
 142.9765108,1.1779051e+04
 142.9969453,1.1780920e+04
 143.0173799,1.1783310e+04
 143.0378144,1.1774438e+04
 143.0582490,1.1775857e+04
 143.0786835,1.1779232e+04
 143.0991180,1.1785345e+04
 143.1195526,1.1776043e+04
 143.1399871,1.1768176e+04
 143.1604216,1.1761064e+04
 143.1808562,1.1766702e+04
 143.2012906,1.1762385e+04
 143.2217251,1.1759205e+04
 143.2421598,1.1764532e+04
 143.2625943,1.1760298e+04
 143.2830288,1.1761890e+04
 143.3034634,1.1650818e+04
 143.3238979,1.1601304e+04
 143.3443324,         null
 143.3647669,1.1597257e+04
 143.3852015,1.1734059e+04
 143.4056360,1.1754602e+04
 143.4260705,1.1752662e+04
 143.4465051,1.1756121e+04
 143.4669396,1.1758381e+04
 143.4873740,1.1736576e+04
 143.5078086,1.1732826e+04
 143.5282432,1.1750274e+04
 143.5486777,1.1747653e+04
 143.5691122,1.1733036e+04
 143.5895468,1.1737026e+04
 143.6099813,1.1733370e+04
 143.6304158,1.1731077e+04
 143.6508503,1.1730263e+04
 143.6712849,1.1724814e+04
 143.6917193,1.1722439e+04
 143.7121539,1.1731452e+04
 143.7325884,1.1713916e+04
 143.7530229,1.1727623e+04
 143.7734575,1.1725419e+04
 143.7938920,1.1719900e+04
 143.8143265,1.1714067e+04
 143.8347610,1.1720397e+04
 143.8551956,1.1712557e+04
 143.8756300,1.1717977e+04
 143.8960646,1.1710292e+04
 143.9164992,1.1714155e+04
 143.9369336,1.1720569e+04
 143.9573682,1.1708010e+04
 143.9778027,1.1700718e+04
 143.9982372,1.1699976e+04
 144.0186717,1.1703013e+04
 144.0391063,1.1702539e+04
 144.0595408,1.1708569e+04
 144.0799753,1.1707987e+04
 144.1004099,1.1703780e+04
 144.1208444,1.1701459e+04
 144.1412788,1.1714884e+04
 144.1617134,1.1694584e+04
 144.1821480,1.1691314e+04
 144.2025824,1.1688549e+04
 144.2230169,1.1695791e+04
 144.2434516,1.1693172e+04
 144.2638860,1.1701144e+04
 144.2843205,1.1686882e+04
 144.3047550,1.1692812e+04
 144.3251896,1.1686626e+04
 144.3456241,1.1688694e+04
 144.3660586,1.1685348e+04
 144.3864930,1.1682305e+04
 144.4069276,1.1693318e+04
 144.4273622,1.1679694e+04
 144.4477966,1.1681677e+04
 144.4682312,1.1683469e+04
 144.4886657,1.1685368e+04
 144.5091002,1.1678594e+04
 144.5295347,1.1681907e+04
 144.5499693,1.1677399e+04
 144.5704038,1.1675263e+04
 144.5908382,1.1674061e+04
 144.6112729,1.1670876e+04
 144.6317074,1.1669980e+04
 144.6521418,1.1671085e+04
 144.6725763,1.1667957e+04
 144.6930109,1.1668730e+04
 144.7134454,1.1673588e+04
 144.7338799,1.1669611e+04
 144.7543145,1.1671288e+04
 144.7747489,1.1664430e+04
 144.7951834,1.1666402e+04
 144.8156180,1.1668521e+04
 144.8360526,1.1665934e+04
 144.8564870,1.1665895e+04
 144.8769215,1.1672409e+04
 144.8973560,1.1654556e+04
 144.9177906,1.1660973e+04
 144.9382251,1.1658873e+04
 144.9586596,1.1660656e+04
 144.9790942,1.1669301e+04
 144.9995286,1.1661769e+04
 145.0199631,1.1661427e+04
 145.0403977,1.1658645e+04
 145.0608322,1.1657799e+04
 145.0812667,1.1648504e+04
 145.1017012,1.1662316e+04
 145.1221358,1.1661149e+04
 145.1425702,1.1664314e+04
 145.1630048,1.1667224e+04
 145.1834392,1.1649966e+04
 145.2038738,1.1646148e+04
 145.2243083,1.1646513e+04
 145.2447427,1.1658969e+04
 145.2651773,1.1656483e+04
 145.2856119,1.1651446e+04
 145.3060464,1.1654015e+04
 145.3264808,1.1658376e+04
 145.3469154,1.1638929e+04
 145.3673499,1.1656558e+04
 145.3877843,1.1661987e+04
 145.4082189,1.1661390e+04
 145.4286535,1.1661713e+04
 145.4490879,1.1650824e+04
 145.4695224,1.1650928e+04
 145.4899570,1.1643682e+04
 145.5103914,1.1651888e+04
 145.5308259,1.1647753e+04
 145.5512604,1.1642416e+04
 145.5716950,1.1646479e+04
 145.5921295,1.1654637e+04
 145.6125640,1.1666770e+04
 145.6329986,1.1660450e+04
 145.6534330,1.1640503e+04
 145.6738675,1.1658324e+04
 145.6943019,1.1645629e+04
 145.7147365,1.1653979e+04
 145.7351710,1.1644405e+04
 145.7556056,1.1657846e+04
 145.7760401,1.1647100e+04
 145.7964746,1.1643896e+04
 145.8169091,1.1659094e+04
 145.8373435,1.1652313e+04
 145.8577781,1.1647857e+04
 145.8782126,1.1646957e+04
 145.8986470,1.1653218e+04
 145.9190816,1.1651249e+04
 145.9395161,1.1649981e+04
 145.9599506,1.1647094e+04
 145.9803851,1.1647965e+04
 146.0008197,1.1658339e+04
 146.0212542,1.1659318e+04
 146.0416886,1.1662236e+04
 146.0621232,1.1654199e+04
 146.0825577,1.1656763e+04
 146.1029921,1.1643247e+04
 146.1234266,1.1644969e+04
 146.1438612,1.1653042e+04
 146.1642956,1.1654228e+04
 146.1847301,1.1653601e+04
 146.2051646,1.1641902e+04
 146.2255992,1.1652861e+04
 146.2460337,1.1643342e+04
 146.2664682,1.1641344e+04
 146.2869027,1.1650185e+04
 146.3073372,1.1654904e+04
 146.3277717,         null
 146.3482061,1.1656232e+04
 146.3686407,1.1655144e+04
 146.3890752,1.1656653e+04
 146.4095096,1.1659341e+04
 146.4299442,1.1661410e+04
 146.4503787,1.1655476e+04
 146.4708131,1.1661192e+04
 146.4912477,1.1652547e+04
 146.5116822,1.1665459e+04
 146.5321167,1.1664606e+04
 146.5525511,1.1666738e+04
 146.5729857,1.1662925e+04
 146.5934202,1.1662470e+04
 146.6138547,1.1660367e+04
 146.6342891,1.1651350e+04
 146.6547237,1.1652248e+04
 146.6751582,1.1673507e+04
 146.6955927,1.1662952e+04
 146.7160273,1.1664073e+04
 146.7364618,1.1664638e+04
 146.7568963,1.1660045e+04
 146.7773307,1.1664502e+04
 146.7977653,1.1667689e+04
 146.8181998,1.1666339e+04
 146.8386342,1.1675878e+04
 146.8590687,1.1667764e+04
 146.8795033,1.1681156e+04
 146.8999377,1.1685547e+04
 146.9203722,1.1657840e+04
 146.9408068,1.1672779e+04
 146.9612412,1.1676756e+04
 146.9816757,1.1671909e+04
 147.0021102,1.1674865e+04
 147.0225447,1.1666048e+04
 147.0429792,1.1675936e+04
 147.0634137,1.1665920e+04
 147.0838483,1.1676882e+04
 147.1042827,1.1672835e+04
 147.1247172,1.1676765e+04
 147.1451516,1.1672460e+04
 147.1655862,1.1671142e+04
 147.1860207,1.1671712e+04
 147.2064550,1.1674650e+04
 147.2268896,1.1679624e+04
 147.2473241,1.1676585e+04
 147.2677586,1.1674431e+04
 147.2881930,1.1685278e+04
 147.3086276,1.1675960e+04
 147.3290621,1.1679394e+04
 147.3494965,1.1688762e+04
 147.3699310,1.1676766e+04
 147.3903656,1.1679250e+04
 147.4108000,1.1676629e+04
 147.4312345,1.1686748e+04
 147.4516691,1.1683821e+04
 147.4721035,1.1683421e+04
 147.4925380,1.1681691e+04
 147.5129725,1.1680990e+04
 147.5334071,1.1691505e+04
 147.5538415,1.1684156e+04
 147.5742760,1.1687289e+04
 147.5947106,1.1680551e+04
 147.6151450,1.1684422e+04
 147.6355795,1.1689567e+04
 147.6560138,1.1693162e+04
 147.6764484,1.1686516e+04
 147.6968829,1.1686062e+04
 147.7173173,1.1681405e+04
 147.7377519,1.1689626e+04
 147.7581864,1.1682626e+04
 147.7786209,1.1687270e+04
 147.7990553,1.1698146e+04
 147.8194899,1.1697928e+04
 147.8399244,1.1692030e+04
 147.8603588,1.1681611e+04
 147.8807933,1.1685834e+04
 147.9012279,         null
 147.9216622,1.1688090e+04
 147.9420967,1.1692926e+04
 147.9625313,1.1687136e+04
 147.9829657,1.1691924e+04
 148.0034002,1.1695168e+04
 148.0238347,1.1688610e+04
 148.0442693,1.1688534e+04
 148.0647037,1.1685259e+04
 148.0851382,1.1691088e+04
 148.1055728,1.1679891e+04
 148.1260071,1.1685460e+04
 148.1464416,1.1688821e+04
 148.1668761,1.1688624e+04
 148.1873106,1.1698341e+04
 148.2077451,1.1688527e+04
 148.2281796,1.1698859e+04
 148.2486142,1.1690275e+04
 148.2690486,1.1695242e+04
 148.2894830,1.1695598e+04
 148.3099175,1.1691127e+04
 148.3303520,1.1690763e+04
 148.3507865,1.1692126e+04
 148.3712210,1.1697095e+04
 148.3916554,1.1693683e+04
 148.4120900,1.1692593e+04
 148.4325244,1.1682069e+04
 148.4529589,1.1690724e+04
 148.4733934,1.1689067e+04
 148.4938279,1.1699365e+04
 148.5142624,1.1686045e+04
 148.5346968,1.1710294e+04
 148.5551314,1.1692767e+04
 148.5755658,1.1696454e+04
 148.5960002,1.1695951e+04
 148.6164348,1.1710771e+04
 148.6368693,1.1692062e+04
 148.6573037,1.1691009e+04
 148.6777382,1.1695760e+04
 148.6981727,1.1694764e+04
 148.7186071,1.1688775e+04
 148.7390416,1.1691151e+04
 148.7594762,1.1693667e+04
 148.7799107,1.1691572e+04
 148.8003451,1.1689516e+04
 148.8207795,1.1698564e+04
 148.8412141,1.1690227e+04
 148.8616485,1.1705671e+04
 148.8820830,1.1693358e+04
 148.9025176,1.1696848e+04
 148.9229520,1.1690648e+04
 148.9433864,1.1684661e+04
 148.9638209,1.1691354e+04
 148.9842554,1.1683919e+04
 149.0046899,1.1685674e+04
 149.0251244,1.1685688e+04
 149.0455587,1.1680847e+04
 149.0659933,1.1684378e+04
 149.0864278,1.1691022e+04
 149.1068622,1.1689644e+04
 149.1272968,1.1691761e+04
 149.1477312,1.1682361e+04
 149.1681656,1.1687854e+04
 149.1886001,1.1687133e+04
 149.2090347,1.1686535e+04
 149.2294691,1.1689209e+04
 149.2499035,1.1687128e+04
 149.2703381,1.1675012e+04
 149.2907726,1.1680569e+04
 149.3112070,         null
 149.3316414,1.1672553e+04
 149.3520760,1.1671527e+04
 149.3725104,1.1685364e+04
 149.3929449,1.1676840e+04
 149.4133794,1.1684672e+04
 149.4338138,1.1676067e+04
 149.4542483,1.1683928e+04
 149.4746828,1.1675862e+04
 149.4951172,1.1667300e+04
 149.5155517,1.1679239e+04
 149.5359862,1.1681993e+04
 149.5564208,1.1680438e+04
 149.5768551,1.1673921e+04
 149.5972896,1.1683646e+04
 149.6177240,1.1674853e+04
 149.6381586,1.1662150e+04
 149.6585930,1.1685959e+04
 149.6790274,1.1666378e+04
 149.6994619,1.1670029e+04
 149.7198965,1.1668507e+04
 149.7403309,1.1664625e+04
 149.7607653,1.1656437e+04
 149.7811999,1.1671632e+04
 149.8016344,1.1672032e+04
 149.8220687,1.1661500e+04
 149.8425032,1.1671037e+04
 149.8629378,1.1677078e+04
 149.8833722,1.1665193e+04
 149.9038066,1.1661219e+04
 149.9242412,1.1676273e+04
 149.9446757,1.1674469e+04
 149.9651101,1.1666436e+04
 149.9855445,1.1663462e+04
 150.0059791,1.1667158e+04
 150.0264135,1.1668194e+04
 150.0468479,1.1660499e+04
 150.0672825,1.1652282e+04
 150.0877170,1.1664055e+04
 150.1081513,1.1661654e+04
 150.1285858,1.1663387e+04
 150.1490204,1.1655370e+04
 150.1694547,1.1665518e+04
 150.1898892,1.1666534e+04
 150.2103238,1.1663766e+04
 150.2307581,1.1663187e+04
 150.2511926,1.1665435e+04
 150.2716271,1.1657202e+04
 150.2920616,1.1650914e+04
 150.3124960,1.1668692e+04
 150.3329305,1.1658281e+04
 150.3533648,1.1658525e+04
 150.3737994,1.1656076e+04
 150.3942339,1.1656623e+04
 150.4146682,1.1656314e+04
 150.4351028,1.1670322e+04
 150.4555373,1.1658503e+04
 150.4759717,1.1658966e+04
 150.4964061,1.1666406e+04
 150.5168407,1.1665733e+04
 150.5372751,1.1658456e+04
 150.5577095,1.1673394e+04
 150.5781441,1.1664424e+04
 150.5985785,1.1651979e+04
 150.6190129,1.1657589e+04
 150.6394474,1.1658981e+04
 150.6598819,1.1655938e+04
 150.6803163,1.1653715e+04
 150.7007507,1.1659628e+04
 150.7211853,1.1656702e+04
 150.7416198,1.1650943e+04
 150.7620541,1.1651617e+04
 150.7824886,1.1659404e+04
 150.8029232,1.1659512e+04
 150.8233575,1.1656566e+04
 150.8437920,1.1661600e+04
 150.8642265,1.1654268e+04
 150.8846609,1.1647785e+04
 150.9050954,1.1658380e+04
 150.9255298,1.1664467e+04
 150.9459643,1.1646088e+04
 150.9663988,1.1659421e+04
 150.9868332,1.1659095e+04
 151.0072676,1.1654442e+04
 151.0277021,1.1652082e+04
 151.0481366,1.1649673e+04
 151.0685710,1.1658527e+04
 151.0890055,1.1662634e+04
 151.1094400,1.1654762e+04
 151.1298743,1.1655859e+04
 151.1503088,1.1658556e+04
 151.1707434,1.1653369e+04
 151.1911777,1.1666071e+04
 151.2116122,1.1654350e+04
 151.2320467,1.1651312e+04
 151.2524812,1.1661874e+04
 151.2729155,1.1651917e+04
 151.2933500,1.1656720e+04
 151.3137846,1.1663563e+04
 151.3342189,1.1647247e+04
 151.3546534,1.1663733e+04
 151.3750879,1.1658548e+04
 151.3955223,1.1653254e+04
 151.4159567,1.1668143e+04
 151.4363912,1.1653776e+04
 151.4568257,1.1660847e+04
 151.4772601,1.1661152e+04
 151.4976946,1.1654771e+04
 151.5181290,1.1666246e+04
 151.5385635,1.1672434e+04
 151.5589979,1.1663917e+04
 151.5794324,1.1663509e+04
 151.5998669,1.1667524e+04
 151.6203013,1.1657812e+04
 151.6407357,1.1669013e+04
 151.6611702,         null
 151.6816047,1.1658058e+04
 151.7020391,1.1661470e+04
 151.7224736,1.1665381e+04
 151.7429080,1.1662581e+04
 151.7633425,1.1667555e+04
 151.7837769,1.1671994e+04
 151.8042113,1.1671955e+04
 151.8246458,1.1670604e+04
 151.8450803,1.1669091e+04
 151.8655146,1.1666505e+04
 151.8859492,1.1659378e+04
 151.9063836,1.1670380e+04
 151.9268180,1.1662122e+04
 151.9472524,1.1659917e+04
 151.9676870,1.1668203e+04
 151.9881214,1.1662292e+04
 152.0085558,1.1668549e+04
 152.0289903,1.1674317e+04
 152.0494248,1.1666533e+04
 152.0698591,1.1675492e+04
 152.0902936,1.1673635e+04
 152.1107281,1.1669529e+04
 152.1311625,1.1670008e+04
 152.1515969,1.1678592e+04
 152.1720314,1.1676447e+04
 152.1924658,1.1528657e+04
 152.2129003,1.1501133e+04
 152.2333347,1.1492330e+04
 152.2537693,1.1556268e+04
 152.2742036,1.1677986e+04
 152.2946381,         null
 152.3150724,1.1678994e+04
 152.3355070,1.1690678e+04
 152.3559414,1.1682115e+04
 152.3763758,1.1673717e+04
 152.3968103,1.1683880e+04
 152.4172447,1.1674577e+04
 152.4376792,1.1679373e+04
 152.4581135,1.1683459e+04
 152.4785481,1.1687545e+04
 152.4989825,1.1686205e+04
 152.5194169,1.1688208e+04
 152.5398514,1.1679163e+04
 152.5602859,1.1692082e+04
 152.5807202,1.1691879e+04
 152.6011546,1.1685489e+04
 152.6215892,1.1694505e+04
 152.6420235,1.1686367e+04
 152.6624580,         null
 152.6828924,1.1690711e+04
 152.7033269,1.1690179e+04
 152.7237613,1.1696412e+04
 152.7441957,1.1694817e+04
 152.7646303,1.1699737e+04
 152.7850646,1.1696531e+04
 152.8054991,1.1700698e+04
 152.8259334,1.1697761e+04
 152.8463680,1.1697038e+04
 152.8668024,1.1707679e+04
 152.8872367,1.1698869e+04
 152.9076713,1.1708101e+04
 152.9281057,1.1698887e+04
 152.9485402,1.1704476e+04
 152.9689745,1.1712832e+04
 152.9894090,1.1716361e+04
 153.0098435,1.1710179e+04
 153.0302778,1.1716680e+04
 153.0507124,1.1709945e+04
 153.0711468,1.1703279e+04
 153.0915811,1.1708919e+04
 153.1120156,1.1718080e+04
 153.1324501,1.1719271e+04
 153.1528845,1.1712941e+04
 153.1733189,1.1710082e+04
 153.1937533,1.1728621e+04
 153.2141879,1.1709409e+04
 153.2346223,1.1719015e+04
 153.2550566,1.1723489e+04
 153.2754912,1.1722243e+04
 153.2959256,1.1726707e+04
 153.3163599,1.1717565e+04
 153.3367944,1.1719423e+04
 153.3572288,1.1726816e+04
 153.3776633,1.1739972e+04
 153.3980977,1.1728633e+04
 153.4185322,1.1724720e+04
 153.4389667,1.1749785e+04
 153.4594010,1.1734126e+04
 153.4798354,1.1732209e+04
 153.5002700,1.1734934e+04
 153.5207043,1.1741959e+04
 153.5411387,1.1749155e+04
 153.5615733,1.1736351e+04
 153.5820076,1.1742822e+04
 153.6024420,1.1745441e+04
 153.6228765,1.1744034e+04
 153.6433109,1.1740832e+04
 153.6637453,1.1760162e+04
 153.6841798,1.1741635e+04
 153.7046141,1.1755728e+04
 153.7250486,1.1740659e+04
 153.7454831,1.1749737e+04
 153.7659174,1.1753587e+04
 153.7863519,1.1753713e+04
 153.8067864,1.1759744e+04
 153.8272207,1.1758944e+04
 153.8476551,1.1748228e+04
 153.8680896,1.1753347e+04
 153.8885240,1.1755051e+04
 153.9089584,1.1764604e+04
 153.9293929,1.1766796e+04
 153.9498274,1.1757771e+04
 153.9702617,1.1758510e+04
 153.9906961,1.1761056e+04
 154.0111307,1.1763791e+04
 154.0315650,1.1762181e+04
 154.0519994,1.1760506e+04
 154.0724339,1.1757929e+04
 154.0928683,1.1761803e+04
 154.1133027,1.1772696e+04
 154.1337371,1.1764169e+04
 154.1541716,1.1776217e+04
 154.1746060,1.1773921e+04
 154.1950404,1.1775072e+04
 154.2154748,1.1788460e+04
 154.2359093,1.1769688e+04
 154.2563437,1.1769470e+04
 154.2767780,1.1771116e+04
 154.2972125,1.1775042e+04
 154.3176470,1.1777304e+04
 154.3380813,1.1784920e+04
 154.3585157,1.1781165e+04
 154.3789502,1.1781479e+04
 154.3993846,1.1781436e+04
 154.4198190,1.1790512e+04
 154.4402535,1.1791954e+04
 154.4606879,1.1793437e+04
 154.4811223,1.1782761e+04
 154.5015567,1.1778622e+04
 154.5219912,1.1796489e+04
 154.5424255,1.1790086e+04
 154.5628600,1.1795700e+04
 154.5832945,1.1798397e+04
 154.6037288,1.1802247e+04
 154.6241632,1.1792468e+04
 154.6445976,1.1797095e+04
 154.6650321,1.1791888e+04
 154.6854665,1.1796630e+04
 154.7059009,1.1792562e+04
 154.7263354,1.1797677e+04
 154.7467697,1.1801099e+04
 154.7672042,1.1798405e+04
 154.7876386,1.1796821e+04
 154.8080730,1.1793939e+04
 154.8285074,1.1795841e+04
 154.8489417,1.1791467e+04
 154.8693763,1.1801604e+04
 154.8898107,1.1795716e+04
 154.9102451,1.1806177e+04
 154.9306795,1.1808211e+04
 154.9511139,1.1809658e+04
 154.9715484,1.1792612e+04
 154.9919828,1.1815203e+04
 155.0124171,1.1808649e+04
 155.0328516,1.1816399e+04
 155.0532860,1.1804154e+04
 155.0737204,1.1800749e+04
 155.0941549,1.1805309e+04
 155.1145893,1.1816826e+04
 155.1350236,1.1811943e+04
 155.1554580,1.1818087e+04
 155.1758925,1.1812724e+04
 155.1963270,1.1802781e+04
 155.2167613,1.1803231e+04
 155.2371957,1.1807532e+04
 155.2576302,1.1811284e+04
 155.2780645,         null
 155.2984989,1.1833102e+04
 155.3189334,1.1816502e+04
 155.3393678,1.1812445e+04
 155.3598022,1.1810026e+04
 155.3802366,1.1823696e+04
 155.4006710,1.1815138e+04
 155.4211054,1.1810052e+04
 155.4415398,1.1818000e+04
 155.4619743,1.1813823e+04
 155.4824087,1.1807974e+04
 155.5028431,1.1810151e+04
 155.5232774,1.1822874e+04
 155.5437119,1.1819917e+04
 155.5641463,         null
 155.5845806,1.1815461e+04
 155.6050151,1.1818335e+04
 155.6254495,1.1803124e+04
 155.6458839,1.1804180e+04
 155.6663183,1.1812350e+04
 155.6867528,1.1814394e+04
 155.7071872,1.1816846e+04
 155.7276215,1.1805905e+04
 155.7480559,1.1806295e+04
 155.7684904,1.1816288e+04
 155.7889247,1.1810223e+04
 155.8093591,1.1810123e+04
 155.8297936,1.1810942e+04
 155.8502279,1.1817441e+04
 155.8706623,1.1812673e+04
 155.8910968,1.1819130e+04
 155.9115313,1.1809640e+04
 155.9319656,1.1808034e+04
 155.9524000,1.1810812e+04
 155.9728345,1.1812735e+04
 155.9932688,1.1817699e+04
 156.0137032,1.1805953e+04
 156.0341375,1.1817622e+04
 156.0545720,1.1806270e+04
 156.0750064,1.1809700e+04
 156.0954408,1.1802130e+04
 156.1158752,1.1816810e+04
 156.1363096,1.1810445e+04
 156.1567440,1.1810973e+04
 156.1771783,1.1807866e+04
 156.1976129,1.1811722e+04
 156.2180473,1.1808722e+04
 156.2384816,1.1818767e+04
 156.2589160,1.1806768e+04
 156.2793505,1.1800174e+04
 156.2997848,1.1809641e+04
 156.3202192,1.1809105e+04
 156.3406537,1.1799362e+04
 156.3610880,1.1804755e+04
 156.3815224,1.1809638e+04
 156.4019568,1.1803890e+04
 156.4223913,1.1800704e+04
 156.4428256,1.1796966e+04
 156.4632600,1.1799755e+04
 156.4836945,1.1808613e+04
 156.5041288,1.1808879e+04
 156.5245632,1.1805399e+04
 156.5449976,1.1797118e+04
 156.5654320,1.1808864e+04
 156.5858664,1.1795803e+04
 156.6063008,1.1802054e+04
 156.6267352,1.1797267e+04
 156.6471696,1.1802216e+04
 156.6676040,1.1802774e+04
 156.6880384,1.1792257e+04
 156.7084728,1.1786172e+04
 156.7289072,1.1796882e+04
 156.7493416,1.1794176e+04
 156.7697759,1.1800254e+04
 156.7902104,1.1801098e+04
 156.8106448,1.1783007e+04
 156.8310792,1.1786277e+04
 156.8515136,1.1787669e+04
 156.8719480,1.1793749e+04
 156.8923824,1.1796526e+04
 156.9128167,1.1790101e+04
 156.9332512,1.1786104e+04
 156.9536856,1.1793292e+04
 156.9741199,1.1782146e+04
 156.9945544,1.1785886e+04
 157.0149888,1.1800612e+04
 157.0354230,1.1790584e+04
 157.0558574,1.1791236e+04
 157.0762919,1.1785563e+04
 157.0967262,1.1774266e+04
 157.1171606,1.1787976e+04
 157.1375951,1.1785625e+04
 157.1580295,1.1774174e+04
 157.1784638,1.1778328e+04
 157.1988982,1.1784749e+04
 157.2193327,1.1786834e+04
 157.2397670,1.1771669e+04
 157.2602014,1.1794585e+04
 157.2806358,1.1780555e+04
 157.3010702,1.1788796e+04
 157.3215046,1.1783752e+04
 157.3419389,1.1783905e+04
 157.3623733,1.1781011e+04
 157.3828077,1.1775821e+04
 157.4032421,1.1770031e+04
 157.4236764,1.1777513e+04
 157.4441109,1.1767572e+04
 157.4645453,1.1760110e+04
 157.4849796,1.1768896e+04
 157.5054141,1.1769702e+04
 157.5258485,1.1776865e+04
 157.5462828,1.1773414e+04
 157.5667171,1.1773824e+04
 157.5871516,1.1768713e+04
 157.6075859,1.1766413e+04
 157.6280203,1.1752193e+04
 157.6484548,1.1769738e+04
 157.6688892,1.1774198e+04
 157.6893235,1.1775381e+04
 157.7097579,1.1770322e+04
 157.7301923,1.1763475e+04
 157.7506266,1.1760568e+04
 157.7710610,1.1770123e+04
 157.7914955,1.1768524e+04
 157.8119298,1.1760379e+04
 157.8323642,1.1764118e+04
 157.8527986,1.1761289e+04
 157.8732329,1.1762167e+04
 157.8936673,1.1768202e+04
 157.9141017,1.1764786e+04
 157.9345360,1.1764266e+04
 157.9549705,1.1754625e+04
 157.9754049,1.1760236e+04
 157.9958392,1.1757261e+04
 158.0162736,1.1758264e+04
 158.0367080,1.1767474e+04
 158.0571423,1.1761250e+04
 158.0775767,1.1755826e+04
 158.0980112,1.1755627e+04
 158.1184456,1.1755130e+04
 158.1388798,1.1755343e+04
 158.1593143,1.1753873e+04
 158.1797487,1.1749379e+04
 158.2001830,1.1760167e+04
 158.2206174,1.1749491e+04
 158.2410518,1.1754894e+04
 158.2614861,         null
 158.2819205,1.1752344e+04
 158.3023550,1.1745596e+04
 158.3227894,1.1750059e+04
 158.3432237,1.1749442e+04
 158.3636580,1.1754559e+04
 158.3840925,1.1748396e+04
 158.4045269,1.1754198e+04
 158.4249612,1.1749089e+04
 158.4453955,1.1752511e+04
 158.4658300,1.1744301e+04
 158.4862643,1.1758319e+04
 158.5066987,1.1750328e+04
 158.5271332,1.1753333e+04
 158.5475674,1.1750651e+04
 158.5680018,1.1755812e+04
 158.5884362,1.1758812e+04
 158.6088706,1.1759613e+04
 158.6293049,1.1760815e+04
 158.6497393,1.1756934e+04
 158.6701738,1.1751853e+04
 158.6906081,1.1749357e+04
 158.7110425,1.1750423e+04
 158.7314767,1.1762309e+04
 158.7519112,1.1757219e+04
 158.7723456,1.1753365e+04
 158.7927800,1.1760827e+04
 158.8132143,1.1741163e+04
 158.8336487,1.1751839e+04
 158.8540831,1.1746401e+04
 158.8745173,1.1765425e+04
 158.8949518,1.1762266e+04
 158.9153862,1.1765395e+04
 158.9358205,1.1753771e+04
 158.9562549,1.1760177e+04
 158.9766893,1.1748094e+04
 158.9971236,1.1754228e+04
 159.0175580,1.1757407e+04
 159.0379924,1.1756942e+04
 159.0584267,1.1748221e+04
 159.0788611,1.1748578e+04
 159.0992954,1.1753091e+04
 159.1197299,1.1757848e+04
 159.1401642,1.1754920e+04
 159.1605986,1.1759228e+04
 159.1810330,1.1745768e+04
 159.2014673,1.1759966e+04
 159.2219017,1.1748352e+04
 159.2423359,1.1763085e+04
 159.2627704,1.1746789e+04
 159.2832048,1.1755562e+04
 159.3036391,1.1746873e+04
 159.3240735,1.1749079e+04
 159.3445079,1.1744355e+04
 159.3649422,1.1753487e+04
 159.3853765,1.1748189e+04
 159.4058110,1.1744986e+04
 159.4262453,1.1755617e+04
 159.4466796,1.1739512e+04
 159.4671141,1.1747594e+04
 159.4875484,1.1751751e+04
 159.5079827,1.1746292e+04
 159.5284171,1.1744113e+04
 159.5488515,1.1751699e+04
 159.5692858,1.1744476e+04
 159.5897202,1.1737779e+04
 159.6101545,1.1746188e+04
 159.6305890,1.1747369e+04
 159.6510233,1.1750003e+04
 159.6714576,1.1741683e+04
 159.6918921,1.1748243e+04
 159.7123264,1.1745910e+04
 159.7327607,1.1744479e+04
 159.7531951,1.1735882e+04
 159.7736295,1.1750111e+04
 159.7940638,1.1749270e+04
 159.8144982,1.1741919e+04
 159.8349325,1.1739557e+04
 159.8553669,1.1739924e+04
 159.8758013,1.1753284e+04
 159.8962355,1.1737749e+04
 159.9166700,1.1743789e+04
 159.9371044,1.1735498e+04
 159.9575387,1.1745507e+04
 159.9779731,1.1738131e+04
 159.9984074,1.1745205e+04
 160.0188418,1.1739536e+04
 160.0392762,1.1740026e+04
 160.0597105,1.1732610e+04
 160.0801449,1.1731900e+04
 160.1005792,1.1742278e+04
 160.1210135,1.1732120e+04
 160.1414479,1.1738409e+04
 160.1618823,1.1733989e+04
 160.1823166,1.1744045e+04
 160.2027510,1.1734172e+04
 160.2231854,1.1737126e+04
 160.2436196,1.1742938e+04
 160.2640540,1.1734967e+04
 160.2844885,1.1729362e+04
 160.3049227,1.1731457e+04
 160.3253571,1.1738605e+04
 160.3457915,1.1732123e+04
 160.3662259,1.1736811e+04
 160.3866601,1.1721529e+04
 160.4070945,1.1731410e+04
 160.4275289,1.1734318e+04
 160.4479632,1.1745508e+04
 160.4683976,1.1727208e+04
 160.4888320,1.1735793e+04
 160.5092663,1.1728480e+04
 160.5297006,1.1723313e+04
 160.5501350,1.1735934e+04
 160.5705693,1.1729849e+04
 160.5910037,1.1730079e+04
 160.6114380,1.1717402e+04
 160.6318723,1.1722627e+04
 160.6523067,1.1719099e+04
 160.6727411,1.1726631e+04
 160.6931753,1.1716942e+04
 160.7136098,1.1722479e+04
 160.7340441,1.1723857e+04
 160.7544784,1.1714316e+04
 160.7749127,1.1727979e+04
 160.7953472,1.1715438e+04
 160.8157815,1.1725894e+04
 160.8362158,1.1718922e+04
 160.8566502,1.1715068e+04
 160.8770846,1.1723669e+04
 160.8975188,1.1722523e+04
 160.9179532,1.1722460e+04
 160.9383876,1.1713513e+04
 160.9588219,1.1730912e+04
 160.9792562,1.1715575e+04
 160.9996907,1.1722232e+04
 161.0201249,1.1722311e+04
 161.0405593,1.1714039e+04
 161.0609936,1.1696626e+04
 161.0814280,1.1571146e+04
 161.1018623,1.1519126e+04
 161.1222967,1.1525715e+04
 161.1427311,1.1615827e+04
 161.1631654,1.1709694e+04
 161.1835997,1.1710479e+04
 161.2040340,1.1706443e+04
 161.2244684,1.1702107e+04
 161.2449027,         null
 161.2653371,1.1703892e+04
 161.2857713,1.1704429e+04
 161.3062058,1.1694380e+04
 161.3266401,1.1701177e+04
 161.3470744,1.1698081e+04
 161.3675088,1.1703054e+04
 161.3879432,1.1706278e+04
 161.4083774,1.1709311e+04
 161.4288117,1.1699096e+04
 161.4492462,1.1702310e+04
 161.4696804,1.1700158e+04
 161.4901148,1.1699882e+04
 161.5105492,1.1699210e+04
 161.5309835,1.1688892e+04
 161.5514178,1.1695304e+04
 161.5718521,1.1692564e+04
 161.5922866,1.1701053e+04
 161.6127208,1.1698817e+04
 161.6331552,1.1693046e+04
 161.6535896,1.1684129e+04
 161.6740239,1.1695003e+04
 161.6944582,1.1691842e+04
 161.7148925,1.1688878e+04
 161.7353270,1.1684875e+04
 161.7557612,1.1688793e+04
 161.7761955,1.1679063e+04
 161.7966299,1.1689854e+04
 161.8170642,1.1679353e+04
 161.8374986,1.1683446e+04
 161.8579329,1.1691241e+04
 161.8783673,1.1682158e+04
 161.8988016,1.1681034e+04
 161.9192359,1.1679763e+04
 161.9396701,1.1677955e+04
 161.9601046,1.1671688e+04
 161.9805389,1.1678600e+04
 162.0009732,1.1673035e+04
 162.0214076,1.1668991e+04
 162.0418419,1.1673580e+04
 162.0622763,1.1672268e+04
 162.0827105,1.1668577e+04
 162.1031449,1.1672840e+04
 162.1235793,1.1669109e+04
 162.1440135,1.1669868e+04
 162.1644479,1.1670586e+04
 162.1848823,1.1663231e+04
 162.2053165,1.1655919e+04
 162.2257508,1.1661445e+04
 162.2461853,1.1662875e+04
 162.2666195,1.1656817e+04
 162.2870538,1.1659195e+04
 162.3074883,1.1661621e+04
 162.3279226,1.1655754e+04
 162.3483568,1.1655329e+04
 162.3687911,1.1661112e+04
 162.3892256,1.1652531e+04
 162.4096598,1.1660278e+04
 162.4300941,1.1648747e+04
 162.4505284,1.1645454e+04
 162.4709628,1.1643434e+04
 162.4913971,1.1642565e+04
 162.5118309,1.1645590e+04
 162.5322653,1.1639627e+04
 162.5526995,1.1656748e+04
 162.5731338,1.1650431e+04
 162.5935682,1.1650967e+04
 162.6140026,1.1641776e+04
 162.6344368,1.1638909e+04
 162.6548712,1.1630107e+04
 162.6753056,1.1640442e+04
 162.6957398,1.1642064e+04
 162.7161741,1.1646053e+04
 162.7366085,1.1641091e+04
 162.7570428,1.1632741e+04
 162.7774771,1.1627537e+04
 162.7979114,1.1627035e+04
 162.8183458,1.1633468e+04
 162.8387801,1.1635206e+04
 162.8592144,1.1626853e+04
 162.8796486,1.1624837e+04
 162.9000831,1.1627399e+04
 162.9205174,1.1626534e+04
 162.9409516,1.1618858e+04
 162.9613859,1.1616636e+04
 162.9818204,1.1626013e+04
 163.0022546,1.1625938e+04
 163.0226889,1.1627329e+04
 163.0431233,1.1607097e+04
 163.0635577,1.1625106e+04
 163.0839919,1.1617542e+04
 163.1044262,1.1633348e+04
 163.1248606,1.1623917e+04
 163.1452948,1.1619123e+04
 163.1657292,1.1622380e+04
 163.1861636,1.1616664e+04
 163.2065978,1.1614203e+04
 163.2270321,1.1622203e+04
 163.2474665,1.1608041e+04
 163.2679008,1.1612621e+04
 163.2883351,1.1602928e+04
 163.3087694,1.1603097e+04
 163.3292038,1.1606308e+04
 163.3496380,1.1608037e+04
 163.3700724,1.1597933e+04
 163.3905066,1.1602495e+04
 163.4109410,1.1604707e+04
 163.4313753,1.1604548e+04
 163.4518095,1.1595831e+04
 163.4722440,1.1609535e+04
 163.4926783,1.1592278e+04
 163.5131126,1.1598170e+04
 163.5335468,1.1589457e+04
 163.5539812,1.1598887e+04
 163.5744155,1.1593777e+04
 163.5948498,1.1593230e+04
 163.6152841,1.1604829e+04
 163.6357185,1.1587690e+04
 163.6561527,1.1592016e+04
 163.6765870,1.1589966e+04
 163.6970214,1.1592550e+04
 163.7174556,1.1596467e+04
 163.7378900,1.1595544e+04
 163.7583243,1.1606441e+04
 163.7787586,1.1582956e+04
 163.7991929,1.1587485e+04
 163.8196272,1.1581851e+04
 163.8400616,1.1589711e+04
 163.8604958,1.1588263e+04
 163.8809302,1.1591545e+04
 163.9013644,1.1599840e+04
 163.9217988,1.1590812e+04
 163.9422331,1.1584131e+04
 163.9626674,1.1581842e+04
 163.9831017,1.1584238e+04
 164.0035360,1.1581107e+04
 164.0239703,1.1578875e+04
 164.0444045,1.1588991e+04
 164.0648390,1.1574836e+04
 164.0852733,1.1580190e+04
 164.1057076,1.1573129e+04
 164.1261418,1.1581903e+04
 164.1465762,1.1576204e+04
 164.1670104,1.1583785e+04
 164.1874447,1.1579928e+04
 164.2078791,1.1577414e+04
 164.2283134,         null
 164.2487476,1.1581712e+04
 164.2691819,1.1585652e+04
 164.2896162,1.1575373e+04
 164.3100505,1.1566882e+04
 164.3304849,1.1568941e+04
 164.3509193,1.1570471e+04
 164.3713536,1.1571081e+04
 164.3917878,1.1569877e+04
 164.4122221,1.1566234e+04
 164.4326564,1.1567421e+04
 164.4530907,1.1565182e+04
 164.4735250,1.1575042e+04
 164.4939594,1.1560370e+04
 164.5143936,1.1565312e+04
 164.5348279,1.1567370e+04
 164.5552622,1.1570479e+04
 164.5756965,1.1574885e+04
 164.5961308,1.1566699e+04
 164.6165651,1.1564576e+04
 164.6369993,1.1571240e+04
 164.6574337,1.1573319e+04
 164.6778680,1.1563071e+04
 164.6983023,1.1571381e+04
 164.7187366,1.1566252e+04
 164.7391709,1.1571527e+04
 164.7596052,1.1566282e+04
 164.7800394,1.1572004e+04
 164.8004738,1.1577984e+04
 164.8209081,1.1569373e+04
 164.8413423,1.1579733e+04
 164.8617767,1.1561004e+04
 164.8822110,1.1562103e+04
 164.9026452,1.1574519e+04
 164.9230795,1.1564804e+04
 164.9435139,1.1562321e+04
 164.9639481,1.1570173e+04
 164.9843824,1.1569032e+04
