        TIME,  PDCSAP_FLUX
 131.5127595,4.8679277e+04
 131.5331939,4.8667934e+04
 131.5536282,4.8659867e+04
 131.5740624,4.8667609e+04
 131.5944967,4.8654598e+04
 131.6149311,4.8662738e+04
 131.6353652,4.8667984e+04
 131.6557995,4.8657496e+04
 131.6762339,4.8664168e+04
 131.6966682,4.8666414e+04
 131.7171024,4.8656992e+04
 131.7375367,4.8655980e+04
 131.7579711,4.8663520e+04
 131.7784052,4.8671918e+04
 131.7988395,4.8731945e+04
 131.8192739,4.8663277e+04
 131.8397081,4.8658816e+04
 131.8601424,4.8655562e+04
 131.8805767,4.8662379e+04
 131.9010110,4.8670281e+04
 131.9214452,4.8664652e+04
 131.9418795,4.8650781e+04
 131.9623138,4.8667656e+04
 131.9827481,4.8672996e+04
 132.0031824,4.8668754e+04
 132.0236166,4.8666676e+04
 132.0440509,4.8682656e+04
 132.0644852,4.8667336e+04
 132.0849194,4.8680219e+04
 132.1053537,4.8669137e+04
 132.1257881,4.8654031e+04
 132.1462223,4.8663051e+04
 132.1666566,4.8675539e+04
 132.1870909,4.8661836e+04
 132.2075252,4.8667793e+04
 132.2279594,4.8646539e+04
 132.2483937,4.8658090e+04
 132.2688281,4.8669594e+04
 132.2892623,4.8670336e+04
 132.3096965,4.8659773e+04
 132.3301309,4.8662641e+04
 132.3505651,4.8664555e+04
 132.3709994,4.8658344e+04
 132.3914337,4.8662211e+04
 132.4118679,4.8653340e+04
 132.4323022,4.8663629e+04
 132.4527365,4.8657930e+04
 132.4731709,4.8653426e+04
 132.4936051,4.8673344e+04
 132.5140394,4.8661836e+04
 132.5344735,4.8646523e+04
 132.5549079,4.8668688e+04
 132.5753422,4.8666473e+04
 132.5957764,4.8650320e+04
 132.6162108,4.8670008e+04
 132.6366450,4.8675156e+04
 132.6570793,4.8672551e+04
 132.6775135,4.8655820e+04
 132.6979479,4.8652723e+04
 132.7183822,4.8663258e+04
 132.7388163,4.8657195e+04
 132.7592507,4.8658938e+04
 132.7796850,4.8663832e+04
 132.8001192,4.8654090e+04
 132.8205535,4.8654246e+04
 132.8409878,4.8651383e+04
 132.8614220,4.8670430e+04
 132.8818563,4.8650273e+04
 132.9022907,4.8665883e+04
 132.9227249,4.8661094e+04
 132.9431591,4.8661840e+04
 132.9635934,4.8653750e+04
 132.9840278,4.8657363e+04
 133.0044620,4.8656133e+04
 133.0248963,4.8660469e+04
 133.0453305,4.8667363e+04
 133.0657648,4.8653273e+04
 133.0861991,4.8659980e+04
 133.1066334,4.8662379e+04
 133.1270677,4.8663199e+04
 133.1475019,4.8663922e+04
 133.1679362,4.8663656e+04
 133.1883705,4.8660641e+04
 133.2088049,4.8665801e+04
 133.2292390,4.8658148e+04
 133.2496733,4.8667715e+04
 133.2701076,4.8666945e+04
 133.2905419,4.8648773e+04
 133.3109761,4.8662797e+04
 133.3314103,4.8661730e+04
 133.3518447,4.8648227e+04
 133.3722790,4.8652934e+04
 133.3927133,4.8672383e+04
 133.4131475,4.8657805e+04
 133.4335818,4.8651965e+04
 133.4540161,4.8667980e+04
 133.4744503,4.8656016e+04
 133.4948846,4.8653980e+04
 133.5153189,4.8661875e+04
 133.5357531,4.8651227e+04
 133.5561875,4.8661512e+04
 133.5766217,4.8661430e+04
 133.5970559,4.8662848e+04
 133.6174902,4.8644328e+04
 133.6379246,4.8649441e+04
 133.6583588,4.8664980e+04
 133.6787930,4.8678758e+04
 133.6992274,4.8642977e+04
 133.7196617,4.8666785e+04
 133.7400958,4.8663246e+04
 133.7605301,4.8668969e+04
 133.7809645,4.8660836e+04
 133.8013987,4.8664992e+04
 133.8218329,4.8643512e+04
 133.8422672,4.8648391e+04
 133.8627015,4.8655285e+04
 133.8831358,4.8669234e+04
 133.9035700,4.8669766e+04
 133.9240043,4.8671992e+04
 133.9444386,4.8656266e+04
 133.9648729,4.8657785e+04
 133.9853070,4.8662520e+04
 134.0057414,4.8654750e+04
 134.0261757,4.8651387e+04
 134.0466098,4.8654527e+04
 134.0670442,4.8661223e+04
 134.0874785,4.8661016e+04
 134.1079127,4.8659086e+04
 134.1283469,4.8663117e+04
 134.1487813,4.8663102e+04
 134.1692156,4.8670008e+04
 134.1896497,4.8672332e+04
 134.2100841,4.8663629e+04
 134.2305184,4.8664504e+04
 134.2509526,4.8665758e+04
 134.2713868,4.8662047e+04
 134.2918212,4.8667289e+04
 134.3122554,4.8669520e+04
 134.3326896,4.8660602e+04
 134.3531240,4.8660395e+04
 134.3735582,4.8654340e+04
 134.3939925,         null
 134.4144267,4.8670164e+04
 134.4348610,4.8668680e+04
 134.4552953,4.8667059e+04
 134.4757295,4.8677234e+04
 134.4961639,4.8668527e+04
 134.5165981,4.8656199e+04
 134.5370324,4.8664957e+04
 134.5574665,4.8659180e+04
 134.5779009,4.8660145e+04
 134.5983352,4.8640352e+04
 134.6187693,4.8677086e+04
 134.6392036,4.8659594e+04
 134.6596380,4.8656047e+04
 134.6800722,4.8661590e+04
 134.7005065,4.8656703e+04
 134.7209408,4.8674383e+04
 134.7413750,4.8675473e+04
 134.7618092,4.8658816e+04
 134.7822435,4.8668016e+04
 134.8026778,4.8668418e+04
 134.8231121,4.8659016e+04
 134.8435463,4.8664816e+04
 134.8639807,4.8667191e+04
 134.8844149,4.8670141e+04
 134.9048492,4.8658105e+04
 134.9252834,4.8664801e+04
 134.9457177,4.8676949e+04
 134.9661520,4.8667742e+04
 134.9865862,4.8670086e+04
 135.0070205,4.8667531e+04
 135.0274548,4.8663012e+04
 135.0478890,4.8663277e+04
 135.0683232,4.8677887e+04
 135.0887576,4.8664895e+04
 135.1091918,4.8655848e+04
 135.1296260,4.8668746e+04
 135.1500604,4.8661996e+04
 135.1704947,4.8659125e+04
 135.1909288,4.8663480e+04
 135.2113631,4.8670414e+04
 135.2317974,4.8668453e+04
 135.2522316,4.8666316e+04
 135.2726659,4.8671109e+04
 135.2931000,4.8670348e+04
 135.3135344,4.8659016e+04
 135.3339687,4.8664316e+04
 135.3544028,4.8665219e+04
 135.3748372,4.8668441e+04
 135.3952715,4.8653617e+04
 135.4157057,4.8657125e+04
 135.4361399,4.8662629e+04
 135.4565743,4.8663266e+04
 135.4770085,4.8662230e+04
 135.4974427,4.8666812e+04
 135.5178771,4.8673098e+04
 135.5383113,4.8669234e+04
 135.5587455,4.8673398e+04
 135.5791797,4.8676254e+04
 135.5996141,4.8676750e+04
 135.6200483,4.8658250e+04
 135.6404825,4.8669555e+04
 135.6609169,4.8657605e+04
 135.6813512,4.8670051e+04
 135.7017853,4.8664742e+04
 135.7222196,4.8666852e+04
 135.7426539,4.8656754e+04
 135.7630881,4.8669809e+04
 135.7835224,4.8680191e+04
 135.8039567,4.8665715e+04
 135.8243909,4.8661984e+04
 135.8448252,4.8674312e+04
 135.8652594,4.8671430e+04
 135.8856937,4.8674000e+04
 135.9061279,4.8664578e+04
 135.9265622,4.8679191e+04
 135.9469964,4.8667453e+04
 135.9674307,4.8651195e+04
 135.9878650,4.8673891e+04
 136.0082991,4.8665586e+04
 136.0287335,4.8675145e+04
 136.0491678,4.8676562e+04
 136.0696019,4.8673168e+04
 136.0900362,4.8664887e+04
 136.1104705,4.8682043e+04
 136.1309048,4.8671543e+04
 136.1513390,4.8664934e+04
 136.1717733,4.8690207e+04
 136.1922076,4.8667043e+04
 136.2126417,4.8683938e+04
 136.2330760,4.8682766e+04
 136.2535104,4.8666887e+04
 136.2739445,4.8685285e+04
 136.2943788,4.8676348e+04
 136.3148131,4.8678086e+04
 136.3352473,4.8671434e+04
 136.3556816,4.8668227e+04
 136.3761158,4.8667414e+04
 136.3965501,4.8676523e+04
 136.4169843,4.8660430e+04
 136.4374186,4.8678703e+04
 136.4578529,4.8665945e+04
 136.4782871,4.8682867e+04
 136.4987214,4.8674980e+04
 136.5191556,4.8675809e+04
 136.5395899,4.8675605e+04
 136.5600241,4.8679285e+04
 136.5804584,4.8673348e+04
 136.6008927,4.8665301e+04
 136.6213269,4.8665320e+04
 136.6417612,4.8654469e+04
 136.6621954,4.8656668e+04
 136.6826297,4.8674953e+04
 136.7030639,4.8657031e+04
 136.7234982,4.8671359e+04
 136.7439323,4.8676594e+04
 136.7643667,4.8671406e+04
 136.7848010,4.8675258e+04
 136.8052351,4.8698379e+04
 136.8256695,4.8660145e+04
 136.8461037,4.8676742e+04
 136.8665380,4.8691320e+04
 136.8869721,4.8670180e+04
 136.9074065,4.8673109e+04
 136.9278407,4.8676117e+04
 136.9482749,4.8674250e+04
 136.9687093,4.8682383e+04
 136.9891435,4.8683512e+04
 137.0095777,4.8671184e+04
 137.0300119,4.8660891e+04
 137.0504463,4.8671898e+04
 137.0708804,4.8670422e+04
 137.0913147,4.8663004e+04
 137.1117490,4.8676855e+04
 137.1321832,4.8674500e+04
 137.1526174,4.8683109e+04
 137.1730517,4.8672941e+04
 137.1934860,4.8679461e+04
 137.2139202,4.8662871e+04
 137.2343545,4.8671984e+04
 137.2547886,4.8689973e+04
 137.2752230,4.8687430e+04
 137.2956572,4.8684676e+04
 137.3160914,4.8673605e+04
 137.3365257,4.8671539e+04
 137.3569600,4.8669215e+04
 137.3773942,         null
 137.3978284,4.8675516e+04
 137.4182627,4.8679688e+04
 137.4386970,4.8676855e+04
 137.4591311,4.8686551e+04
 137.4795655,4.8674965e+04
 137.4999997,4.8679117e+04
 137.5204339,4.8672457e+04
 137.5408681,4.8670238e+04
 137.5613025,4.8691758e+04
 137.5817366,4.8684453e+04
 137.6021709,4.8690191e+04
 137.6226052,4.8675711e+04
 137.6430395,4.8689199e+04
 137.6634736,4.8687305e+04
 137.6839079,4.8671535e+04
 137.7043422,4.8684844e+04
 137.7247764,4.8677016e+04
 137.7452106,4.8668969e+04
 137.7656450,4.8678887e+04
 137.7860791,4.8682578e+04
 137.8065134,4.8686797e+04
 137.8269475,4.8668195e+04
 137.8473819,4.8681402e+04
 137.8678161,4.8688273e+04
 137.8882504,4.8674664e+04
 137.9086845,4.8701613e+04
 137.9291189,4.8670633e+04
 137.9495531,4.8682223e+04
 137.9699873,4.8686156e+04
 137.9904216,4.8692816e+04
 138.0108559,4.8696250e+04
 138.0312900,4.8682863e+04
 138.0517243,4.8690711e+04
 138.0721586,4.8694203e+04
 138.0925929,4.8696281e+04
 138.1130270,4.8682023e+04
 138.1334613,4.8689320e+04
 138.1538956,4.8681461e+04
 138.1743297,4.8689461e+04
 138.1947640,4.8690664e+04
 138.2151983,4.8675070e+04
 138.2356326,4.8688953e+04
 138.2560667,4.8686250e+04
 138.2765011,4.8685020e+04
 138.2969353,4.8689359e+04
 138.3173695,4.8695910e+04
 138.3378037,4.8681504e+04
 138.3582381,4.8682281e+04
 138.3786723,4.8684926e+04
 138.3991064,4.8698074e+04
 138.4195408,4.8680895e+04
 138.4399750,4.8686242e+04
 138.4604092,4.8680934e+04
 138.4808434,4.8678906e+04
 138.5012778,4.8684641e+04
 138.5217119,4.8681191e+04
 138.5421462,4.8686082e+04
 138.5625804,4.8687082e+04
 138.5830146,4.8688281e+04
 138.6034489,4.8693152e+04
 138.6238831,4.8683668e+04
 138.6443174,4.8681652e+04
 138.6647516,4.8685914e+04
 138.6851859,4.8682336e+04
 138.7056200,4.8693711e+04
 138.7260543,4.8696297e+04
 138.7464886,4.8706566e+04
 138.7669227,4.8681426e+04
 138.7873571,4.8697547e+04
 138.8077913,4.8695613e+04
 138.8282255,4.8690949e+04
 138.8486597,4.8686641e+04
 138.8690940,4.8698234e+04
 138.8895283,4.8685023e+04
 138.9099624,4.8690641e+04
 138.9303968,4.8702969e+04
 138.9508310,4.8683906e+04
 138.9712652,4.8683715e+04
 138.9916994,4.8689863e+04
 139.0121337,4.8706488e+04
 139.0325679,4.8705695e+04
 139.0530021,4.8675070e+04
 139.0734365,4.8677809e+04
 139.0938706,4.8689391e+04
 139.1143048,4.8689625e+04
 139.1347391,4.8689445e+04
 139.1551733,4.8694977e+04
 139.1756076,4.8694293e+04
 139.1960418,4.8690051e+04
 139.2164759,4.8693199e+04
 139.2369103,4.8679688e+04
 139.2573445,4.8689902e+04
 139.2777787,4.8701641e+04
 139.2982130,4.8685398e+04
 139.3186472,4.8691301e+04
 139.3390815,4.8688074e+04
 139.3595156,4.8686191e+04
 139.3799500,4.8688809e+04
 139.4003842,4.8689754e+04
 139.4208183,4.8679035e+04
 139.4412527,4.8681098e+04
 139.4616869,4.8674375e+04
 139.4821210,4.8701562e+04
 139.5025553,4.8702227e+04
 139.5229896,4.8678430e+04
 139.5434238,4.8697055e+04
 139.5638580,4.8688117e+04
 139.5842923,4.8688707e+04
 139.6047265,4.8694086e+04
 139.6251607,4.8695074e+04
 139.6455949,4.8699441e+04
 139.6660293,4.8697973e+04
 139.6864634,4.8685727e+04
 139.7068976,4.8688035e+04
 139.7273319,4.8701527e+04
 139.7477661,4.8685609e+04
 139.7682004,4.8690832e+04
 139.7886346,4.8687863e+04
 139.8090688,4.8687789e+04
 139.8295031,4.8681012e+04
 139.8499373,4.8688707e+04
 139.8703715,4.8693824e+04
 139.8908058,4.8688336e+04
 139.9112400,4.8679629e+04
 139.9316742,4.8689133e+04
 139.9521086,4.8695398e+04
 139.9725427,4.8675410e+04
 139.9929769,4.8687047e+04
 140.0134111,4.8688180e+04
 140.0338454,4.8685887e+04
 140.0542796,4.8688168e+04
 140.0747139,4.8684410e+04
 140.0951481,4.8684570e+04
 140.1155823,4.8688363e+04
 140.1360166,4.8683332e+04
 140.1564507,4.8688301e+04
 140.1768850,4.8688168e+04
 140.1973193,4.8701203e+04
 140.2177534,4.8683941e+04
 140.2381877,4.8685477e+04
 140.2586220,4.8688387e+04
 140.2790561,4.8682691e+04
 140.2994903,4.8700258e+04
 140.3199247,4.8699551e+04
 140.3403588,4.8701133e+04
 140.3607930,         null
 140.3812273,4.8694613e+04
 140.4016616,4.8678559e+04
 140.4220957,4.8681199e+04
 140.4425300,4.8697926e+04
 140.4629643,4.8691262e+04
 140.4833984,4.8688242e+04
 140.5038327,4.8696402e+04
 140.5242668,4.8690797e+04
 140.5447011,4.8691375e+04
 140.5651353,4.8693078e+04
 140.5855696,4.8675137e+04
 140.6060038,4.8680711e+04
 140.6264380,4.8673129e+04
 140.6468723,4.8664848e+04
 140.6673064,4.8689238e+04
 140.6877407,4.8666457e+04
 140.7081750,4.8694367e+04
 140.7286091,4.8679875e+04
 140.7490434,4.8690152e+04
 140.7694776,4.8682863e+04
 140.7899118,4.8684449e+04
 140.8103460,4.8694914e+04
 140.8307803,4.8678586e+04
 140.8512146,4.8692559e+04
 140.8716487,4.8676906e+04
 140.8920829,4.8694578e+04
 140.9125172,4.8687172e+04
 140.9329514,4.8689562e+04
 140.9533856,4.8675441e+04
 140.9738199,4.8688562e+04
 140.9942540,4.8677449e+04
 141.0146883,4.8690047e+04
 141.0351225,4.8686984e+04
 141.0555567,4.8674207e+04
 141.0759910,4.8693406e+04
 141.0964252,4.8694746e+04
 141.1168594,4.8686758e+04
 141.1372936,4.8679562e+04
 141.1577279,4.8667996e+04
 141.1781620,4.8683965e+04
 141.1985963,4.8672027e+04
 141.2190305,4.8684734e+04
 141.2394647,4.8690105e+04
 141.2598990,4.8687102e+04
 141.2803332,4.8681598e+04
 141.3007673,4.8686938e+04
 141.3212016,4.8673660e+04
 141.3416359,4.8696094e+04
 141.3620701,4.8686230e+04
 141.3825042,4.8683801e+04
 141.4029385,4.8667035e+04
 141.4233728,4.8688598e+04
 141.4438070,4.8677035e+04
 141.4642411,4.8692168e+04
 141.4846755,4.8687742e+04
 141.5051097,4.8692730e+04
 141.5255438,4.8680988e+04
 141.5459780,4.8684230e+04
 141.5664123,4.8666453e+04
 141.5868466,4.8676723e+04
 141.6072807,4.8678004e+04
 141.6277150,4.8678965e+04
 141.6481492,4.8684055e+04
 141.6685834,4.8687277e+04
 141.6890176,4.8683367e+04
 141.7094519,4.8681816e+04
 141.7298860,4.8682047e+04
 141.7503203,4.8682711e+04
 141.7707546,4.8687000e+04
 141.7911887,4.8688309e+04
 141.8116229,4.8682254e+04
 141.8320571,4.8685625e+04
 141.8524914,4.8677379e+04
 141.8729256,4.8674781e+04
 141.8933598,4.8656137e+04
 141.9137941,4.8672453e+04
 141.9342282,4.8673371e+04
 141.9546625,4.8684883e+04
 141.9750966,4.8673285e+04
 141.9955309,4.8677199e+04
 142.0159651,4.8691438e+04
 142.0363992,4.8675746e+04
 142.0568335,4.8675047e+04
 142.0772678,4.8673586e+04
 142.0977020,4.8666871e+04
 142.1181361,4.8680691e+04
 142.1385704,4.8681973e+04
 142.1590047,4.8676414e+04
 142.1794388,4.8670367e+04
 142.1998730,4.8658508e+04
 142.2203073,4.8673930e+04
 142.2407414,4.8686855e+04
 142.2611757,4.8690504e+04
 142.2816100,4.8688395e+04
 142.3020441,4.8665246e+04
 142.3224783,4.8658355e+04
 142.3429125,4.8654617e+04
 142.3633468,4.8648754e+04
 142.3837810,4.8666609e+04
 142.4042152,4.8681172e+04
 142.4246495,4.8684523e+04
 142.4450836,4.8679109e+04
 142.4655178,4.8669141e+04
 142.4859519,4.8683047e+04
 142.5063863,4.8673570e+04
 142.5268205,4.8678078e+04
 142.5472547,4.8674746e+04
 142.5676888,4.8679242e+04
 142.5881231,4.8687445e+04
 142.6085573,4.8671371e+04
 142.6289915,4.8680328e+04
 142.6494258,4.8670762e+04
 142.6698600,4.8676727e+04
 142.6902941,4.8683082e+04
 142.7107283,4.8661379e+04
 142.7311626,4.8682176e+04
 142.7515967,4.8672809e+04
 142.7720310,4.8669383e+04
 142.7924653,4.8667285e+04
 142.8128994,4.8678734e+04
 142.8333336,4.8675289e+04
 142.8537678,4.8671621e+04
 142.8742021,4.8678539e+04
 142.8946362,4.8672426e+04
 142.9150705,4.8674520e+04
 142.9355048,4.8683973e+04
 142.9559389,4.8674691e+04
 142.9763731,4.8689090e+04
 142.9968072,4.8683906e+04
 143.0172415,4.8681523e+04
 143.0376757,4.8671859e+04
 143.0581099,4.8672977e+04
 143.0785442,4.8674301e+04
 143.0989784,4.8675535e+04
 143.1194126,4.8687973e+04
 143.1398468,4.8667695e+04
 143.1602810,4.8674094e+04
 143.1807152,4.8668508e+04
 143.2011493,4.8679176e+04
 143.2215835,4.8680234e+04
 143.2420178,4.8671238e+04
 143.2624521,4.8665766e+04
 143.2828863,4.8670047e+04
 143.3033205,4.8671031e+04
 143.3237547,4.8671246e+04
 143.3441889,         null
 143.3646230,4.8683012e+04
 143.3850573,4.8668199e+04
 143.4054915,4.8678605e+04
 143.4259256,4.8699770e+04
 143.4463599,4.8664422e+04
 143.4667942,4.8683168e+04
 143.4872283,4.8682938e+04
 143.5076625,4.8684109e+04
 143.5280968,4.8673012e+04
 143.5485310,4.8670977e+04
 143.5689651,4.8675816e+04
 143.5893994,4.8676457e+04
 143.6098336,4.8669996e+04
 143.6302677,4.8664023e+04
 143.6507019,4.8670199e+04
 143.6711362,4.8669152e+04
 143.6915703,4.8684344e+04
 143.7120046,4.8680496e+04
 143.7324388,4.8667723e+04
 143.7528730,4.8678812e+04
 143.7733072,4.8674500e+04
 143.7937414,4.8666504e+04
 143.8141756,4.8682973e+04
 143.8346098,4.8654520e+04
 143.8550440,4.8669418e+04
 143.8754781,4.8675895e+04
 143.8959124,4.8667621e+04
 143.9163466,4.8672414e+04
 143.9367807,4.8670191e+04
 143.9572150,4.8689789e+04
 143.9776492,4.8673234e+04
 143.9980833,4.8661398e+04
 144.0185175,4.8668457e+04
 144.0389519,4.8662570e+04
 144.0593861,4.8660777e+04
 144.0798202,4.8671766e+04
 144.1002545,4.8676125e+04
 144.1206887,4.8669688e+04
 144.1411228,4.8673516e+04
 144.1615570,4.8666539e+04
 144.1819913,4.8689145e+04
 144.2024254,4.8662895e+04
 144.2228596,4.8672961e+04
 144.2432939,4.8677758e+04
 144.2637280,4.8668191e+04
 144.2841622,4.8682434e+04
 144.3045964,4.8662254e+04
 144.3250306,4.8679453e+04
 144.3454648,4.8682004e+04
 144.3658990,4.8679797e+04
 144.3863331,4.8658426e+04
 144.4067674,4.8668398e+04
 144.4272016,4.8652543e+04
 144.4476357,4.8630961e+04
 144.4680700,4.8619676e+04
 144.4885042,4.8636906e+04
 144.5089383,4.8632477e+04
 144.5293725,4.8640312e+04
 144.5498068,4.8663637e+04
 144.5702410,4.8655441e+04
 144.5906751,4.8673945e+04
 144.6111094,4.8669723e+04
 144.6315436,4.8671863e+04
 144.6519777,4.8671195e+04
 144.6724119,4.8669430e+04
 144.6928462,4.8682402e+04
 144.7132803,4.8659691e+04
 144.7337145,4.8664125e+04
 144.7541488,4.8670082e+04
 144.7745829,4.8673965e+04
 144.7950171,4.8671918e+04
 144.8154513,4.8683562e+04
 144.8358856,4.8676027e+04
 144.8563197,4.8684660e+04
 144.8767539,4.8680262e+04
 144.8971881,4.8671941e+04
 144.9176223,4.8681695e+04
 144.9380565,4.8686988e+04
 144.9584907,4.8667371e+04
 144.9789250,4.8658957e+04
 144.9993591,4.8670836e+04
 145.0197933,4.8688938e+04
 145.0402275,4.8662961e+04
 145.0606617,4.8668156e+04
 145.0810959,4.8671594e+04
 145.1015301,4.8667246e+04
 145.1219644,4.8663789e+04
 145.1423985,4.8676270e+04
 145.1628327,4.8667930e+04
 145.1832668,4.8670242e+04
 145.2037011,4.8654797e+04
 145.2241353,4.8672766e+04
 145.2445694,4.8679574e+04
 145.2650037,4.8692621e+04
 145.2854379,4.8662270e+04
 145.3058721,4.8668332e+04
 145.3263061,4.8672078e+04
 145.3467404,4.8658148e+04
 145.3671746,4.8663270e+04
 145.3876087,4.8668906e+04
 145.4080430,4.8668250e+04
 145.4284772,4.8674590e+04
 145.4489113,4.8681832e+04
 145.4693455,4.8669324e+04
 145.4897798,4.8669309e+04
 145.5102139,4.8669105e+04
 145.5306481,4.8671637e+04
 145.5510823,4.8670500e+04
 145.5715166,4.8682547e+04
 145.5919507,4.8666605e+04
 145.6123849,4.8678012e+04
 145.6328192,4.8674375e+04
 145.6532532,4.8667055e+04
 145.6736874,4.8676504e+04
 145.6941215,4.8657637e+04
 145.7145558,4.8670621e+04
 145.7349900,4.8673203e+04
 145.7554242,4.8673527e+04
 145.7758584,4.8668246e+04
 145.7962926,4.8686969e+04
 145.8167268,4.8668758e+04
 145.8371609,4.8677980e+04
 145.8575952,4.8666777e+04
 145.8780294,4.8672426e+04
 145.8984634,4.8673523e+04
 145.9188977,4.8665594e+04
 145.9393319,4.8648699e+04
 145.9597660,4.8669742e+04
 145.9802002,4.8676012e+04
 146.0006345,4.8677820e+04
 146.0210687,4.8673016e+04
 146.0415028,4.8661336e+04
 146.0619371,4.8669863e+04
 146.0823713,4.8664504e+04
 146.1028053,4.8662387e+04
 146.1232395,4.8661648e+04
 146.1436738,4.8669285e+04
 146.1641079,4.8679590e+04
 146.1845421,4.8668055e+04
 146.2049763,4.8661098e+04
 146.2254105,4.8671535e+04
 146.2458447,4.8676879e+04
 146.2662788,4.8660750e+04
 146.2867130,4.8671672e+04
 146.3071472,4.8668180e+04
 146.3275814,         null
 146.3480155,4.8671688e+04
 146.3684498,4.8675293e+04
 146.3888840,4.8669859e+04
 146.4093181,4.8670375e+04
 146.4297523,4.8674969e+04
 146.4501865,4.8673055e+04
 146.4706206,4.8667660e+04
 146.4910549,4.8665367e+04
 146.5114891,4.8673883e+04
 146.5319233,4.8668824e+04
 146.5523574,4.8665953e+04
 146.5727916,4.8681738e+04
 146.5932258,4.8668367e+04
 146.6136600,4.8676027e+04
 146.6340941,4.8679227e+04
 146.6545284,4.8667246e+04
 146.6749626,4.8671941e+04
 146.6953966,4.8667586e+04
 146.7158309,4.8676523e+04
 146.7362651,4.8674309e+04
 146.7566993,4.8666492e+04
 146.7771334,4.8675910e+04
 146.7975677,4.8662688e+04
 146.8180018,4.8662516e+04
 146.8384359,4.8678473e+04
 146.8588701,4.8671906e+04
 146.8793044,4.8675020e+04
 146.8997385,4.8685176e+04
 146.9201727,4.8671176e+04
 146.9406069,4.8666520e+04
 146.9610410,4.8684828e+04
 146.9814752,4.8669070e+04
 147.0019094,4.8680840e+04
 147.0223436,4.8667930e+04
 147.0427778,4.8661797e+04
 147.0632119,4.8662738e+04
 147.0836462,4.8671258e+04
 147.1040803,4.8661355e+04
 147.1245145,4.8669266e+04
 147.1449486,4.8663484e+04
 147.1653828,4.8669672e+04
 147.1858170,4.8666414e+04
 147.2062511,4.8670055e+04
 147.2266854,4.8671164e+04
 147.2471196,4.8677113e+04
 147.2675537,4.8668500e+04
 147.2879878,4.8676988e+04
 147.3084221,4.8672258e+04
 147.3288563,4.8667414e+04
 147.3492904,4.8660969e+04
 147.3697245,4.8677539e+04
 147.3901588,4.8667375e+04
 147.4105929,4.8668910e+04
 147.4310271,4.8673191e+04
 147.4514613,4.8675770e+04
 147.4718954,4.8667895e+04
 147.4923296,4.8673375e+04
 147.5127638,4.8675473e+04
 147.5331981,4.8663199e+04
 147.5536321,4.8683148e+04
 147.5740663,4.8683215e+04
 147.5945006,4.8673023e+04
 147.6149347,4.8680133e+04
 147.6353688,4.8677824e+04
 147.6558029,4.8677258e+04
 147.6762372,4.8672957e+04
 147.6966714,4.8658582e+04
 147.7171054,4.8665453e+04
 147.7375397,4.8662023e+04
 147.7579739,4.8666238e+04
 147.7784081,4.8669344e+04
 147.7988422,4.8678133e+04
 147.8192764,4.8670590e+04
 147.8397106,4.8666414e+04
 147.8601447,4.8672734e+04
 147.8805789,4.8670520e+04
 147.9010131,         null
 147.9214472,4.8669121e+04
 147.9418814,4.8674859e+04
 147.9623156,4.8692664e+04
 147.9827497,4.8677168e+04
 148.0031839,4.8682500e+04
 148.0236181,4.8661840e+04
 148.0440523,4.8645438e+04
 148.0644864,4.8654910e+04
 148.0849206,4.8656156e+04
 148.1053549,4.8660000e+04
 148.1257889,4.8675309e+04
 148.1462231,4.8671223e+04
 148.1666573,4.8683977e+04
 148.1870915,4.8677035e+04
 148.2075256,4.8669023e+04
 148.2279598,4.8671680e+04
 148.2483941,4.8674152e+04
 148.2688281,4.8679398e+04
 148.2892623,4.8670633e+04
 148.3096965,4.8672172e+04
 148.3301307,4.8682016e+04
 148.3505648,4.8676516e+04
 148.3709990,4.8661738e+04
 148.3914331,4.8676930e+04
 148.4118673,4.8663152e+04
 148.4323015,4.8679508e+04
 148.4527357,4.8668172e+04
 148.4731698,4.8679629e+04
 148.4936040,4.8678789e+04
 148.5140382,4.8676617e+04
 148.5344723,4.8668527e+04
 148.5549065,4.8683727e+04
 148.5753407,4.8669332e+04
 148.5957748,4.8663152e+04
 148.6162090,4.8663777e+04
 148.6366432,4.8675203e+04
 148.6570773,4.8676410e+04
 148.6775114,4.8673430e+04
 148.6979457,4.8680879e+04
 148.7183798,4.8655820e+04
 148.7388139,4.8677992e+04
 148.7592482,4.8671070e+04
 148.7796824,4.8679816e+04
 148.8001164,4.8681477e+04
 148.8205506,4.8660352e+04
 148.8409849,4.8668086e+04
 148.8614189,4.8671164e+04
 148.8818531,4.8678918e+04
 148.9022874,4.8664254e+04
 148.9227214,4.8662914e+04
 148.9431556,4.8674422e+04
 148.9635898,4.8651023e+04
 148.9840239,4.8680613e+04
 149.0044581,4.8684359e+04
 149.0248923,4.8673270e+04
 149.0453263,4.8678125e+04
 149.0657606,4.8664305e+04
 149.0861948,4.8679043e+04
 149.1066288,4.8665180e+04
 149.1270631,4.8676031e+04
 149.1474973,4.8667504e+04
 149.1679313,4.8684852e+04
 149.1883655,4.8675254e+04
 149.2087997,4.8672324e+04
 149.2292339,4.8660141e+04
 149.2496680,4.8682324e+04
 149.2701022,4.8683820e+04
 149.2905364,4.8665680e+04
 149.3109705,         null
 149.3314046,4.8671301e+04
 149.3518389,4.8674289e+04
 149.3722729,4.8665238e+04
 149.3927071,4.8665020e+04
 149.4131414,4.8669684e+04
 149.4335754,4.8677273e+04
 149.4540096,4.8674113e+04
 149.4744438,4.8673074e+04
 149.4948779,4.8670570e+04
 149.5153121,4.8664691e+04
 149.5357462,4.8666469e+04
 149.5561805,4.8678070e+04
 149.5766146,4.8667309e+04
 149.5970487,4.8676660e+04
 149.6174828,4.8667570e+04
 149.6379170,4.8670348e+04
 149.6583512,4.8664551e+04
 149.6787853,4.8677859e+04
 149.6992194,4.8677473e+04
 149.7196537,4.8668086e+04
 149.7400878,4.8657441e+04
 149.7605219,4.8669199e+04
 149.7809562,4.8673363e+04
 149.8013903,4.8665492e+04
 149.8218244,4.8667707e+04
 149.8422585,4.8671945e+04
 149.8626928,4.8669855e+04
 149.8831269,4.8677680e+04
 149.9035610,4.8676875e+04
 149.9239953,4.8675004e+04
 149.9444294,4.8670082e+04
 149.9648636,4.8667285e+04
 149.9852976,4.8675426e+04
 150.0057319,4.8684887e+04
 150.0261661,4.8673680e+04
 150.0466001,4.8673797e+04
 150.0670344,4.8679035e+04
 150.0874685,4.8659227e+04
 150.1079026,4.8656859e+04
 150.1283367,4.8672188e+04
 150.1487710,4.8672332e+04
 150.1692050,4.8670250e+04
 150.1896392,4.8676375e+04
 150.2100735,4.8677984e+04
 150.2305075,4.8669305e+04
 150.2509417,4.8661883e+04
 150.2713758,4.8655512e+04
 150.2918101,4.8655605e+04
 150.3122441,4.8642824e+04
 150.3326783,4.8631152e+04
 150.3531123,4.8638027e+04
 150.3735466,4.8632227e+04
 150.3939807,4.8643867e+04
 150.4144148,4.8649277e+04
 150.4348491,4.8630785e+04
 150.4552832,4.8628098e+04
 150.4757174,4.8645648e+04
 150.4961514,4.8642344e+04
 150.5165857,4.8649262e+04
 150.5370198,4.8645352e+04
 150.5574539,4.8668004e+04
 150.5778881,4.8660016e+04
 150.5983223,4.8663520e+04
 150.6187563,4.8673629e+04
 150.6391905,4.8680246e+04
 150.6596247,4.8676906e+04
 150.6800588,4.8672117e+04
 150.7004929,4.8674492e+04
 150.7209272,4.8664535e+04
 150.7413613,4.8659012e+04
 150.7617954,4.8675789e+04
 150.7822295,4.8668160e+04
 150.8026638,4.8670922e+04
 150.8230978,4.8673082e+04
 150.8435320,4.8664480e+04
 150.8639662,4.8670027e+04
 150.8844003,4.8676078e+04
 150.9048344,4.8692387e+04
 150.9252686,4.8663047e+04
 150.9457027,4.8671016e+04
 150.9661369,4.8665410e+04
 150.9865710,4.8676750e+04
 151.0070051,4.8666152e+04
 151.0274393,4.8663852e+04
 151.0478735,4.8680059e+04
 151.0683075,4.8662496e+04
 151.0887418,4.8672539e+04
 151.1091759,4.8665500e+04
 151.1296100,4.8669137e+04
 151.1500441,4.8668684e+04
 151.1704784,4.8661461e+04
 151.1909124,4.8668199e+04
 151.2113465,4.8667320e+04
 151.2317808,4.8672227e+04
 151.2522149,4.8661348e+04
 151.2726490,4.8669965e+04
 151.2930831,4.8692211e+04
 151.3135174,4.8676633e+04
 151.3339514,4.8669191e+04
 151.3543856,4.8685453e+04
 151.3748198,4.8681004e+04
 151.3952539,4.8676562e+04
 151.4156880,4.8658383e+04
 151.4361222,4.8679004e+04
 151.4565563,4.8666055e+04
 151.4769904,4.8684906e+04
 151.4974246,4.8678543e+04
 151.5178587,4.8665543e+04
 151.5382929,4.8674137e+04
 151.5587270,4.8680195e+04
 151.5791612,4.8665508e+04
 151.5995954,4.8655930e+04
 151.6200294,4.8664973e+04
 151.6404636,4.8676328e+04
 151.6608977,         null
 151.6813319,4.8667641e+04
 151.7017660,4.8670742e+04
 151.7222002,4.8672336e+04
 151.7426343,4.8685809e+04
 151.7630684,4.8659617e+04
 151.7835026,4.8672816e+04
 151.8039366,4.8665133e+04
 151.8243709,4.8667895e+04
 151.8448050,4.8662348e+04
 151.8652390,4.8674898e+04
 151.8856733,4.8667645e+04
 151.9061074,4.8664543e+04
 151.9265415,4.8660301e+04
 151.9469756,4.8675285e+04
 151.9674099,4.8667996e+04
 151.9878440,4.8673883e+04
 152.0082780,4.8670391e+04
 152.0287123,4.8676129e+04
 152.0491464,4.8678715e+04
 152.0695804,4.8650727e+04
 152.0900146,4.8674520e+04
 152.1104488,4.8671082e+04
 152.1308829,4.8663391e+04
 152.1513170,4.8658402e+04
 152.1717511,4.8662762e+04
 152.1921853,4.8666492e+04
 152.2126194,4.8676672e+04
 152.2330536,4.8672598e+04
 152.2534878,4.8668652e+04
 152.2739218,4.8669141e+04
 152.2943560,         null
 152.3147900,4.8670195e+04
 152.3352242,4.8675473e+04
 152.3556584,4.8673004e+04
 152.3760924,4.8663062e+04
 152.3965267,4.8666570e+04
 152.4169608,4.8674629e+04
 152.4373949,4.8664504e+04
 152.4578290,4.8674219e+04
 152.4782632,4.8664723e+04
 152.4986973,4.8661473e+04
 152.5191314,4.8673570e+04
 152.5395656,4.8664723e+04
 152.5599997,4.8655914e+04
 152.5804338,4.8682352e+04
 152.6008679,4.8674180e+04
 152.6213021,4.8672055e+04
 152.6417362,4.8663742e+04
 152.6621703,         null
 152.6826044,4.8670234e+04
 152.7030386,4.8678809e+04
 152.7234727,4.8654547e+04
 152.7439068,4.8683277e+04
 152.7643411,4.8671086e+04
 152.7847751,4.8671812e+04
 152.8052092,4.8679738e+04
 152.8256433,4.8664773e+04
 152.8460775,4.8674871e+04
 152.8665116,4.8677199e+04
 152.8869457,4.8663066e+04
 152.9073799,4.8677000e+04
 152.9278140,4.8668797e+04
 152.9482482,4.8660395e+04
 152.9686822,4.8665086e+04
 152.9891164,4.8662777e+04
 153.0095506,4.8669613e+04
 153.0299846,4.8663852e+04
 153.0504188,4.8681461e+04
 153.0708530,4.8671047e+04
 153.0912870,4.8670582e+04
 153.1117211,4.8673270e+04
 153.1321553,4.8655793e+04
 153.1525894,4.8662008e+04
 153.1730235,4.8662422e+04
 153.1934576,4.8674453e+04
 153.2138919,4.8669164e+04
 153.2343260,4.8656715e+04
 153.2547600,4.8663211e+04
 153.2751942,4.8678375e+04
 153.2956284,4.8664695e+04
 153.3160624,4.8665977e+04
 153.3364965,4.8670023e+04
 153.3569307,4.8659871e+04
 153.3773648,4.8671074e+04
 153.3977989,4.8672750e+04
 153.4182331,4.8669227e+04
 153.4386673,4.8654172e+04
 153.4591013,4.8672230e+04
 153.4795354,4.8670238e+04
 153.4999696,4.8671555e+04
 153.5204037,4.8671465e+04
 153.5408378,4.8676789e+04
 153.5612720,4.8671316e+04
 153.5817061,4.8657574e+04
 153.6021402,4.8677332e+04
 153.6225743,4.8661227e+04
 153.6430084,4.8657746e+04
 153.6634426,4.8663387e+04
 153.6838767,4.8662855e+04
 153.7043107,4.8656625e+04
 153.7247449,4.8656574e+04
 153.7451791,4.8650246e+04
 153.7656131,4.8646879e+04
 153.7860473,4.8645188e+04
 153.8064814,4.8657207e+04
 153.8269154,4.8659504e+04
 153.8473496,4.8674777e+04
 153.8677838,4.8664125e+04
 153.8882178,4.8671121e+04
 153.9086519,4.8665602e+04
 153.9290862,4.8673926e+04
 153.9495203,4.8666312e+04
 153.9699543,4.8656477e+04
 153.9903884,4.8666199e+04
 154.0108227,4.8651590e+04
 154.0312567,4.8669992e+04
 154.0516908,4.8669555e+04
 154.0721250,4.8649676e+04
 154.0925590,4.8669918e+04
 154.1129932,4.8661414e+04
 154.1334273,4.8656113e+04
 154.1538614,4.8661555e+04
 154.1742955,4.8671426e+04
 154.1947296,4.8660477e+04
 154.2151638,4.8670895e+04
 154.2355979,4.8650109e+04
 154.2560320,4.8671641e+04
 154.2764660,4.8660590e+04
 154.2969002,4.8641180e+04
 154.3173344,4.8647848e+04
 154.3377684,4.8669477e+04
 154.3582025,4.8653027e+04
 154.3786367,4.8662805e+04
 154.3990707,4.8665145e+04
 154.4195049,4.8668059e+04
 154.4399391,4.8656961e+04
 154.4603732,4.8669238e+04
 154.4808072,4.8659547e+04
 154.5012413,4.8659820e+04
 154.5216755,4.8671871e+04
 154.5421096,4.8663891e+04
 154.5625437,4.8672582e+04
 154.5829779,4.8652684e+04
 154.6034119,4.8658559e+04
 154.6238460,4.8658250e+04
 154.6442801,4.8660438e+04
 154.6647143,4.8667926e+04
 154.6851484,4.8657438e+04
 154.7055825,4.8674418e+04
 154.7260167,4.8669156e+04
 154.7464507,4.8655258e+04
 154.7668848,4.8642883e+04
 154.7873190,4.8666871e+04
 154.8077531,4.8678070e+04
 154.8281872,4.8657371e+04
 154.8486212,4.8675797e+04
 154.8690554,4.8670352e+04
 154.8894895,4.8661453e+04
 154.9099236,4.8662324e+04
 154.9303578,4.8659859e+04
 154.9507919,4.8667926e+04
 154.9712260,4.8666664e+04
 154.9916601,4.8666379e+04
 155.0120941,4.8673645e+04
 155.0325283,4.8660617e+04
 155.0529624,4.8682426e+04
 155.0733964,4.8658809e+04
 155.0938307,4.8646887e+04
 155.1142648,4.8661184e+04
 155.1346988,4.8654582e+04
 155.1551329,4.8660551e+04
 155.1755671,4.8667621e+04
 155.1960012,4.8663363e+04
 155.2164352,4.8661566e+04
 155.2368693,4.8668414e+04
 155.2573035,4.8673211e+04
 155.2777376,         null
 155.2981717,4.8655863e+04
 155.3186059,4.8652391e+04
 155.3390399,4.8659469e+04
 155.3594740,4.8662355e+04
 155.3799081,4.8660109e+04
 155.4003422,4.8653715e+04
 155.4207763,4.8664652e+04
 155.4412104,4.8653754e+04
 155.4616446,4.8668707e+04
 155.4820786,4.8663332e+04
 155.5025128,4.8662418e+04
 155.5229468,4.8661625e+04
 155.5433810,4.8666098e+04
 155.5638151,         null
 155.5842491,4.8661422e+04
 155.6046833,4.8666379e+04
 155.6251174,4.8655449e+04
 155.6455515,4.8680281e+04
 155.6659855,4.8657066e+04
 155.6864197,4.8660258e+04
 155.7068538,4.8666055e+04
 155.7272878,4.8655242e+04
 155.7477219,4.8652484e+04
 155.7681561,4.8654039e+04
 155.7885902,4.8648473e+04
 155.8090243,4.8693270e+04
 155.8294585,4.8655555e+04
 155.8498925,4.8660230e+04
 155.8703266,4.8676145e+04
 155.8907607,4.8652258e+04
 155.9111949,4.8662422e+04
 155.9316289,4.8668180e+04
 155.9520630,4.8664781e+04
 155.9724972,4.8644820e+04
 155.9929312,4.8658316e+04
 156.0133653,4.8658598e+04
 156.0337993,4.8659352e+04
 156.0542335,4.8666000e+04
 156.0746676,4.8675285e+04
 156.0951017,4.8663152e+04
 156.1155358,4.8652496e+04
 156.1359699,4.8657164e+04
 156.1564040,4.8658750e+04
 156.1768380,4.8667980e+04
 156.1972722,4.8665043e+04
 156.2177063,4.8656652e+04
 156.2381403,4.8671309e+04
 156.2585744,4.8648406e+04
 156.2790086,4.8652582e+04
 156.2994426,4.8658883e+04
 156.3198767,4.8658695e+04
 156.3403109,4.8678383e+04
 156.3607449,4.8657637e+04
 156.3811790,4.8663629e+04
 156.4016131,4.8656500e+04
 156.4220473,4.8673930e+04
 156.4424813,4.8676105e+04
 156.4629154,4.8658012e+04
 156.4833496,4.8648121e+04
 156.5037836,4.8665887e+04
 156.5242177,4.8675176e+04
 156.5446518,4.8671562e+04
 156.5650859,4.8666562e+04
 156.5855200,4.8648859e+04
 156.6059541,4.8654375e+04
 156.6263882,4.8660812e+04
 156.6468223,4.8658328e+04
 156.6672564,4.8663000e+04
 156.6876905,4.8669668e+04
 156.7081246,4.8668109e+04
 156.7285587,4.8663922e+04
 156.7489928,4.8678230e+04
 156.7694268,4.8659469e+04
 156.7898610,4.8660902e+04
 156.8102951,4.8667012e+04
 156.8307292,4.8664898e+04
 156.8511633,4.8656574e+04
 156.8715974,4.8665512e+04
 156.8920315,4.8665133e+04
 156.9124655,4.8666246e+04
 156.9328997,4.8657578e+04
 156.9533338,4.8686344e+04
 156.9737678,4.8655359e+04
 156.9942020,4.8653852e+04
 157.0146361,4.8658543e+04
 157.0350700,4.8655020e+04
 157.0555041,4.8665340e+04
 157.0759383,4.8665719e+04
 157.0963723,4.8674363e+04
 157.1168064,4.8654664e+04
 157.1372406,4.8659281e+04
 157.1576747,4.8662926e+04
 157.1781087,4.8659258e+04
 157.1985428,4.8670324e+04
 157.2189770,4.8683770e+04
 157.2394110,4.8662266e+04
 157.2598451,4.8666238e+04
 157.2802792,4.8667156e+04
 157.3007133,4.8669535e+04
 157.3211473,4.8665352e+04
 157.3415814,4.8658250e+04
 157.3620155,4.8661230e+04
 157.3824496,4.8669930e+04
 157.4028837,4.8653047e+04
 157.4233177,4.8665832e+04
 157.4437519,4.8664715e+04
 157.4641860,4.8664641e+04
 157.4846200,4.8663312e+04
 157.5050542,4.8654227e+04
 157.5254883,4.8657438e+04
 157.5459222,4.8675113e+04
 157.5663563,4.8665820e+04
 157.5867905,4.8664277e+04
 157.6072245,4.8693930e+04
 157.6276586,4.8670117e+04
 157.6480928,4.8659090e+04
 157.6685269,4.8655070e+04
 157.6889609,4.8666250e+04
 157.7093949,4.8678223e+04
 157.7298291,4.8655742e+04
 157.7502631,4.8661914e+04
 157.7706972,4.8654996e+04
 157.7911314,4.8669086e+04
 157.8115654,4.8653195e+04
 157.8319995,4.8680262e+04
 157.8524336,4.8673641e+04
 157.8728676,4.8661031e+04
 157.8933017,4.8661809e+04
 157.9137358,4.8661758e+04
 157.9341698,4.8666621e+04
 157.9546040,4.8660605e+04
 157.9750381,4.8663012e+04
 157.9954721,4.8654070e+04
 158.0159062,4.8666812e+04
 158.0363403,4.8664668e+04
 158.0567743,4.8660605e+04
 158.0772084,4.8663910e+04
 158.0976426,4.8660129e+04
 158.1180767,4.8665086e+04
 158.1385106,4.8666879e+04
 158.1589448,4.8665066e+04
 158.1793789,4.8665133e+04
 158.1998129,4.8662387e+04
 158.2202470,4.8671500e+04
 158.2406812,4.8659047e+04
 158.2611151,         null
 158.2815492,4.8658293e+04
 158.3019834,4.8660340e+04
 158.3224175,4.8673961e+04
 158.3428515,4.8671625e+04
 158.3632856,4.8662273e+04
 158.3837197,4.8677883e+04
 158.4041538,4.8673684e+04
 158.4245878,4.8670629e+04
 158.4450219,4.8666445e+04
 158.4654561,4.8658230e+04
 158.4858900,4.8673676e+04
 158.5063241,4.8654547e+04
 158.5267583,4.8659996e+04
 158.5471923,4.8664449e+04
 158.5676264,4.8680246e+04
 158.5880604,4.8666996e+04
 158.6084945,4.8691395e+04
 158.6289286,4.8672059e+04
 158.6493627,4.8671449e+04
 158.6697969,4.8668852e+04
 158.6902308,4.8664746e+04
 158.7106649,4.8664203e+04
 158.7310989,4.8668285e+04
 158.7515331,4.8662566e+04
 158.7719671,4.8661195e+04
 158.7924012,4.8669465e+04
 158.8128353,4.8660273e+04
 158.8332694,4.8668805e+04
 158.8537035,4.8675730e+04
 158.8741374,4.8658750e+04
 158.8945716,4.8660188e+04
 158.9150057,4.8658668e+04
 158.9354397,4.8669199e+04
 158.9558738,4.8665293e+04
 158.9763079,4.8676016e+04
 158.9967419,4.8654605e+04
 159.0171760,4.8668414e+04
 159.0376101,4.8668727e+04
 159.0580441,4.8670461e+04
 159.0784782,4.8668023e+04
 159.0989123,4.8671832e+04
 159.1193464,4.8663352e+04
 159.1397804,4.8660414e+04
 159.1602145,4.8670863e+04
 159.1806487,4.8691070e+04
 159.2010826,4.8665773e+04
 159.2215167,4.8673551e+04
 159.2419507,4.8669078e+04
 159.2623848,4.8676023e+04
 159.2828189,4.8654871e+04
 159.3032530,4.8659410e+04
 159.3236871,4.8668738e+04
 159.3441211,4.8661977e+04
 159.3645552,4.8675191e+04
 159.3849892,4.8677695e+04
 159.4054234,4.8660109e+04
 159.4258574,4.8676801e+04
 159.4462914,4.8653840e+04
 159.4667256,4.8659312e+04
 159.4871596,4.8634914e+04
 159.5075936,4.8634441e+04
 159.5280277,4.8651680e+04
 159.5484618,4.8666691e+04
 159.5688958,4.8666168e+04
 159.5893299,4.8671152e+04
 159.6097640,4.8660758e+04
 159.6301981,4.8662578e+04
 159.6506321,4.8676129e+04
 159.6710662,4.8667211e+04
 159.6915003,4.8673434e+04
 159.7119343,4.8663629e+04
 159.7323684,4.8671348e+04
 159.7528024,4.8672398e+04
 159.7732365,4.8662879e+04
 159.7936706,4.8678855e+04
 159.8141046,4.8652523e+04
 159.8345387,4.8675781e+04
 159.8549728,4.8659277e+04
 159.8754068,4.8680984e+04
 159.8958408,4.8661523e+04
 159.9162750,4.8664426e+04
 159.9367090,4.8658762e+04
 159.9571431,4.8661410e+04
 159.9775772,4.8669645e+04
 159.9980112,4.8663348e+04
 160.0184453,4.8672004e+04
 160.0388794,4.8667812e+04
 160.0593134,4.8655738e+04
 160.0797475,4.8660930e+04
 160.1001816,4.8674953e+04
 160.1206155,4.8671141e+04
 160.1410497,4.8678520e+04
 160.1614838,4.8674066e+04
 160.1819177,4.8677891e+04
 160.2023519,4.8678984e+04
 160.2227860,4.8659617e+04
 160.2432199,4.8665633e+04
 160.2636540,4.8679297e+04
 160.2840881,4.8665254e+04
 160.3045221,4.8674195e+04
 160.3249562,4.8660113e+04
 160.3453903,4.8665793e+04
 160.3658244,4.8668312e+04
 160.3862584,4.8673781e+04
 160.4066924,4.8665539e+04
 160.4271266,4.8668059e+04
 160.4475605,4.8656852e+04
 160.4679946,4.8670316e+04
 160.4884288,4.8671766e+04
 160.5088627,4.8668379e+04
 160.5292968,4.8656590e+04
 160.5497308,4.8665781e+04
 160.5701649,4.8663824e+04
 160.5905990,4.8663441e+04
 160.6110330,4.8670102e+04
 160.6314670,4.8670617e+04
 160.6519011,4.8656441e+04
 160.6723352,4.8667770e+04
 160.6927692,4.8666488e+04
 160.7132033,4.8670488e+04
 160.7336374,4.8671758e+04
 160.7540713,4.8670383e+04
 160.7745054,4.8675047e+04
 160.7949396,4.8661043e+04
 160.8153736,4.8663273e+04
 160.8358076,4.8680652e+04
 160.8562417,4.8661668e+04
 160.8766758,4.8656180e+04
 160.8971097,4.8656023e+04
 160.9175438,4.8676391e+04
 160.9379780,4.8675992e+04
 160.9584119,4.8681316e+04
 160.9788460,4.8657492e+04
 160.9992801,4.8684691e+04
 161.0197141,4.8656262e+04
 161.0401481,4.8674340e+04
 161.0605822,4.8660645e+04
 161.0810162,4.8673434e+04
 161.1014503,4.8663426e+04
 161.1218844,4.8668246e+04
 161.1423185,4.8678539e+04
 161.1627525,4.8662035e+04
 161.1831865,4.8666410e+04
 161.2036205,4.8677340e+04
 161.2240546,4.8676844e+04
 161.2444887,         null
 161.2649227,4.8675238e+04
 161.2853567,4.8680559e+04
 161.3057908,4.8658918e+04
 161.3262249,4.8664555e+04
 161.3466588,4.8669750e+04
 161.3670930,4.8660074e+04
 161.3875270,4.8668547e+04
 161.4079610,4.8662152e+04
 161.4283950,4.8673980e+04
 161.4488292,4.8663258e+04
 161.4692632,4.8668168e+04
 161.4896972,4.8671180e+04
 161.5101314,4.8679668e+04
 161.5305653,4.8672172e+04
 161.5509994,4.8675461e+04
 161.5714334,4.8668777e+04
 161.5918676,4.8673875e+04
 161.6123015,4.8671617e+04
 161.6327356,4.8656859e+04
 161.6531697,4.8664539e+04
 161.6736038,4.8680660e+04
 161.6940377,4.8675441e+04
 161.7144718,4.8694391e+04
 161.7349059,4.8670219e+04
 161.7553398,4.8672641e+04
 161.7757739,4.8672465e+04
 161.7962079,4.8674207e+04
 161.8166420,4.8672191e+04
 161.8370760,4.8677719e+04
 161.8575101,4.8674559e+04
 161.8779442,4.8681766e+04
 161.8983782,4.8688348e+04
 161.9188122,4.8665895e+04
 161.9392462,4.8669883e+04
 161.9596803,4.8677195e+04
 161.9801144,4.8672797e+04
 162.0005484,4.8689066e+04
 162.0209825,4.8675703e+04
 162.0414165,4.8657996e+04
 162.0618506,4.8685098e+04
 162.0822845,4.8675219e+04
 162.1027186,4.8677254e+04
 162.1231527,4.8672363e+04
 162.1435866,4.8677953e+04
 162.1640208,4.8678785e+04
 162.1844548,4.8685980e+04
 162.2048888,4.8684098e+04
 162.2253228,4.8676301e+04
 162.2457570,4.8672871e+04
 162.2661909,4.8680148e+04
 162.2866249,4.8662969e+04
 162.3070591,4.8672391e+04
 162.3274931,4.8676590e+04
 162.3479271,4.8677469e+04
 162.3683611,4.8677633e+04
 162.3887952,4.8690621e+04
 162.4092292,4.8679137e+04
 162.4296632,4.8668129e+04
 162.4500972,4.8675145e+04
 162.4705313,4.8677645e+04
 162.4909654,4.8670496e+04
 162.5113988,4.8692984e+04
 162.5318329,4.8666965e+04
 162.5522669,4.8680793e+04
 162.5727009,4.8665289e+04
 162.5931350,4.8654836e+04
 162.6135691,4.8628703e+04
 162.6340030,4.8629523e+04
 162.6544371,4.8629043e+04
 162.6748712,4.8633707e+04
 162.6953052,4.8640250e+04
 162.7157392,4.8663875e+04
 162.7361732,4.8668234e+04
 162.7566073,4.8683602e+04
 162.7770413,4.8663820e+04
 162.7974753,4.8683301e+04
 162.8179094,4.8680414e+04
 162.8383434,4.8679504e+04
 162.8587775,4.8688480e+04
 162.8792114,4.8672664e+04
 162.8996455,4.8677227e+04
 162.9200796,4.8689188e+04
 162.9405135,4.8674016e+04
 162.9609475,4.8680113e+04
 162.9813817,4.8683410e+04
 163.0018156,4.8674438e+04
 163.0222497,4.8675023e+04
 163.0426838,4.8696250e+04
 163.0631178,4.8684602e+04
 163.0835518,4.8686129e+04
 163.1039858,4.8692664e+04
 163.1244199,4.8687562e+04
 163.1448539,4.8679980e+04
 163.1652879,4.8683785e+04
 163.1857220,4.8667195e+04
 163.2061560,4.8672250e+04
 163.2265900,4.8681219e+04
 163.2470240,4.8692559e+04
 163.2674581,4.8669191e+04
 163.2878921,4.8676395e+04
 163.3083261,4.8677488e+04
 163.3287603,4.8678504e+04
 163.3491942,4.8686441e+04
 163.3696282,4.8679410e+04
 163.3900622,4.8696945e+04
 163.4104963,4.8677867e+04
 163.4309303,4.8683582e+04
 163.4513643,4.8680441e+04
 163.4717984,4.8679094e+04
 163.4922324,4.8678805e+04
 163.5126664,4.8680945e+04
 163.5331004,4.8686559e+04
 163.5535345,4.8688055e+04
 163.5739685,4.8685207e+04
 163.5944025,4.8687379e+04
 163.6148365,4.8680270e+04
 163.6352706,4.8681574e+04
 163.6557046,4.8685922e+04
 163.6761386,4.8695465e+04
 163.6965727,4.8687824e+04
 163.7170066,4.8688066e+04
 163.7374407,4.8677266e+04
 163.7578747,4.8676336e+04
 163.7783087,4.8679910e+04
 163.7987428,4.8668629e+04
 163.8191768,4.8696527e+04
 163.8396109,4.8693918e+04
 163.8600448,4.8680980e+04
 163.8804789,4.8675078e+04
 163.9009128,4.8703398e+04
 163.9213469,4.8691242e+04
 163.9417809,4.8687324e+04
 163.9622150,4.8682031e+04
 163.9826490,4.8676410e+04
 164.0030830,4.8686520e+04
 164.0235171,4.8684664e+04
 164.0439510,4.8685781e+04
 164.0643851,4.8682992e+04
 164.0848191,4.8694859e+04
 164.1052532,4.8700508e+04
 164.1256871,4.8697203e+04
 164.1461212,4.8689738e+04
 164.1665551,4.8684227e+04
 164.1869891,4.8702488e+04
 164.2074233,4.8689832e+04
 164.2278573,         null
 164.2482912,4.8686445e+04
 164.2687252,4.8690012e+04
 164.2891593,4.8691355e+04
 164.3095933,4.8694238e+04
 164.3300273,4.8689992e+04
 164.3504614,4.8685254e+04
 164.3708955,4.8671000e+04
 164.3913294,4.8678699e+04
 164.4117634,4.8692375e+04
 164.4321974,4.8684961e+04
 164.4526314,4.8690566e+04
 164.4730655,4.8701582e+04
 164.4934996,4.8689680e+04
 164.5139335,4.8690074e+04
 164.5343675,4.8690305e+04
 164.5548015,4.8699199e+04
 164.5752356,4.8693277e+04
 164.5956696,4.8689512e+04
 164.6161036,4.8686906e+04
 164.6365375,4.8697129e+04
 164.6569716,4.8688332e+04
 164.6774057,4.8693934e+04
 164.6978397,4.8695660e+04
 164.7182737,4.8703516e+04
 164.7387077,4.8687742e+04
 164.7591417,4.8693309e+04
 164.7795756,4.8701625e+04
 164.8000098,4.8689113e+04
 164.8204438,4.8696910e+04
 164.8408777,4.8700844e+04
 164.8613118,4.8697414e+04
 164.8817458,4.8695332e+04
 164.9021798,4.8689871e+04
 164.9226138,4.8709055e+04
 164.9430479,4.8694070e+04
 164.9634818,4.8698250e+04
 164.9839158,4.8693090e+04
