        TIME,  PDCSAP_FLUX
 131.5129954,3.4597730e+04
 131.5334300,3.4587215e+04
 131.5538645,3.4580059e+04
 131.5742989,3.4579879e+04
 131.5947334,3.4571223e+04
 131.6151680,3.4591977e+04
 131.6356024,3.4601734e+04
 131.6560369,3.4596020e+04
 131.6764715,3.4576715e+04
 131.6969060,3.4578184e+04
 131.7173404,3.4594488e+04
 131.7377749,3.4587176e+04
 131.7582095,3.4588980e+04
 131.7786438,3.4599613e+04
 131.7990783,3.4565277e+04
 131.8195129,3.4590496e+04
 131.8399473,3.4582625e+04
 131.8603818,3.4594137e+04
 131.8808163,3.4592992e+04
 131.9012508,3.4587672e+04
 131.9216853,3.4591336e+04
 131.9421198,3.4599758e+04
 131.9625543,3.4588398e+04
 131.9829888,3.4580238e+04
 132.0034233,3.4575508e+04
 132.0238577,3.4588191e+04
 132.0442923,3.4585602e+04
 132.0647267,3.4596309e+04
 132.0851611,3.4586652e+04
 132.1055956,3.4576855e+04
 132.1260302,3.4605176e+04
 132.1464646,3.4598562e+04
 132.1668991,3.4590309e+04
 132.1873337,3.4590398e+04
 132.2077682,3.4608938e+04
 132.2282026,3.4581762e+04
 132.2486371,3.4592695e+04
 132.2690717,3.4595969e+04
 132.2895060,3.4597777e+04
 132.3099405,3.4585102e+04
 132.3303751,3.4572934e+04
 132.3508095,3.4586664e+04
 132.3712440,3.4594145e+04
 132.3916785,3.4585609e+04
 132.4121130,3.4584715e+04
 132.4325475,3.4589234e+04
 132.4529820,3.4601109e+04
 132.4734166,3.4578789e+04
 132.4938509,3.4581613e+04
 132.5142854,3.4596199e+04
 132.5347198,3.4590844e+04
 132.5551544,3.4583512e+04
 132.5755889,3.4591781e+04
 132.5960233,3.4585477e+04
 132.6164579,3.4583117e+04
 132.6368924,3.4578867e+04
 132.6573268,3.4609664e+04
 132.6777612,3.4588867e+04
 132.6981958,3.4596488e+04
 132.7186303,3.4599957e+04
 132.7390647,3.4591457e+04
 132.7594993,3.4585777e+04
 132.7799338,3.4605805e+04
 132.8003682,3.4600211e+04
 132.8208026,3.4588891e+04
 132.8412372,3.4580941e+04
 132.8616716,3.4604297e+04
 132.8821061,3.4609496e+04
 132.9025407,3.4596648e+04
 132.9229751,3.4594133e+04
 132.9434096,3.4602996e+04
 132.9638440,3.4592441e+04
 132.9842786,3.4576070e+04
 133.0047130,3.4594875e+04
 133.0251475,3.4601723e+04
 133.0455820,3.4593496e+04
 133.0660165,3.4582191e+04
 133.0864509,3.4586344e+04
 133.1068854,3.4591785e+04
 133.1273199,3.4581578e+04
 133.1477544,3.4578812e+04
 133.1681889,3.4596727e+04
 133.1886234,3.4595789e+04
 133.2090580,3.4589668e+04
 133.2294923,3.4586355e+04
 133.2499268,3.4602414e+04
 133.2703613,3.4582355e+04
 133.2907958,3.4597512e+04
 133.3112303,3.4587422e+04
 133.3316647,3.4580543e+04
 133.3520992,3.4586199e+04
 133.3725337,3.4573477e+04
 133.3929682,3.4562879e+04
 133.4134027,3.4563676e+04
 133.4338372,3.4585887e+04
 133.4542716,3.4581754e+04
 133.4747060,3.4583258e+04
 133.4951406,3.4585957e+04
 133.5155751,3.4587723e+04
 133.5360095,3.4584082e+04
 133.5564440,3.4567754e+04
 133.5768785,3.4567027e+04
 133.5973129,3.4575844e+04
 133.6177474,3.4586043e+04
 133.6381820,3.4591230e+04
 133.6586165,3.4581410e+04
 133.6790508,3.4596473e+04
 133.6994854,3.4581859e+04
 133.7199199,3.4579312e+04
 133.7403543,3.4597379e+04
 133.7607888,3.4577449e+04
 133.7812233,3.4577484e+04
 133.8016577,3.4588996e+04
 133.8220922,3.4589535e+04
 133.8425267,3.4593332e+04
 133.8629611,3.4596195e+04
 133.8833956,3.4598875e+04
 133.9038301,3.4587293e+04
 133.9242646,3.4598438e+04
 133.9446991,3.4580523e+04
 133.9651335,3.4596254e+04
 133.9855679,3.4574355e+04
 134.0060025,3.4585293e+04
 134.0264370,3.4582016e+04
 134.0468713,3.4571914e+04
 134.0673059,3.4589785e+04
 134.0877404,3.4579152e+04
 134.1081748,3.4588066e+04
 134.1286093,3.4590773e+04
 134.1490438,3.4584773e+04
 134.1694783,3.4598684e+04
 134.1899127,3.4591633e+04
 134.2103473,3.4576512e+04
 134.2307817,3.4589215e+04
 134.2512161,3.4591793e+04
 134.2716506,3.4591203e+04
 134.2920852,3.4583859e+04
 134.3125195,3.4597164e+04
 134.3329540,3.4596246e+04
 134.3533886,3.4593973e+04
 134.3738230,3.4582559e+04
 134.3942574,         null
 134.4146919,3.4588777e+04
 134.4351264,3.4594625e+04
 134.4555609,3.4592121e+04
 134.4759953,3.4596105e+04
 134.4964299,3.4575820e+04
 134.5168643,3.4584508e+04
 134.5372988,3.4574523e+04
 134.5577331,3.4580793e+04
 134.5781677,3.4582539e+04
 134.5986022,3.4578191e+04
 134.6190366,3.4596805e+04
 134.6394710,3.4587109e+04
 134.6599056,3.4585473e+04
 134.6803401,3.4591875e+04
 134.7007745,3.4597988e+04
 134.7212090,3.4587188e+04
 134.7416435,3.4591434e+04
 134.7620779,3.4579891e+04
 134.7825123,3.4590062e+04
 134.8029469,3.4584176e+04
 134.8233814,3.4582254e+04
 134.8438157,3.4586066e+04
 134.8642503,3.4584758e+04
 134.8846848,3.4572062e+04
 134.9051193,3.4580629e+04
 134.9255536,3.4581270e+04
 134.9459882,3.4585844e+04
 134.9664227,3.4586996e+04
 134.9868570,3.4578625e+04
 135.0072916,3.4579387e+04
 135.0277261,3.4581820e+04
 135.0481605,3.4583230e+04
 135.0685949,3.4577883e+04
 135.0890295,3.4566719e+04
 135.1094639,3.4577609e+04
 135.1298983,3.4592410e+04
 135.1503329,3.4596539e+04
 135.1707674,3.4591504e+04
 135.1912017,3.4597105e+04
 135.2116362,3.4573902e+04
 135.2320708,3.4581453e+04
 135.2525051,3.4588750e+04
 135.2729396,3.4586750e+04
 135.2933740,3.4581164e+04
 135.3138085,3.4581695e+04
 135.3342430,3.4591367e+04
 135.3546774,3.4581535e+04
 135.3751119,3.4593871e+04
 135.3955464,3.4583176e+04
 135.4159809,3.4578062e+04
 135.4364152,3.4574789e+04
 135.4568498,3.4565438e+04
 135.4772843,3.4577203e+04
 135.4977186,3.4580168e+04
 135.5181532,3.4566559e+04
 135.5385877,3.4577879e+04
 135.5590220,3.4573656e+04
 135.5794565,3.4591727e+04
 135.5998911,3.4576523e+04
 135.6203254,3.4576457e+04
 135.6407599,3.4593312e+04
 135.6611945,3.4581344e+04
 135.6816289,3.4595258e+04
 135.7020633,3.4581141e+04
 135.7224978,3.4592816e+04
 135.7429323,3.4579422e+04
 135.7633667,3.4577422e+04
 135.7838012,3.4566090e+04
 135.8042357,3.4582984e+04
 135.8246701,3.4585719e+04
 135.8451046,3.4580160e+04
 135.8655390,3.4589133e+04
 135.8859735,3.4584301e+04
 135.9064079,3.4584148e+04
 135.9268424,3.4585512e+04
 135.9472768,3.4578621e+04
 135.9677113,3.4584938e+04
 135.9881458,3.4589469e+04
 136.0085802,3.4584008e+04
 136.0290147,3.4574859e+04
 136.0494492,3.4581754e+04
 136.0698835,3.4583484e+04
 136.0903180,3.4578637e+04
 136.1107526,3.4586707e+04
 136.1311870,3.4583031e+04
 136.1516214,3.4591664e+04
 136.1720559,3.4587289e+04
 136.1924904,3.4600379e+04
 136.2129248,3.4593863e+04
 136.2333592,3.4600348e+04
 136.2537938,3.4596832e+04
 136.2742281,3.4589336e+04
 136.2946626,3.4579676e+04
 136.3150972,3.4595664e+04
 136.3355315,3.4591578e+04
 136.3559660,3.4601430e+04
 136.3764004,3.4592125e+04
 136.3968349,3.4589680e+04
 136.4172694,3.4582000e+04
 136.4377038,3.4597816e+04
 136.4581384,3.4600230e+04
 136.4785727,3.4593820e+04
 136.4990072,3.4591094e+04
 136.5194417,3.4595750e+04
 136.5398761,3.4590445e+04
 136.5603106,3.4593879e+04
 136.5807450,3.4595137e+04
 136.6011795,3.4591645e+04
 136.6216139,3.4604488e+04
 136.6420484,3.4593477e+04
 136.6624829,3.4594609e+04
 136.6829173,3.4577332e+04
 136.7033518,3.4584500e+04
 136.7237862,3.4596527e+04
 136.7442206,3.4597105e+04
 136.7646551,3.4588578e+04
 136.7850896,3.4574625e+04
 136.8055240,3.4585492e+04
 136.8259585,3.4585070e+04
 136.8463930,3.4589656e+04
 136.8668274,3.4592852e+04
 136.8872618,3.4595012e+04
 136.9076963,3.4585086e+04
 136.9281308,3.4595973e+04
 136.9485651,3.4598195e+04
 136.9689997,3.4595254e+04
 136.9894342,3.4592324e+04
 137.0098685,3.4603297e+04
 137.0303030,3.4583855e+04
 137.0507375,3.4599395e+04
 137.0711719,3.4594625e+04
 137.0916063,3.4591371e+04
 137.1120409,3.4586812e+04
 137.1324752,3.4595320e+04
 137.1529097,3.4598145e+04
 137.1733441,3.4600863e+04
 137.1937787,3.4595070e+04
 137.2142130,3.4577961e+04
 137.2346475,3.4595789e+04
 137.2550818,3.4580867e+04
 137.2755164,3.4587242e+04
 137.2959509,3.4585129e+04
 137.3163852,3.4597070e+04
 137.3368198,3.4592082e+04
 137.3572542,3.4598621e+04
 137.3776887,         null
 137.3981230,3.4588426e+04
 137.4185576,3.4590461e+04
 137.4389920,3.4562152e+04
 137.4594264,3.4603301e+04
 137.4798609,3.4589496e+04
 137.5002954,3.4595883e+04
 137.5207297,3.4592461e+04
 137.5411642,3.4596465e+04
 137.5615987,3.4585477e+04
 137.5820331,3.4592129e+04
 137.6024675,3.4584320e+04
 137.6229021,3.4592152e+04
 137.6433365,3.4586078e+04
 137.6637709,3.4571109e+04
 137.6842053,3.4575559e+04
 137.7046399,3.4593965e+04
 137.7250742,3.4593371e+04
 137.7455087,3.4576664e+04
 137.7659432,3.4594133e+04
 137.7863775,3.4588688e+04
 137.8068120,3.4585371e+04
 137.8272463,3.4592156e+04
 137.8476809,3.4593820e+04
 137.8681153,3.4592797e+04
 137.8885498,3.4592316e+04
 137.9089841,3.4603531e+04
 137.9294187,3.4584746e+04
 137.9498531,3.4588832e+04
 137.9702875,3.4590871e+04
 137.9907220,3.4603312e+04
 138.0111565,3.4590910e+04
 138.0315908,3.4599945e+04
 138.0520253,3.4596809e+04
 138.0724598,3.4586102e+04
 138.0928942,3.4592477e+04
 138.1133286,3.4588531e+04
 138.1337631,3.4591281e+04
 138.1541976,3.4579844e+04
 138.1746319,3.4590641e+04
 138.1950664,3.4599688e+04
 138.2155009,3.4589195e+04
 138.2359354,3.4590668e+04
 138.2563697,3.4596766e+04
 138.2768042,3.4600922e+04
 138.2972387,3.4573043e+04
 138.3176730,3.4608555e+04
 138.3381075,3.4571223e+04
 138.3585420,3.4584852e+04
 138.3789765,3.4593312e+04
 138.3994108,3.4584309e+04
 138.4198453,3.4585117e+04
 138.4402798,3.4581621e+04
 138.4607141,3.4580570e+04
 138.4811486,3.4586109e+04
 138.5015831,3.4585289e+04
 138.5220175,3.4580523e+04
 138.5424519,3.4591090e+04
 138.5628863,3.4597238e+04
 138.5833208,3.4596145e+04
 138.6037552,3.4586922e+04
 138.6241897,3.4578980e+04
 138.6446241,3.4587266e+04
 138.6650585,3.4564762e+04
 138.6854930,3.4591254e+04
 138.7059273,3.4580555e+04
 138.7263619,3.4589156e+04
 138.7467963,3.4582434e+04
 138.7672306,3.4577457e+04
 138.7876652,3.4574637e+04
 138.8080996,3.4577047e+04
 138.8285340,3.4591273e+04
 138.8489684,3.4597691e+04
 138.8694029,3.4588031e+04
 138.8898374,3.4596012e+04
 138.9102717,3.4600293e+04
 138.9307063,3.4583551e+04
 138.9511407,3.4593715e+04
 138.9715750,3.4587375e+04
 138.9920095,3.4573910e+04
 139.0124440,3.4587020e+04
 139.0328783,3.4586320e+04
 139.0533128,3.4583664e+04
 139.0737473,3.4587445e+04
 139.0941817,3.4580758e+04
 139.1146161,3.4586402e+04
 139.1350505,3.4578355e+04
 139.1554850,3.4589512e+04
 139.1759194,3.4579133e+04
 139.1963538,3.4591957e+04
 139.2167882,3.4585637e+04
 139.2372227,3.4596840e+04
 139.2576571,3.4589973e+04
 139.2780915,3.4589707e+04
 139.2985260,3.4586242e+04
 139.3189605,3.4591566e+04
 139.3393949,3.4587695e+04
 139.3598292,3.4582512e+04
 139.3802638,3.4585238e+04
 139.4006982,3.4586996e+04
 139.4211325,3.4590766e+04
 139.4415671,3.4597059e+04
 139.4620015,3.4590266e+04
 139.4824358,3.4596363e+04
 139.5028703,3.4584027e+04
 139.5233048,3.4581496e+04
 139.5437391,3.4611625e+04
 139.5641736,3.4594789e+04
 139.5846081,3.4595699e+04
 139.6050424,3.4601547e+04
 139.6254769,3.4571062e+04
 139.6459113,3.4587441e+04
 139.6663458,3.4586379e+04
 139.6867802,3.4592281e+04
 139.7072146,3.4604148e+04
 139.7276490,3.4599039e+04
 139.7480834,3.4599504e+04
 139.7685179,3.4590633e+04
 139.7889523,3.4605988e+04
 139.8093867,3.4595270e+04
 139.8298212,3.4604035e+04
 139.8502556,3.4593340e+04
 139.8706900,3.4596605e+04
 139.8911245,3.4590355e+04
 139.9115589,3.4582590e+04
 139.9319933,3.4584996e+04
 139.9524278,3.4579750e+04
 139.9728622,3.4584312e+04
 139.9932966,3.4593574e+04
 140.0137309,3.4591211e+04
 140.0341655,3.4591504e+04
 140.0545999,3.4583477e+04
 140.0750343,3.4593840e+04
 140.0954687,3.4588203e+04
 140.1159032,3.4585828e+04
 140.1363376,3.4588844e+04
 140.1567719,3.4583637e+04
 140.1772065,3.4587480e+04
 140.1976409,3.4588004e+04
 140.2180752,3.4598516e+04
 140.2385097,3.4595473e+04
 140.2589442,3.4597844e+04
 140.2793785,3.4602281e+04
 140.2998129,3.4597262e+04
 140.3202474,3.4599762e+04
 140.3406818,3.4593680e+04
 140.3611162,         null
 140.3815506,3.4593625e+04
 140.4019851,3.4600266e+04
 140.4224195,3.4598832e+04
 140.4428539,3.4600539e+04
 140.4632884,3.4597395e+04
 140.4837227,3.4606656e+04
 140.5041572,3.4600535e+04
 140.5245915,3.4590746e+04
 140.5450260,3.4590977e+04
 140.5654604,3.4619938e+04
 140.5858949,3.4599184e+04
 140.6063293,3.4603484e+04
 140.6267637,3.4607434e+04
 140.6471981,3.4591605e+04
 140.6676325,3.4594629e+04
 140.6880670,3.4590551e+04
 140.7085014,3.4616172e+04
 140.7289357,3.4598098e+04
 140.7493703,3.4603543e+04
 140.7698047,3.4604668e+04
 140.7902390,3.4603066e+04
 140.8106734,3.4594027e+04
 140.8311079,3.4600531e+04
 140.8515424,3.4602020e+04
 140.8719767,3.4605629e+04
 140.8924111,3.4589961e+04
 140.9128456,3.4584047e+04
 140.9332799,3.4591258e+04
 140.9537144,3.4583176e+04
 140.9741489,3.4596406e+04
 140.9945832,3.4603062e+04
 141.0150176,3.4584180e+04
 141.0354520,3.4603383e+04
 141.0558865,3.4597621e+04
 141.0763209,3.4610375e+04
 141.0967553,3.4596688e+04
 141.1171897,3.4601898e+04
 141.1376241,3.4603152e+04
 141.1580586,3.4611312e+04
 141.1784929,3.4598000e+04
 141.1989274,3.4577402e+04
 141.2193618,3.4599512e+04
 141.2397961,3.4596176e+04
 141.2602307,3.4606297e+04
 141.2806651,3.4599273e+04
 141.3010994,3.4597293e+04
 141.3215338,3.4608766e+04
 141.3419683,3.4592492e+04
 141.3624027,3.4607656e+04
 141.3828371,3.4597648e+04
 141.4032715,3.4581062e+04
 141.4237060,3.4603090e+04
 141.4441404,3.4603941e+04
 141.4645747,3.4592242e+04
 141.4850092,3.4603551e+04
 141.5054437,3.4586367e+04
 141.5258780,3.4596105e+04
 141.5463124,3.4584090e+04
 141.5667468,3.4582949e+04
 141.5871813,3.4588031e+04
 141.6076156,3.4597312e+04
 141.6280501,3.4587871e+04
 141.6484846,3.4584617e+04
 141.6689189,3.4588398e+04
 141.6893533,3.4585176e+04
 141.7097878,3.4588418e+04
 141.7302221,3.4583594e+04
 141.7506565,3.4583566e+04
 141.7710910,3.4580754e+04
 141.7915254,3.4580941e+04
 141.8119598,3.4584289e+04
 141.8323942,3.4588398e+04
 141.8528286,3.4584133e+04
 141.8732630,3.4579285e+04
 141.8936974,3.4576605e+04
 141.9141319,3.4594836e+04
 141.9345662,3.4589574e+04
 141.9550007,3.4588508e+04
 141.9754350,3.4594195e+04
 141.9958695,3.4592590e+04
 142.0163039,3.4589637e+04
 142.0367382,3.4574137e+04
 142.0571726,3.4580102e+04
 142.0776071,3.4595375e+04
 142.0980415,3.4578512e+04
 142.1184758,3.4597812e+04
 142.1389103,3.4580324e+04
 142.1593448,3.4574883e+04
 142.1797791,3.4593336e+04
 142.2002135,3.4591238e+04
 142.2206480,3.4572543e+04
 142.2410823,3.4581465e+04
 142.2615167,3.4603305e+04
 142.2819512,3.4580941e+04
 142.3023855,3.4605246e+04
 142.3228199,3.4582902e+04
 142.3432543,3.4589461e+04
 142.3636888,3.4588668e+04
 142.3841231,3.4585109e+04
 142.4045576,3.4578129e+04
 142.4249921,3.4592363e+04
 142.4454264,3.4586816e+04
 142.4658608,3.4580191e+04
 142.4862951,3.4588586e+04
 142.5067296,3.4590168e+04
 142.5271640,3.4589312e+04
 142.5475984,3.4600629e+04
 142.5680327,3.4584836e+04
 142.5884672,3.4581910e+04
 142.6089016,3.4587215e+04
 142.6293359,3.4571223e+04
 142.6497704,3.4579703e+04
 142.6702048,3.4583816e+04
 142.6906391,3.4591441e+04
 142.7110735,3.4577422e+04
 142.7315080,3.4611066e+04
 142.7519424,3.4589957e+04
 142.7723768,3.4586859e+04
 142.7928113,3.4586551e+04
 142.8132456,3.4588777e+04
 142.8336800,3.4597371e+04
 142.8541144,3.4591004e+04
 142.8745489,3.4581676e+04
 142.8949832,3.4584535e+04
 142.9154176,3.4599430e+04
 142.9358521,3.4591730e+04
 142.9562864,3.4591715e+04
 142.9767208,3.4602016e+04
 142.9971551,3.4600445e+04
 143.0175896,3.4604762e+04
 143.0380240,3.4591840e+04
 143.0584584,3.4584676e+04
 143.0788928,3.4598848e+04
 143.0993272,3.4599109e+04
 143.1197616,3.4585516e+04
 143.1401960,3.4621711e+04
 143.1606304,3.4595258e+04
 143.1810648,3.4585730e+04
 143.2014991,3.4592453e+04
 143.2219335,3.4595637e+04
 143.2423680,3.4581785e+04
 143.2628024,3.4600449e+04
 143.2832368,3.4587625e+04
 143.3036712,3.4594477e+04
 143.3241056,3.4578539e+04
 143.3445400,         null
 143.3649743,3.4591473e+04
 143.3854088,3.4585719e+04
 143.4058432,3.4594676e+04
 143.4262775,3.4606676e+04
 143.4467120,3.4592562e+04
 143.4671464,3.4593461e+04
 143.4875807,3.4592594e+04
 143.5080151,3.4589148e+04
 143.5284496,3.4595250e+04
 143.5488840,3.4588566e+04
 143.5693183,3.4589121e+04
 143.5897528,3.4593262e+04
 143.6101872,3.4592410e+04
 143.6306214,3.4597293e+04
 143.6510558,3.4595742e+04
 143.6714903,3.4609129e+04
 143.6919246,3.4595887e+04
 143.7123590,3.4592605e+04
 143.7327934,3.4598574e+04
 143.7532278,3.4605445e+04
 143.7736622,3.4603562e+04
 143.7940966,3.4623918e+04
 143.8145310,3.4592426e+04
 143.8349654,3.4598348e+04
 143.8553998,3.4599984e+04
 143.8758341,3.4592359e+04
 143.8962686,3.4599445e+04
 143.9167030,3.4590965e+04
 143.9371373,3.4621797e+04
 143.9575718,3.4603371e+04
 143.9780061,3.4587492e+04
 143.9984404,3.4596711e+04
 144.0188748,3.4588270e+04
 144.0393093,3.4584102e+04
 144.0597437,3.4599797e+04
 144.0801780,3.4588984e+04
 144.1006125,3.4603020e+04
 144.1210469,3.4604871e+04
 144.1414812,3.4612270e+04
 144.1619156,3.4597852e+04
 144.1823501,3.4592465e+04
 144.2027844,3.4582984e+04
 144.2232187,3.4587469e+04
 144.2436532,3.4606910e+04
 144.2640875,3.4595078e+04
 144.2845219,3.4619379e+04
 144.3049563,3.4583035e+04
 144.3253907,3.4603422e+04
 144.3458251,3.4584113e+04
 144.3662595,3.4594797e+04
 144.3866938,3.4599262e+04
 144.4071282,3.4592875e+04
 144.4275626,3.4588184e+04
 144.4479969,3.4582809e+04
 144.4684314,3.4594449e+04
 144.4888658,3.4602801e+04
 144.5093001,3.4592355e+04
 144.5297345,3.4590281e+04
 144.5501690,3.4585094e+04
 144.5706033,3.4594562e+04
 144.5910376,3.4595496e+04
 144.6114721,3.4594922e+04
 144.6319065,3.4587770e+04
 144.6523408,3.4587246e+04
 144.6727752,3.4592137e+04
 144.6932097,3.4595762e+04
 144.7136439,3.4595914e+04
 144.7340783,3.4580297e+04
 144.7545128,3.4584207e+04
 144.7749471,3.4598125e+04
 144.7953815,3.4602285e+04
 144.8158159,3.4581035e+04
 144.8362504,3.4591391e+04
 144.8566846,3.4604828e+04
 144.8771190,3.4590391e+04
 144.8975534,3.4597441e+04
 144.9179878,3.4603965e+04
 144.9384222,3.4587020e+04
 144.9588566,3.4575461e+04
 144.9792910,3.4591672e+04
 144.9997253,3.4583402e+04
 145.0201597,3.4590750e+04
 145.0405941,3.4574336e+04
 145.0610285,3.4589008e+04
 145.0814628,3.4590715e+04
 145.1018972,3.4576176e+04
 145.1223317,3.4588988e+04
 145.1427660,3.4582027e+04
 145.1632004,3.4597316e+04
 145.1836347,3.4588434e+04
 145.2040691,3.4578730e+04
 145.2245035,3.4591699e+04
 145.2449378,3.4577723e+04
 145.2653723,3.4583277e+04
 145.2858067,3.4570648e+04
 145.3062410,3.4583883e+04
 145.3266753,3.4578094e+04
 145.3471098,3.4580574e+04
 145.3675442,3.4587168e+04
 145.3879785,3.4569109e+04
 145.4084129,3.4578070e+04
 145.4288473,3.4591656e+04
 145.4492816,3.4589469e+04
 145.4697160,3.4581566e+04
 145.4901504,3.4585898e+04
 145.5105847,3.4592402e+04
 145.5310191,3.4585902e+04
 145.5514535,3.4579965e+04
 145.5718880,3.4587633e+04
 145.5923222,3.4581594e+04
 145.6127566,3.4575816e+04
 145.6331911,3.4577547e+04
 145.6536254,3.4590535e+04
 145.6740597,3.4576410e+04
 145.6944940,3.4588566e+04
 145.7149285,3.4585465e+04
 145.7353629,3.4574227e+04
 145.7557972,3.4573656e+04
 145.7762316,3.4582562e+04
 145.7966660,3.4577164e+04
 145.8171004,3.4596902e+04
 145.8375346,3.4592902e+04
 145.8579691,3.4567199e+04
 145.8784035,3.4579078e+04
 145.8988378,3.4578879e+04
 145.9192722,3.4586855e+04
 145.9397066,3.4573961e+04
 145.9601409,3.4579938e+04
 145.9805752,3.4593395e+04
 146.0010097,3.4579801e+04
 146.0214441,3.4580262e+04
 146.0418784,3.4588215e+04
 146.0623128,3.4583395e+04
 146.0827472,3.4576586e+04
 146.1031815,3.4578262e+04
 146.1236159,3.4588785e+04
 146.1440503,3.4567758e+04
 146.1644846,3.4592898e+04
 146.1849190,3.4578297e+04
 146.2053533,3.4582629e+04
 146.2257877,3.4585094e+04
 146.2462221,3.4583531e+04
 146.2666564,3.4584898e+04
 146.2870908,3.4573109e+04
 146.3075252,3.4590875e+04
 146.3279596,         null
 146.3483938,3.4589746e+04
 146.3688283,3.4587816e+04
 146.3892627,3.4591512e+04
 146.4096969,3.4590000e+04
 146.4301314,3.4597844e+04
 146.4505658,3.4590375e+04
 146.4710000,3.4587699e+04
 146.4914345,3.4596508e+04
 146.5118689,3.4586562e+04
 146.5323032,3.4600934e+04
 146.5527375,3.4602965e+04
 146.5731720,3.4593711e+04
 146.5936063,3.4591988e+04
 146.6140407,3.4581379e+04
 146.6344750,3.4578488e+04
 146.6549094,3.4590973e+04
 146.6753438,3.4589039e+04
 146.6957781,3.4591273e+04
 146.7162125,3.4589016e+04
 146.7366469,3.4583688e+04
 146.7570813,3.4577855e+04
 146.7775155,3.4585027e+04
 146.7979500,3.4575227e+04
 146.8183844,3.4596258e+04
 146.8388186,3.4593664e+04
 146.8592530,3.4606324e+04
 146.8796875,3.4583918e+04
 146.9001217,3.4578543e+04
 146.9205561,3.4565289e+04
 146.9409905,3.4589070e+04
 146.9614248,3.4589102e+04
 146.9818592,3.4586746e+04
 147.0022935,3.4597137e+04
 147.0227279,3.4587371e+04
 147.0431623,3.4585387e+04
 147.0635966,3.4582977e+04
 147.0840311,3.4574516e+04
 147.1044653,3.4580988e+04
 147.1248997,3.4589871e+04
 147.1453340,3.4588699e+04
 147.1657684,3.4585391e+04
 147.1862028,3.4595258e+04
 147.2066370,3.4592820e+04
 147.2270715,3.4605516e+04
 147.2475059,3.4592602e+04
 147.2679402,3.4590383e+04
 147.2883745,3.4597863e+04
 147.3088089,3.4603887e+04
 147.3292433,3.4598461e+04
 147.3496776,3.4578566e+04
 147.3701119,3.4598074e+04
 147.3905464,3.4573723e+04
 147.4109806,3.4587891e+04
 147.4314150,3.4585086e+04
 147.4518495,3.4584926e+04
 147.4722837,3.4599691e+04
 147.4927181,3.4580848e+04
 147.5131524,3.4565449e+04
 147.5335869,3.4580258e+04
 147.5540211,3.4570516e+04
 147.5744555,3.4583941e+04
 147.5948900,3.4586070e+04
 147.6153242,3.4584859e+04
 147.6357586,3.4597203e+04
 147.6561928,3.4591852e+04
 147.6766273,3.4600141e+04
 147.6970616,3.4587430e+04
 147.7174959,3.4575168e+04
 147.7379303,3.4596426e+04
 147.7583647,3.4586059e+04
 147.7787991,3.4578695e+04
 147.7992333,3.4599227e+04
 147.8196678,3.4593820e+04
 147.8401021,3.4587613e+04
 147.8605364,3.4598195e+04
 147.8809707,3.4577988e+04
 147.9014052,         null
 147.9218394,3.4583809e+04
 147.9422738,3.4587465e+04
 147.9627082,3.4595688e+04
 147.9831425,3.4596613e+04
 148.0035768,3.4588070e+04
 148.0240112,3.4592289e+04
 148.0444456,3.4583621e+04
 148.0648799,3.4589184e+04
 148.0853143,3.4605281e+04
 148.1057487,3.4587641e+04
 148.1261830,3.4608707e+04
 148.1466173,3.4603969e+04
 148.1670517,3.4608023e+04
 148.1874860,3.4592891e+04
 148.2079204,3.4592484e+04
 148.2283547,3.4573473e+04
 148.2487892,3.4591457e+04
 148.2692234,3.4594141e+04
 148.2896578,3.4590195e+04
 148.3100921,3.4575676e+04
 148.3305265,3.4587453e+04
 148.3509608,3.4578125e+04
 148.3713951,3.4603383e+04
 148.3918294,3.4588301e+04
 148.4122638,3.4594484e+04
 148.4326982,3.4579445e+04
 148.4531325,3.4578559e+04
 148.4735669,3.4576246e+04
 148.4940012,3.4588438e+04
 148.5144356,3.4586102e+04
 148.5348698,3.4581555e+04
 148.5553043,3.4596332e+04
 148.5757386,3.4605488e+04
 148.5961729,3.4583453e+04
 148.6166073,3.4615316e+04
 148.6370417,3.4591684e+04
 148.6574759,3.4586770e+04
 148.6779103,3.4587402e+04
 148.6983447,3.4584781e+04
 148.7187789,3.4590555e+04
 148.7392133,3.4578520e+04
 148.7596477,3.4582082e+04
 148.7800821,3.4600902e+04
 148.8005163,3.4580867e+04
 148.8209507,3.4599617e+04
 148.8413851,3.4577363e+04
 148.8618193,3.4576238e+04
 148.8822537,3.4579133e+04
 148.9026881,3.4585785e+04
 148.9231224,3.4588180e+04
 148.9435567,3.4574234e+04
 148.9639911,3.4577375e+04
 148.9844254,3.4584082e+04
 149.0048597,3.4585945e+04
 149.0252941,3.4588773e+04
 149.0457283,3.4593973e+04
 149.0661628,3.4590719e+04
 149.0865971,3.4575020e+04
 149.1070314,3.4582781e+04
 149.1274658,3.4598098e+04
 149.1479001,3.4597883e+04
 149.1683344,3.4593465e+04
 149.1887687,3.4583562e+04
 149.2092032,3.4606688e+04
 149.2296375,3.4582715e+04
 149.2500717,3.4589051e+04
 149.2705062,3.4579355e+04
 149.2909405,3.4585617e+04
 149.3113747,         null
 149.3318091,3.4584301e+04
 149.3522435,3.4585551e+04
 149.3726778,3.4610914e+04
 149.3931121,3.4593062e+04
 149.4135465,3.4586602e+04
 149.4339808,3.4582348e+04
 149.4544151,3.4583449e+04
 149.4748494,3.4595469e+04
 149.4952838,3.4574988e+04
 149.5157181,3.4583879e+04
 149.5361525,3.4587984e+04
 149.5565869,3.4576559e+04
 149.5770211,3.4587613e+04
 149.5974555,3.4604844e+04
 149.6178897,3.4594719e+04
 149.6383241,3.4593242e+04
 149.6587585,3.4595105e+04
 149.6791927,3.4590000e+04
 149.6996270,3.4588273e+04
 149.7200615,3.4589090e+04
 149.7404958,3.4588520e+04
 149.7609300,3.4566938e+04
 149.7813645,3.4601383e+04
 149.8017988,3.4596891e+04
 149.8222330,3.4603344e+04
 149.8426674,3.4600840e+04
 149.8631018,3.4595211e+04
 149.8835361,3.4574625e+04
 149.9039704,3.4593422e+04
 149.9244048,3.4588352e+04
 149.9448391,3.4592629e+04
 149.9652735,3.4596332e+04
 149.9857077,3.4596766e+04
 150.0061421,3.4575992e+04
 150.0265765,3.4598367e+04
 150.0470107,3.4575016e+04
 150.0674451,3.4599859e+04
 150.0878795,3.4596809e+04
 150.1083137,3.4581035e+04
 150.1287480,3.4582969e+04
 150.1491824,3.4598184e+04
 150.1696167,3.4575438e+04
 150.1900510,3.4594812e+04
 150.2104854,3.4592371e+04
 150.2309197,3.4597453e+04
 150.2513540,3.4588383e+04
 150.2717883,3.4578555e+04
 150.2922227,3.4586789e+04
 150.3126570,3.4583016e+04
 150.3330913,3.4586547e+04
 150.3535255,3.4587320e+04
 150.3739600,3.4590719e+04
 150.3943943,3.4601051e+04
 150.4148285,3.4594094e+04
 150.4352629,3.4579945e+04
 150.4556973,3.4573531e+04
 150.4761316,3.4575121e+04
 150.4965658,3.4588566e+04
 150.5170002,3.4598188e+04
 150.5374346,3.4594984e+04
 150.5578688,3.4600965e+04
 150.5783032,3.4599141e+04
 150.5987375,3.4600516e+04
 150.6191718,3.4599273e+04
 150.6396061,3.4589223e+04
 150.6600405,3.4601867e+04
 150.6804747,3.4594562e+04
 150.7009091,3.4596152e+04
 150.7213435,3.4602168e+04
 150.7417778,3.4592941e+04
 150.7622120,3.4588430e+04
 150.7826463,3.4585859e+04
 150.8030808,3.4586086e+04
 150.8235150,3.4601906e+04
 150.8439493,3.4589332e+04
 150.8643837,3.4591578e+04
 150.8848180,3.4593293e+04
 150.9052523,3.4584586e+04
 150.9256866,3.4590973e+04
 150.9461209,3.4586449e+04
 150.9665552,3.4579957e+04
 150.9869896,3.4590199e+04
 151.0074238,3.4613062e+04
 151.0278582,3.4598887e+04
 151.0482925,3.4582406e+04
 151.0687267,3.4597113e+04
 151.0891612,3.4589895e+04
 151.1095955,3.4574164e+04
 151.1300297,3.4591617e+04
 151.1504640,3.4599488e+04
 151.1708984,3.4600371e+04
 151.1913327,3.4611719e+04
 151.2117670,3.4593207e+04
 151.2322014,3.4597664e+04
 151.2526357,3.4582367e+04
 151.2730699,3.4584719e+04
 151.2935042,3.4591559e+04
 151.3139387,3.4583938e+04
 151.3343729,3.4591035e+04
 151.3548072,3.4608645e+04
 151.3752416,3.4593121e+04
 151.3956758,3.4600898e+04
 151.4161101,3.4586152e+04
 151.4365445,3.4612020e+04
 151.4569788,3.4577723e+04
 151.4774131,3.4590926e+04
 151.4978474,3.4580262e+04
 151.5182817,3.4598688e+04
 151.5387160,3.4595016e+04
 151.5591503,3.4601039e+04
 151.5795847,3.4590043e+04
 151.6000191,3.4592781e+04
 151.6204533,3.4578691e+04
 151.6408876,3.4594000e+04
 151.6613219,         null
 151.6817562,3.4579824e+04
 151.7021905,3.4571859e+04
 151.7226249,3.4594730e+04
 151.7430592,3.4598031e+04
 151.7634935,3.4606578e+04
 151.7839278,3.4583941e+04
 151.8043620,3.4589242e+04
 151.8247964,3.4592324e+04
 151.8452307,3.4601414e+04
 151.8656649,3.4581270e+04
 151.8860993,3.4604090e+04
 151.9065337,3.4592203e+04
 151.9269679,3.4595922e+04
 151.9474022,3.4598590e+04
 151.9678366,3.4588750e+04
 151.9882709,3.4592965e+04
 152.0087051,3.4595059e+04
 152.0291395,3.4586734e+04
 152.0495738,3.4589262e+04
 152.0700080,3.4577508e+04
 152.0904423,3.4594359e+04
 152.1108767,3.4584109e+04
 152.1313110,3.4579625e+04
 152.1517453,3.4576352e+04
 152.1721796,3.4587961e+04
 152.1926139,3.4598414e+04
 152.2130482,3.4577746e+04
 152.2334825,3.4591203e+04
 152.2539169,3.4579207e+04
 152.2743511,3.4601441e+04
 152.2947854,         null
 152.3152196,3.4600066e+04
 152.3356540,3.4588941e+04
 152.3560883,3.4586590e+04
 152.3765225,3.4594812e+04
 152.3969569,3.4589727e+04
 152.4173912,3.4582082e+04
 152.4378255,3.4594766e+04
 152.4582598,3.4593582e+04
 152.4786942,3.4588156e+04
 152.4991285,3.4582918e+04
 152.5195627,3.4600395e+04
 152.5399971,3.4592219e+04
 152.5604314,3.4588066e+04
 152.5808656,3.4581574e+04
 152.6012999,3.4599875e+04
 152.6217343,3.4612629e+04
 152.6421685,3.4578066e+04
 152.6626028,         null
 152.6830371,3.4582363e+04
 152.7034714,3.4596465e+04
 152.7239057,3.4591453e+04
 152.7443400,3.4580238e+04
 152.7647744,3.4577168e+04
 152.7852086,3.4577371e+04
 152.8056429,3.4589422e+04
 152.8260771,3.4595699e+04
 152.8465115,3.4568754e+04
 152.8669458,3.4581141e+04
 152.8873800,3.4593305e+04
 152.9078144,3.4586797e+04
 152.9282487,3.4584766e+04
 152.9486830,3.4598801e+04
 152.9691172,3.4594324e+04
 152.9895516,3.4587547e+04
 153.0099859,3.4585879e+04
 153.0304201,3.4587855e+04
 153.0508545,3.4591598e+04
 153.0712888,3.4575223e+04
 153.0917230,3.4594547e+04
 153.1121573,3.4624570e+04
 153.1325917,3.4580074e+04
 153.1530259,3.4592461e+04
 153.1734602,3.4593676e+04
 153.1938945,3.4603695e+04
 153.2143288,3.4587598e+04
 153.2347631,3.4601809e+04
 153.2551973,3.4595754e+04
 153.2756317,3.4598055e+04
 153.2960660,3.4605691e+04
 153.3165002,3.4590887e+04
 153.3369345,3.4577125e+04
 153.3573688,3.4590379e+04
 153.3778031,3.4598727e+04
 153.3982374,3.4602297e+04
 153.4186718,3.4603262e+04
 153.4391061,3.4584500e+04
 153.4595403,3.4585344e+04
 153.4799746,3.4580809e+04
 153.5004090,3.4592691e+04
 153.5208432,3.4594551e+04
 153.5412774,3.4592320e+04
 153.5617118,3.4574914e+04
 153.5821460,3.4585586e+04
 153.6025803,3.4583012e+04
 153.6230146,3.4593871e+04
 153.6434489,3.4592656e+04
 153.6638832,3.4598547e+04
 153.6843175,3.4596156e+04
 153.7047517,3.4591906e+04
 153.7251861,3.4577848e+04
 153.7456204,3.4584832e+04
 153.7660545,3.4575684e+04
 153.7864889,3.4591312e+04
 153.8069232,3.4586934e+04
 153.8273574,3.4588668e+04
 153.8477917,3.4574035e+04
 153.8682261,3.4590797e+04
 153.8886603,3.4575711e+04
 153.9090946,3.4573730e+04
 153.9295290,3.4582492e+04
 153.9499632,3.4600453e+04
 153.9703974,3.4592062e+04
 153.9908317,3.4601516e+04
 154.0112661,3.4588930e+04
 154.0317003,3.4600531e+04
 154.0521346,3.4578160e+04
 154.0725690,3.4580227e+04
 154.0930031,3.4593957e+04
 154.1134374,3.4584699e+04
 154.1338717,3.4584254e+04
 154.1543060,3.4579230e+04
 154.1747403,3.4593223e+04
 154.1951746,3.4588855e+04
 154.2156089,3.4580961e+04
 154.2360431,3.4582613e+04
 154.2564774,3.4583492e+04
 154.2769116,3.4585277e+04
 154.2973460,3.4589438e+04
 154.3177803,3.4579090e+04
 154.3382145,3.4583129e+04
 154.3586487,3.4584719e+04
 154.3790831,3.4590590e+04
 154.3995173,3.4587113e+04
 154.4199516,3.4593492e+04
 154.4403860,3.4605676e+04
 154.4608202,3.4596281e+04
 154.4812544,3.4598203e+04
 154.5016887,3.4605598e+04
 154.5221231,3.4603281e+04
 154.5425573,3.4585379e+04
 154.5629915,3.4598820e+04
 154.5834259,3.4604832e+04
 154.6038601,3.4598508e+04
 154.6242944,3.4583641e+04
 154.6447287,3.4588344e+04
 154.6651629,3.4575398e+04
 154.6855972,3.4601203e+04
 154.7060315,3.4575668e+04
 154.7264659,3.4594059e+04
 154.7469001,3.4592383e+04
 154.7673343,3.4606941e+04
 154.7877686,3.4594457e+04
 154.8082029,3.4585613e+04
 154.8286372,3.4579906e+04
 154.8490713,3.4599219e+04
 154.8695057,3.4605695e+04
 154.8899400,3.4604445e+04
 154.9103743,3.4598691e+04
 154.9308086,3.4603180e+04
 154.9512428,3.4618195e+04
 154.9716771,3.4593512e+04
 154.9921114,3.4586516e+04
 155.0125456,3.4586203e+04
 155.0329799,3.4593773e+04
 155.0534142,3.4573219e+04
 155.0738484,3.4585219e+04
 155.0942828,3.4580285e+04
 155.1147170,3.4606551e+04
 155.1351512,3.4590816e+04
 155.1555855,3.4581570e+04
 155.1760198,3.4597797e+04
 155.1964541,3.4604801e+04
 155.2168883,3.4583570e+04
 155.2373226,3.4584223e+04
 155.2577569,3.4581785e+04
 155.2781911,         null
 155.2986254,3.4598621e+04
 155.3190598,3.4588984e+04
 155.3394939,3.4597613e+04
 155.3599282,3.4587926e+04
 155.3803625,3.4569062e+04
 155.4007967,3.4583344e+04
 155.4212310,3.4595910e+04
 155.4416653,3.4591258e+04
 155.4620996,3.4602590e+04
 155.4825338,3.4589039e+04
 155.5029681,3.4594051e+04
 155.5234023,3.4581180e+04
 155.5438366,3.4595395e+04
 155.5642709,         null
 155.5847051,3.4591133e+04
 155.6051394,3.4574980e+04
 155.6255737,3.4583016e+04
 155.6460080,3.4586629e+04
 155.6664421,3.4577691e+04
 155.6868765,3.4585105e+04
 155.7073108,3.4579422e+04
 155.7277449,3.4593082e+04
 155.7481792,3.4586164e+04
 155.7686136,3.4590812e+04
 155.7890477,3.4560574e+04
 155.8094820,3.4589977e+04
 155.8299164,3.4586895e+04
 155.8503505,3.4585461e+04
 155.8707848,3.4586684e+04
 155.8912191,3.4585871e+04
 155.9116534,3.4586176e+04
 155.9320876,3.4580895e+04
 155.9525218,3.4590973e+04
 155.9729562,3.4595969e+04
 155.9933904,3.4581473e+04
 156.0138246,3.4585184e+04
 156.0342588,3.4580996e+04
 156.0546932,3.4577340e+04
 156.0751274,3.4581551e+04
 156.0955617,3.4580883e+04
 156.1159960,3.4590594e+04
 156.1364302,3.4580594e+04
 156.1568645,3.4522285e+04
 156.1772986,3.4514641e+04
 156.1977330,3.4514180e+04
 156.2181673,3.4513586e+04
 156.2386014,3.4530934e+04
 156.2590357,3.4512547e+04
 156.2794700,3.4513633e+04
 156.2999042,3.4510375e+04
 156.3203385,3.4515480e+04
 156.3407728,3.4558434e+04
 156.3612070,3.4578391e+04
 156.3816412,3.4593844e+04
 156.4020755,3.4574324e+04
 156.4225099,3.4577754e+04
 156.4429440,3.4576020e+04
 156.4633783,3.4598953e+04
 156.4838126,3.4579172e+04
 156.5042468,3.4597082e+04
 156.5246810,3.4581570e+04
 156.5451153,3.4593477e+04
 156.5655496,3.4594781e+04
 156.5859838,3.4593805e+04
 156.6064181,3.4581613e+04
 156.6268523,3.4587383e+04
 156.6472866,3.4601430e+04
 156.6677208,3.4595230e+04
 156.6881551,3.4582410e+04
 156.7085893,3.4571625e+04
 156.7290236,3.4579371e+04
 156.7494579,3.4593074e+04
 156.7698920,3.4585410e+04
 156.7903264,3.4594988e+04
 156.8107606,3.4583512e+04
 156.8311949,3.4584754e+04
 156.8516291,3.4589180e+04
 156.8720634,3.4579586e+04
 156.8924976,3.4577012e+04
 156.9129318,3.4592215e+04
 156.9333661,3.4587160e+04
 156.9538004,3.4585988e+04
 156.9742345,3.4580820e+04
 156.9946689,3.4570238e+04
 157.0151031,3.4570176e+04
 157.0355373,3.4585277e+04
 157.0559715,3.4581605e+04
 157.0764059,3.4602461e+04
 157.0968400,3.4571316e+04
 157.1172743,3.4584395e+04
 157.1377086,3.4581133e+04
 157.1581429,3.4578691e+04
 157.1785770,3.4579324e+04
 157.1990113,3.4583469e+04
 157.2194456,3.4600910e+04
 157.2398798,3.4573617e+04
 157.2603140,3.4596777e+04
 157.2807483,3.4573125e+04
 157.3011825,3.4601711e+04
 157.3216168,3.4569273e+04
 157.3420510,3.4574637e+04
 157.3624853,3.4592652e+04
 157.3829195,3.4599887e+04
 157.4033538,3.4581934e+04
 157.4237879,3.4566062e+04
 157.4442223,3.4570785e+04
 157.4646565,3.4576629e+04
 157.4850907,3.4585262e+04
 157.5055250,3.4592145e+04
 157.5259593,3.4594891e+04
 157.5463934,3.4584008e+04
 157.5668276,3.4595715e+04
 157.5872620,3.4584738e+04
 157.6076961,3.4583695e+04
 157.6281304,3.4582836e+04
 157.6485647,3.4578695e+04
 157.6689990,3.4592309e+04
 157.6894331,3.4595941e+04
 157.7098673,3.4586812e+04
 157.7303017,3.4574777e+04
 157.7507358,3.4602945e+04
 157.7711701,3.4582746e+04
 157.7916044,3.4578293e+04
 157.8120386,3.4583363e+04
 157.8324728,3.4575566e+04
 157.8529070,3.4590965e+04
 157.8733413,3.4592617e+04
 157.8937755,3.4605414e+04
 157.9142098,3.4586391e+04
 157.9346439,3.4593461e+04
 157.9550782,3.4577551e+04
 157.9755125,3.4575379e+04
 157.9959466,3.4578164e+04
 158.0163810,3.4585430e+04
 158.0368152,3.4582266e+04
 158.0572493,3.4601008e+04
 158.0776836,3.4585129e+04
 158.0981179,3.4581738e+04
 158.1185522,3.4584781e+04
 158.1389863,3.4577676e+04
 158.1594206,3.4597086e+04
 158.1798549,3.4577184e+04
 158.2002890,3.4597578e+04
 158.2207232,3.4582617e+04
 158.2411576,3.4601070e+04
 158.2615917,         null
 158.2820260,3.4592805e+04
 158.3024603,3.4590535e+04
 158.3228945,3.4595348e+04
 158.3433287,3.4594598e+04
 158.3637629,3.4590602e+04
 158.3841972,3.4596246e+04
 158.4046315,3.4580234e+04
 158.4250656,3.4596777e+04
 158.4454998,3.4584969e+04
 158.4659342,3.4598996e+04
 158.4863683,3.4590297e+04
 158.5068025,3.4599855e+04
 158.5272369,3.4601297e+04
 158.5476710,3.4588570e+04
 158.5681052,3.4588176e+04
 158.5885395,3.4589926e+04
 158.6089737,3.4590516e+04
 158.6294079,3.4595883e+04
 158.6498422,3.4600672e+04
 158.6702765,3.4592348e+04
 158.6907106,3.4586344e+04
 158.7111449,3.4579160e+04
 158.7315790,3.4602949e+04
 158.7520133,3.4599406e+04
 158.7724475,3.4604203e+04
 158.7928818,3.4592922e+04
 158.8133160,3.4589746e+04
 158.8337502,3.4587438e+04
 158.8541845,3.4596145e+04
 158.8746186,3.4596652e+04
 158.8950529,3.4602043e+04
 158.9154871,3.4596422e+04
 158.9359213,3.4574023e+04
 158.9563556,3.4584453e+04
 158.9767898,3.4575621e+04
 158.9972240,3.4602805e+04
 159.0176582,3.4585277e+04
 159.0380925,3.4579969e+04
 159.0585266,3.4587309e+04
 159.0789609,3.4583234e+04
 159.0993951,3.4593660e+04
 159.1198294,3.4594000e+04
 159.1402635,3.4596871e+04
 159.1606978,3.4588711e+04
 159.1811321,3.4595426e+04
 159.2015662,3.4575695e+04
 159.2220004,3.4576250e+04
 159.2424346,3.4604121e+04
 159.2628689,3.4604184e+04
 159.2833031,3.4600094e+04
 159.3037373,3.4587312e+04
 159.3241716,3.4591371e+04
 159.3446058,3.4573414e+04
 159.3650400,3.4589547e+04
 159.3854741,3.4596113e+04
 159.4059085,3.4597719e+04
 159.4263427,3.4583457e+04
 159.4467768,3.4587531e+04
 159.4672111,3.4583051e+04
 159.4876453,3.4603523e+04
 159.5080795,3.4617625e+04
 159.5285137,3.4600246e+04
 159.5489480,3.4574031e+04
 159.5693821,3.4583734e+04
 159.5898163,3.4571285e+04
 159.6102506,3.4577059e+04
 159.6306849,3.4598090e+04
 159.6511190,3.4595625e+04
 159.6715532,3.4591219e+04
 159.6919875,3.4589051e+04
 159.7124217,3.4589934e+04
 159.7328559,3.4583602e+04
 159.7532901,3.4586848e+04
 159.7737243,3.4603250e+04
 159.7941585,3.4595168e+04
 159.8145927,3.4575664e+04
 159.8350270,3.4584500e+04
 159.8554612,3.4589461e+04
 159.8758954,3.4598562e+04
 159.8963295,3.4597844e+04
 159.9167638,3.4608035e+04
 159.9371980,3.4585770e+04
 159.9576323,3.4595840e+04
 159.9780665,3.4593379e+04
 159.9985007,3.4588801e+04
 160.0189349,3.4592980e+04
 160.0393691,3.4606316e+04
 160.0598033,3.4590137e+04
 160.0802375,3.4593578e+04
 160.1006718,3.4577359e+04
 160.1211059,3.4578262e+04
 160.1415402,3.4598422e+04
 160.1619744,3.4595324e+04
 160.1824085,3.4594512e+04
 160.2028428,3.4578574e+04
 160.2232770,3.4591973e+04
 160.2437112,3.4574039e+04
 160.2641454,3.4570836e+04
 160.2845797,3.4595680e+04
 160.3050138,3.4580469e+04
 160.3254480,3.4596816e+04
 160.3458823,3.4585539e+04
 160.3663165,3.4589469e+04
 160.3867506,3.4595926e+04
 160.4071848,3.4590652e+04
 160.4276191,3.4596594e+04
 160.4480533,3.4600215e+04
 160.4684875,3.4601953e+04
 160.4889218,3.4572688e+04
 160.5093559,3.4582680e+04
 160.5297901,3.4577941e+04
 160.5502243,3.4585316e+04
 160.5706585,3.4589152e+04
 160.5910927,3.4596043e+04
 160.6115269,3.4593418e+04
 160.6319610,3.4577461e+04
 160.6523953,3.4584289e+04
 160.6728295,3.4588945e+04
 160.6932636,3.4597691e+04
 160.7136980,3.4581309e+04
 160.7341322,3.4581984e+04
 160.7545663,3.4576691e+04
 160.7750005,3.4583570e+04
 160.7954348,3.4580270e+04
 160.8158690,3.4577039e+04
 160.8363031,3.4587066e+04
 160.8567374,3.4588059e+04
 160.8771716,3.4600336e+04
 160.8976057,3.4584145e+04
 160.9180399,3.4590320e+04
 160.9384742,3.4573637e+04
 160.9589083,3.4576668e+04
 160.9793425,3.4576008e+04
 160.9997768,3.4604562e+04
 161.0202109,3.4603750e+04
 161.0406451,3.4589070e+04
 161.0610793,3.4595012e+04
 161.0815135,3.4581488e+04
 161.1019477,3.4589926e+04
 161.1223819,3.4571141e+04
 161.1428162,3.4596395e+04
 161.1632503,3.4593414e+04
 161.1836845,3.4592797e+04
 161.2041186,3.4593453e+04
 161.2245529,3.4586180e+04
 161.2449871,         null
 161.2654213,3.4573344e+04
 161.2858554,3.4592340e+04
 161.3062897,3.4575336e+04
 161.3267239,3.4602805e+04
 161.3471580,3.4601875e+04
 161.3675923,3.4598117e+04
 161.3880265,3.4592363e+04
 161.4084606,3.4578586e+04
 161.4288948,3.4586262e+04
 161.4493291,3.4585316e+04
 161.4697632,3.4593898e+04
 161.4901974,3.4582301e+04
 161.5106317,3.4587055e+04
 161.5310658,3.4589035e+04
 161.5515000,3.4597234e+04
 161.5719342,3.4606496e+04
 161.5923685,3.4592363e+04
 161.6128026,3.4604301e+04
 161.6332368,3.4586453e+04
 161.6536711,3.4584684e+04
 161.6741052,3.4594988e+04
 161.6945393,3.4593055e+04
 161.7149735,3.4582746e+04
 161.7354078,3.4596352e+04
 161.7558419,3.4585117e+04
 161.7762761,3.4576141e+04
 161.7967103,3.4576887e+04
 161.8171445,3.4585504e+04
 161.8375787,3.4590215e+04
 161.8580129,3.4596594e+04
 161.8784472,3.4565324e+04
 161.8988813,3.4550582e+04
 161.9193155,3.4600070e+04
 161.9397495,3.4618273e+04
 161.9601838,3.4583145e+04
 161.9806180,3.4592402e+04
 162.0010522,3.4601547e+04
 162.0214864,3.4597656e+04
 162.0419206,3.4586242e+04
 162.0623548,3.4583551e+04
 162.0827889,3.4601438e+04
 162.1032232,3.4599004e+04
 162.1236573,3.4577832e+04
 162.1440914,3.4582367e+04
 162.1645257,3.4597785e+04
 162.1849599,3.4597215e+04
 162.2053940,3.4596383e+04
 162.2258282,3.4593113e+04
 162.2462625,3.4585180e+04
 162.2666966,3.4590363e+04
 162.2871307,3.4587566e+04
 162.3075650,3.4594309e+04
 162.3279992,3.4608969e+04
 162.3484333,3.4595855e+04
 162.3688675,3.4590457e+04
 162.3893018,3.4585133e+04
 162.4097359,3.4582398e+04
 162.4301700,3.4604027e+04
 162.4506041,3.4599758e+04
 162.4710384,3.4596344e+04
 162.4914726,3.4593840e+04
 162.5119062,3.4587121e+04
 162.5323405,3.4573957e+04
 162.5527745,3.4598277e+04
 162.5732087,3.4587414e+04
 162.5936429,3.4601441e+04
 162.6140772,3.4584855e+04
 162.6345113,3.4601270e+04
 162.6549454,3.4591070e+04
 162.6753797,3.4585250e+04
 162.6958138,3.4585953e+04
 162.7162480,3.4587703e+04
 162.7366822,3.4583695e+04
 162.7571163,3.4587805e+04
 162.7775505,3.4594207e+04
 162.7979847,3.4590758e+04
 162.8184189,3.4591684e+04
 162.8388531,3.4582824e+04
 162.8592872,3.4580391e+04
 162.8797213,3.4601582e+04
 162.9001556,3.4578043e+04
 162.9205898,3.4589441e+04
 162.9410239,3.4593684e+04
 162.9614580,3.4593375e+04
 162.9818923,3.4590348e+04
 163.0023264,3.4591445e+04
 163.0227606,3.4587566e+04
 163.0431948,3.4577043e+04
 163.0636290,3.4576453e+04
 163.0840631,3.4594559e+04
 163.1044973,3.4589660e+04
 163.1249315,3.4591312e+04
 163.1453656,3.4579363e+04
 163.1657998,3.4594629e+04
 163.1862341,3.4592305e+04
 163.2066681,3.4602547e+04
 163.2271023,3.4601977e+04
 163.2475365,3.4602977e+04
 163.2679707,3.4590070e+04
 163.2884048,3.4585738e+04
 163.3088390,3.4595684e+04
 163.3292733,3.4589609e+04
 163.3497074,3.4598949e+04
 163.3701415,3.4591664e+04
 163.3905756,3.4596836e+04
 163.4110099,3.4586348e+04
 163.4314440,3.4583645e+04
 163.4518781,3.4604805e+04
 163.4723124,3.4609750e+04
 163.4927466,3.4601504e+04
 163.5131807,3.4600113e+04
 163.5336148,3.4589832e+04
 163.5540491,3.4578168e+04
 163.5744832,3.4579273e+04
 163.5949173,3.4597668e+04
 163.6153515,3.4591355e+04
 163.6357857,3.4590039e+04
 163.6562198,3.4578945e+04
 163.6766540,3.4585430e+04
 163.6970882,3.4586184e+04
 163.7175223,3.4584023e+04
 163.7379565,3.4598320e+04
 163.7583906,3.4605453e+04
 163.7788248,3.4580496e+04
 163.7992590,3.4587613e+04
 163.8196931,3.4583152e+04
 163.8401274,3.4579637e+04
 163.8605615,3.4577863e+04
 163.8809956,3.4598051e+04
 163.9014297,3.4594508e+04
 163.9218640,3.4586551e+04
 163.9422981,3.4591273e+04
 163.9627323,3.4574145e+04
 163.9831665,3.4592941e+04
 164.0036006,3.4587793e+04
 164.0240348,3.4598793e+04
 164.0444689,3.4594355e+04
 164.0649031,3.4600027e+04
 164.0853373,3.4588633e+04
 164.1057714,3.4590039e+04
 164.1262055,3.4588676e+04
 164.1466398,3.4593508e+04
 164.1670738,3.4603984e+04
 164.1875080,3.4570094e+04
 164.2079423,3.4590145e+04
 164.2283764,         null
 164.2488105,3.4593777e+04
 164.2692446,3.4593270e+04
 164.2896788,3.4579750e+04
 164.3101130,3.4584301e+04
 164.3305471,3.4575848e+04
 164.3509814,3.4592457e+04
 164.3714155,3.4571488e+04
 164.3918496,3.4576219e+04
 164.4122837,3.4591383e+04
 164.4327179,3.4592098e+04
 164.4531521,3.4603855e+04
 164.4735862,3.4581402e+04
 164.4940205,3.4583863e+04
 164.5144545,3.4596398e+04
 164.5348887,3.4597070e+04
 164.5553228,3.4606980e+04
 164.5757570,3.4591574e+04
 164.5961912,3.4587129e+04
 164.6166253,3.4593102e+04
 164.6370594,3.4586570e+04
 164.6574936,3.4591973e+04
 164.6779278,3.4582812e+04
 164.6983619,3.4596086e+04
 164.7187961,3.4579770e+04
 164.7392302,3.4584617e+04
 164.7596644,3.4591551e+04
 164.7800985,3.4581973e+04
 164.8005327,3.4585031e+04
 164.8209669,3.4586844e+04
 164.8414009,3.4571473e+04
 164.8618352,3.4607422e+04
 164.8822693,3.4587910e+04
 164.9027034,3.4594742e+04
 164.9231375,3.4577914e+04
 164.9435718,3.4596074e+04
 164.9640058,3.4565680e+04
 164.9844400,3.4589250e+04
