        TIME,  PDCSAP_FLUX
 131.5126505,2.9597602e+04
 131.5330849,2.9591818e+04
 131.5535192,2.9599361e+04
 131.5739534,2.9583281e+04
 131.5943878,2.9586197e+04
 131.6148222,2.9574449e+04
 131.6352564,2.9581859e+04
 131.6556907,2.9578416e+04
 131.6761252,2.9572213e+04
 131.6965595,2.9580078e+04
 131.7169937,2.9574818e+04
 131.7374280,2.9577152e+04
 131.7578625,2.9555363e+04
 131.7782967,2.9568277e+04
 131.7987310,2.9561275e+04
 131.8191654,2.9568584e+04
 131.8395996,2.9560979e+04
 131.8600340,2.9559854e+04
 131.8804683,2.9545037e+04
 131.9009026,2.9557379e+04
 131.9213369,2.9545150e+04
 131.9417713,2.9541119e+04
 131.9622056,2.9545479e+04
 131.9826399,2.9533973e+04
 132.0030742,2.9547098e+04
 132.0235085,2.9540021e+04
 132.0439429,2.9544383e+04
 132.0643772,2.9539289e+04
 132.0848114,2.9537605e+04
 132.1052457,2.9534777e+04
 132.1256802,2.9517322e+04
 132.1461144,2.9517186e+04
 132.1665487,2.9523961e+04
 132.1869831,2.9511359e+04
 132.2074175,2.9530170e+04
 132.2278517,2.9521656e+04
 132.2482860,2.9516842e+04
 132.2687204,2.9510412e+04
 132.2891546,2.9525615e+04
 132.3095890,2.9508816e+04
 132.3300234,2.9512213e+04
 132.3504576,2.9509463e+04
 132.3708919,2.9501053e+04
 132.3913262,2.9616004e+04
 132.4117606,2.9494781e+04
 132.4321949,2.9492643e+04
 132.4526292,2.9494377e+04
 132.4730636,2.9499105e+04
 132.4934979,2.9487287e+04
 132.5139322,2.9487141e+04
 132.5343664,2.9495930e+04
 132.5548008,2.9479768e+04
 132.5752351,2.9490402e+04
 132.5956694,2.9490127e+04
 132.6161038,2.9485600e+04
 132.6365381,2.9490389e+04
 132.6569724,2.9487270e+04
 132.6774066,2.9478865e+04
 132.6978411,2.9484928e+04
 132.7182754,2.9479309e+04
 132.7387096,2.9473049e+04
 132.7591440,2.9473920e+04
 132.7795783,2.9468463e+04
 132.8000125,2.9480355e+04
 132.8204469,2.9468650e+04
 132.8408813,2.9476607e+04
 132.8613155,2.9472531e+04
 132.8817498,2.9477049e+04
 132.9021842,2.9477992e+04
 132.9226185,2.9466447e+04
 132.9430528,2.9476125e+04
 132.9634871,2.9475457e+04
 132.9839215,2.9464760e+04
 133.0043557,2.9463521e+04
 133.0247900,2.9466793e+04
 133.0452244,2.9458277e+04
 133.0656587,2.9465363e+04
 133.0860930,2.9464574e+04
 133.1065273,2.9460988e+04
 133.1269616,2.9459350e+04
 133.1473960,2.9457455e+04
 133.1678303,2.9459027e+04
 133.1882646,2.9458969e+04
 133.2086990,2.9455119e+04
 133.2291332,2.9451273e+04
 133.2495675,2.9455900e+04
 133.2700019,2.9453104e+04
 133.2904362,2.9453363e+04
 133.3108705,2.9463404e+04
 133.3313047,2.9452191e+04
 133.3517391,2.9457846e+04
 133.3721734,2.9457633e+04
 133.3926077,2.9457906e+04
 133.4130421,2.9460576e+04
 133.4334764,2.9458553e+04
 133.4539107,2.9467121e+04
 133.4743449,2.9448121e+04
 133.4947793,2.9439916e+04
 133.5152136,2.9449514e+04
 133.5356479,2.9458129e+04
 133.5560823,2.9443438e+04
 133.5765166,2.9447555e+04
 133.5969508,2.9438951e+04
 133.6173851,2.9444719e+04
 133.6378195,2.9436002e+04
 133.6582538,2.9438738e+04
 133.6786881,2.9454215e+04
 133.6991225,2.9442098e+04
 133.7195568,2.9439205e+04
 133.7399910,2.9439473e+04
 133.7604253,2.9447379e+04
 133.7808597,2.9446047e+04
 133.8012939,2.9448338e+04
 133.8217283,2.9448348e+04
 133.8421626,2.9433584e+04
 133.8625969,2.9437559e+04
 133.8830312,2.9434529e+04
 133.9034655,2.9434389e+04
 133.9238998,2.9436115e+04
 133.9443341,2.9434262e+04
 133.9647684,2.9436613e+04
 133.9852027,2.9443930e+04
 134.0056371,2.9440494e+04
 134.0260714,2.9436041e+04
 134.0465056,2.9439480e+04
 134.0669400,2.9434588e+04
 134.0873743,2.9437762e+04
 134.1078085,2.9542014e+04
 134.1282428,2.9422094e+04
 134.1486773,2.9433842e+04
 134.1691116,2.9428031e+04
 134.1895458,2.9433041e+04
 134.2099802,2.9433568e+04
 134.2304145,2.9438334e+04
 134.2508487,2.9429590e+04
 134.2712830,2.9450734e+04
 134.2917174,2.9427064e+04
 134.3121516,2.9432705e+04
 134.3325860,2.9428691e+04
 134.3530204,2.9437398e+04
 134.3734546,2.9441932e+04
 134.3938889,         null
 134.4143232,2.9427258e+04
 134.4347575,2.9433348e+04
 134.4551918,2.9437691e+04
 134.4756261,2.9441336e+04
 134.4960605,2.9443441e+04
 134.5164947,2.9434406e+04
 134.5369291,2.9429080e+04
 134.5573633,2.9446725e+04
 134.5777977,2.9445887e+04
 134.5982320,2.9445635e+04
 134.6186662,2.9435496e+04
 134.6391005,2.9440105e+04
 134.6595349,2.9443277e+04
 134.6799692,2.9441596e+04
 134.7004035,2.9447166e+04
 134.7208378,2.9439178e+04
 134.7412721,2.9443562e+04
 134.7617064,2.9448564e+04
 134.7821407,2.9463230e+04
 134.8025751,2.9451373e+04
 134.8230094,2.9456131e+04
 134.8434436,2.9440465e+04
 134.8638780,2.9450404e+04
 134.8843123,2.9448824e+04
 134.9047466,2.9444461e+04
 134.9251808,2.9459625e+04
 134.9456152,2.9447062e+04
 134.9660495,2.9453973e+04
 134.9864837,2.9453842e+04
 135.0069181,2.9458744e+04
 135.0273525,2.9461088e+04
 135.0477867,2.9470627e+04
 135.0682210,2.9467465e+04
 135.0886554,2.9465330e+04
 135.1090896,2.9470506e+04
 135.1295239,2.9473072e+04
 135.1499583,2.9458428e+04
 135.1703926,2.9469527e+04
 135.1908268,2.9472842e+04
 135.2112611,2.9475354e+04
 135.2316955,2.9481689e+04
 135.2521297,2.9485783e+04
 135.2725640,2.9482869e+04
 135.2929982,2.9482701e+04
 135.3134326,2.9478256e+04
 135.3338669,2.9481758e+04
 135.3543011,2.9494514e+04
 135.3747356,2.9477574e+04
 135.3951699,2.9496639e+04
 135.4156042,2.9490652e+04
 135.4360384,2.9489516e+04
 135.4564728,2.9507340e+04
 135.4769071,2.9513680e+04
 135.4973413,2.9506016e+04
 135.5177757,2.9498285e+04
 135.5382100,2.9519406e+04
 135.5586442,2.9513508e+04
 135.5790785,2.9502740e+04
 135.5995129,2.9516217e+04
 135.6199471,2.9514160e+04
 135.6403814,2.9527973e+04
 135.6608158,2.9537768e+04
 135.6812501,2.9528041e+04
 135.7016843,2.9536127e+04
 135.7221186,2.9530252e+04
 135.7425530,2.9531693e+04
 135.7629872,2.9552922e+04
 135.7834215,2.9546428e+04
 135.8038559,2.9548480e+04
 135.8242901,2.9546510e+04
 135.8447244,2.9545770e+04
 135.8651587,2.9561795e+04
 135.8855930,2.9558295e+04
 135.9060273,2.9553717e+04
 135.9264616,2.9568564e+04
 135.9468958,2.9574424e+04
 135.9673302,2.9576121e+04
 135.9877645,2.9580973e+04
 136.0081987,2.9582504e+04
 136.0286332,2.9592777e+04
 136.0490675,2.9601674e+04
 136.0695017,2.9585500e+04
 136.0899360,2.9589080e+04
 136.1103704,2.9585699e+04
 136.1308047,2.9600926e+04
 136.1512389,2.9609109e+04
 136.1716733,2.9598141e+04
 136.1921076,2.9607666e+04
 136.2125418,2.9593615e+04
 136.2329761,2.9602697e+04
 136.2534105,2.9612506e+04
 136.2738447,2.9614396e+04
 136.2942790,2.9610602e+04
 136.3147134,2.9613316e+04
 136.3351476,2.9624193e+04
 136.3555819,2.9621529e+04
 136.3760162,2.9629238e+04
 136.3964505,2.9623674e+04
 136.4168848,2.9624195e+04
 136.4373191,2.9639703e+04
 136.4577534,2.9635814e+04
 136.4781876,2.9645627e+04
 136.4986219,2.9654139e+04
 136.5190562,2.9644258e+04
 136.5394905,2.9640795e+04
 136.5599248,2.9660607e+04
 136.5803591,2.9670350e+04
 136.6007934,2.9658051e+04
 136.6212277,2.9685488e+04
 136.6416620,2.9666082e+04
 136.6620963,2.9657967e+04
 136.6825306,2.9671447e+04
 136.7029649,2.9665650e+04
 136.7233992,2.9672734e+04
 136.7438334,2.9668941e+04
 136.7642678,2.9676443e+04
 136.7847021,2.9681639e+04
 136.8051363,2.9680512e+04
 136.8255707,2.9675385e+04
 136.8460050,2.9680654e+04
 136.8664393,2.9687021e+04
 136.8868735,2.9696912e+04
 136.9073079,2.9685957e+04
 136.9277422,2.9696457e+04
 136.9481764,2.9708988e+04
 136.9686108,2.9704219e+04
 136.9890451,2.9706555e+04
 137.0094793,2.9705328e+04
 137.0299136,2.9706141e+04
 137.0503480,2.9704758e+04
 137.0707822,2.9730600e+04
 137.0912165,2.9709602e+04
 137.1116508,2.9713607e+04
 137.1320850,2.9720684e+04
 137.1525193,2.9715770e+04
 137.1729536,2.9729223e+04
 137.1933880,2.9721303e+04
 137.2138222,2.9721396e+04
 137.2342565,2.9730143e+04
 137.2546907,2.9721152e+04
 137.2751251,2.9727652e+04
 137.2955594,2.9718062e+04
 137.3159936,2.9728488e+04
 137.3364280,2.9730096e+04
 137.3568623,2.9736627e+04
 137.3772966,         null
 137.3977308,2.9741490e+04
 137.4181652,2.9734619e+04
 137.4385994,2.9744055e+04
 137.4590336,2.9738719e+04
 137.4794680,2.9741805e+04
 137.4999023,2.9747336e+04
 137.5203365,2.9745426e+04
 137.5407708,2.9758834e+04
 137.5612052,2.9759789e+04
 137.5816394,2.9756459e+04
 137.6020737,2.9756318e+04
 137.6225081,2.9769154e+04
 137.6429424,2.9758762e+04
 137.6633766,2.9754662e+04
 137.6838109,2.9765545e+04
 137.7042452,2.9758438e+04
 137.7246794,2.9754568e+04
 137.7451137,2.9759486e+04
 137.7655481,2.9763727e+04
 137.7859823,2.9761943e+04
 137.8064166,2.9764770e+04
 137.8268508,2.9757604e+04
 137.8472852,2.9760266e+04
 137.8677195,2.9764363e+04
 137.8881538,2.9756744e+04
 137.9085880,2.9766994e+04
 137.9290223,2.9776395e+04
 137.9494566,2.9768605e+04
 137.9698908,2.9770184e+04
 137.9903252,2.9771293e+04
 138.0107595,2.9776471e+04
 138.0311937,2.9771922e+04
 138.0516280,2.9777852e+04
 138.0720624,3.0023400e+04
 138.0924967,2.9772805e+04
 138.1129308,2.9772332e+04
 138.1333652,2.9760217e+04
 138.1537995,2.9776838e+04
 138.1742337,2.9777303e+04
 138.1946680,2.9780234e+04
 138.2151024,2.9771529e+04
 138.2355367,2.9773680e+04
 138.2559709,2.9771832e+04
 138.2764053,2.9785344e+04
 138.2968395,2.9783635e+04
 138.3172737,2.9774289e+04
 138.3377080,2.9777623e+04
 138.3581424,2.9779045e+04
 138.3785767,2.9777914e+04
 138.3990109,2.9772842e+04
 138.4194453,2.9778586e+04
 138.4398796,2.9771516e+04
 138.4603137,2.9767658e+04
 138.4807480,2.9762035e+04
 138.5011824,2.9767545e+04
 138.5216166,2.9778893e+04
 138.5420509,2.9774781e+04
 138.5624852,2.9773684e+04
 138.5829195,2.9769350e+04
 138.6033537,2.9764215e+04
 138.6237880,2.9781572e+04
 138.6442223,2.9775439e+04
 138.6646566,2.9768789e+04
 138.6850909,2.9767900e+04
 138.7055251,2.9775055e+04
 138.7259595,2.9813537e+04
 138.7463937,2.9762809e+04
 138.7668279,2.9769238e+04
 138.7872623,2.9767271e+04
 138.8076966,2.9768055e+04
 138.8281308,2.9759227e+04
 138.8485651,2.9761189e+04
 138.8689994,2.9781682e+04
 138.8894337,2.9759891e+04
 138.9098679,2.9755627e+04
 138.9303023,2.9759023e+04
 138.9507366,2.9764646e+04
 138.9711708,2.9757428e+04
 138.9916050,2.9744271e+04
 139.0120394,2.9766551e+04
 139.0324736,2.9744852e+04
 139.0529079,2.9745361e+04
 139.0733423,2.9758205e+04
 139.0937765,2.9740730e+04
 139.1142107,2.9743836e+04
 139.1346450,2.9739820e+04
 139.1550793,2.9749691e+04
 139.1755136,2.9735723e+04
 139.1959479,2.9735449e+04
 139.2163821,2.9737043e+04
 139.2368164,2.9732057e+04
 139.2572507,2.9731631e+04
 139.2776849,2.9725852e+04
 139.2981193,2.9731561e+04
 139.3185536,2.9726604e+04
 139.3389878,2.9730113e+04
 139.3594220,2.9719602e+04
 139.3798564,2.9717689e+04
 139.4002907,2.9723154e+04
 139.4207249,2.9713105e+04
 139.4411593,2.9718338e+04
 139.4615935,2.9706930e+04
 139.4820277,2.9700725e+04
 139.5024620,2.9701090e+04
 139.5228964,2.9705457e+04
 139.5433306,2.9704260e+04
 139.5637648,2.9694803e+04
 139.5841992,2.9702330e+04
 139.6046334,2.9704893e+04
 139.6250677,2.9697971e+04
 139.6455019,2.9684061e+04
 139.6659363,2.9684734e+04
 139.6863705,2.9691887e+04
 139.7068048,2.9680652e+04
 139.7272391,2.9682707e+04
 139.7476733,2.9675301e+04
 139.7681076,2.9681811e+04
 139.7885419,2.9681650e+04
 139.8089762,2.9683656e+04
 139.8294105,2.9680096e+04
 139.8498447,2.9673805e+04
 139.8702790,2.9676270e+04
 139.8907133,2.9670885e+04
 139.9111476,2.9677291e+04
 139.9315818,2.9663664e+04
 139.9520162,2.9665977e+04
 139.9724504,2.9658725e+04
 139.9928847,2.9665930e+04
 140.0133189,2.9650262e+04
 140.0337532,2.9685973e+04
 140.0541875,2.9663758e+04
 140.0746218,2.9646180e+04
 140.0950561,2.9648176e+04
 140.1154903,2.9640150e+04
 140.1359246,2.9652881e+04
 140.1563588,2.9644574e+04
 140.1767932,2.9649316e+04
 140.1972274,2.9638719e+04
 140.2176616,2.9632057e+04
 140.2380960,2.9643535e+04
 140.2585303,2.9649189e+04
 140.2789644,2.9642086e+04
 140.2993987,2.9635385e+04
 140.3198331,2.9634572e+04
 140.3402673,2.9630807e+04
 140.3607015,         null
 140.3811358,2.9632096e+04
 140.4015702,2.9623910e+04
 140.4220044,2.9625566e+04
 140.4424386,2.9621041e+04
 140.4628730,2.9612113e+04
 140.4833072,2.9613959e+04
 140.5037415,2.9621854e+04
 140.5241756,2.9617588e+04
 140.5446100,2.9611697e+04
 140.5650443,2.9601869e+04
 140.5854786,2.9605920e+04
 140.6059128,2.9588785e+04
 140.6263471,2.9602545e+04
 140.6467814,2.9597568e+04
 140.6672155,2.9594795e+04
 140.6876499,2.9606406e+04
 140.7080842,2.9609086e+04
 140.7285184,2.9596980e+04
 140.7489527,2.9590402e+04
 140.7693870,2.9583809e+04
 140.7898212,2.9601082e+04
 140.8102555,2.9584271e+04
 140.8306898,2.9587740e+04
 140.8511241,2.9583070e+04
 140.8715583,2.9599227e+04
 140.8919925,2.9579387e+04
 140.9124269,2.9579713e+04
 140.9328611,2.9578881e+04
 140.9532953,2.9581471e+04
 140.9737297,2.9582779e+04
 140.9941639,2.9584535e+04
 141.0145982,2.9576201e+04
 141.0350324,2.9573277e+04
 141.0554667,2.9555793e+04
 141.0759010,2.9569338e+04
 141.0963352,2.9552539e+04
 141.1167695,2.9568408e+04
 141.1372038,2.9563623e+04
 141.1576380,2.9559744e+04
 141.1780722,2.9559730e+04
 141.1985066,2.9549184e+04
 141.2189409,2.9552059e+04
 141.2393750,2.9553256e+04
 141.2598094,2.9547068e+04
 141.2802437,2.9547795e+04
 141.3006778,2.9534092e+04
 141.3211121,2.9552500e+04
 141.3415465,2.9545662e+04
 141.3619807,2.9546295e+04
 141.3824149,2.9552051e+04
 141.4028492,2.9541033e+04
 141.4232835,2.9539770e+04
 141.4437178,2.9549268e+04
 141.4641520,2.9545840e+04
 141.4845863,2.9541336e+04
 141.5050206,2.9569227e+04
 141.5254548,2.9549609e+04
 141.5458890,2.9534324e+04
 141.5663233,2.9546293e+04
 141.5867577,2.9538213e+04
 141.6071918,2.9543334e+04
 141.6276262,2.9542803e+04
 141.6480605,2.9536648e+04
 141.6684946,2.9543744e+04
 141.6889289,2.9538502e+04
 141.7093633,2.9537082e+04
 141.7297974,2.9540139e+04
 141.7502317,2.9542641e+04
 141.7706661,2.9543814e+04
 141.7911002,2.9538918e+04
 141.8115345,2.9545789e+04
 141.8319688,2.9556209e+04
 141.8524030,2.9535227e+04
 141.8728373,2.9549371e+04
 141.8932716,2.9543982e+04
 141.9137059,2.9530709e+04
 141.9341401,2.9549586e+04
 141.9545743,2.9537869e+04
 141.9750085,2.9542803e+04
 141.9954429,2.9541959e+04
 142.0158771,2.9547025e+04
 142.0363113,2.9544145e+04
 142.0567456,2.9541758e+04
 142.0771799,2.9538750e+04
 142.0976142,2.9545941e+04
 142.1180484,2.9545672e+04
 142.1384827,2.9545064e+04
 142.1589170,2.9560711e+04
 142.1793511,2.9549047e+04
 142.1997854,2.9547543e+04
 142.2202198,2.9563320e+04
 142.2406539,2.9549879e+04
 142.2610882,2.9559145e+04
 142.2815226,2.9556172e+04
 142.3019567,2.9556973e+04
 142.3223910,2.9559740e+04
 142.3428252,2.9563512e+04
 142.3632596,2.9563014e+04
 142.3836938,2.9562957e+04
 142.4041280,2.9550947e+04
 142.4245624,2.9548652e+04
 142.4449965,2.9561598e+04
 142.4654308,2.9566260e+04
 142.4858650,2.9565639e+04
 142.5062993,2.9568029e+04
 142.5267336,2.9565166e+04
 142.5471678,2.9577457e+04
 142.5676020,2.9749631e+04
 142.5880364,2.9567084e+04
 142.6084706,2.9564736e+04
 142.6289048,2.9580844e+04
 142.6493391,2.9579076e+04
 142.6697734,2.9578916e+04
 142.6902076,2.9582637e+04
 142.7106418,2.9580258e+04
 142.7310762,2.9588402e+04
 142.7515103,2.9588018e+04
 142.7719446,2.9590125e+04
 142.7923790,2.9591250e+04
 142.8128131,2.9592555e+04
 142.8332474,2.9592736e+04
 142.8536816,2.9602096e+04
 142.8741160,2.9593705e+04
 142.8945501,2.9605104e+04
 142.9149844,2.9599049e+04
 142.9354188,2.9599090e+04
 142.9558529,2.9608930e+04
 142.9762872,2.9610879e+04
 142.9967213,2.9601713e+04
 143.0171557,2.9612115e+04
 143.0375899,2.9604250e+04
 143.0580242,2.9608078e+04
 143.0784585,2.9610160e+04
 143.0988927,2.9622197e+04
 143.1193270,2.9627881e+04
 143.1397612,2.9618629e+04
 143.1601955,2.9633824e+04
 143.1806297,2.9630785e+04
 143.2010639,2.9633734e+04
 143.2214981,2.9631596e+04
 143.2419325,2.9644670e+04
 143.2623668,2.9643791e+04
 143.2828010,2.9645920e+04
 143.3032353,2.9651361e+04
 143.3236695,2.9653463e+04
 143.3441038,         null
 143.3645379,2.9656910e+04
 143.3849723,2.9663066e+04
 143.4054065,2.9668623e+04
 143.4258407,2.9663338e+04
 143.4462750,2.9671783e+04
 143.4667093,2.9675598e+04
 143.4871435,2.9669428e+04
 143.5075777,2.9683416e+04
 143.5280121,2.9676766e+04
 143.5484463,2.9666121e+04
 143.5688805,2.9679289e+04
 143.5893148,2.9698145e+04
 143.6097491,2.9687629e+04
 143.6301832,2.9684893e+04
 143.6506175,2.9683889e+04
 143.6710518,2.9695838e+04
 143.6914860,2.9693902e+04
 143.7119202,2.9696012e+04
 143.7323545,2.9706488e+04
 143.7527887,2.9695809e+04
 143.7732230,2.9712658e+04
 143.7936572,2.9709086e+04
 143.8140915,2.9701543e+04
 143.8345257,2.9704977e+04
 143.8549600,2.9717783e+04
 143.8753941,2.9720945e+04
 143.8958285,2.9722422e+04
 143.9162627,2.9716760e+04
 143.9366969,2.9718453e+04
 143.9571312,2.9718381e+04
 143.9775655,2.9727982e+04
 143.9979996,2.9726420e+04
 144.0184339,2.9732523e+04
 144.0388682,2.9734541e+04
 144.0593025,2.9732918e+04
 144.0797366,2.9741129e+04
 144.1001710,2.9745600e+04
 144.1206052,2.9737693e+04
 144.1410394,2.9741973e+04
 144.1614736,2.9746322e+04
 144.1819080,2.9747414e+04
 144.2023421,2.9735080e+04
 144.2227764,2.9744850e+04
 144.2432107,2.9742617e+04
 144.2636449,2.9757939e+04
 144.2840791,2.9755598e+04
 144.3045134,2.9747436e+04
 144.3249476,2.9763018e+04
 144.3453819,2.9751445e+04
 144.3658161,2.9751805e+04
 144.3862503,2.9766584e+04
 144.4066846,2.9752787e+04
 144.4271189,2.9762479e+04
 144.4475530,2.9754340e+04
 144.4679873,2.9770635e+04
 144.4884216,2.9773654e+04
 144.5088557,2.9776730e+04
 144.5292900,2.9778551e+04
 144.5497243,2.9769529e+04
 144.5701586,2.9776338e+04
 144.5905927,2.9770670e+04
 144.6110271,2.9784852e+04
 144.6314613,2.9778691e+04
 144.6518955,2.9783490e+04
 144.6723297,2.9785920e+04
 144.6927641,2.9775453e+04
 144.7131982,2.9783674e+04
 144.7336324,2.9788201e+04
 144.7540668,2.9781883e+04
 144.7745009,2.9796852e+04
 144.7949352,2.9785316e+04
 144.8153694,2.9780521e+04
 144.8358038,2.9788818e+04
 144.8562379,2.9792520e+04
 144.8766721,2.9799482e+04
 144.8971064,2.9797703e+04
 144.9175406,2.9805014e+04
 144.9379749,2.9806279e+04
 144.9584091,2.9806023e+04
 144.9788435,2.9810166e+04
 144.9992776,2.9800641e+04
 145.0197118,2.9807176e+04
 145.0401461,2.9815223e+04
 145.0605803,2.9812736e+04
 145.0810146,2.9818490e+04
 145.1014488,2.9809316e+04
 145.1218832,2.9812471e+04
 145.1423173,2.9815807e+04
 145.1627515,2.9832818e+04
 145.1831857,2.9818973e+04
 145.2036200,2.9829551e+04
 145.2240543,2.9817023e+04
 145.2444884,2.9829123e+04
 145.2649227,2.9826354e+04
 145.2853570,2.9829260e+04
 145.3057912,2.9824869e+04
 145.3262254,2.9844201e+04
 145.3466597,2.9836961e+04
 145.3670939,2.9844695e+04
 145.3875281,2.9827779e+04
 145.4079624,2.9838117e+04
 145.4283967,2.9832004e+04
 145.4488308,2.9838789e+04
 145.4692650,2.9836879e+04
 145.4896994,2.9841438e+04
 145.5101335,2.9838346e+04
 145.5305678,2.9835488e+04
 145.5510020,2.9850627e+04
 145.5714363,2.9853480e+04
 145.5918705,2.9835885e+04
 145.6123047,2.9845576e+04
 145.6327391,2.9848809e+04
 145.6531732,2.9847625e+04
 145.6736074,2.9850580e+04
 145.6940416,2.9848072e+04
 145.7144759,2.9834738e+04
 145.7349101,2.9844543e+04
 145.7553444,2.9833529e+04
 145.7757786,2.9825139e+04
 145.7962128,2.9832867e+04
 145.8166471,2.9837615e+04
 145.8370812,2.9842898e+04
 145.8575156,2.9845389e+04
 145.8779498,2.9845260e+04
 145.8983839,2.9836373e+04
 145.9188183,2.9841436e+04
 145.9392525,2.9846049e+04
 145.9596866,2.9836973e+04
 145.9801209,2.9835588e+04
 146.0005552,2.9826533e+04
 146.0209894,2.9836590e+04
 146.0414236,2.9835809e+04
 146.0618579,2.9840510e+04
 146.0822921,2.9823578e+04
 146.1027263,2.9836812e+04
 146.1231605,2.9842746e+04
 146.1435949,2.9831221e+04
 146.1640290,2.9830727e+04
 146.1844632,2.9834900e+04
 146.2048975,2.9825186e+04
 146.2253317,2.9833479e+04
 146.2457659,2.9822617e+04
 146.2662002,2.9822859e+04
 146.2866344,2.9815459e+04
 146.3070686,2.9825578e+04
 146.3275029,         null
 146.3479370,2.9827098e+04
 146.3683713,2.9828121e+04
 146.3888055,2.9829695e+04
 146.4092397,2.9819697e+04
 146.4296740,2.9821486e+04
 146.4501082,2.9818006e+04
 146.4705424,2.9822227e+04
 146.4909767,2.9817971e+04
 146.5114109,2.9823934e+04
 146.5318452,2.9817463e+04
 146.5522793,2.9805455e+04
 146.5727136,2.9809633e+04
 146.5931479,2.9814135e+04
 146.6135821,2.9809486e+04
 146.6340162,2.9813471e+04
 146.6544506,2.9799543e+04
 146.6748848,2.9798738e+04
 146.6953189,2.9796418e+04
 146.7157532,2.9793961e+04
 146.7361875,2.9786182e+04
 146.7566217,2.9795783e+04
 146.7770558,2.9787377e+04
 146.7974902,2.9785023e+04
 146.8179244,2.9798768e+04
 146.8383585,2.9793189e+04
 146.8587928,2.9794695e+04
 146.8792271,2.9792328e+04
 146.8996612,2.9790854e+04
 146.9200954,2.9791932e+04
 146.9405298,2.9793627e+04
 146.9609639,2.9777990e+04
 146.9813981,2.9773439e+04
 147.0018323,2.9783064e+04
 147.0222666,2.9772193e+04
 147.0427008,2.9769650e+04
 147.0631350,2.9769797e+04
 147.0835694,2.9767803e+04
 147.1040035,2.9776135e+04
 147.1244377,2.9763477e+04
 147.1448718,2.9768260e+04
 147.1653062,2.9761828e+04
 147.1857404,2.9760391e+04
 147.2061745,2.9752193e+04
 147.2266088,2.9755582e+04
 147.2470431,2.9756605e+04
 147.2674773,2.9744564e+04
 147.2879114,2.9747773e+04
 147.3083457,2.9739092e+04
 147.3287800,2.9747713e+04
 147.3492141,2.9740631e+04
 147.3696483,2.9748357e+04
 147.3900826,2.9728025e+04
 147.4105168,2.9722057e+04
 147.4309510,2.9739678e+04
 147.4513853,2.9725135e+04
 147.4718194,2.9730264e+04
 147.4922537,2.9725814e+04
 147.5126879,2.9728033e+04
 147.5331222,2.9724209e+04
 147.5535563,2.9720232e+04
 147.5739906,2.9715852e+04
 147.5944249,2.9702742e+04
 147.6148590,2.9697814e+04
 147.6352932,2.9705703e+04
 147.6557274,2.9698246e+04
 147.6761617,2.9697617e+04
 147.6965959,2.9693822e+04
 147.7170300,2.9707715e+04
 147.7374643,2.9684793e+04
 147.7578986,2.9683346e+04
 147.7783328,2.9689350e+04
 147.7987669,2.9686057e+04
 147.8192012,2.9693195e+04
 147.8396354,2.9680123e+04
 147.8600696,2.9682279e+04
 147.8805038,2.9670613e+04
 147.9009381,         null
 147.9213722,2.9659143e+04
 147.9418065,2.9669676e+04
 147.9622408,2.9672166e+04
 147.9826749,2.9654732e+04
 148.0031091,2.9666389e+04
 148.0235433,2.9666199e+04
 148.0439777,2.9655717e+04
 148.0644118,2.9647766e+04
 148.0848460,2.9646771e+04
 148.1052803,2.9634150e+04
 148.1257144,2.9638375e+04
 148.1461486,2.9639051e+04
 148.1665829,2.9630965e+04
 148.1870171,2.9635242e+04
 148.2074513,2.9640143e+04
 148.2278855,2.9618949e+04
 148.2483198,2.9627100e+04
 148.2687540,2.9621506e+04
 148.2891882,2.9623945e+04
 148.3096224,2.9611371e+04
 148.3300566,2.9615883e+04
 148.3504908,2.9607295e+04
 148.3709250,2.9613195e+04
 148.3913592,2.9591789e+04
 148.4117935,2.9599529e+04
 148.4322277,2.9608760e+04
 148.4526619,2.9591115e+04
 148.4730961,2.9598334e+04
 148.4935303,2.9585578e+04
 148.5139646,2.9589260e+04
 148.5343987,2.9584443e+04
 148.5548330,2.9579674e+04
 148.5752672,2.9584393e+04
 148.5957013,2.9585854e+04
 148.6161356,2.9568551e+04
 148.6365699,2.9568590e+04
 148.6570040,2.9563471e+04
 148.6774382,2.9567371e+04
 148.6978725,2.9575695e+04
 148.7183066,2.9560143e+04
 148.7387408,2.9560549e+04
 148.7591751,2.9571445e+04
 148.7796094,2.9555104e+04
 148.8000435,2.9574746e+04
 148.8204777,2.9560781e+04
 148.8409120,2.9552447e+04
 148.8613461,2.9553189e+04
 148.8817803,2.9543979e+04
 148.9022146,2.9548623e+04
 148.9226487,2.9549180e+04
 148.9430830,2.9550514e+04
 148.9635172,2.9545330e+04
 148.9839514,2.9537789e+04
 149.0043856,2.9546699e+04
 149.0248198,2.9533338e+04
 149.0452539,2.9543207e+04
 149.0656882,2.9531375e+04
 149.0861224,2.9531668e+04
 149.1065566,2.9531580e+04
 149.1269909,2.9525324e+04
 149.1474251,2.9518713e+04
 149.1678592,2.9517523e+04
 149.1882934,2.9510225e+04
 149.2087277,2.9511379e+04
 149.2291619,2.9508529e+04
 149.2495960,2.9515605e+04
 149.2700303,2.9513633e+04
 149.2904645,2.9505949e+04
 149.3108987,         null
 149.3313329,2.9510170e+04
 149.3517672,2.9511057e+04
 149.3722013,2.9515820e+04
 149.3926355,2.9503363e+04
 149.4130698,2.9506479e+04
 149.4335039,2.9502809e+04
 149.4539381,2.9491213e+04
 149.4743723,2.9500262e+04
 149.4948065,2.9501020e+04
 149.5152407,2.9497643e+04
 149.5356750,2.9493732e+04
 149.5561093,2.9484662e+04
 149.5765434,2.9483252e+04
 149.5969776,2.9482363e+04
 149.6174117,2.9494430e+04
 149.6378460,2.9484639e+04
 149.6582802,2.9491592e+04
 149.6787143,2.9495670e+04
 149.6991485,2.9490197e+04
 149.7195828,2.9486605e+04
 149.7400170,2.9485385e+04
 149.7604511,2.9482840e+04
 149.7808854,2.9476305e+04
 149.8013196,2.9474678e+04
 149.8217537,2.9478387e+04
 149.8421880,2.9483670e+04
 149.8626223,2.9474998e+04
 149.8830565,2.9475049e+04
 149.9034906,2.9459988e+04
 149.9239249,2.9456350e+04
 149.9443591,2.9470016e+04
 149.9647933,2.9458117e+04
 149.9852274,2.9465234e+04
 150.0056617,2.9457291e+04
 150.0260959,2.9456246e+04
 150.0465300,2.9463154e+04
 150.0669643,2.9451688e+04
 150.0873985,2.9448145e+04
 150.1078326,2.9451152e+04
 150.1282668,2.9457217e+04
 150.1487011,2.9453441e+04
 150.1691352,2.9456648e+04
 150.1895694,2.9454588e+04
 150.2100037,2.9448830e+04
 150.2304378,2.9447496e+04
 150.2508720,2.9452799e+04
 150.2713062,2.9437871e+04
 150.2917405,2.9441139e+04
 150.3121746,2.9449957e+04
 150.3326088,2.9439537e+04
 150.3530429,2.9445340e+04
 150.3734772,2.9442436e+04
 150.3939114,2.9438943e+04
 150.4143455,2.9443484e+04
 150.4347798,2.9442994e+04
 150.4552140,2.9445645e+04
 150.4756482,2.9434266e+04
 150.4960823,2.9444072e+04
 150.5165166,2.9446625e+04
 150.5369508,2.9431486e+04
 150.5573849,2.9434439e+04
 150.5778192,2.9436371e+04
 150.5982534,2.9436859e+04
 150.6186875,2.9437588e+04
 150.6391217,2.9439617e+04
 150.6595560,2.9431277e+04
 150.6799901,2.9430971e+04
 150.7004243,2.9433207e+04
 150.7208586,2.9443146e+04
 150.7412928,2.9431252e+04
 150.7617269,2.9447383e+04
 150.7821611,2.9430627e+04
 150.8025954,2.9441555e+04
 150.8230295,2.9439949e+04
 150.8434637,2.9441426e+04
 150.8638980,2.9448840e+04
 150.8843321,2.9435736e+04
 150.9047663,2.9448428e+04
 150.9252005,2.9441689e+04
 150.9456347,2.9441131e+04
 150.9660689,2.9436037e+04
 150.9865031,2.9441291e+04
 151.0069372,2.9456533e+04
 151.0273715,2.9442264e+04
 151.0478057,2.9438141e+04
 151.0682398,2.9444469e+04
 151.0886741,2.9452795e+04
 151.1091083,2.9443721e+04
 151.1295424,2.9438838e+04
 151.1499766,2.9451822e+04
 151.1704108,2.9453518e+04
 151.1908449,2.9456283e+04
 151.2112791,2.9455486e+04
 151.2317134,2.9462293e+04
 151.2521476,2.9465465e+04
 151.2725817,2.9453158e+04
 151.2930159,2.9451729e+04
 151.3134502,2.9462539e+04
 151.3338843,2.9472748e+04
 151.3543185,2.9460369e+04
 151.3747528,2.9458100e+04
 151.3951869,2.9456367e+04
 151.4156211,2.9454463e+04
 151.4360553,2.9459043e+04
 151.4564895,2.9465777e+04
 151.4769236,2.9463502e+04
 151.4973578,2.9455871e+04
 151.5177920,2.9471936e+04
 151.5382262,2.9493539e+04
 151.5586604,2.9474502e+04
 151.5790946,2.9479049e+04
 151.5995289,2.9476182e+04
 151.6199630,2.9482516e+04
 151.6403972,2.9478861e+04
 151.6608314,         null
 151.6812656,2.9468072e+04
 151.7016997,2.9493602e+04
 151.7221339,2.9484799e+04
 151.7425681,2.9478785e+04
 151.7630023,2.9497660e+04
 151.7834365,2.9500953e+04
 151.8038706,2.9490836e+04
 151.8243049,2.9500828e+04
 151.8447391,2.9494936e+04
 151.8651732,2.9500334e+04
 151.8856074,2.9492195e+04
 151.9060416,2.9506420e+04
 151.9264757,2.9501678e+04
 151.9469099,2.9509115e+04
 151.9673442,2.9502406e+04
 151.9877784,2.9508805e+04
 152.0082125,2.9507275e+04
 152.0286468,2.9516066e+04
 152.0490810,2.9513803e+04
 152.0695150,2.9519953e+04
 152.0899492,2.9535805e+04
 152.1103835,2.9513973e+04
 152.1308176,2.9518457e+04
 152.1512518,2.9523809e+04
 152.1716860,2.9510381e+04
 152.1921202,2.9521244e+04
 152.2125543,2.9530760e+04
 152.2329885,2.9537580e+04
 152.2534228,2.9535904e+04
 152.2738569,2.9547533e+04
 152.2942911,         null
 152.3147252,2.9541068e+04
 152.3351595,2.9538639e+04
 152.3555936,2.9553635e+04
 152.3760277,2.9556629e+04
 152.3964620,2.9550209e+04
 152.4168962,2.9542127e+04
 152.4373304,2.9556004e+04
 152.4577645,2.9558551e+04
 152.4781987,2.9554377e+04
 152.4986329,2.9548666e+04
 152.5190670,2.9555557e+04
 152.5395013,2.9566539e+04
 152.5599355,2.9569291e+04
 152.5803696,2.9576445e+04
 152.6008037,2.9567908e+04
 152.6212380,2.9589422e+04
 152.6416721,2.9576172e+04
 152.6621063,         null
 152.6825405,2.9575168e+04
 152.7029747,2.9585607e+04
 152.7234088,2.9581951e+04
 152.7438430,2.9585389e+04
 152.7642773,2.9588512e+04
 152.7847114,2.9596879e+04
 152.8051456,2.9583264e+04
 152.8255796,2.9599266e+04
 152.8460139,2.9599057e+04
 152.8664481,2.9607150e+04
 152.8868822,2.9606902e+04
 152.9073165,2.9593453e+04
 152.9277506,2.9626131e+04
 152.9481848,2.9601373e+04
 152.9686189,2.9613404e+04
 152.9890532,2.9613119e+04
 153.0094874,2.9616627e+04
 153.0299214,2.9609004e+04
 153.0503557,2.9616248e+04
 153.0707899,2.9610533e+04
 153.0912240,2.9616176e+04
 153.1116582,2.9614580e+04
 153.1320924,2.9612010e+04
 153.1525265,2.9624135e+04
 153.1729607,2.9625969e+04
 153.1933949,2.9641426e+04
 153.2138291,2.9626527e+04
 153.2342633,2.9634088e+04
 153.2546974,2.9633508e+04
 153.2751317,2.9643377e+04
 153.2955658,2.9638963e+04
 153.3159999,2.9641295e+04
 153.3364341,2.9635627e+04
 153.3568683,2.9644834e+04
 153.3773025,2.9642182e+04
 153.3977366,2.9642502e+04
 153.4181709,2.9648703e+04
 153.4386051,2.9650871e+04
 153.4590392,2.9646744e+04
 153.4794733,2.9654553e+04
 153.4999076,2.9653088e+04
 153.5203417,2.9659234e+04
 153.5407759,2.9661838e+04
 153.5612101,2.9656506e+04
 153.5816442,2.9651971e+04
 153.6020784,2.9656400e+04
 153.6225125,2.9663098e+04
 153.6429467,2.9675275e+04
 153.6633809,2.9660385e+04
 153.6838151,2.9673242e+04
 153.7042491,2.9668023e+04
 153.7246834,2.9660250e+04
 153.7451176,2.9668977e+04
 153.7655517,2.9667670e+04
 153.7859859,2.9666758e+04
 153.8064201,2.9671070e+04
 153.8268542,2.9678484e+04
 153.8472883,2.9681629e+04
 153.8677226,2.9676449e+04
 153.8881567,2.9684723e+04
 153.9085909,2.9678033e+04
 153.9290251,2.9681186e+04
 153.9494593,2.9706811e+04
 153.9698934,2.9689217e+04
 153.9903275,2.9679650e+04
 154.0107618,2.9686566e+04
 154.0311959,2.9690260e+04
 154.0516301,2.9682766e+04
 154.0720643,2.9686760e+04
 154.0924984,2.9690906e+04
 154.1129326,2.9683219e+04
 154.1333667,2.9690176e+04
 154.1538009,2.9698998e+04
 154.1742351,2.9680322e+04
 154.1946692,2.9689070e+04
 154.2151034,2.9690646e+04
 154.2355376,2.9689000e+04
 154.2559718,2.9690311e+04
 154.2764058,2.9686600e+04
 154.2968401,2.9683729e+04
 154.3172743,2.9681561e+04
 154.3377083,2.9703473e+04
 154.3581425,2.9685492e+04
 154.3785768,2.9708912e+04
 154.3990108,2.9697232e+04
 154.4194450,2.9691566e+04
 154.4398793,2.9698307e+04
 154.4603134,2.9692008e+04
 154.4807475,2.9694490e+04
 154.5011817,2.9708320e+04
 154.5216159,2.9694141e+04
 154.5420500,2.9701912e+04
 154.5624842,2.9702215e+04
 154.5829184,2.9706688e+04
 154.6033525,2.9704266e+04
 154.6237867,2.9705979e+04
 154.6442208,2.9702621e+04
 154.6646550,2.9698693e+04
 154.6850891,2.9703885e+04
 154.7055233,2.9699033e+04
 154.7259576,2.9697072e+04
 154.7463916,2.9716342e+04
 154.7668258,2.9711662e+04
 154.7872600,2.9700803e+04
 154.8076941,2.9708797e+04
 154.8281283,2.9707703e+04
 154.8485624,2.9707521e+04
 154.8689966,2.9702756e+04
 154.8894308,2.9708916e+04
 154.9098649,2.9701857e+04
 154.9302991,2.9706889e+04
 154.9507333,2.9701223e+04
 154.9711674,2.9730451e+04
 154.9916016,2.9701848e+04
 155.0120357,2.9717117e+04
 155.0324699,2.9710123e+04
 155.0529041,2.9717145e+04
 155.0733381,2.9710152e+04
 155.0937724,2.9713182e+04
 155.1142066,2.9717334e+04
 155.1346406,2.9713059e+04
 155.1550748,2.9703490e+04
 155.1755090,2.9717365e+04
 155.1959432,2.9702766e+04
 155.2163773,2.9708545e+04
 155.2368114,2.9703744e+04
 155.2572457,2.9708121e+04
 155.2776797,         null
 155.2981139,2.9711277e+04
 155.3185482,2.9712338e+04
 155.3389822,2.9716104e+04
 155.3594164,2.9718008e+04
 155.3798505,2.9712215e+04
 155.4002847,2.9710750e+04
 155.4207189,2.9711953e+04
 155.4411530,2.9708188e+04
 155.4615873,2.9712949e+04
 155.4820213,2.9702016e+04
 155.5024555,2.9703057e+04
 155.5228895,2.9701076e+04
 155.5433238,2.9695078e+04
 155.5637580,         null
 155.5841920,2.9694223e+04
 155.6046263,2.9697238e+04
 155.6250604,2.9697018e+04
 155.6454946,2.9689486e+04
 155.6659286,2.9689084e+04
 155.6863629,2.9683473e+04
 155.7067970,2.9687477e+04
 155.7272311,2.9688336e+04
 155.7476653,2.9675357e+04
 155.7680995,2.9680783e+04
 155.7885336,2.9676062e+04
 155.8089677,2.9679385e+04
 155.8294020,2.9685953e+04
 155.8498360,2.9678070e+04
 155.8702702,2.9669688e+04
 155.8907043,2.9662021e+04
 155.9111386,2.9670436e+04
 155.9315726,2.9666697e+04
 155.9520068,2.9656598e+04
 155.9724411,2.9667232e+04
 155.9928751,2.9656277e+04
 156.0133093,2.9644877e+04
 156.0337433,2.9659227e+04
 156.0541776,2.9640715e+04
 156.0746117,2.9654338e+04
 156.0950459,2.9646006e+04
 156.1154800,2.9642697e+04
 156.1359142,2.9648711e+04
 156.1563483,2.9645105e+04
 156.1767824,2.9630465e+04
 156.1972166,2.9637180e+04
 156.2176508,2.9625111e+04
 156.2380848,2.9628127e+04
 156.2585190,2.9630625e+04
 156.2789532,2.9626900e+04
 156.2993873,2.9629576e+04
 156.3198214,2.9616775e+04
 156.3402557,2.9611631e+04
 156.3606897,2.9606977e+04
 156.3811239,2.9617527e+04
 156.4015580,2.9611834e+04
 156.4219923,2.9596904e+04
 156.4424263,2.9601775e+04
 156.4628605,2.9600893e+04
 156.4832947,2.9595584e+04
 156.5037288,2.9596576e+04
 156.5241629,2.9600209e+04
 156.5445971,2.9593910e+04
 156.5650312,2.9595508e+04
 156.5854654,2.9584957e+04
 156.6058995,2.9574598e+04
 156.6263337,2.9580311e+04
 156.6467678,2.9579484e+04
 156.6672019,2.9576486e+04
 156.6876361,2.9572414e+04
 156.7080702,2.9567131e+04
 156.7285044,2.9570936e+04
 156.7489385,2.9571402e+04
 156.7693726,2.9577420e+04
 156.7898068,2.9572359e+04
 156.8102410,2.9558918e+04
 156.8306751,2.9560941e+04
 156.8511093,2.9566771e+04
 156.8715434,2.9550281e+04
 156.8919776,2.9545213e+04
 156.9124116,2.9556426e+04
 156.9328458,2.9541664e+04
 156.9532800,2.9544645e+04
 156.9737140,2.9539953e+04
 156.9941483,2.9543117e+04
 157.0145824,2.9542104e+04
 157.0350165,2.9541223e+04
 157.0554506,2.9542273e+04
 157.0758848,2.9532006e+04
 157.0963189,2.9528287e+04
 157.1167530,2.9520393e+04
 157.1371873,2.9520371e+04
 157.1576214,2.9525814e+04
 157.1780555,2.9520844e+04
 157.1984896,2.9520430e+04
 157.2189238,2.9528037e+04
 157.2393579,2.9518088e+04
 157.2597920,2.9524402e+04
 157.2802262,2.9514506e+04
 157.3006603,2.9513555e+04
 157.3210945,2.9506969e+04
 157.3415286,2.9507217e+04
 157.3619627,2.9499182e+04
 157.3823969,2.9503557e+04
 157.4028310,2.9495941e+04
 157.4232651,2.9501844e+04
 157.4436993,2.9493922e+04
 157.4641334,2.9489584e+04
 157.4845675,2.9496201e+04
 157.5050017,2.9494766e+04
 157.5254359,2.9476074e+04
 157.5458699,2.9477113e+04
 157.5663040,2.9478154e+04
 157.5867383,2.9470172e+04
 157.6071723,2.9463930e+04
 157.6276064,2.9473674e+04
 157.6480407,2.9468010e+04
 157.6684748,2.9470420e+04
 157.6889089,2.9469662e+04
 157.7093430,2.9469922e+04
 157.7297772,2.9470609e+04
 157.7502113,2.9458840e+04
 157.7706454,2.9461516e+04
 157.7910796,2.9466998e+04
 157.8115137,2.9454898e+04
 157.8319478,2.9457070e+04
 157.8523820,2.9468240e+04
 157.8728161,2.9445887e+04
 157.8932502,2.9461971e+04
 157.9136844,2.9455631e+04
 157.9341184,2.9449512e+04
 157.9545526,2.9438383e+04
 157.9749868,2.9439467e+04
 157.9954208,2.9446512e+04
 158.0158550,2.9442305e+04
 158.0362892,2.9434293e+04
 158.0567232,2.9442994e+04
 158.0771573,2.9446654e+04
 158.0975916,2.9446289e+04
 158.1180257,2.9434684e+04
 158.1384597,2.9446246e+04
 158.1588940,2.9432514e+04
 158.1793281,2.9426166e+04
 158.1997621,2.9441887e+04
 158.2201963,2.9425164e+04
 158.2406305,2.9426709e+04
 158.2610645,         null
 158.2814987,2.9423084e+04
 158.3019329,2.9426176e+04
 158.3223670,2.9431719e+04
 158.3428011,2.9421277e+04
 158.3632352,2.9424520e+04
 158.3836694,2.9426486e+04
 158.4041036,2.9419801e+04
 158.4245376,2.9421598e+04
 158.4449717,2.9418232e+04
 158.4654059,2.9415408e+04
 158.4858400,2.9429301e+04
 158.5062741,2.9425223e+04
 158.5267083,2.9426656e+04
 158.5471424,2.9400527e+04
 158.5675765,2.9412021e+04
 158.5880106,2.9410910e+04
 158.6084448,2.9417879e+04
 158.6288789,2.9419330e+04
 158.6493130,2.9420662e+04
 158.6697472,2.9417627e+04
 158.6901813,2.9413561e+04
 158.7106154,2.9413936e+04
 158.7310494,2.9422299e+04
 158.7514837,2.9411387e+04
 158.7719178,2.9411637e+04
 158.7923519,2.9417291e+04
 158.8127860,2.9412010e+04
 158.8332202,2.9408727e+04
 158.8536543,2.9417318e+04
 158.8740883,2.9414447e+04
 158.8945225,2.9417955e+04
 158.9149567,2.9413109e+04
 158.9353907,2.9411850e+04
 158.9558249,2.9416156e+04
 158.9762590,2.9415412e+04
 158.9966931,2.9424906e+04
 159.0171272,2.9427857e+04
 159.0375614,2.9423072e+04
 159.0579954,2.9425285e+04
 159.0784296,2.9419699e+04
 159.0988637,2.9423119e+04
 159.1192979,2.9421305e+04
 159.1397319,2.9430607e+04
 159.1601661,2.9434031e+04
 159.1806003,2.9423930e+04
 159.2010343,2.9426586e+04
 159.2214684,2.9428994e+04
 159.2419025,2.9428766e+04
 159.2623367,2.9441225e+04
 159.2827708,2.9435498e+04
 159.3032049,2.9440379e+04
 159.3236390,2.9436172e+04
 159.3440732,2.9431457e+04
 159.3645073,2.9444477e+04
 159.3849413,2.9446990e+04
 159.4053755,2.9435072e+04
 159.4258097,2.9451197e+04
 159.4462437,2.9464176e+04
 159.4666779,2.9455799e+04
 159.4871120,2.9448926e+04
 159.5075460,2.9458887e+04
 159.5279802,2.9457229e+04
 159.5484144,2.9462932e+04
 159.5688484,2.9468404e+04
 159.5892825,2.9466607e+04
 159.6097166,2.9465658e+04
 159.6301509,2.9479943e+04
 159.6505849,2.9467594e+04
 159.6710190,2.9474953e+04
 159.6914532,2.9481709e+04
 159.7118872,2.9476324e+04
 159.7323214,2.9486326e+04
 159.7527555,2.9504340e+04
 159.7731896,2.9472201e+04
 159.7936237,2.9486320e+04
 159.8140578,2.9490283e+04
 159.8344919,2.9476039e+04
 159.8549261,2.9496756e+04
 159.8753602,2.9500377e+04
 159.8957942,2.9501535e+04
 159.9162284,2.9509365e+04
 159.9366625,2.9499391e+04
 159.9570966,2.9503447e+04
 159.9775308,2.9514049e+04
 159.9979649,2.9514600e+04
 160.0183990,2.9503801e+04
 160.0388331,2.9515365e+04
 160.0592672,2.9517455e+04
 160.0797013,2.9520322e+04
 160.1001355,2.9535082e+04
 160.1205695,2.9517998e+04
 160.1410037,2.9530953e+04
 160.1614378,2.9540539e+04
 160.1818718,2.9548926e+04
 160.2023060,2.9538465e+04
 160.2227401,2.9538354e+04
 160.2431742,2.9542566e+04
 160.2636083,2.9548586e+04
 160.2840425,2.9557018e+04
 160.3044765,2.9555777e+04
 160.3249106,2.9556549e+04
 160.3453448,2.9566393e+04
 160.3657789,2.9557375e+04
 160.3862129,2.9566312e+04
 160.4066471,2.9585492e+04
 160.4270813,2.9578393e+04
 160.4475153,2.9579729e+04
 160.4679494,2.9576949e+04
 160.4883836,2.9583457e+04
 160.5088176,2.9597562e+04
 160.5292517,2.9582656e+04
 160.5496858,2.9587453e+04
 160.5701199,2.9593561e+04
 160.5905541,2.9591654e+04
 160.6109882,2.9588320e+04
 160.6314222,2.9588586e+04
 160.6518564,2.9616201e+04
 160.6722905,2.9600248e+04
 160.6927245,2.9619148e+04
 160.7131587,2.9604922e+04
 160.7335928,2.9622230e+04
 160.7540268,2.9620824e+04
 160.7744609,2.9617189e+04
 160.7948952,2.9622252e+04
 160.8153293,2.9631404e+04
 160.8357633,2.9633451e+04
 160.8561975,2.9628443e+04
 160.8766316,2.9640090e+04
 160.8970656,2.9647357e+04
 160.9174997,2.9630240e+04
 160.9379339,2.9640164e+04
 160.9583679,2.9645789e+04
 160.9788020,2.9637566e+04
 160.9992362,2.9651523e+04
 161.0196702,2.9652133e+04
 161.0401043,2.9650035e+04
 161.0605384,2.9670117e+04
 161.0809725,2.9667355e+04
 161.1014067,2.9678041e+04
 161.1218408,2.9662549e+04
 161.1422750,2.9673855e+04
 161.1627090,2.9668238e+04
 161.1831431,2.9682479e+04
 161.2035771,2.9669551e+04
 161.2240113,2.9682506e+04
 161.2444454,         null
 161.2648795,2.9690859e+04
 161.2853135,2.9690080e+04
 161.3057477,2.9682316e+04
 161.3261818,2.9688152e+04
 161.3466158,2.9698828e+04
 161.3670500,2.9702555e+04
 161.3874841,2.9691557e+04
 161.4079181,2.9697027e+04
 161.4283522,2.9708252e+04
 161.4487864,2.9697926e+04
 161.4692204,2.9706736e+04
 161.4896545,2.9720709e+04
 161.5100887,2.9698885e+04
 161.5305227,2.9720637e+04
 161.5509568,2.9710549e+04
 161.5713909,2.9715273e+04
 161.5918251,2.9714662e+04
 161.6122591,2.9710891e+04
 161.6326932,2.9716824e+04
 161.6531274,2.9715277e+04
 161.6735615,2.9727637e+04
 161.6939955,2.9726420e+04
 161.7144296,2.9729875e+04
 161.7348638,2.9725949e+04
 161.7552978,2.9721438e+04
 161.7757319,2.9733020e+04
 161.7961660,2.9728201e+04
 161.8166001,2.9739271e+04
 161.8370342,2.9737016e+04
 161.8574683,2.9749232e+04
 161.8779025,2.9734068e+04
 161.8983365,2.9726346e+04
 161.9187706,2.9728838e+04
 161.9392046,2.9730842e+04
 161.9596388,2.9736039e+04
 161.9800729,2.9740535e+04
 162.0005070,2.9741113e+04
 162.0209411,2.9733104e+04
 162.0413752,2.9741789e+04
 162.0618093,2.9743041e+04
 162.0822433,2.9744729e+04
 162.1026775,2.9744752e+04
 162.1231116,2.9743270e+04
 162.1435456,2.9770311e+04
 162.1639798,2.9752127e+04
 162.1844139,2.9744188e+04
 162.2048478,2.9738230e+04
 162.2252819,2.9756143e+04
 162.2457161,2.9743266e+04
 162.2661501,2.9739822e+04
 162.2865842,2.9740166e+04
 162.3070184,2.9738898e+04
 162.3274525,2.9746324e+04
 162.3478865,2.9760588e+04
 162.3683206,2.9750098e+04
 162.3887548,2.9740713e+04
 162.4091888,2.9743432e+04
 162.4296229,2.9740029e+04
 162.4500569,2.9751660e+04
 162.4704911,2.9744641e+04
 162.4909252,2.9746043e+04
 162.5113586,2.9747725e+04
 162.5317928,2.9747129e+04
 162.5522268,2.9732570e+04
 162.5726609,2.9748320e+04
 162.5930950,2.9753982e+04
 162.6135292,2.9744131e+04
 162.6339632,2.9739549e+04
 162.6543973,2.9750006e+04
 162.6748315,2.9748408e+04
 162.6952655,2.9747916e+04
 162.7156996,2.9749963e+04
 162.7361336,2.9742521e+04
 162.7565677,2.9749441e+04
 162.7770018,2.9742830e+04
 162.7974359,2.9742920e+04
 162.8178700,2.9747865e+04
 162.8383041,2.9743271e+04
 162.8587382,2.9734469e+04
 162.8791722,2.9749912e+04
 162.8996063,2.9748988e+04
 162.9200404,2.9742789e+04
 162.9404744,2.9735006e+04
 162.9609085,2.9724016e+04
 162.9813427,2.9726170e+04
 163.0017767,2.9726434e+04
 163.0222108,2.9727320e+04
 163.0426450,2.9722229e+04
 163.0630790,2.9733912e+04
 163.0835130,2.9722994e+04
 163.1039471,2.9723545e+04
 163.1243813,2.9729057e+04
 163.1448153,2.9712957e+04
 163.1652494,2.9722189e+04
 163.1856836,2.9722662e+04
 163.2061175,2.9714467e+04
 163.2265516,2.9724756e+04
 163.2469857,2.9707809e+04
 163.2674198,2.9713447e+04
 163.2878539,2.9704689e+04
 163.3082880,2.9700197e+04
 163.3287221,2.9705604e+04
 163.3491561,2.9705820e+04
 163.3695902,2.9697709e+04
 163.3900242,2.9702643e+04
 163.4104584,2.9694207e+04
 163.4308925,2.9691904e+04
 163.4513264,2.9704094e+04
 163.4717606,2.9690338e+04
 163.4921947,2.9686230e+04
 163.5126288,2.9681328e+04
 163.5330628,2.9683637e+04
 163.5534970,2.9697045e+04
 163.5739310,2.9676529e+04
 163.5943650,2.9673777e+04
 163.6147991,2.9689908e+04
 163.6352333,2.9690023e+04
 163.6556673,2.9669973e+04
 163.6761013,2.9669562e+04
 163.6965355,2.9667811e+04
 163.7169695,2.9666432e+04
 163.7374036,2.9669773e+04
 163.7578377,2.9654240e+04
 163.7782717,2.9663648e+04
 163.7987058,2.9654705e+04
 163.8191399,2.9651744e+04
 163.8395741,2.9650863e+04
 163.8600080,2.9655432e+04
 163.8804421,2.9657395e+04
 163.9008761,2.9643604e+04
 163.9213103,2.9650750e+04
 163.9417444,2.9632502e+04
 163.9621784,2.9625119e+04
 163.9826125,2.9625422e+04
 164.0030466,2.9629523e+04
 164.0234807,2.9634137e+04
 164.0439146,2.9612479e+04
 164.0643488,2.9617641e+04
 164.0847829,2.9610959e+04
 164.1052170,2.9613686e+04
 164.1256509,2.9603842e+04
 164.1460851,2.9611166e+04
 164.1665191,2.9611980e+04
 164.1869532,2.9610068e+04
 164.2073873,2.9598354e+04
 164.2278214,         null
 164.2482554,2.9598949e+04
 164.2686895,2.9587613e+04
 164.2891235,2.9594057e+04
 164.3095576,2.9597633e+04
 164.3299917,2.9588666e+04
 164.3504259,2.9575150e+04
 164.3708599,2.9567131e+04
 164.3912939,2.9561854e+04
 164.4117280,2.9562408e+04
 164.4321621,2.9562512e+04
 164.4525961,2.9558955e+04
 164.4730302,2.9552719e+04
 164.4934644,2.9549490e+04
 164.5138983,2.9540064e+04
 164.5343324,2.9545459e+04
 164.5547665,2.9538281e+04
 164.5752006,2.9541994e+04
 164.5956346,2.9538631e+04
 164.6160687,2.9540621e+04
 164.6365027,2.9517578e+04
 164.6569368,2.9532420e+04
 164.6773709,2.9529799e+04
 164.6978050,2.9518885e+04
 164.7182391,2.9517785e+04
 164.7386731,2.9513285e+04
 164.7591072,2.9519408e+04
 164.7795412,2.9532688e+04
 164.7999753,2.9519131e+04
 164.8204094,2.9505699e+04
 164.8408434,2.9503488e+04
 164.8612775,2.9500730e+04
 164.8817116,2.9504566e+04
 164.9021456,2.9511646e+04
 164.9225796,2.9497451e+04
 164.9430138,2.9499031e+04
 164.9634478,2.9498111e+04
 164.9838818,2.9492994e+04
