        TIME,  PDCSAP_FLUX
 131.5121235,1.0727485e+04
 131.5325581,1.0719583e+04
 131.5529927,1.0730020e+04
 131.5734271,1.0733912e+04
 131.5938616,1.0740570e+04
 131.6142962,1.0734881e+04
 131.6347306,1.0725022e+04
 131.6551651,1.0732545e+04
 131.6755997,1.0736220e+04
 131.6960343,1.0737229e+04
 131.7164687,1.0732111e+04
 131.7369032,1.0727526e+04
 131.7573378,1.0732364e+04
 131.7777722,1.0732492e+04
 131.7982067,1.0729421e+04
 131.8186413,1.0728206e+04
 131.8390757,1.0724282e+04
 131.8595102,1.0731950e+04
 131.8799448,1.0731049e+04
 131.9003793,1.0729391e+04
 131.9208138,1.0729736e+04
 131.9412483,1.0731386e+04
 131.9616828,1.0729861e+04
 131.9821173,1.0729765e+04
 132.0025518,1.0732686e+04
 132.0229862,1.0727239e+04
 132.0434209,1.0735677e+04
 132.0638554,1.0731205e+04
 132.0842898,1.0727771e+04
 132.1047243,1.0731957e+04
 132.1251589,1.0734153e+04
 132.1455933,1.0730812e+04
 132.1660278,1.0734232e+04
 132.1864624,1.0725645e+04
 132.2068969,1.0729751e+04
 132.2273314,1.0732768e+04
 132.2477659,1.0727210e+04
 132.2682005,1.0724391e+04
 132.2886349,1.0728559e+04
 132.3090694,1.0730328e+04
 132.3295040,1.0730433e+04
 132.3499384,1.0722903e+04
 132.3703729,1.0735392e+04
 132.3908074,1.0732829e+04
 132.4112420,1.0728265e+04
 132.4316765,1.0731857e+04
 132.4521110,1.0727152e+04
 132.4725456,1.0741354e+04
 132.4929800,1.0732237e+04
 132.5134145,1.0732062e+04
 132.5338489,1.0725938e+04
 132.5542835,1.0735873e+04
 132.5747180,1.0735359e+04
 132.5951525,1.0728776e+04
 132.6155871,1.0733869e+04
 132.6360216,1.0729496e+04
 132.6564561,1.0734155e+04
 132.6768905,1.0732415e+04
 132.6973251,1.0732349e+04
 132.7177596,1.0737127e+04
 132.7381940,1.0729606e+04
 132.7586286,1.0733472e+04
 132.7790631,1.0727853e+04
 132.7994976,1.0734731e+04
 132.8199321,1.0735495e+04
 132.8403667,1.0726381e+04
 132.8608011,1.0732185e+04
 132.8812356,1.0739287e+04
 132.9016702,1.0729136e+04
 132.9221046,1.0733801e+04
 132.9425391,1.0730468e+04
 132.9629736,1.0726497e+04
 132.9834082,1.0732888e+04
 133.0038426,1.0733287e+04
 133.0242772,1.0731654e+04
 133.0447117,1.0739401e+04
 133.0651462,1.0732510e+04
 133.0855807,1.0739702e+04
 133.1060152,1.0732492e+04
 133.1264497,1.0729891e+04
 133.1468842,1.0727450e+04
 133.1673187,1.0735324e+04
 133.1877532,1.0725650e+04
 133.2081878,1.0725719e+04
 133.2286222,1.0739444e+04
 133.2490568,1.0729165e+04
 133.2694913,1.0727343e+04
 133.2899258,1.0729783e+04
 133.3103603,1.0729580e+04
 133.3307947,1.0730966e+04
 133.3512293,1.0727145e+04
 133.3716638,1.0726587e+04
 133.3920983,1.0729449e+04
 133.4125328,1.0725749e+04
 133.4329673,1.0734383e+04
 133.4534018,1.0728043e+04
 133.4738362,1.0733121e+04
 133.4942709,1.0734683e+04
 133.5147054,1.0732865e+04
 133.5351398,1.0732104e+04
 133.5555744,1.0734569e+04
 133.5760089,1.0722504e+04
 133.5964433,1.0729085e+04
 133.6168778,1.0720519e+04
 133.6373124,1.0733022e+04
 133.6577469,1.0724579e+04
 133.6781813,1.0727659e+04
 133.6986159,1.0726857e+04
 133.7190504,1.0732008e+04
 133.7394848,1.0729235e+04
 133.7599194,1.0720367e+04
 133.7803540,1.0736727e+04
 133.8007884,1.0727067e+04
 133.8212229,1.0732519e+04
 133.8416574,1.0735658e+04
 133.8620919,1.0736581e+04
 133.8825264,1.0729869e+04
 133.9029609,1.0739098e+04
 133.9233954,1.0722725e+04
 133.9438299,1.0732907e+04
 133.9642644,1.0733244e+04
 133.9846988,1.0734865e+04
 134.0051334,1.0728252e+04
 134.0255679,1.0726736e+04
 134.0460024,1.0729767e+04
 134.0664370,1.0726675e+04
 134.0868715,1.0727593e+04
 134.1073059,1.0731473e+04
 134.1277404,1.0723912e+04
 134.1481750,1.0734701e+04
 134.1686095,1.0738842e+04
 134.1890439,1.0733901e+04
 134.2094785,1.0731177e+04
 134.2299130,1.0724661e+04
 134.2503474,1.0732034e+04
 134.2707819,1.0726788e+04
 134.2912165,1.0727093e+04
 134.3116509,1.0738982e+04
 134.3320854,1.0733354e+04
 134.3525200,1.0728518e+04
 134.3729544,1.0724248e+04
 134.3933890,         null
 134.4138235,1.0725762e+04
 134.4342580,1.0728845e+04
 134.4546925,1.0733491e+04
 134.4751270,1.0730693e+04
 134.4955616,1.0737767e+04
 134.5159960,1.0729208e+04
 134.5364305,1.0724815e+04
 134.5568649,1.0732008e+04
 134.5772995,1.0727593e+04
 134.5977340,1.0728847e+04
 134.6181684,1.0739486e+04
 134.6386029,1.0733403e+04
 134.6590375,1.0726895e+04
 134.6794720,1.0728191e+04
 134.6999065,1.0730714e+04
 134.7203410,1.0733026e+04
 134.7407755,1.0719875e+04
 134.7612099,1.0727884e+04
 134.7816444,1.0737960e+04
 134.8020791,1.0730579e+04
 134.8225136,1.0723294e+04
 134.8429480,1.0732090e+04
 134.8633826,1.0735236e+04
 134.8838171,1.0732864e+04
 134.9042516,1.0735883e+04
 134.9246860,1.0734981e+04
 134.9451206,1.0725648e+04
 134.9655551,1.0731048e+04
 134.9859895,1.0733187e+04
 135.0064241,1.0723505e+04
 135.0268586,1.0733137e+04
 135.0472930,1.0731201e+04
 135.0677275,1.0724748e+04
 135.0881621,1.0729091e+04
 135.1085965,1.0727505e+04
 135.1290310,1.0735118e+04
 135.1494656,1.0730689e+04
 135.1699001,1.0732896e+04
 135.1903345,1.0732017e+04
 135.2107690,1.0736419e+04
 135.2312036,1.0728173e+04
 135.2516380,1.0723896e+04
 135.2720725,1.0733769e+04
 135.2925069,1.0732768e+04
 135.3129415,1.0735916e+04
 135.3333760,1.0729855e+04
 135.3538104,1.0724512e+04
 135.3742450,1.0734722e+04
 135.3946795,1.0735431e+04
 135.4151141,1.0730445e+04
 135.4355485,1.0733154e+04
 135.4559831,1.0730887e+04
 135.4764176,1.0732667e+04
 135.4968520,1.0730750e+04
 135.5172866,1.0731601e+04
 135.5377211,1.0726149e+04
 135.5581555,1.0727641e+04
 135.5785900,1.0736340e+04
 135.5990246,1.0729780e+04
 135.6194590,1.0728224e+04
 135.6398935,1.0727612e+04
 135.6603281,1.0726572e+04
 135.6807626,1.0729766e+04
 135.7011970,1.0733719e+04
 135.7216315,1.0732736e+04
 135.7420661,1.0732591e+04
 135.7625005,1.0727722e+04
 135.7829350,1.0730604e+04
 135.8033696,1.0732908e+04
 135.8238040,1.0735157e+04
 135.8442385,1.0727271e+04
 135.8646730,1.0733493e+04
 135.8851075,1.0728426e+04
 135.9055420,1.0733205e+04
 135.9259765,1.0730048e+04
 135.9464109,1.0731488e+04
 135.9668455,1.0737075e+04
 135.9872800,1.0726331e+04
 136.0077144,1.0727148e+04
 136.0281490,1.0734281e+04
 136.0485835,1.0730820e+04
 136.0690179,1.0730834e+04
 136.0894524,1.0730432e+04
 136.1098870,1.0724281e+04
 136.1303215,1.0727255e+04
 136.1507559,1.0721887e+04
 136.1711905,1.0731665e+04
 136.1916250,1.0723883e+04
 136.2120594,1.0727696e+04
 136.2324939,1.0730433e+04
 136.2529285,1.0733154e+04
 136.2733629,1.0728501e+04
 136.2937974,1.0729780e+04
 136.3142320,1.0718448e+04
 136.3346664,1.0728068e+04
 136.3551009,1.0732331e+04
 136.3755354,1.0734156e+04
 136.3959699,1.0732913e+04
 136.4164044,1.0735717e+04
 136.4368389,1.0727915e+04
 136.4572735,1.0734733e+04
 136.4777079,1.0734124e+04
 136.4981424,1.0734716e+04
 136.5185769,1.0729042e+04
 136.5390114,1.0734887e+04
 136.5594459,1.0731157e+04
 136.5798804,1.0737473e+04
 136.6003149,1.0731655e+04
 136.6207494,1.0732520e+04
 136.6411839,1.0730117e+04
 136.6616184,1.0724854e+04
 136.6820529,1.0730685e+04
 136.7024874,1.0725231e+04
 136.7229219,1.0736148e+04
 136.7433563,1.0730981e+04
 136.7637909,1.0738226e+04
 136.7842254,1.0734032e+04
 136.8046598,1.0731353e+04
 136.8250944,1.0728832e+04
 136.8455289,1.0737031e+04
 136.8659634,1.0734394e+04
 136.8863978,1.0736953e+04
 136.9068323,1.0737622e+04
 136.9272668,1.0734599e+04
 136.9477012,1.0730772e+04
 136.9681358,1.0736413e+04
 136.9885703,1.0737709e+04
 137.0090047,1.0729046e+04
 137.0294392,1.0729137e+04
 137.0498738,1.0737653e+04
 137.0703082,1.0735355e+04
 137.0907427,1.0736488e+04
 137.1111773,1.0736612e+04
 137.1316117,1.0740708e+04
 137.1520462,1.0733022e+04
 137.1724807,1.0726776e+04
 137.1929153,1.0732176e+04
 137.2133497,1.0726870e+04
 137.2337842,1.0731775e+04
 137.2542186,1.0734861e+04
 137.2746532,1.0733136e+04
 137.2950877,1.0726425e+04
 137.3155221,1.0737503e+04
 137.3359567,1.0725759e+04
 137.3563912,1.0733415e+04
 137.3768257,         null
 137.3972601,1.0731314e+04
 137.4176947,1.0734647e+04
 137.4381292,1.0730646e+04
 137.4585636,1.0726278e+04
 137.4789981,1.0730102e+04
 137.4994326,1.0727099e+04
 137.5198670,1.0729991e+04
 137.5403015,1.0735228e+04
 137.5607361,1.0729959e+04
 137.5811705,1.0727655e+04
 137.6016050,1.0733263e+04
 137.6220396,1.0726888e+04
 137.6424741,1.0730406e+04
 137.6629085,1.0730569e+04
 137.6833430,1.0724759e+04
 137.7037776,1.0732455e+04
 137.7242120,1.0740675e+04
 137.7446465,1.0730949e+04
 137.7650811,1.0735008e+04
 137.7855155,1.0726821e+04
 137.8059500,1.0730726e+04
 137.8263844,1.0736638e+04
 137.8468190,1.0730602e+04
 137.8672534,1.0729932e+04
 137.8876879,1.0726675e+04
 137.9081223,1.0731185e+04
 137.9285569,1.0729241e+04
 137.9489914,1.0734279e+04
 137.9694258,1.0733604e+04
 137.9898604,1.0732901e+04
 138.0102949,1.0731828e+04
 138.0307293,1.0736911e+04
 138.0511638,1.0727309e+04
 138.0715984,1.0725930e+04
 138.0920329,1.0727150e+04
 138.1124673,1.0731825e+04
 138.1329019,1.0735482e+04
 138.1533364,1.0741563e+04
 138.1737707,1.0735757e+04
 138.1942052,1.0727200e+04
 138.2146398,1.0728690e+04
 138.2350743,1.0735096e+04
 138.2555087,1.0726266e+04
 138.2759433,1.0736806e+04
 138.2963778,1.0728615e+04
 138.3168122,1.0733679e+04
 138.3372467,1.0725851e+04
 138.3576813,1.0734898e+04
 138.3781158,1.0738312e+04
 138.3985502,1.0738736e+04
 138.4189848,1.0739008e+04
 138.4394192,1.0738197e+04
 138.4598536,1.0750026e+04
 138.4802881,1.0733726e+04
 138.5007227,1.0739591e+04
 138.5211571,1.0729583e+04
 138.5415916,1.0732417e+04
 138.5620261,1.0726037e+04
 138.5824606,1.0743043e+04
 138.6028951,1.0729416e+04
 138.6233296,1.0727679e+04
 138.6437641,1.0728353e+04
 138.6641986,1.0725392e+04
 138.6846330,1.0726969e+04
 138.7050674,1.0734899e+04
 138.7255020,1.0736380e+04
 138.7459365,1.0736021e+04
 138.7663709,1.0730165e+04
 138.7868055,1.0735430e+04
 138.8072400,1.0726078e+04
 138.8276744,1.0737078e+04
 138.8481089,1.0731341e+04
 138.8685435,1.0731791e+04
 138.8889779,1.0729033e+04
 138.9094123,1.0735227e+04
 138.9298469,1.0739295e+04
 138.9502814,1.0733136e+04
 138.9707158,1.0735482e+04
 138.9911503,1.0731668e+04
 139.0115849,1.0729460e+04
 139.0320193,1.0735344e+04
 139.0524538,1.0729104e+04
 139.0728884,1.0732743e+04
 139.0933227,1.0730232e+04
 139.1137572,1.0736037e+04
 139.1341917,1.0728692e+04
 139.1546262,1.0733489e+04
 139.1750607,1.0734354e+04
 139.1954952,1.0730851e+04
 139.2159296,1.0731814e+04
 139.2363642,1.0730297e+04
 139.2567987,1.0741543e+04
 139.2772330,1.0740050e+04
 139.2976676,1.0733808e+04
 139.3181021,1.0730594e+04
 139.3385366,1.0729816e+04
 139.3589710,1.0735696e+04
 139.3794056,1.0738052e+04
 139.3998401,1.0727306e+04
 139.4202745,1.0735207e+04
 139.4407090,1.0736398e+04
 139.4611435,1.0733754e+04
 139.4815779,1.0732406e+04
 139.5020124,1.0738064e+04
 139.5224470,1.0732452e+04
 139.5428814,1.0738893e+04
 139.5633159,1.0730304e+04
 139.5837505,1.0733025e+04
 139.6041848,1.0739011e+04
 139.6246193,1.0732763e+04
 139.6450538,1.0741633e+04
 139.6654884,1.0726642e+04
 139.6859228,1.0738060e+04
 139.7063573,1.0734514e+04
 139.7267918,1.0735242e+04
 139.7472263,1.0736830e+04
 139.7676607,1.0733935e+04
 139.7880952,1.0731379e+04
 139.8085297,1.0740711e+04
 139.8289642,1.0734773e+04
 139.8493987,1.0730685e+04
 139.8698332,1.0736696e+04
 139.8902677,1.0731653e+04
 139.9107021,1.0736047e+04
 139.9311366,1.0736949e+04
 139.9515712,1.0739636e+04
 139.9720056,1.0741700e+04
 139.9924401,1.0739604e+04
 140.0128745,1.0735235e+04
 140.0333091,1.0737386e+04
 140.0537435,1.0736973e+04
 140.0741780,1.0741370e+04
 140.0946125,1.0744922e+04
 140.1150470,1.0743139e+04
 140.1354815,1.0740504e+04
 140.1559159,1.0732704e+04
 140.1763505,1.0738122e+04
 140.1967849,1.0731682e+04
 140.2172193,1.0729117e+04
 140.2376539,1.0734152e+04
 140.2580884,1.0734845e+04
 140.2785228,1.0729156e+04
 140.2989573,1.0738058e+04
 140.3193918,1.0732388e+04
 140.3398262,1.0739391e+04
 140.3602607,         null
 140.3806952,1.0731835e+04
 140.4011298,1.0730870e+04
 140.4215642,1.0733865e+04
 140.4419987,1.0738552e+04
 140.4624332,1.0728416e+04
 140.4828676,1.0732219e+04
 140.5033021,1.0736731e+04
 140.5237365,1.0738895e+04
 140.5441711,1.0732945e+04
 140.5646056,1.0739919e+04
 140.5850400,1.0737318e+04
 140.6054745,1.0739702e+04
 140.6259090,1.0738960e+04
 140.6463435,1.0733288e+04
 140.6667779,1.0737422e+04
 140.6872124,1.0738251e+04
 140.7076469,1.0732552e+04
 140.7280813,1.0734248e+04
 140.7485159,1.0733427e+04
 140.7689504,1.0735021e+04
 140.7893848,1.0736581e+04
 140.8098192,1.0733907e+04
 140.8302538,1.0737247e+04
 140.8506883,1.0733968e+04
 140.8711227,1.0734266e+04
 140.8915572,1.0732823e+04
 140.9119918,1.0730517e+04
 140.9324261,1.0742438e+04
 140.9528606,1.0729873e+04
 140.9732952,1.0744173e+04
 140.9937296,1.0732009e+04
 141.0141641,1.0732614e+04
 141.0345985,1.0741719e+04
 141.0550330,1.0737894e+04
 141.0754675,1.0735041e+04
 141.0959020,1.0732984e+04
 141.1163365,1.0733305e+04
 141.1367709,1.0731265e+04
 141.1572054,1.0734301e+04
 141.1776398,1.0737048e+04
 141.1980744,1.0731865e+04
 141.2185089,1.0737113e+04
 141.2389432,1.0731440e+04
 141.2593778,1.0736718e+04
 141.2798123,1.0732713e+04
 141.3002467,1.0733832e+04
 141.3206812,1.0739104e+04
 141.3411157,1.0740735e+04
 141.3615502,1.0736242e+04
 141.3819846,1.0736729e+04
 141.4024191,1.0734326e+04
 141.4228537,1.0734752e+04
 141.4432881,1.0729751e+04
 141.4637225,1.0734376e+04
 141.4841571,1.0735652e+04
 141.5045916,1.0723838e+04
 141.5250260,1.0736924e+04
 141.5454604,1.0737729e+04
 141.5658949,1.0732871e+04
 141.5863295,1.0724564e+04
 141.6067639,1.0733450e+04
 141.6271984,1.0739963e+04
 141.6476329,1.0739628e+04
 141.6680673,1.0732274e+04
 141.6885018,1.0737736e+04
 141.7089364,1.0731275e+04
 141.7293707,1.0735591e+04
 141.7498052,1.0734466e+04
 141.7702398,1.0734688e+04
 141.7906742,1.0729396e+04
 141.8111087,1.0738591e+04
 141.8315431,1.0735809e+04
 141.8519776,1.0737436e+04
 141.8724121,1.0734162e+04
 141.8928466,1.0731252e+04
 141.9132811,1.0730960e+04
 141.9337155,1.0733104e+04
 141.9541500,1.0737134e+04
 141.9745844,1.0734166e+04
 141.9950189,1.0731422e+04
 142.0154534,1.0739385e+04
 142.0358878,1.0734507e+04
 142.0563223,1.0736282e+04
 142.0767568,1.0732866e+04
 142.0971913,1.0731029e+04
 142.1176257,1.0732695e+04
 142.1380603,1.0726168e+04
 142.1584948,1.0730953e+04
 142.1789291,1.0747711e+04
 142.1993636,1.0737665e+04
 142.2197982,1.0733731e+04
 142.2402326,1.0739430e+04
 142.2606670,1.0738221e+04
 142.2811016,1.0738472e+04
 142.3015360,1.0731900e+04
 142.3219705,1.0737663e+04
 142.3424049,1.0734894e+04
 142.3628395,1.0736352e+04
 142.3832739,1.0732006e+04
 142.4037084,1.0741618e+04
 142.4241429,1.0734418e+04
 142.4445773,1.0741757e+04
 142.4650118,1.0738142e+04
 142.4854462,1.0736319e+04
 142.5058807,1.0738576e+04
 142.5263152,1.0734530e+04
 142.5467497,1.0729391e+04
 142.5671841,1.0733645e+04
 142.5876186,1.0734951e+04
 142.6080531,1.0732168e+04
 142.6284875,1.0739458e+04
 142.6489220,1.0731052e+04
 142.6693565,1.0736433e+04
 142.6897909,1.0730678e+04
 142.7102254,1.0729803e+04
 142.7306599,1.0731894e+04
 142.7510943,1.0742821e+04
 142.7715288,1.0730886e+04
 142.7919634,1.0730585e+04
 142.8123977,1.0735640e+04
 142.8328322,1.0746896e+04
 142.8532667,1.0738890e+04
 142.8737012,1.0732283e+04
 142.8941356,1.0735658e+04
 142.9145701,1.0731650e+04
 142.9350047,1.0733668e+04
 142.9554390,1.0734465e+04
 142.9758735,1.0729220e+04
 142.9963079,1.0730656e+04
 143.0167425,1.0733022e+04
 143.0371769,1.0743440e+04
 143.0576114,1.0734219e+04
 143.0780459,1.0739612e+04
 143.0984803,1.0733271e+04
 143.1189148,1.0740359e+04
 143.1393493,1.0732088e+04
 143.1597838,1.0730591e+04
 143.1802182,1.0735640e+04
 143.2006526,1.0731853e+04
 143.2210871,1.0733045e+04
 143.2415216,1.0732874e+04
 143.2619561,1.0737854e+04
 143.2823906,1.0734426e+04
 143.3028250,1.0736376e+04
 143.3232595,1.0738236e+04
 143.3436940,         null
 143.3641284,1.0732936e+04
 143.3845629,1.0733299e+04
 143.4049974,1.0731059e+04
 143.4254318,1.0738202e+04
 143.4458663,1.0723876e+04
 143.4663008,1.0737608e+04
 143.4867352,1.0726023e+04
 143.5071696,1.0740048e+04
 143.5276042,1.0733721e+04
 143.5480387,1.0732118e+04
 143.5684731,1.0731843e+04
 143.5889076,1.0733059e+04
 143.6093421,1.0731611e+04
 143.6297765,1.0735656e+04
 143.6502109,1.0730078e+04
 143.6706455,1.0739041e+04
 143.6910799,1.0732464e+04
 143.7115143,1.0728603e+04
 143.7319488,1.0742619e+04
 143.7523833,1.0737384e+04
 143.7728177,1.0743776e+04
 143.7932522,1.0734348e+04
 143.8136867,1.0734501e+04
 143.8341211,1.0736985e+04
 143.8545556,1.0733797e+04
 143.8749900,1.0735346e+04
 143.8954245,1.0734555e+04
 143.9158590,1.0730713e+04
 143.9362934,1.0738375e+04
 143.9567279,1.0737352e+04
 143.9771624,1.0739292e+04
 143.9975968,1.0730694e+04
 144.0180312,1.0733536e+04
 144.0384658,1.0737153e+04
 144.0589003,1.0734072e+04
 144.0793346,1.0735687e+04
 144.0997692,1.0740019e+04
 144.1202037,1.0735169e+04
 144.1406380,1.0729719e+04
 144.1610725,1.0734660e+04
 144.1815071,1.0739815e+04
 144.2019414,1.0732051e+04
 144.2223759,1.0737257e+04
 144.2428105,1.0746947e+04
 144.2632448,1.0738860e+04
 144.2836793,1.0735935e+04
 144.3041138,1.0735568e+04
 144.3245482,1.0733606e+04
 144.3449827,1.0740333e+04
 144.3654172,1.0733224e+04
 144.3858515,1.0730668e+04
 144.4062861,1.0733794e+04
 144.4267206,1.0734246e+04
 144.4471549,1.0726623e+04
 144.4675895,1.0732275e+04
 144.4880240,1.0722910e+04
 144.5084583,1.0735904e+04
 144.5288928,1.0740802e+04
 144.5493273,1.0730455e+04
 144.5697618,1.0732715e+04
 144.5901962,1.0741417e+04
 144.6106307,1.0723932e+04
 144.6310652,1.0727055e+04
 144.6514996,1.0739471e+04
 144.6719340,1.0732469e+04
 144.6923686,1.0736995e+04
 144.7128030,1.0733077e+04
 144.7332374,1.0738235e+04
 144.7536720,1.0734966e+04
 144.7741063,1.0731579e+04
 144.7945408,1.0724971e+04
 144.8149753,1.0739116e+04
 144.8354098,1.0732865e+04
 144.8558442,1.0731390e+04
 144.8762787,1.0741265e+04
 144.8967131,1.0734910e+04
 144.9171476,1.0728193e+04
 144.9375820,1.0734739e+04
 144.9580165,1.0739470e+04
 144.9784511,1.0724466e+04
 144.9988854,1.0735127e+04
 145.0193199,1.0729362e+04
 145.0397543,1.0735922e+04
 145.0601888,1.0737309e+04
 145.0806233,1.0727228e+04
 145.1010577,1.0728901e+04
 145.1214923,1.0735278e+04
 145.1419267,1.0734436e+04
 145.1623611,1.0724986e+04
 145.1827955,1.0733190e+04
 145.2032300,1.0736418e+04
 145.2236645,1.0729492e+04
 145.2440989,1.0731520e+04
 145.2645334,1.0731001e+04
 145.2849679,1.0729708e+04
 145.3054023,1.0727206e+04
 145.3258367,1.0739604e+04
 145.3462713,1.0731941e+04
 145.3667057,1.0728965e+04
 145.3871401,1.0735457e+04
 145.4075746,1.0732312e+04
 145.4280091,1.0730611e+04
 145.4484435,1.0726695e+04
 145.4688779,1.0732562e+04
 145.4893125,1.0725617e+04
 145.5097468,1.0733686e+04
 145.5301813,1.0726719e+04
 145.5506157,1.0729938e+04
 145.5710503,1.0728548e+04
 145.5914847,1.0728160e+04
 145.6119191,1.0731712e+04
 145.6323537,1.0724971e+04
 145.6527880,1.0727153e+04
 145.6732225,1.0731887e+04
 145.6936569,1.0734976e+04
 145.7140914,1.0725531e+04
 145.7345259,1.0727598e+04
 145.7549603,1.0732218e+04
 145.7753948,1.0729033e+04
 145.7958292,1.0731404e+04
 145.8162637,1.0730176e+04
 145.8366981,1.0731514e+04
 145.8571326,1.0725124e+04
 145.8775671,1.0732854e+04
 145.8980014,1.0726306e+04
 145.9184360,1.0726369e+04
 145.9388704,1.0731206e+04
 145.9593048,1.0730515e+04
 145.9797393,1.0732523e+04
 146.0001738,1.0729771e+04
 146.0206083,1.0727810e+04
 146.0410426,1.0732204e+04
 146.0614772,1.0722833e+04
 146.0819116,1.0731768e+04
 146.1023460,1.0726622e+04
 146.1227804,1.0728289e+04
 146.1432150,1.0730272e+04
 146.1636494,1.0732057e+04
 146.1840838,1.0729037e+04
 146.2045183,1.0727006e+04
 146.2249527,1.0732675e+04
 146.2453872,1.0722589e+04
 146.2658216,1.0730140e+04
 146.2862561,1.0725865e+04
 146.3066905,1.0722056e+04
 146.3271250,         null
 146.3475593,1.0735507e+04
 146.3679939,1.0729018e+04
 146.3884284,1.0726045e+04
 146.4088627,1.0733914e+04
 146.4292973,1.0731222e+04
 146.4497317,1.0724739e+04
 146.4701661,1.0727839e+04
 146.4906006,1.0727766e+04
 146.5110351,1.0730768e+04
 146.5314695,1.0730514e+04
 146.5519039,1.0734866e+04
 146.5723384,1.0724702e+04
 146.5927729,1.0737624e+04
 146.6132073,1.0729805e+04
 146.6336417,1.0727338e+04
 146.6540762,1.0730311e+04
 146.6745107,1.0730635e+04
 146.6949451,1.0732469e+04
 146.7153796,1.0730747e+04
 146.7358141,1.0735256e+04
 146.7562485,1.0721422e+04
 146.7766829,1.0729660e+04
 146.7971174,1.0728479e+04
 146.8175519,1.0729734e+04
 146.8379862,1.0725104e+04
 146.8584207,1.0732595e+04
 146.8788552,1.0728709e+04
 146.8992896,1.0730111e+04
 146.9197240,1.0732329e+04
 146.9401586,1.0727953e+04
 146.9605929,1.0731632e+04
 146.9810274,1.0739042e+04
 147.0014618,1.0731860e+04
 147.0218963,1.0730255e+04
 147.0423307,1.0728673e+04
 147.0627652,1.0731930e+04
 147.0831997,1.0733792e+04
 147.1036341,1.0729571e+04
 147.1240685,1.0724475e+04
 147.1445029,1.0732559e+04
 147.1649374,1.0730059e+04
 147.1853719,1.0730674e+04
 147.2058062,1.0733044e+04
 147.2262408,1.0735278e+04
 147.2466752,1.0731274e+04
 147.2671097,1.0729463e+04
 147.2875440,1.0738699e+04
 147.3079786,1.0730996e+04
 147.3284130,1.0722761e+04
 147.3488474,1.0735733e+04
 147.3692818,1.0731719e+04
 147.3897164,1.0734778e+04
 147.4101507,1.0727859e+04
 147.4305852,1.0728615e+04
 147.4510197,1.0731341e+04
 147.4714540,1.0736656e+04
 147.4918885,1.0723580e+04
 147.5123229,1.0726415e+04
 147.5327575,1.0739604e+04
 147.5531918,1.0733173e+04
 147.5736263,1.0730656e+04
 147.5940608,1.0729223e+04
 147.6144952,1.0728501e+04
 147.6349296,1.0728356e+04
 147.6553640,1.0724136e+04
 147.6757985,1.0739273e+04
 147.6962330,1.0736064e+04
 147.7166673,1.0739997e+04
 147.7371019,1.0726568e+04
 147.7575363,1.0733472e+04
 147.7779708,1.0730304e+04
 147.7984051,1.0732924e+04
 147.8188396,1.0727338e+04
 147.8392741,1.0726158e+04
 147.8597084,1.0737399e+04
 147.8801429,1.0731805e+04
 147.9005774,         null
 147.9210118,1.0734119e+04
 147.9414462,1.0730917e+04
 147.9618808,1.0728996e+04
 147.9823151,1.0725366e+04
 148.0027495,1.0728401e+04
 148.0231840,1.0728463e+04
 148.0436185,1.0726349e+04
 148.0640529,1.0731083e+04
 148.0844873,1.0726497e+04
 148.1049219,1.0728240e+04
 148.1253562,1.0730779e+04
 148.1457907,1.0729191e+04
 148.1662251,1.0723604e+04
 148.1866595,1.0728780e+04
 148.2070940,1.0729104e+04
 148.2275284,1.0729539e+04
 148.2479630,1.0725120e+04
 148.2683973,1.0735791e+04
 148.2888318,1.0738384e+04
 148.3092662,1.0735311e+04
 148.3297006,1.0726790e+04
 148.3501351,1.0727721e+04
 148.3705695,1.0734186e+04
 148.3910039,1.0728061e+04
 148.4114384,1.0728735e+04
 148.4318729,1.0729208e+04
 148.4523073,1.0742451e+04
 148.4727417,1.0731840e+04
 148.4931762,1.0723544e+04
 148.5136106,1.0733353e+04
 148.5340450,1.0738737e+04
 148.5544795,1.0727391e+04
 148.5749139,1.0729944e+04
 148.5953483,1.0725048e+04
 148.6157828,1.0727521e+04
 148.6362173,1.0721915e+04
 148.6566516,1.0723554e+04
 148.6770860,1.0730542e+04
 148.6975206,1.0736506e+04
 148.7179549,1.0728359e+04
 148.7383894,1.0724330e+04
 148.7588239,1.0723879e+04
 148.7792583,1.0719970e+04
 148.7996927,1.0728396e+04
 148.8201271,1.0720130e+04
 148.8405617,1.0728743e+04
 148.8609960,1.0727081e+04
 148.8814304,1.0727372e+04
 148.9018650,1.0726883e+04
 148.9222993,1.0721765e+04
 148.9427338,1.0719877e+04
 148.9631682,1.0724621e+04
 148.9836026,1.0731286e+04
 149.0040371,1.0739430e+04
 149.0244715,1.0728323e+04
 149.0449059,1.0730902e+04
 149.0653404,1.0725579e+04
 149.0857748,1.0724612e+04
 149.1062092,1.0727029e+04
 149.1266437,1.0727182e+04
 149.1470781,1.0725383e+04
 149.1675125,1.0727044e+04
 149.1879469,1.0735775e+04
 149.2083815,1.0724126e+04
 149.2288159,1.0728576e+04
 149.2492502,1.0726311e+04
 149.2696848,1.0732609e+04
 149.2901192,1.0731189e+04
 149.3105535,         null
 149.3309880,1.0734766e+04
 149.3514225,1.0726525e+04
 149.3718568,1.0733372e+04
 149.3922913,1.0722493e+04
 149.4127258,1.0724930e+04
 149.4331602,1.0728811e+04
 149.4535946,1.0726733e+04
 149.4740290,1.0727112e+04
 149.4944635,1.0726799e+04
 149.5148979,1.0734561e+04
 149.5353323,1.0732583e+04
 149.5557669,1.0729378e+04
 149.5762012,1.0724188e+04
 149.5966356,1.0734692e+04
 149.6170700,1.0728809e+04
 149.6375045,1.0738223e+04
 149.6579389,1.0726183e+04
 149.6783733,1.0731247e+04
 149.6988077,1.0731150e+04
 149.7192422,1.0730726e+04
 149.7396767,1.0724196e+04
 149.7601110,1.0729130e+04
 149.7805455,1.0734099e+04
 149.8009800,1.0726955e+04
 149.8214143,1.0721952e+04
 149.8418487,1.0729896e+04
 149.8622833,1.0724846e+04
 149.8827177,1.0727912e+04
 149.9031520,1.0729284e+04
 149.9235866,1.0724744e+04
 149.9440210,1.0725700e+04
 149.9644554,1.0732573e+04
 149.9848898,1.0729572e+04
 150.0053243,1.0726332e+04
 150.0257587,1.0729693e+04
 150.0461931,1.0728880e+04
 150.0666276,1.0713719e+04
 150.0870620,1.0729194e+04
 150.1074964,1.0726492e+04
 150.1279308,1.0723284e+04
 150.1483653,1.0727205e+04
 150.1687997,1.0730609e+04
 150.1892341,1.0726553e+04
 150.2096686,1.0723308e+04
 150.2301029,1.0729146e+04
 150.2505374,1.0725184e+04
 150.2709718,1.0725187e+04
 150.2914063,1.0719621e+04
 150.3118407,1.0723138e+04
 150.3322751,1.0722336e+04
 150.3527094,1.0732689e+04
 150.3731440,1.0728712e+04
 150.3935784,1.0728980e+04
 150.4140127,1.0731390e+04
 150.4344472,1.0729886e+04
 150.4548817,1.0726242e+04
 150.4753161,1.0725232e+04
 150.4957504,1.0726022e+04
 150.5161850,1.0729502e+04
 150.5366194,1.0727900e+04
 150.5570537,1.0729693e+04
 150.5774882,1.0727313e+04
 150.5979227,1.0722771e+04
 150.6183570,1.0728312e+04
 150.6387914,1.0731491e+04
 150.6592260,1.0729322e+04
 150.6796603,1.0727995e+04
 150.7000947,1.0722094e+04
 150.7205292,1.0728574e+04
 150.7409637,1.0727655e+04
 150.7613980,1.0727952e+04
 150.7818324,1.0726682e+04
 150.8022670,1.0722075e+04
 150.8227013,1.0726206e+04
 150.8431357,1.0731038e+04
 150.8635702,1.0724354e+04
 150.8840046,1.0732840e+04
 150.9044390,1.0734700e+04
 150.9248734,1.0734947e+04
 150.9453078,1.0736697e+04
 150.9657423,1.0728068e+04
 150.9861767,1.0719443e+04
 151.0066110,1.0728811e+04
 151.0270455,1.0727222e+04
 151.0474800,1.0728602e+04
 151.0679143,1.0731530e+04
 151.0883488,1.0725775e+04
 151.1087832,1.0731379e+04
 151.1292176,1.0726911e+04
 151.1496520,1.0728444e+04
 151.1700865,1.0730461e+04
 151.1905208,1.0739616e+04
 151.2109553,1.0721961e+04
 151.2313898,1.0730893e+04
 151.2518242,1.0728796e+04
 151.2722585,1.0730980e+04
 151.2926930,1.0732699e+04
 151.3131275,1.0729927e+04
 151.3335618,1.0732131e+04
 151.3539962,1.0731646e+04
 151.3744308,1.0727782e+04
 151.3948651,1.0726572e+04
 151.4152995,1.0738099e+04
 151.4357339,1.0737810e+04
 151.4561683,1.0728777e+04
 151.4766028,1.0727841e+04
 151.4970372,1.0732337e+04
 151.5174716,1.0733579e+04
 151.5379060,1.0735991e+04
 151.5583405,1.0732817e+04
 151.5787749,1.0736391e+04
 151.5992094,1.0733882e+04
 151.6196437,1.0727944e+04
 151.6400781,1.0721974e+04
 151.6605126,         null
 151.6809470,1.0730322e+04
 151.7013814,1.0735549e+04
 151.7218158,1.0734266e+04
 151.7422502,1.0740976e+04
 151.7626847,1.0736834e+04
 151.7831191,1.0735580e+04
 151.8035534,1.0726742e+04
 151.8239879,1.0727980e+04
 151.8444223,1.0725450e+04
 151.8648567,1.0732075e+04
 151.8852912,1.0731558e+04
 151.9057256,1.0747114e+04
 151.9261599,1.0730056e+04
 151.9465943,1.0734063e+04
 151.9670289,1.0723582e+04
 151.9874633,1.0728286e+04
 152.0078976,1.0732655e+04
 152.0283321,1.0739588e+04
 152.0487665,1.0730041e+04
 152.0692009,1.0726322e+04
 152.0896353,1.0729873e+04
 152.1100698,1.0729485e+04
 152.1305041,1.0728788e+04
 152.1509385,1.0727891e+04
 152.1713729,1.0734556e+04
 152.1918074,1.0731842e+04
 152.2122418,1.0722753e+04
 152.2326762,1.0719948e+04
 152.2531107,1.0732718e+04
 152.2735450,1.0721727e+04
 152.2939794,         null
 152.3144138,1.0721859e+04
 152.3348483,1.0731005e+04
 152.3552827,1.0727814e+04
 152.3757170,1.0726979e+04
 152.3961515,1.0732979e+04
 152.4165859,1.0735808e+04
 152.4370204,1.0731778e+04
 152.4574547,1.0731797e+04
 152.4778892,1.0729369e+04
 152.4983236,1.0720826e+04
 152.5187579,1.0727264e+04
 152.5391924,1.0731951e+04
 152.5596269,1.0731696e+04
 152.5800612,1.0736381e+04
 152.6004956,1.0731085e+04
 152.6209301,1.0725622e+04
 152.6413644,1.0728493e+04
 152.6617988,         null
 152.6822332,1.0735906e+04
 152.7026677,1.0734760e+04
 152.7231021,1.0737305e+04
 152.7435365,1.0734830e+04
 152.7639710,1.0732535e+04
 152.7844053,1.0736809e+04
 152.8048397,1.0723368e+04
 152.8252740,1.0743189e+04
 152.8457085,1.0729434e+04
 152.8661430,1.0724645e+04
 152.8865773,1.0728578e+04
 152.9070118,1.0724338e+04
 152.9274462,1.0734704e+04
 152.9478806,1.0733231e+04
 152.9683149,1.0729960e+04
 152.9887494,1.0723079e+04
 153.0091838,1.0729379e+04
 153.0296182,1.0727234e+04
 153.0500527,1.0732869e+04
 153.0704871,1.0722066e+04
 153.0909214,1.0737336e+04
 153.1113558,1.0728515e+04
 153.1317903,1.0734331e+04
 153.1522246,1.0736633e+04
 153.1726590,1.0731223e+04
 153.1930934,1.0726725e+04
 153.2135280,1.0729511e+04
 153.2339624,1.0732517e+04
 153.2543967,1.0730689e+04
 153.2748312,1.0726255e+04
 153.2952656,1.0729672e+04
 153.3156999,1.0726349e+04
 153.3361343,1.0732119e+04
 153.3565687,1.0732191e+04
 153.3770031,1.0729973e+04
 153.3974375,1.0735055e+04
 153.4178720,1.0730959e+04
 153.4383065,1.0742485e+04
 153.4587408,1.0724845e+04
 153.4791752,1.0734379e+04
 153.4996097,1.0724905e+04
 153.5200440,1.0732474e+04
 153.5404784,1.0727025e+04
 153.5609129,1.0728653e+04
 153.5813472,1.0729914e+04
 153.6017816,1.0731837e+04
 153.6222160,1.0735430e+04
 153.6426504,1.0734976e+04
 153.6630848,1.0729932e+04
 153.6835193,1.0737625e+04
 153.7039536,1.0730174e+04
 153.7243881,1.0732720e+04
 153.7448225,1.0734078e+04
 153.7652568,1.0735559e+04
 153.7856913,1.0727152e+04
 153.8061257,1.0732562e+04
 153.8265600,1.0735562e+04
 153.8469944,1.0739792e+04
 153.8674289,1.0737021e+04
 153.8878632,1.0722823e+04
 153.9082976,1.0734795e+04
 153.9287321,1.0735666e+04
 153.9491665,1.0737564e+04
 153.9696008,1.0732861e+04
 153.9900352,1.0728610e+04
 154.0104697,1.0725167e+04
 154.0309040,1.0729952e+04
 154.0513385,1.0735662e+04
 154.0717730,1.0733579e+04
 154.0922073,1.0728862e+04
 154.1126417,1.0730098e+04
 154.1330761,1.0739229e+04
 154.1535105,1.0732568e+04
 154.1739449,1.0732302e+04
 154.1943793,1.0736937e+04
 154.2148137,1.0734491e+04
 154.2352481,1.0735500e+04
 154.2556825,1.0731144e+04
 154.2761168,1.0735122e+04
 154.2965513,1.0737262e+04
 154.3169857,1.0731669e+04
 154.3374200,1.0731748e+04
 154.3578544,1.0730238e+04
 154.3782889,1.0741998e+04
 154.3987232,1.0730623e+04
 154.4191576,1.0732585e+04
 154.4395921,1.0726449e+04
 154.4600265,1.0741934e+04
 154.4804608,1.0740552e+04
 154.5008952,1.0739225e+04
 154.5213297,1.0738794e+04
 154.5417640,1.0734676e+04
 154.5621984,1.0742718e+04
 154.5826329,1.0731342e+04
 154.6030672,1.0735899e+04
 154.6235016,1.0735133e+04
 154.6439360,1.0736202e+04
 154.6643704,1.0734381e+04
 154.6848048,1.0732193e+04
 154.7052392,1.0733205e+04
 154.7256737,1.0734085e+04
 154.7461080,1.0737572e+04
 154.7665424,1.0746701e+04
 154.7869768,1.0736515e+04
 154.8074112,1.0736825e+04
 154.8278456,1.0729850e+04
 154.8482799,1.0738941e+04
 154.8687144,1.0735316e+04
 154.8891488,1.0735496e+04
 154.9095832,1.0734319e+04
 154.9300176,1.0742008e+04
 154.9504520,1.0738971e+04
 154.9708864,1.0739348e+04
 154.9913208,1.0730853e+04
 155.0117551,1.0744368e+04
 155.0321896,1.0736807e+04
 155.0526240,1.0738516e+04
 155.0730583,1.0738739e+04
 155.0934928,1.0739779e+04
 155.1139272,1.0733366e+04
 155.1343615,1.0731471e+04
 155.1547959,1.0738867e+04
 155.1752304,1.0728837e+04
 155.1956648,1.0736990e+04
 155.2160990,1.0732057e+04
 155.2365334,1.0741309e+04
 155.2569679,1.0733488e+04
 155.2774022,         null
 155.2978366,1.0738143e+04
 155.3182711,1.0738604e+04
 155.3387054,1.0737343e+04
 155.3591398,1.0734241e+04
 155.3795742,1.0734572e+04
 155.4000086,1.0733154e+04
 155.4204430,1.0737493e+04
 155.4408774,1.0743663e+04
 155.4613119,1.0741261e+04
 155.4817462,1.0737765e+04
 155.5021806,1.0734037e+04
 155.5226149,1.0726320e+04
 155.5430494,1.0736584e+04
 155.5634837,         null
 155.5839180,1.0730664e+04
 155.6043525,1.0734148e+04
 155.6247869,1.0733168e+04
 155.6452213,1.0728237e+04
 155.6656556,1.0727881e+04
 155.6860901,1.0735360e+04
 155.7065245,1.0727410e+04
 155.7269588,1.0726373e+04
 155.7473932,1.0730021e+04
 155.7678277,1.0738836e+04
 155.7882620,1.0731447e+04
 155.8086964,1.0734536e+04
 155.8291308,1.0730576e+04
 155.8495651,1.0732979e+04
 155.8699995,1.0729947e+04
 155.8904339,1.0733969e+04
 155.9108684,1.0731412e+04
 155.9313027,1.0740009e+04
 155.9517371,1.0732660e+04
 155.9721716,1.0731461e+04
 155.9926059,1.0730571e+04
 156.0130403,1.0731389e+04
 156.0334745,1.0730792e+04
 156.0539090,1.0730765e+04
 156.0743434,1.0731362e+04
 156.0947778,1.0737201e+04
 156.1152122,1.0732430e+04
 156.1356466,1.0733985e+04
 156.1560810,1.0733721e+04
 156.1765153,1.0729824e+04
 156.1969498,1.0729586e+04
 156.2173841,1.0738839e+04
 156.2378184,1.0734206e+04
 156.2582528,1.0735861e+04
 156.2786873,1.0731915e+04
 156.2991216,1.0735634e+04
 156.3195560,1.0732269e+04
 156.3399905,1.0732419e+04
 156.3604248,1.0733947e+04
 156.3808591,1.0737913e+04
 156.4012935,1.0734026e+04
 156.4217280,1.0732881e+04
 156.4421623,1.0737871e+04
 156.4625967,1.0729544e+04
 156.4830312,1.0734878e+04
 156.5034655,1.0729411e+04
 156.5238998,1.0733789e+04
 156.5443342,1.0736486e+04
 156.5647686,1.0737800e+04
 156.5852030,1.0736533e+04
 156.6056374,1.0738283e+04
 156.6260718,1.0736481e+04
 156.6465062,1.0731811e+04
 156.6669405,1.0735046e+04
 156.6873749,1.0739040e+04
 156.7078093,1.0739268e+04
 156.7282437,1.0733304e+04
 156.7486781,1.0734856e+04
 156.7691124,1.0732985e+04
 156.7895468,1.0731163e+04
 156.8099812,1.0732896e+04
 156.8304156,1.0727309e+04
 156.8508500,1.0732279e+04
 156.8712844,1.0729012e+04
 156.8917188,1.0733974e+04
 156.9121530,1.0733173e+04
 156.9325875,1.0737602e+04
 156.9530219,1.0739777e+04
 156.9734562,1.0735678e+04
 156.9938907,1.0730915e+04
 157.0143251,1.0725952e+04
 157.0347593,1.0731014e+04
 157.0551937,1.0732812e+04
 157.0756282,1.0736860e+04
 157.0960625,1.0742978e+04
 157.1164969,1.0732015e+04
 157.1369313,1.0731426e+04
 157.1573657,1.0727771e+04
 157.1778000,1.0733962e+04
 157.1982344,1.0728067e+04
 157.2186689,1.0731134e+04
 157.2391031,1.0735050e+04
 157.2595375,1.0732047e+04
 157.2799719,1.0728985e+04
 157.3004063,1.0728238e+04
 157.3208407,1.0732789e+04
 157.3412750,1.0728284e+04
 157.3617094,1.0738708e+04
 157.3821438,1.0735932e+04
 157.4025782,1.0731308e+04
 157.4230125,1.0732357e+04
 157.4434469,1.0737724e+04
 157.4638813,1.0730513e+04
 157.4843156,1.0734532e+04
 157.5047501,1.0728188e+04
 157.5251844,1.0736205e+04
 157.5456187,1.0732935e+04
 157.5660531,1.0735135e+04
 157.5864876,1.0740076e+04
 157.6069219,1.0738032e+04
 157.6273562,1.0732493e+04
 157.6477907,1.0731178e+04
 157.6682251,1.0739498e+04
 157.6886594,1.0733770e+04
 157.7090937,1.0731043e+04
 157.7295282,1.0727481e+04
 157.7499625,1.0732582e+04
 157.7703969,1.0734299e+04
 157.7908313,1.0732415e+04
 157.8112656,1.0726780e+04
 157.8317000,1.0728380e+04
 157.8521344,1.0729188e+04
 157.8725687,1.0732801e+04
 157.8930031,1.0733215e+04
 157.9134375,1.0738355e+04
 157.9338718,1.0728776e+04
 157.9543062,1.0730524e+04
 157.9747406,1.0736291e+04
 157.9951749,1.0741756e+04
 158.0156094,1.0733741e+04
 158.0360437,1.0734272e+04
 158.0564780,1.0736897e+04
 158.0769124,1.0738261e+04
 158.0973469,1.0733742e+04
 158.1177812,1.0726037e+04
 158.1382155,1.0740373e+04
 158.1586500,1.0724209e+04
 158.1790843,1.0733204e+04
 158.1995186,1.0732918e+04
 158.2199530,1.0736335e+04
 158.2403875,1.0731407e+04
 158.2608217,         null
 158.2812561,1.0729783e+04
 158.3016906,1.0741307e+04
 158.3221249,1.0741780e+04
 158.3425592,1.0730836e+04
 158.3629936,1.0738785e+04
 158.3834281,1.0734403e+04
 158.4038624,1.0733571e+04
 158.4242967,1.0731630e+04
 158.4447311,1.0740575e+04
 158.4651655,1.0730157e+04
 158.4855998,1.0741833e+04
 158.5060342,1.0733262e+04
 158.5264687,1.0731830e+04
 158.5469029,1.0727498e+04
 158.5673373,1.0733892e+04
 158.5877717,1.0734061e+04
 158.6082060,1.0733176e+04
 158.6286404,1.0737606e+04
 158.6490748,1.0736395e+04
 158.6695092,1.0739515e+04
 158.6899435,1.0733714e+04
 158.7103779,1.0733532e+04
 158.7308121,1.0733835e+04
 158.7512466,1.0737870e+04
 158.7716810,1.0735737e+04
 158.7921153,1.0737545e+04
 158.8125497,1.0742562e+04
 158.8329841,1.0732940e+04
 158.8534184,1.0736717e+04
 158.8738527,1.0736986e+04
 158.8942872,1.0736521e+04
 158.9147215,1.0731327e+04
 158.9351558,1.0737247e+04
 158.9555903,1.0728489e+04
 158.9760246,1.0733086e+04
 158.9964589,1.0729324e+04
 159.0168933,1.0730181e+04
 159.0373277,1.0734146e+04
 159.0577620,1.0735914e+04
 159.0781964,1.0735414e+04
 159.0986307,1.0733562e+04
 159.1190652,1.0736701e+04
 159.1394995,1.0735397e+04
 159.1599338,1.0737362e+04
 159.1803683,1.0733269e+04
 159.2008026,1.0734796e+04
 159.2212369,1.0741469e+04
 159.2416712,1.0734143e+04
 159.2621056,1.0733665e+04
 159.2825400,1.0740570e+04
 159.3029744,1.0728896e+04
 159.3234087,1.0727009e+04
 159.3438431,1.0728782e+04
 159.3642775,1.0736589e+04
 159.3847117,1.0736649e+04
 159.4051462,1.0732625e+04
 159.4255805,1.0732265e+04
 159.4460148,1.0724902e+04
 159.4664493,1.0737310e+04
 159.4868836,1.0733746e+04
 159.5073179,1.0737736e+04
 159.5277523,1.0726814e+04
 159.5481867,1.0735822e+04
 159.5686210,1.0736638e+04
 159.5890553,1.0726379e+04
 159.6094897,1.0728735e+04
 159.6299242,1.0736219e+04
 159.6503584,1.0737639e+04
 159.6707928,1.0726841e+04
 159.6912272,1.0730020e+04
 159.7116615,1.0732282e+04
 159.7320959,1.0725286e+04
 159.7525302,1.0734712e+04
 159.7729646,1.0733237e+04
 159.7933989,1.0728725e+04
 159.8138333,1.0732312e+04
 159.8342677,1.0729051e+04
 159.8547020,1.0729562e+04
 159.8751364,1.0726809e+04
 159.8955706,1.0729066e+04
 159.9160051,1.0729623e+04
 159.9364394,1.0730789e+04
 159.9568738,1.0732227e+04
 159.9773082,1.0731409e+04
 159.9977425,1.0734804e+04
 160.0181769,1.0732312e+04
 160.0386112,1.0732211e+04
 160.0590456,1.0731544e+04
 160.0794799,1.0735509e+04
 160.0999143,1.0738101e+04
 160.1203486,1.0734352e+04
 160.1407830,1.0734066e+04
 160.1612174,1.0730711e+04
 160.1816516,1.0734778e+04
 160.2020861,1.0731551e+04
 160.2225204,1.0727048e+04
 160.2429547,1.0731804e+04
 160.2633890,1.0728994e+04
 160.2838235,1.0732133e+04
 160.3042578,1.0727589e+04
 160.3246921,1.0731313e+04
 160.3451266,1.0733699e+04
 160.3655609,1.0729514e+04
 160.3859952,1.0740729e+04
 160.4064295,1.0719704e+04
 160.4268640,1.0732146e+04
 160.4472982,1.0727197e+04
 160.4677326,1.0720705e+04
 160.4881670,1.0727375e+04
 160.5086013,1.0730380e+04
 160.5290356,1.0732788e+04
 160.5494700,1.0723243e+04
 160.5699044,1.0730794e+04
 160.5903387,1.0736126e+04
 160.6107731,1.0727380e+04
 160.6312073,1.0730646e+04
 160.6516418,1.0731413e+04
 160.6720761,1.0731747e+04
 160.6925104,1.0730253e+04
 160.7129448,1.0733361e+04
 160.7333792,1.0732638e+04
 160.7538134,1.0738345e+04
 160.7742478,1.0729312e+04
 160.7946822,1.0726466e+04
 160.8151166,1.0727475e+04
 160.8355508,1.0722304e+04
 160.8559853,1.0733548e+04
 160.8764196,1.0737780e+04
 160.8968539,1.0731246e+04
 160.9172882,1.0727325e+04
 160.9377227,1.0724526e+04
 160.9581569,1.0724645e+04
 160.9785913,1.0724887e+04
 160.9990257,1.0722912e+04
 161.0194600,1.0731029e+04
 161.0398943,1.0727848e+04
 161.0603287,1.0733149e+04
 161.0807630,1.0728494e+04
 161.1011974,1.0725258e+04
 161.1216317,1.0728161e+04
 161.1420662,1.0732924e+04
 161.1625004,1.0724280e+04
 161.1829347,1.0731516e+04
 161.2033690,1.0729986e+04
 161.2238034,1.0725938e+04
 161.2442378,         null
 161.2646721,1.0730092e+04
 161.2851064,1.0732656e+04
 161.3055408,1.0732355e+04
 161.3259752,1.0732640e+04
 161.3464094,1.0727328e+04
 161.3668439,1.0727295e+04
 161.3872782,1.0729740e+04
 161.4077125,1.0724050e+04
 161.4281468,1.0733305e+04
 161.4485812,1.0739910e+04
 161.4690155,1.0730358e+04
 161.4894498,1.0725719e+04
 161.5098843,1.0731068e+04
 161.5303185,1.0737953e+04
 161.5507529,1.0725309e+04
 161.5711872,1.0734291e+04
 161.5916217,1.0736281e+04
 161.6120559,1.0736444e+04
 161.6324902,1.0731542e+04
 161.6529247,1.0733732e+04
 161.6733590,1.0737298e+04
 161.6937933,1.0732021e+04
 161.7142276,1.0735444e+04
 161.7346621,1.0731397e+04
 161.7550963,1.0729776e+04
 161.7755306,1.0735283e+04
 161.7959650,1.0734900e+04
 161.8163993,1.0733249e+04
 161.8368337,1.0731559e+04
 161.8572680,1.0732387e+04
 161.8777024,1.0727391e+04
 161.8981367,1.0738056e+04
 161.9185710,1.0732911e+04
 161.9390053,1.0733949e+04
 161.9594397,1.0737205e+04
 161.9798740,1.0735337e+04
 162.0003084,1.0725006e+04
 162.0207427,1.0737263e+04
 162.0411771,1.0737016e+04
 162.0616114,1.0733551e+04
 162.0820456,1.0733645e+04
 162.1024801,1.0743275e+04
 162.1229144,1.0736551e+04
 162.1433487,1.0739382e+04
 162.1637831,1.0737499e+04
 162.1842174,1.0737490e+04
 162.2046517,1.0736518e+04
 162.2250860,1.0736045e+04
 162.2455204,1.0730514e+04
 162.2659547,1.0731620e+04
 162.2863890,1.0737717e+04
 162.3068235,1.0734360e+04
 162.3272578,1.0743820e+04
 162.3476920,1.0732235e+04
 162.3681264,1.0736089e+04
 162.3885608,1.0725070e+04
 162.4089950,1.0728407e+04
 162.4294294,1.0735791e+04
 162.4498636,1.0729265e+04
 162.4702981,1.0739444e+04
 162.4907324,1.0738401e+04
 162.5111661,1.0739973e+04
 162.5316006,1.0733704e+04
 162.5520348,1.0735611e+04
 162.5724691,1.0730804e+04
 162.5929035,1.0737521e+04
 162.6133379,1.0740033e+04
 162.6337721,1.0734766e+04
 162.6542065,1.0742553e+04
 162.6746409,1.0734213e+04
 162.6950751,1.0734296e+04
 162.7155095,1.0729294e+04
 162.7359438,1.0735294e+04
 162.7563781,1.0733234e+04
 162.7768125,1.0736264e+04
 162.7972468,1.0735638e+04
 162.8176811,1.0740175e+04
 162.8381155,1.0735678e+04
 162.8585498,1.0743735e+04
 162.8789840,1.0734707e+04
 162.8994185,1.0731693e+04
 162.9198528,1.0735781e+04
 162.9402870,1.0736870e+04
 162.9607214,1.0734334e+04
 162.9811558,1.0737471e+04
 163.0015900,1.0735565e+04
 163.0220243,1.0734649e+04
 163.0424588,1.0740830e+04
 163.0628931,1.0732272e+04
 163.0833273,1.0738437e+04
 163.1037617,1.0736747e+04
 163.1241961,1.0733932e+04
 163.1446303,1.0731336e+04
 163.1650647,1.0739086e+04
 163.1854991,1.0735548e+04
 163.2059333,1.0733922e+04
 163.2263676,1.0735175e+04
 163.2468020,1.0737143e+04
 163.2672363,1.0734370e+04
 163.2876706,1.0744052e+04
 163.3081050,1.0733061e+04
 163.3285394,1.0731999e+04
 163.3489736,1.0735089e+04
 163.3694079,1.0728020e+04
 163.3898422,1.0725763e+04
 163.4102766,1.0731177e+04
 163.4307109,1.0734480e+04
 163.4511452,1.0724983e+04
 163.4715796,1.0736688e+04
 163.4920139,1.0736142e+04
 163.5124482,1.0735836e+04
 163.5328825,1.0733742e+04
 163.5533169,1.0728191e+04
 163.5737512,1.0727938e+04
 163.5941854,1.0732523e+04
 163.6146198,1.0732510e+04
 163.6350542,1.0730665e+04
 163.6554884,1.0729071e+04
 163.6759227,1.0730191e+04
 163.6963572,1.0732965e+04
 163.7167914,1.0739493e+04
 163.7372257,1.0745368e+04
 163.7576600,1.0745538e+04
 163.7780944,1.0724365e+04
 163.7985287,1.0724206e+04
 163.8189630,1.0732147e+04
 163.8393974,1.0736360e+04
 163.8598317,1.0729596e+04
 163.8802660,1.0730698e+04
 163.9007002,1.0738084e+04
 163.9211346,1.0733144e+04
 163.9415689,1.0742797e+04
 163.9620033,1.0751060e+04
 163.9824376,1.0728558e+04
 164.0028719,1.0725102e+04
 164.0233062,1.0725829e+04
 164.0437405,1.0724318e+04
 164.0641749,1.0723245e+04
 164.0846092,1.0722245e+04
 164.1050435,1.0725504e+04
 164.1254777,1.0721006e+04
 164.1459122,1.0728255e+04
 164.1663464,1.0727069e+04
 164.1867807,1.0730622e+04
 164.2072151,1.0733868e+04
 164.2276494,         null
 164.2480837,1.0721371e+04
 164.2685180,1.0730652e+04
 164.2889523,1.0724902e+04
 164.3093866,1.0726565e+04
 164.3298209,1.0723507e+04
 164.3502554,1.0734753e+04
 164.3706897,1.0714279e+04
 164.3911239,1.0725772e+04
 164.4115582,1.0719615e+04
 164.4319925,1.0724745e+04
 164.4524268,1.0723864e+04
 164.4728612,1.0726931e+04
 164.4932956,1.0724571e+04
 164.5137298,1.0728132e+04
 164.5341641,1.0729741e+04
 164.5545984,1.0723976e+04
 164.5750327,1.0723979e+04
 164.5954671,1.0719763e+04
 164.6159014,1.0716425e+04
 164.6363356,1.0722885e+04
 164.6567700,1.0722212e+04
 164.6772043,1.0727361e+04
 164.6976386,1.0730940e+04
 164.7180730,1.0730647e+04
 164.7385073,1.0726467e+04
 164.7589416,1.0727234e+04
 164.7793758,1.0729859e+04
 164.7998102,1.0729271e+04
 164.8202445,1.0722134e+04
 164.8406787,1.0721148e+04
 164.8611132,1.0726737e+04
 164.8815475,1.0718940e+04
 164.9019817,1.0728356e+04
 164.9224160,1.0727011e+04
 164.9428504,1.0722868e+04
 164.9632846,1.0722733e+04
 164.9837189,1.0731104e+04
