        TIME,  PDCSAP_FLUX
 131.5122544,1.1195208e+04
 131.5326889,1.1204111e+04
 131.5531232,1.1194823e+04
 131.5735574,1.1200363e+04
 131.5939918,1.1195694e+04
 131.6144262,1.1191737e+04
 131.6348604,1.1195280e+04
 131.6552948,1.1194729e+04
 131.6757292,1.1194534e+04
 131.6961635,1.1183992e+04
 131.7165978,1.1191879e+04
 131.7370321,1.1197149e+04
 131.7574665,1.1198297e+04
 131.7779008,1.1191362e+04
 131.7983351,1.1193451e+04
 131.8187695,1.1191364e+04
 131.8392038,1.1194758e+04
 131.8596381,1.1201906e+04
 131.8800724,1.1176203e+04
 131.9005068,1.1175040e+04
 131.9209411,1.1175624e+04
 131.9413754,1.1170595e+04
 131.9618098,1.1182846e+04
 131.9822441,1.1189212e+04
 132.0026784,1.1191128e+04
 132.0231127,1.1199777e+04
 132.0435471,1.1196214e+04
 132.0639814,1.1185280e+04
 132.0844157,1.1180949e+04
 132.1048500,1.1187865e+04
 132.1252844,1.1180707e+04
 132.1457187,1.1194711e+04
 132.1661530,1.1191530e+04
 132.1865874,1.1188370e+04
 132.2070218,1.1194022e+04
 132.2274560,1.1187143e+04
 132.2478903,1.1184771e+04
 132.2683248,1.1187021e+04
 132.2887590,1.1189697e+04
 132.3091933,1.1182974e+04
 132.3296278,1.1192372e+04
 132.3500620,1.1186116e+04
 132.3704963,1.1188644e+04
 132.3909306,1.1184326e+04
 132.4113650,1.1182709e+04
 132.4317993,1.1195949e+04
 132.4522336,1.1198046e+04
 132.4726681,1.1184266e+04
 132.4931023,1.1181654e+04
 132.5135366,1.1195600e+04
 132.5339709,1.1186919e+04
 132.5544053,1.1186872e+04
 132.5748396,1.1180306e+04
 132.5952739,1.1180561e+04
 132.6157083,1.1179791e+04
 132.6361426,1.1187909e+04
 132.6565770,1.1185383e+04
 132.6770112,1.1180247e+04
 132.6974456,1.1178461e+04
 132.7178800,1.1181901e+04
 132.7383142,1.1187203e+04
 132.7587486,1.1180014e+04
 132.7791829,1.1187735e+04
 132.7996172,1.1180167e+04
 132.8200515,1.1173938e+04
 132.8404859,1.1186477e+04
 132.8609202,1.1177703e+04
 132.8813545,1.1177822e+04
 132.9017889,1.1178365e+04
 132.9222232,1.1177045e+04
 132.9426575,1.1176099e+04
 132.9630918,1.1183314e+04
 132.9835262,1.1173816e+04
 133.0039605,1.1182560e+04
 133.0243948,1.1183225e+04
 133.0448291,1.1180699e+04
 133.0652635,1.1181777e+04
 133.0856978,1.1179175e+04
 133.1061321,1.1175398e+04
 133.1265665,1.1180111e+04
 133.1470008,1.1170123e+04
 133.1674351,1.1181340e+04
 133.1878694,1.1174060e+04
 133.2083039,1.1175574e+04
 133.2287381,1.1177450e+04
 133.2491724,1.1185099e+04
 133.2696068,1.1170648e+04
 133.2900411,1.1177950e+04
 133.3104754,1.1175250e+04
 133.3309096,1.1180376e+04
 133.3513441,1.1176517e+04
 133.3717784,1.1175389e+04
 133.3922127,1.1181866e+04
 133.4126471,1.1179438e+04
 133.4330814,1.1180734e+04
 133.4535157,1.1169885e+04
 133.4739499,1.1165269e+04
 133.4943844,1.1177229e+04
 133.5148187,1.1174363e+04
 133.5352529,1.1176164e+04
 133.5556874,1.1166065e+04
 133.5761217,1.1172688e+04
 133.5965559,1.1176161e+04
 133.6169902,1.1167479e+04
 133.6374247,1.1183992e+04
 133.6578590,1.1170951e+04
 133.6782932,1.1169260e+04
 133.6987277,1.1169411e+04
 133.7191620,1.1175068e+04
 133.7395962,1.1174886e+04
 133.7600305,1.1174541e+04
 133.7804650,1.1168963e+04
 133.8008992,1.1173685e+04
 133.8213335,1.1165494e+04
 133.8417679,1.1165718e+04
 133.8622022,1.1168059e+04
 133.8826365,1.1173832e+04
 133.9030708,1.1162294e+04
 133.9235052,1.1178188e+04
 133.9439395,1.1161278e+04
 133.9643738,1.1160194e+04
 133.9848080,1.1168557e+04
 134.0052425,1.1167981e+04
 134.0256768,1.1166215e+04
 134.0461110,1.1162058e+04
 134.0665454,1.1171969e+04
 134.0869798,1.1164007e+04
 134.1074140,1.1160946e+04
 134.1278483,1.1163402e+04
 134.1482828,1.1166719e+04
 134.1687171,1.1173874e+04
 134.1891513,1.1164771e+04
 134.2095857,1.1170170e+04
 134.2300201,1.1165153e+04
 134.2504543,1.1169439e+04
 134.2708886,1.1172844e+04
 134.2913230,1.1164287e+04
 134.3117573,1.1166890e+04
 134.3321916,1.1166146e+04
 134.3526260,1.1167644e+04
 134.3730602,1.1175218e+04
 134.3934946,         null
 134.4139289,1.1170037e+04
 134.4343632,1.1166884e+04
 134.4547975,1.1160487e+04
 134.4752319,1.1168412e+04
 134.4956663,1.1165053e+04
 134.5161005,1.1169402e+04
 134.5365348,1.1164771e+04
 134.5569691,1.1168520e+04
 134.5774035,1.1159753e+04
 134.5978378,1.1164361e+04
 134.6182720,1.1172143e+04
 134.6387064,1.1160302e+04
 134.6591408,1.1161937e+04
 134.6795751,1.1166006e+04
 134.7000094,1.1168278e+04
 134.7204438,1.1158487e+04
 134.7408781,1.1176577e+04
 134.7613123,1.1168816e+04
 134.7817466,1.1160789e+04
 134.8021811,1.1164367e+04
 134.8226154,1.1170950e+04
 134.8430496,1.1158473e+04
 134.8634840,1.1160177e+04
 134.8839183,1.1161913e+04
 134.9043527,1.1158854e+04
 134.9247869,1.1164833e+04
 134.9452213,1.1152466e+04
 134.9656556,1.1164305e+04
 134.9860899,1.1163378e+04
 135.0065243,1.1160762e+04
 135.0269586,1.1158781e+04
 135.0473928,1.1162861e+04
 135.0678272,1.1170192e+04
 135.0882616,1.1158249e+04
 135.1086958,1.1158172e+04
 135.1291301,1.1160084e+04
 135.1495645,1.1161489e+04
 135.1699989,1.1166502e+04
 135.1904331,1.1158981e+04
 135.2108674,1.1164700e+04
 135.2313018,1.1188024e+04
 135.2517361,1.1162162e+04
 135.2721704,1.1162112e+04
 135.2926046,1.1164747e+04
 135.3130390,1.1161501e+04
 135.3334733,1.1170343e+04
 135.3539076,1.1167693e+04
 135.3743420,1.1161123e+04
 135.3947763,1.1160130e+04
 135.4152106,1.1170310e+04
 135.4356449,1.1168643e+04
 135.4560793,1.1174763e+04
 135.4765136,1.1169574e+04
 135.4969478,1.1158735e+04
 135.5173822,1.1158135e+04
 135.5378166,1.1168183e+04
 135.5582508,1.1156118e+04
 135.5786851,1.1154146e+04
 135.5991195,1.1163179e+04
 135.6195538,1.1169028e+04
 135.6399881,1.1163402e+04
 135.6604225,1.1168744e+04
 135.6808568,1.1164293e+04
 135.7012910,1.1156377e+04
 135.7217254,1.1167895e+04
 135.7421598,1.1169582e+04
 135.7625940,1.1172153e+04
 135.7830283,1.1164838e+04
 135.8034627,1.1163790e+04
 135.8238970,1.1166565e+04
 135.8443313,1.1171282e+04
 135.8647656,1.1169915e+04
 135.8851999,1.1168287e+04
 135.9056342,1.1169027e+04
 135.9260686,1.1168332e+04
 135.9465028,1.1172388e+04
 135.9669372,1.1172261e+04
 135.9873715,1.1163615e+04
 136.0078057,1.1166309e+04
 136.0282402,1.1166479e+04
 136.0486745,1.1161383e+04
 136.0691087,1.1155416e+04
 136.0895430,1.1152623e+04
 136.1099774,1.1146892e+04
 136.1304118,1.1154395e+04
 136.1508460,1.1162379e+04
 136.1712804,1.1173700e+04
 136.1917147,1.1173558e+04
 136.2121489,1.1168046e+04
 136.2325832,1.1175156e+04
 136.2530177,1.1174865e+04
 136.2734519,1.1178294e+04
 136.2938862,1.1170080e+04
 136.3143206,1.1173537e+04
 136.3347548,1.1172165e+04
 136.3551892,1.1173468e+04
 136.3756235,1.1176065e+04
 136.3960578,1.1177812e+04
 136.4164921,1.1174061e+04
 136.4369264,1.1178262e+04
 136.4573608,1.1180579e+04
 136.4777951,1.1174883e+04
 136.4982294,1.1165201e+04
 136.5186637,1.1181460e+04
 136.5390980,1.1170226e+04
 136.5595323,1.1177676e+04
 136.5799667,1.1170241e+04
 136.6004010,1.1185312e+04
 136.6208353,1.1178466e+04
 136.6412696,1.1176614e+04
 136.6617039,1.1176096e+04
 136.6821382,1.1171032e+04
 136.7025726,1.1183954e+04
 136.7230069,1.1173680e+04
 136.7434411,1.1174240e+04
 136.7638755,1.1178492e+04
 136.7843098,1.1178654e+04
 136.8047440,1.1176547e+04
 136.8251785,1.1180680e+04
 136.8456128,1.1178835e+04
 136.8660471,1.1177869e+04
 136.8864813,1.1186832e+04
 136.9069157,1.1183229e+04
 136.9273500,1.1184436e+04
 136.9477842,1.1186631e+04
 136.9682187,1.1185383e+04
 136.9886530,1.1193836e+04
 137.0090872,1.1187772e+04
 137.0295215,1.1183381e+04
 137.0499559,1.1179357e+04
 137.0703901,1.1183736e+04
 137.0908245,1.1182071e+04
 137.1112589,1.1186295e+04
 137.1316931,1.1186001e+04
 137.1521274,1.1180488e+04
 137.1725617,1.1183032e+04
 137.1929961,1.1180114e+04
 137.2134303,1.1187102e+04
 137.2338647,1.1196279e+04
 137.2542989,1.1188514e+04
 137.2747333,1.1181134e+04
 137.2951676,1.1182033e+04
 137.3156018,1.1189193e+04
 137.3360362,1.1195476e+04
 137.3564706,1.1190776e+04
 137.3769049,         null
 137.3973391,1.1189349e+04
 137.4177735,1.1194847e+04
 137.4382078,1.1192548e+04
 137.4586420,1.1200044e+04
 137.4790764,1.1185493e+04
 137.4995107,1.1204442e+04
 137.5199450,1.1198373e+04
 137.5403793,1.1200058e+04
 137.5608137,1.1197094e+04
 137.5812479,1.1197393e+04
 137.6016822,1.1191100e+04
 137.6221166,1.1194057e+04
 137.6425509,1.1199482e+04
 137.6629852,1.1191105e+04
 137.6834195,1.1195855e+04
 137.7038539,1.1199957e+04
 137.7242881,1.1191990e+04
 137.7447224,1.1198641e+04
 137.7651568,1.1207854e+04
 137.7855910,1.1202943e+04
 137.8060253,1.1190798e+04
 137.8264596,1.1198967e+04
 137.8468940,1.1200326e+04
 137.8673283,1.1200687e+04
 137.8877626,1.1201661e+04
 137.9081968,1.1208966e+04
 137.9286312,1.1210349e+04
 137.9490655,1.1207149e+04
 137.9694997,1.1206994e+04
 137.9899342,1.1223772e+04
 138.0103685,1.1218767e+04
 138.0308027,1.1202224e+04
 138.0512370,1.1207844e+04
 138.0716714,1.1207818e+04
 138.0921057,1.1203828e+04
 138.1125399,1.1202427e+04
 138.1329743,1.1205500e+04
 138.1534086,1.1201784e+04
 138.1738429,1.1207918e+04
 138.1942772,1.1209645e+04
 138.2147116,1.1203143e+04
 138.2351459,1.1219833e+04
 138.2555801,1.1208935e+04
 138.2760145,1.1214488e+04
 138.2964488,1.1208098e+04
 138.3168830,1.1207433e+04
 138.3373173,1.1217150e+04
 138.3577517,1.1210596e+04
 138.3781861,1.1210429e+04
 138.3986203,1.1215217e+04
 138.4190547,1.1204989e+04
 138.4394890,1.1214559e+04
 138.4599232,1.1213884e+04
 138.4803575,1.1209354e+04
 138.5007919,1.1213687e+04
 138.5212261,1.1210291e+04
 138.5416604,1.1214109e+04
 138.5620947,1.1217792e+04
 138.5825291,1.1217878e+04
 138.6029634,1.1219286e+04
 138.6233977,1.1221343e+04
 138.6438320,1.1211702e+04
 138.6642663,1.1221267e+04
 138.6847006,1.1221133e+04
 138.7051348,1.1220013e+04
 138.7255692,1.1213291e+04
 138.7460035,1.1220053e+04
 138.7664377,1.1219851e+04
 138.7868721,1.1217673e+04
 138.8073064,1.1221749e+04
 138.8277407,1.1226607e+04
 138.8481750,1.1216281e+04
 138.8686094,1.1217050e+04
 138.8890437,1.1221054e+04
 138.9094779,1.1225495e+04
 138.9299123,1.1222058e+04
 138.9503466,1.1224541e+04
 138.9707808,1.1222047e+04
 138.9912151,1.1215227e+04
 139.0116495,1.1212908e+04
 139.0320837,1.1218281e+04
 139.0525180,1.1224341e+04
 139.0729524,1.1232324e+04
 139.0933867,1.1232309e+04
 139.1138210,1.1225800e+04
 139.1342553,1.1223098e+04
 139.1546896,1.1229383e+04
 139.1751239,1.1221245e+04
 139.1955582,1.1219627e+04
 139.2159924,1.1222742e+04
 139.2364268,1.1232119e+04
 139.2568611,1.1228127e+04
 139.2772953,1.1227278e+04
 139.2977297,1.1236100e+04
 139.3181640,1.1223300e+04
 139.3385983,1.1223773e+04
 139.3590325,1.1228580e+04
 139.3794669,1.1223378e+04
 139.3999013,1.1232142e+04
 139.4203355,1.1230396e+04
 139.4407699,1.1225982e+04
 139.4612042,1.1236321e+04
 139.4816384,1.1222982e+04
 139.5020727,1.1230042e+04
 139.5225071,1.1235142e+04
 139.5429413,1.1229070e+04
 139.5633756,1.1236712e+04
 139.5838100,1.1243590e+04
 139.6042442,1.1234479e+04
 139.6246785,1.1236322e+04
 139.6451128,1.1230285e+04
 139.6655472,1.1242550e+04
 139.6859814,1.1232616e+04
 139.7064157,1.1235541e+04
 139.7268500,1.1233322e+04
 139.7472843,1.1236811e+04
 139.7677186,1.1233199e+04
 139.7881529,1.1234960e+04
 139.8085872,1.1236979e+04
 139.8290215,1.1234459e+04
 139.8494559,1.1240066e+04
 139.8698902,1.1233152e+04
 139.8903245,1.1232775e+04
 139.9107588,1.1242727e+04
 139.9311931,1.1238243e+04
 139.9516275,1.1242838e+04
 139.9720617,1.1239156e+04
 139.9924960,1.1239469e+04
 140.0129302,1.1233172e+04
 140.0333646,1.1232287e+04
 140.0537989,1.1244631e+04
 140.0742332,1.1236622e+04
 140.0946675,1.1246340e+04
 140.1151018,1.1245181e+04
 140.1355361,1.1246205e+04
 140.1559703,1.1239802e+04
 140.1764047,1.1240360e+04
 140.1968390,1.1252772e+04
 140.2172732,1.1259467e+04
 140.2377076,1.1228354e+04
 140.2581419,1.1231229e+04
 140.2785761,1.1218958e+04
 140.2990104,1.1224073e+04
 140.3194448,1.1232415e+04
 140.3398790,1.1248263e+04
 140.3603133,         null
 140.3807476,1.1243138e+04
 140.4011820,1.1240245e+04
 140.4216162,1.1244755e+04
 140.4420505,1.1246129e+04
 140.4624849,1.1245944e+04
 140.4829191,1.1242189e+04
 140.5033534,1.1245134e+04
 140.5237876,1.1242445e+04
 140.5442220,1.1246407e+04
 140.5646563,1.1249853e+04
 140.5850906,1.1243384e+04
 140.6055249,1.1246151e+04
 140.6259592,1.1246886e+04
 140.6463935,1.1249005e+04
 140.6668277,1.1249557e+04
 140.6872621,1.1250623e+04
 140.7076964,1.1256648e+04
 140.7281306,1.1237808e+04
 140.7485650,1.1241863e+04
 140.7689993,1.1248322e+04
 140.7894335,1.1247012e+04
 140.8098678,1.1244795e+04
 140.8303022,1.1252553e+04
 140.8507365,1.1257036e+04
 140.8711707,1.1248144e+04
 140.8916050,1.1251428e+04
 140.9120394,1.1250547e+04
 140.9324736,1.1245810e+04
 140.9529079,1.1250900e+04
 140.9733423,1.1247057e+04
 140.9937765,1.1249823e+04
 141.0142108,1.1254537e+04
 141.0346451,1.1257405e+04
 141.0550794,1.1245971e+04
 141.0755137,1.1260269e+04
 141.0959480,1.1248000e+04
 141.1163823,1.1247250e+04
 141.1368166,1.1257882e+04
 141.1572509,1.1247079e+04
 141.1776851,1.1249533e+04
 141.1981195,1.1247192e+04
 141.2185538,1.1252583e+04
 141.2389880,1.1257487e+04
 141.2594224,1.1251357e+04
 141.2798567,1.1256216e+04
 141.3002909,1.1258077e+04
 141.3207252,1.1261526e+04
 141.3411596,1.1257179e+04
 141.3615939,1.1260121e+04
 141.3820281,1.1249934e+04
 141.4024624,1.1260268e+04
 141.4228968,1.1262032e+04
 141.4433311,1.1251683e+04
 141.4637652,1.1255955e+04
 141.4841996,1.1252699e+04
 141.5046339,1.1259769e+04
 141.5250681,1.1252795e+04
 141.5455024,1.1255412e+04
 141.5659367,1.1260560e+04
 141.5863711,1.1260201e+04
 141.6068053,1.1259651e+04
 141.6272397,1.1254380e+04
 141.6476740,1.1257954e+04
 141.6681082,1.1264059e+04
 141.6885425,1.1256694e+04
 141.7089769,1.1263633e+04
 141.7294111,1.1255535e+04
 141.7498454,1.1251123e+04
 141.7702798,1.1255200e+04
 141.7907140,1.1253756e+04
 141.8111483,1.1256037e+04
 141.8315826,1.1262168e+04
 141.8520169,1.1255971e+04
 141.8724512,1.1255757e+04
 141.8928854,1.1268832e+04
 141.9133198,1.1263218e+04
 141.9337540,1.1262471e+04
 141.9541883,1.1260036e+04
 141.9746225,1.1268146e+04
 141.9950569,1.1264479e+04
 142.0154912,1.1264981e+04
 142.0359254,1.1266490e+04
 142.0563597,1.1258271e+04
 142.0767941,1.1279910e+04
 142.0972284,1.1260141e+04
 142.1176626,1.1255985e+04
 142.1380970,1.1262613e+04
 142.1585313,1.1257187e+04
 142.1789655,1.1257627e+04
 142.1993997,1.1263384e+04
 142.2198341,1.1262305e+04
 142.2402683,1.1265545e+04
 142.2607026,1.1257300e+04
 142.2811370,1.1258236e+04
 142.3015712,1.1258153e+04
 142.3220055,1.1252278e+04
 142.3424398,1.1262646e+04
 142.3628742,1.1262136e+04
 142.3833084,1.1255180e+04
 142.4037427,1.1265372e+04
 142.4241771,1.1266159e+04
 142.4446113,1.1257460e+04
 142.4650455,1.1252789e+04
 142.4854797,1.1269386e+04
 142.5059141,1.1261861e+04
 142.5263484,1.1260068e+04
 142.5467827,1.1264896e+04
 142.5672169,1.1259846e+04
 142.5876513,1.1259896e+04
 142.6080856,1.1261929e+04
 142.6285198,1.1274297e+04
 142.6489542,1.1264014e+04
 142.6693884,1.1274556e+04
 142.6898226,1.1262298e+04
 142.7102569,1.1269884e+04
 142.7306913,1.1259206e+04
 142.7511255,1.1271916e+04
 142.7715598,1.1268949e+04
 142.7919942,1.1267609e+04
 142.8124284,1.1266808e+04
 142.8328627,1.1263218e+04
 142.8532970,1.1268540e+04
 142.8737313,1.1259098e+04
 142.8941655,1.1262630e+04
 142.9145998,1.1265210e+04
 142.9350342,1.1262715e+04
 142.9554684,1.1259931e+04
 142.9759027,1.1264092e+04
 142.9963369,1.1267972e+04
 143.0167713,1.1270565e+04
 143.0372056,1.1266836e+04
 143.0576398,1.1253958e+04
 143.0780741,1.1268420e+04
 143.0985084,1.1264151e+04
 143.1189427,1.1258848e+04
 143.1393770,1.1249648e+04
 143.1598113,1.1269606e+04
 143.1802456,1.1261588e+04
 143.2006798,1.1271116e+04
 143.2211140,1.1256502e+04
 143.2415484,1.1265452e+04
 143.2619827,1.1264729e+04
 143.2824170,1.1251354e+04
 143.3028513,1.1258039e+04
 143.3232856,1.1269053e+04
 143.3437199,         null
 143.3641541,1.1261582e+04
 143.3845884,1.1255395e+04
 143.4050227,1.1260848e+04
 143.4254569,1.1257654e+04
 143.4458913,1.1261615e+04
 143.4663256,1.1263901e+04
 143.4867598,1.1268064e+04
 143.5071941,1.1263595e+04
 143.5276285,1.1265125e+04
 143.5480627,1.1261747e+04
 143.5684969,1.1264855e+04
 143.5889313,1.1264077e+04
 143.6093656,1.1259293e+04
 143.6297998,1.1256344e+04
 143.6502341,1.1264697e+04
 143.6706684,1.1259575e+04
 143.6911026,1.1262472e+04
 143.7115369,1.1256461e+04
 143.7319712,1.1258411e+04
 143.7524055,1.1262671e+04
 143.7728398,1.1260317e+04
 143.7932741,1.1255312e+04
 143.8137083,1.1257980e+04
 143.8341426,1.1262221e+04
 143.8545769,1.1257739e+04
 143.8750111,1.1254625e+04
 143.8954455,1.1260279e+04
 143.9158798,1.1263068e+04
 143.9363139,1.1264579e+04
 143.9567483,1.1249998e+04
 143.9771826,1.1257642e+04
 143.9976168,1.1247429e+04
 144.0180511,1.1259126e+04
 144.0384855,1.1262377e+04
 144.0589197,1.1253524e+04
 144.0793539,1.1254343e+04
 144.0997883,1.1275315e+04
 144.1202226,1.1256748e+04
 144.1406568,1.1250559e+04
 144.1610911,1.1254344e+04
 144.1815254,1.1249616e+04
 144.2019596,1.1247108e+04
 144.2223939,1.1254654e+04
 144.2428283,1.1261502e+04
 144.2632625,1.1255846e+04
 144.2836968,1.1263827e+04
 144.3041310,1.1250714e+04
 144.3245653,1.1257503e+04
 144.3449996,1.1255342e+04
 144.3654339,1.1261885e+04
 144.3858681,1.1257044e+04
 144.4063024,1.1255358e+04
 144.4267367,1.1237190e+04
 144.4471709,1.1236504e+04
 144.4676053,1.1235401e+04
 144.4880396,1.1244013e+04
 144.5084738,1.1250240e+04
 144.5289080,1.1255710e+04
 144.5493424,1.1257380e+04
 144.5697767,1.1253874e+04
 144.5902109,1.1260609e+04
 144.6106453,1.1258559e+04
 144.6310795,1.1263279e+04
 144.6515137,1.1261701e+04
 144.6719480,1.1250775e+04
 144.6923824,1.1260112e+04
 144.7128166,1.1257545e+04
 144.7332508,1.1253315e+04
 144.7536852,1.1253689e+04
 144.7741194,1.1263443e+04
 144.7945537,1.1263399e+04
 144.8149880,1.1254492e+04
 144.8354223,1.1259223e+04
 144.8558565,1.1252539e+04
 144.8762908,1.1252956e+04
 144.8967251,1.1257452e+04
 144.9171593,1.1254895e+04
 144.9375936,1.1255347e+04
 144.9580279,1.1256438e+04
 144.9784623,1.1250225e+04
 144.9988965,1.1259639e+04
 145.0193307,1.1257365e+04
 145.0397650,1.1256447e+04
 145.0601993,1.1253955e+04
 145.0806336,1.1253731e+04
 145.1010679,1.1253959e+04
 145.1215022,1.1249623e+04
 145.1419364,1.1259064e+04
 145.1623707,1.1255705e+04
 145.1828049,1.1258647e+04
 145.2032392,1.1251239e+04
 145.2236735,1.1253964e+04
 145.2441077,1.1253458e+04
 145.2645421,1.1247532e+04
 145.2849763,1.1249938e+04
 145.3054106,1.1248992e+04
 145.3258448,1.1252219e+04
 145.3462792,1.1249598e+04
 145.3667134,1.1251343e+04
 145.3871476,1.1252662e+04
 145.4075820,1.1256991e+04
 145.4280163,1.1249080e+04
 145.4484505,1.1250601e+04
 145.4688847,1.1251726e+04
 145.4893191,1.1248868e+04
 145.5097533,1.1256759e+04
 145.5301876,1.1252408e+04
 145.5506218,1.1246652e+04
 145.5710562,1.1249733e+04
 145.5914904,1.1253002e+04
 145.6119247,1.1244280e+04
 145.6323590,1.1246001e+04
 145.6527932,1.1247032e+04
 145.6732275,1.1258936e+04
 145.6936617,1.1240903e+04
 145.7140960,1.1246959e+04
 145.7345303,1.1256378e+04
 145.7549646,1.1245802e+04
 145.7753989,1.1245109e+04
 145.7958331,1.1243382e+04
 145.8162674,1.1251124e+04
 145.8367016,1.1248984e+04
 145.8571359,1.1242658e+04
 145.8775702,1.1243926e+04
 145.8980044,1.1244903e+04
 145.9184388,1.1242137e+04
 145.9388730,1.1239948e+04
 145.9593072,1.1254310e+04
 145.9797415,1.1239923e+04
 146.0001759,1.1244208e+04
 146.0206101,1.1243774e+04
 146.0410443,1.1253486e+04
 146.0614787,1.1243346e+04
 146.0819129,1.1241944e+04
 146.1023471,1.1242555e+04
 146.1227814,1.1247546e+04
 146.1432158,1.1240021e+04
 146.1636499,1.1238178e+04
 146.1840842,1.1238163e+04
 146.2045185,1.1244547e+04
 146.2249528,1.1242787e+04
 146.2453870,1.1235719e+04
 146.2658213,1.1247264e+04
 146.2862556,1.1243323e+04
 146.3066898,1.1244121e+04
 146.3271241,         null
 146.3475583,1.1250497e+04
 146.3679926,1.1247281e+04
 146.3884269,1.1243946e+04
 146.4088611,1.1230721e+04
 146.4292955,1.1239499e+04
 146.4497297,1.1237649e+04
 146.4701639,1.1238552e+04
 146.4905983,1.1237345e+04
 146.5110325,1.1240635e+04
 146.5314668,1.1238146e+04
 146.5519010,1.1240188e+04
 146.5723353,1.1239567e+04
 146.5927696,1.1240628e+04
 146.6132039,1.1239156e+04
 146.6336381,1.1235698e+04
 146.6540724,1.1239267e+04
 146.6745067,1.1243330e+04
 146.6949409,1.1236028e+04
 146.7153752,1.1237465e+04
 146.7358095,1.1243646e+04
 146.7562438,1.1236762e+04
 146.7766779,1.1232820e+04
 146.7971123,1.1233308e+04
 146.8175466,1.1233188e+04
 146.8379807,1.1239326e+04
 146.8584150,1.1228610e+04
 146.8788494,1.1235618e+04
 146.8992835,1.1224871e+04
 146.9197178,1.1230631e+04
 146.9401522,1.1238419e+04
 146.9605863,1.1232340e+04
 146.9810206,1.1237521e+04
 147.0014549,1.1237586e+04
 147.0218891,1.1245612e+04
 147.0423234,1.1231057e+04
 147.0627577,1.1234219e+04
 147.0831920,1.1230234e+04
 147.1036262,1.1236050e+04
 147.1240605,1.1233837e+04
 147.1444946,1.1230417e+04
 147.1649290,1.1230460e+04
 147.1853633,1.1224609e+04
 147.2057974,1.1229358e+04
 147.2262318,1.1227011e+04
 147.2466661,1.1223268e+04
 147.2671003,1.1231150e+04
 147.2875345,1.1228976e+04
 147.3079689,1.1226848e+04
 147.3284031,1.1229519e+04
 147.3488373,1.1224805e+04
 147.3692716,1.1229363e+04
 147.3897059,1.1224638e+04
 147.4101401,1.1227540e+04
 147.4305744,1.1233188e+04
 147.4510087,1.1227231e+04
 147.4714429,1.1229125e+04
 147.4918772,1.1231256e+04
 147.5123114,1.1227371e+04
 147.5327458,1.1227321e+04
 147.5531799,1.1240893e+04
 147.5736142,1.1222684e+04
 147.5940486,1.1230334e+04
 147.6144827,1.1221664e+04
 147.6349170,1.1214517e+04
 147.6553512,1.1222334e+04
 147.6757855,1.1206995e+04
 147.6962198,1.1225587e+04
 147.7166540,1.1221568e+04
 147.7370883,1.1220396e+04
 147.7575226,1.1228258e+04
 147.7779568,1.1219576e+04
 147.7983910,1.1223660e+04
 147.8188254,1.1256717e+04
 147.8392596,1.1229029e+04
 147.8596938,1.1221776e+04
 147.8801281,1.1220844e+04
 147.9005624,         null
 147.9209966,1.1228447e+04
 147.9414308,1.1223967e+04
 147.9618652,1.1220850e+04
 147.9822994,1.1216469e+04
 148.0027336,1.1221650e+04
 148.0231679,1.1228961e+04
 148.0436022,1.1225412e+04
 148.0640364,1.1214374e+04
 148.0844707,1.1223413e+04
 148.1049050,1.1214441e+04
 148.1253392,1.1223249e+04
 148.1457734,1.1218896e+04
 148.1662077,1.1223619e+04
 148.1866420,1.1218037e+04
 148.2070762,1.1217636e+04
 148.2275105,1.1225485e+04
 148.2479448,1.1220632e+04
 148.2683790,1.1219651e+04
 148.2888133,1.1219429e+04
 148.3092475,1.1209588e+04
 148.3296818,1.1222175e+04
 148.3501160,1.1218957e+04
 148.3705503,1.1219911e+04
 148.3909845,1.1222519e+04
 148.4114188,1.1211305e+04
 148.4318531,1.1220862e+04
 148.4522873,1.1221616e+04
 148.4727216,1.1212625e+04
 148.4931559,1.1208003e+04
 148.5135901,1.1219733e+04
 148.5340243,1.1213012e+04
 148.5544586,1.1211725e+04
 148.5748929,1.1218666e+04
 148.5953270,1.1208072e+04
 148.6157614,1.1189511e+04
 148.6361957,1.1198936e+04
 148.6566298,1.1191512e+04
 148.6770641,1.1196820e+04
 148.6974984,1.1216240e+04
 148.7179326,1.1215571e+04
 148.7383668,1.1214916e+04
 148.7588012,1.1220396e+04
 148.7792355,1.1206356e+04
 148.7996696,1.1222889e+04
 148.8201039,1.1219604e+04
 148.8405382,1.1216515e+04
 148.8609724,1.1214414e+04
 148.8814066,1.1217436e+04
 148.9018410,1.1211185e+04
 148.9222752,1.1207530e+04
 148.9427094,1.1218302e+04
 148.9631437,1.1211166e+04
 148.9835779,1.1216270e+04
 149.0040122,1.1214254e+04
 149.0244464,1.1217520e+04
 149.0448806,1.1219306e+04
 149.0653149,1.1213277e+04
 149.0857492,1.1218369e+04
 149.1061833,1.1212333e+04
 149.1266177,1.1218414e+04
 149.1470520,1.1215591e+04
 149.1674861,1.1222469e+04
 149.1879204,1.1206075e+04
 149.2083547,1.1207901e+04
 149.2287890,1.1207827e+04
 149.2492231,1.1209777e+04
 149.2696575,1.1212885e+04
 149.2900917,1.1212420e+04
 149.3105259,         null
 149.3309601,1.1204303e+04
 149.3513945,1.1216522e+04
 149.3718286,1.1210469e+04
 149.3922629,1.1203202e+04
 149.4126973,1.1207254e+04
 149.4331314,1.1206186e+04
 149.4535657,1.1209800e+04
 149.4739999,1.1208129e+04
 149.4944342,1.1213296e+04
 149.5148684,1.1210737e+04
 149.5353027,1.1209851e+04
 149.5557370,1.1206719e+04
 149.5761712,1.1206320e+04
 149.5966054,1.1200761e+04
 149.6170396,1.1208953e+04
 149.6374739,1.1206061e+04
 149.6579082,1.1202622e+04
 149.6783423,1.1207646e+04
 149.6987766,1.1216581e+04
 149.7192109,1.1212358e+04
 149.7396452,1.1215566e+04
 149.7600793,1.1208956e+04
 149.7805137,1.1211521e+04
 149.8009479,1.1213898e+04
 149.8213821,1.1207841e+04
 149.8418163,1.1210787e+04
 149.8622507,1.1212463e+04
 149.8826849,1.1209591e+04
 149.9031191,1.1205446e+04
 149.9235534,1.1214830e+04
 149.9439877,1.1217994e+04
 149.9644219,1.1214335e+04
 149.9848561,1.1212171e+04
 150.0052904,1.1204666e+04
 150.0257247,1.1212801e+04
 150.0461588,1.1213340e+04
 150.0665932,1.1206690e+04
 150.0870274,1.1209346e+04
 150.1074616,1.1214027e+04
 150.1278958,1.1204712e+04
 150.1483302,1.1202610e+04
 150.1687643,1.1205853e+04
 150.1891986,1.1226775e+04
 150.2096329,1.1213480e+04
 150.2300671,1.1213481e+04
 150.2505013,1.1208033e+04
 150.2709356,1.1214637e+04
 150.2913699,1.1217387e+04
 150.3118040,1.1208562e+04
 150.3322383,1.1214145e+04
 150.3526724,1.1204409e+04
 150.3731068,1.1217760e+04
 150.3935410,1.1209337e+04
 150.4139752,1.1211508e+04
 150.4344095,1.1211734e+04
 150.4548438,1.1216430e+04
 150.4752780,1.1203501e+04
 150.4957122,1.1202013e+04
 150.5161465,1.1208483e+04
 150.5365808,1.1211271e+04
 150.5570149,1.1210048e+04
 150.5774492,1.1214846e+04
 150.5978835,1.1208090e+04
 150.6183176,1.1206824e+04
 150.6387519,1.1211863e+04
 150.6591862,1.1206649e+04
 150.6796204,1.1213043e+04
 150.7000546,1.1214623e+04
 150.7204890,1.1210388e+04
 150.7409232,1.1204882e+04
 150.7613574,1.1207745e+04
 150.7817916,1.1205125e+04
 150.8022259,1.1213227e+04
 150.8226601,1.1212815e+04
 150.8430943,1.1209340e+04
 150.8635287,1.1209646e+04
 150.8839628,1.1212617e+04
 150.9043971,1.1212718e+04
 150.9248313,1.1210420e+04
 150.9452655,1.1207855e+04
 150.9656998,1.1209014e+04
 150.9861340,1.1220194e+04
 151.0065682,1.1209380e+04
 151.0270025,1.1209500e+04
 151.0474368,1.1212928e+04
 151.0678709,1.1211442e+04
 151.0883052,1.1210326e+04
 151.1087395,1.1208371e+04
 151.1291736,1.1204676e+04
 151.1496079,1.1203630e+04
 151.1700422,1.1210258e+04
 151.1904764,1.1213297e+04
 151.2109106,1.1209331e+04
 151.2313449,1.1211400e+04
 151.2517792,1.1208432e+04
 151.2722133,1.1216217e+04
 151.2926476,1.1206085e+04
 151.3130819,1.1210133e+04
 151.3335160,1.1217968e+04
 151.3539503,1.1210803e+04
 151.3743846,1.1206230e+04
 151.3948188,1.1203592e+04
 151.4152530,1.1209338e+04
 151.4356872,1.1218522e+04
 151.4561215,1.1208224e+04
 151.4765557,1.1207062e+04
 151.4969900,1.1207317e+04
 151.5174242,1.1215359e+04
 151.5378584,1.1205237e+04
 151.5582927,1.1206021e+04
 151.5787269,1.1205129e+04
 151.5991613,1.1209902e+04
 151.6195954,1.1205604e+04
 151.6400296,1.1208930e+04
 151.6604639,         null
 151.6808981,1.1209042e+04
 151.7013323,1.1207528e+04
 151.7217666,1.1213479e+04
 151.7422008,1.1214846e+04
 151.7626351,1.1216968e+04
 151.7830693,1.1212345e+04
 151.8035034,1.1204870e+04
 151.8239378,1.1213870e+04
 151.8443720,1.1208658e+04
 151.8648061,1.1211921e+04
 151.8852405,1.1211466e+04
 151.9056747,1.1207539e+04
 151.9261089,1.1214422e+04
 151.9465431,1.1215195e+04
 151.9669774,1.1205103e+04
 151.9874117,1.1211668e+04
 152.0078458,1.1219632e+04
 152.0282801,1.1212762e+04
 152.0487144,1.1207746e+04
 152.0691485,1.1198907e+04
 152.0895827,1.1213822e+04
 152.1100171,1.1208301e+04
 152.1304512,1.1213537e+04
 152.1508855,1.1209631e+04
 152.1713197,1.1211021e+04
 152.1917539,1.1219994e+04
 152.2121882,1.1210457e+04
 152.2326224,1.1212506e+04
 152.2530567,1.1210752e+04
 152.2734909,1.1214996e+04
 152.2939251,         null
 152.3143592,1.1218991e+04
 152.3347936,1.1212829e+04
 152.3552278,1.1210454e+04
 152.3756619,1.1214892e+04
 152.3960963,1.1203676e+04
 152.4165305,1.1208644e+04
 152.4369647,1.1215157e+04
 152.4573989,1.1209689e+04
 152.4778332,1.1210382e+04
 152.4982674,1.1211205e+04
 152.5187016,1.1202275e+04
 152.5391359,1.1213946e+04
 152.5595701,1.1209208e+04
 152.5800043,1.1214796e+04
 152.6004385,1.1218904e+04
 152.6208728,1.1213558e+04
 152.6413070,1.1208296e+04
 152.6617412,         null
 152.6821754,1.1217761e+04
 152.7026097,1.1214771e+04
 152.7230439,1.1211178e+04
 152.7434781,1.1223533e+04
 152.7639124,1.1220226e+04
 152.7843466,1.1200436e+04
 152.8047808,1.1197297e+04
 152.8252149,1.1187236e+04
 152.8456493,1.1195438e+04
 152.8660835,1.1203133e+04
 152.8865176,1.1215663e+04
 152.9069520,1.1225455e+04
 152.9273862,1.1216944e+04
 152.9478204,1.1221795e+04
 152.9682546,1.1216869e+04
 152.9886889,1.1215692e+04
 153.0091231,1.1218418e+04
 153.0295572,1.1220163e+04
 153.0499916,1.1222651e+04
 153.0704258,1.1226708e+04
 153.0908599,1.1223935e+04
 153.1112942,1.1219527e+04
 153.1317285,1.1213084e+04
 153.1521626,1.1216218e+04
 153.1725968,1.1213838e+04
 153.1930311,1.1213549e+04
 153.2134654,1.1215684e+04
 153.2338996,1.1222018e+04
 153.2543338,1.1218583e+04
 153.2747681,1.1221078e+04
 153.2952023,1.1222316e+04
 153.3156364,1.1220455e+04
 153.3360707,1.1220839e+04
 153.3565049,1.1214926e+04
 153.3769391,1.1220698e+04
 153.3973733,1.1216563e+04
 153.4178077,1.1216384e+04
 153.4382419,1.1212937e+04
 153.4586760,1.1216068e+04
 153.4791103,1.1212200e+04
 153.4995446,1.1212091e+04
 153.5199787,1.1209654e+04
 153.5404129,1.1216524e+04
 153.5608473,1.1218479e+04
 153.5812814,1.1212345e+04
 153.6017156,1.1222207e+04
 153.6221498,1.1221830e+04
 153.6425841,1.1218694e+04
 153.6630183,1.1225796e+04
 153.6834525,1.1218838e+04
 153.7038866,1.1220571e+04
 153.7243210,1.1220642e+04
 153.7447552,1.1221294e+04
 153.7651893,1.1222925e+04
 153.7856236,1.1217183e+04
 153.8060579,1.1217100e+04
 153.8264920,1.1227743e+04
 153.8469262,1.1228151e+04
 153.8673605,1.1226041e+04
 153.8877946,1.1217798e+04
 153.9082289,1.1216959e+04
 153.9286632,1.1224186e+04
 153.9490974,1.1221499e+04
 153.9695315,1.1221330e+04
 153.9899658,1.1219069e+04
 154.0104001,1.1221635e+04
 154.0308342,1.1232049e+04
 154.0512684,1.1224095e+04
 154.0717028,1.1222021e+04
 154.0921369,1.1221493e+04
 154.1125711,1.1223887e+04
 154.1330053,1.1224167e+04
 154.1534395,1.1229922e+04
 154.1738738,1.1223026e+04
 154.1943080,1.1226778e+04
 154.2147422,1.1218333e+04
 154.2351764,1.1223384e+04
 154.2556106,1.1225548e+04
 154.2760448,1.1221386e+04
 154.2964791,1.1223872e+04
 154.3169133,1.1224104e+04
 154.3373474,1.1238208e+04
 154.3577817,1.1220526e+04
 154.3782160,1.1219793e+04
 154.3986501,1.1225363e+04
 154.4190843,1.1218138e+04
 154.4395186,1.1224994e+04
 154.4599529,1.1224160e+04
 154.4803870,1.1220935e+04
 154.5008212,1.1227245e+04
 154.5212555,1.1225781e+04
 154.5416896,1.1228296e+04
 154.5621238,1.1219216e+04
 154.5825582,1.1225085e+04
 154.6029923,1.1223640e+04
 154.6234265,1.1220742e+04
 154.6438607,1.1230575e+04
 154.6642949,1.1224565e+04
 154.6847292,1.1226820e+04
 154.7051634,1.1226373e+04
 154.7255977,1.1231686e+04
 154.7460318,1.1223804e+04
 154.7664660,1.1224195e+04
 154.7869002,1.1222511e+04
 154.8073345,1.1213088e+04
 154.8277687,1.1227233e+04
 154.8482028,1.1230998e+04
 154.8686371,1.1231379e+04
 154.8890713,1.1222350e+04
 154.9095055,1.1229325e+04
 154.9299398,1.1225175e+04
 154.9503740,1.1230115e+04
 154.9708082,1.1229207e+04
 154.9912424,1.1220352e+04
 155.0116765,1.1220115e+04
 155.0321108,1.1219671e+04
 155.0525451,1.1218615e+04
 155.0729792,1.1228325e+04
 155.0934135,1.1226197e+04
 155.1138477,1.1228893e+04
 155.1342818,1.1225923e+04
 155.1547160,1.1226186e+04
 155.1751503,1.1225763e+04
 155.1955846,1.1218799e+04
 155.2160187,1.1222316e+04
 155.2364529,1.1225909e+04
 155.2568872,1.1220214e+04
 155.2773213,         null
 155.2977555,1.1232458e+04
 155.3181898,1.1216732e+04
 155.3386240,1.1224553e+04
 155.3590582,1.1228184e+04
 155.3794924,1.1229344e+04
 155.3999266,1.1220881e+04
 155.4203608,1.1231490e+04
 155.4407950,1.1233181e+04
 155.4612293,1.1226334e+04
 155.4816634,1.1232524e+04
 155.5020977,1.1232992e+04
 155.5225318,1.1227017e+04
 155.5429661,1.1228038e+04
 155.5634003,         null
 155.5838344,1.1233246e+04
 155.6042687,1.1226173e+04
 155.6247029,1.1231271e+04
 155.6451371,1.1225964e+04
 155.6655713,1.1233007e+04
 155.6860056,1.1223269e+04
 155.7064398,1.1228434e+04
 155.7268739,1.1233023e+04
 155.7473081,1.1241484e+04
 155.7677424,1.1241576e+04
 155.7881765,1.1233844e+04
 155.8086107,1.1229783e+04
 155.8290450,1.1229238e+04
 155.8494791,1.1231378e+04
 155.8699134,1.1228400e+04
 155.8903476,1.1223803e+04
 155.9107819,1.1233091e+04
 155.9312160,1.1232867e+04
 155.9516502,1.1235623e+04
 155.9720845,1.1236327e+04
 155.9925186,1.1228192e+04
 156.0129528,1.1226830e+04
 156.0333869,1.1227621e+04
 156.0538212,1.1232201e+04
 156.0742554,1.1234509e+04
 156.0946897,1.1235878e+04
 156.1151239,1.1236137e+04
 156.1355581,1.1239408e+04
 156.1559923,1.1231950e+04
 156.1764264,1.1232114e+04
 156.1968607,1.1238285e+04
 156.2172949,1.1235224e+04
 156.2377290,1.1227521e+04
 156.2581632,1.1235231e+04
 156.2785975,1.1231319e+04
 156.2990316,1.1229613e+04
 156.3194658,1.1229716e+04
 156.3399001,1.1228837e+04
 156.3603342,1.1232286e+04
 156.3807684,1.1232958e+04
 156.4012027,1.1230605e+04
 156.4216370,1.1237521e+04
 156.4420711,1.1233052e+04
 156.4625053,1.1233383e+04
 156.4829396,1.1233459e+04
 156.5033737,1.1235415e+04
 156.5238079,1.1241872e+04
 156.5442421,1.1241027e+04
 156.5646763,1.1245931e+04
 156.5851105,1.1247793e+04
 156.6055447,1.1242782e+04
 156.6259789,1.1241831e+04
 156.6464131,1.1241664e+04
 156.6668473,1.1240109e+04
 156.6872815,1.1239125e+04
 156.7077157,1.1240136e+04
 156.7281499,1.1243618e+04
 156.7485841,1.1241186e+04
 156.7690182,1.1240444e+04
 156.7894525,1.1236494e+04
 156.8098867,1.1236222e+04
 156.8303209,1.1236343e+04
 156.8507551,1.1237473e+04
 156.8711893,1.1241939e+04
 156.8916235,1.1237728e+04
 156.9120576,1.1237239e+04
 156.9324920,1.1240298e+04
 156.9529262,1.1235789e+04
 156.9733603,1.1220248e+04
 156.9937946,1.1211479e+04
 157.0142288,1.1225622e+04
 157.0346629,1.1222433e+04
 157.0550971,1.1232836e+04
 157.0755314,1.1247646e+04
 157.0959655,1.1238368e+04
 157.1163997,1.1238480e+04
 157.1368340,1.1241163e+04
 157.1572682,1.1245527e+04
 157.1777023,1.1245172e+04
 157.1981365,1.1243521e+04
 157.2185708,1.1236645e+04
 157.2390049,1.1246021e+04
 157.2594391,1.1239561e+04
 157.2798733,1.1234927e+04
 157.3003075,1.1236919e+04
 157.3207417,1.1244239e+04
 157.3411759,1.1244849e+04
 157.3616101,1.1239162e+04
 157.3820443,1.1233343e+04
 157.4024785,1.1242901e+04
 157.4229125,1.1238034e+04
 157.4433468,1.1243082e+04
 157.4637810,1.1247732e+04
 157.4842151,1.1240677e+04
 157.5046494,1.1229381e+04
 157.5250836,1.1236963e+04
 157.5455177,1.1237535e+04
 157.5659519,1.1239911e+04
 157.5863862,1.1236720e+04
 157.6068203,1.1237931e+04
 157.6272545,1.1236798e+04
 157.6476888,1.1244122e+04
 157.6681230,1.1240010e+04
 157.6885571,1.1234788e+04
 157.7089913,1.1236734e+04
 157.7294256,1.1241863e+04
 157.7498597,1.1234227e+04
 157.7702939,1.1233635e+04
 157.7907282,1.1244746e+04
 157.8111623,1.1231889e+04
 157.8315965,1.1231312e+04
 157.8520307,1.1235439e+04
 157.8724649,1.1238654e+04
 157.8928991,1.1240312e+04
 157.9133333,1.1233286e+04
 157.9337674,1.1239660e+04
 157.9542016,1.1244291e+04
 157.9746358,1.1247946e+04
 157.9950699,1.1239444e+04
 158.0155042,1.1232410e+04
 158.0359384,1.1247765e+04
 158.0563725,1.1236161e+04
 158.0768067,1.1244110e+04
 158.0972410,1.1235037e+04
 158.1176752,1.1239809e+04
 158.1381093,1.1235203e+04
 158.1585436,1.1241468e+04
 158.1789778,1.1230966e+04
 158.1994119,1.1239707e+04
 158.2198461,1.1231904e+04
 158.2402804,1.1239021e+04
 158.2607144,         null
 158.2811486,1.1242655e+04
 158.3015829,1.1234480e+04
 158.3220171,1.1240123e+04
 158.3424512,1.1236265e+04
 158.3628854,1.1236431e+04
 158.3833197,1.1234325e+04
 158.4037539,1.1237630e+04
 158.4241880,1.1233727e+04
 158.4446222,1.1239687e+04
 158.4650565,1.1236999e+04
 158.4854905,1.1243221e+04
 158.5059247,1.1235538e+04
 158.5263590,1.1230338e+04
 158.5467931,1.1237261e+04
 158.5672273,1.1239637e+04
 158.5876615,1.1234854e+04
 158.6080957,1.1242321e+04
 158.6285299,1.1237688e+04
 158.6489641,1.1239227e+04
 158.6693984,1.1233071e+04
 158.6898324,1.1240844e+04
 158.7102666,1.1232321e+04
 158.7307007,1.1233700e+04
 158.7511350,1.1242374e+04
 158.7715692,1.1232239e+04
 158.7920034,1.1236762e+04
 158.8124376,1.1239408e+04
 158.8328718,1.1230065e+04
 158.8533059,1.1241565e+04
 158.8737400,1.1244915e+04
 158.8941743,1.1233130e+04
 158.9146085,1.1238937e+04
 158.9350426,1.1231831e+04
 158.9554769,1.1244178e+04
 158.9759111,1.1237898e+04
 158.9963452,1.1228507e+04
 159.0167793,1.1232242e+04
 159.0372136,1.1232588e+04
 159.0576477,1.1236409e+04
 159.0780819,1.1230318e+04
 159.0985161,1.1237138e+04
 159.1189504,1.1230266e+04
 159.1393845,1.1236139e+04
 159.1598186,1.1234337e+04
 159.1802529,1.1225384e+04
 159.2006870,1.1225502e+04
 159.2211212,1.1236876e+04
 159.2415553,1.1224801e+04
 159.2619896,1.1233606e+04
 159.2824237,1.1230246e+04
 159.3028579,1.1238783e+04
 159.3232921,1.1228140e+04
 159.3437263,1.1250153e+04
 159.3641605,1.1230442e+04
 159.3845946,1.1232723e+04
 159.4050288,1.1232176e+04
 159.4254630,1.1237316e+04
 159.4458971,1.1221263e+04
 159.4663314,1.1223476e+04
 159.4867656,1.1232380e+04
 159.5071997,1.1227271e+04
 159.5276338,1.1224319e+04
 159.5480681,1.1232845e+04
 159.5685022,1.1226467e+04
 159.5889364,1.1242934e+04
 159.6093706,1.1227498e+04
 159.6298049,1.1223022e+04
 159.6502389,1.1232158e+04
 159.6706731,1.1231384e+04
 159.6911074,1.1222206e+04
 159.7115415,1.1230366e+04
 159.7319757,1.1220884e+04
 159.7524098,1.1212945e+04
 159.7728440,1.1222434e+04
 159.7932782,1.1227262e+04
 159.8137124,1.1229924e+04
 159.8341466,1.1225479e+04
 159.8545807,1.1219204e+04
 159.8750149,1.1221056e+04
 159.8954490,1.1232087e+04
 159.9158833,1.1230572e+04
 159.9363175,1.1224878e+04
 159.9567516,1.1225845e+04
 159.9771858,1.1216708e+04
 159.9976200,1.1224614e+04
 160.0180542,1.1218081e+04
 160.0384883,1.1217081e+04
 160.0589225,1.1222146e+04
 160.0793567,1.1223952e+04
 160.0997909,1.1220073e+04
 160.1202250,1.1216491e+04
 160.1406592,1.1222228e+04
 160.1610934,1.1222997e+04
 160.1815275,1.1215937e+04
 160.2019618,1.1224645e+04
 160.2223959,1.1212611e+04
 160.2428300,1.1202347e+04
 160.2632642,1.1217106e+04
 160.2836985,1.1220935e+04
 160.3041325,1.1209417e+04
 160.3245667,1.1220475e+04
 160.3450010,1.1217536e+04
 160.3654352,1.1212663e+04
 160.3858693,1.1212401e+04
 160.4063034,1.1214502e+04
 160.4267377,1.1215896e+04
 160.4471718,1.1220498e+04
 160.4676060,1.1226072e+04
 160.4880402,1.1213871e+04
 160.5084743,1.1216429e+04
 160.5289085,1.1213163e+04
 160.5493427,1.1210558e+04
 160.5697768,1.1217171e+04
 160.5902110,1.1218619e+04
 160.6106452,1.1215218e+04
 160.6310792,1.1227993e+04
 160.6515135,1.1213407e+04
 160.6719477,1.1213373e+04
 160.6923818,1.1219547e+04
 160.7128160,1.1210062e+04
 160.7332502,1.1210083e+04
 160.7536843,1.1217844e+04
 160.7741185,1.1209947e+04
 160.7945527,1.1213802e+04
 160.8149869,1.1200548e+04
 160.8354210,1.1216888e+04
 160.8558552,1.1214082e+04
 160.8762894,1.1210438e+04
 160.8967235,1.1207510e+04
 160.9171577,1.1211425e+04
 160.9375919,1.1202973e+04
 160.9580260,1.1202926e+04
 160.9784602,1.1203659e+04
 160.9988944,1.1207783e+04
 161.0193285,1.1212297e+04
 161.0397627,1.1205110e+04
 161.0601969,1.1202626e+04
 161.0806310,1.1204558e+04
 161.1010652,1.1200322e+04
 161.1214994,1.1203043e+04
 161.1419336,1.1188539e+04
 161.1623677,1.1181509e+04
 161.1828019,1.1186546e+04
 161.2032359,1.1189698e+04
 161.2236702,1.1191457e+04
 161.2441044,         null
 161.2645385,1.1312540e+04
 161.2849726,1.1194019e+04
 161.3054069,1.1203100e+04
 161.3258411,1.1193083e+04
 161.3462751,1.1199259e+04
 161.3667094,1.1190404e+04
 161.3871436,1.1200825e+04
 161.4075776,1.1196231e+04
 161.4280118,1.1200192e+04
 161.4484461,1.1203326e+04
 161.4688801,1.1191606e+04
 161.4893143,1.1199189e+04
 161.5097486,1.1193103e+04
 161.5301826,1.1186882e+04
 161.5506168,1.1195711e+04
 161.5710510,1.1194505e+04
 161.5914852,1.1187270e+04
 161.6119193,1.1190370e+04
 161.6323535,1.1184549e+04
 161.6527877,1.1193303e+04
 161.6732219,1.1183678e+04
 161.6936559,1.1196546e+04
 161.7140901,1.1188402e+04
 161.7345244,1.1187726e+04
 161.7549584,1.1191748e+04
 161.7753926,1.1191987e+04
 161.7958268,1.1188408e+04
 161.8162609,1.1184439e+04
 161.8366951,1.1189416e+04
 161.8571293,1.1178850e+04
 161.8775635,1.1187613e+04
 161.8979976,1.1185168e+04
 161.9184318,1.1183794e+04
 161.9388658,1.1188216e+04
 161.9593001,1.1178676e+04
 161.9797342,1.1183441e+04
 162.0001684,1.1177905e+04
 162.0206026,1.1182312e+04
 162.0410367,1.1183448e+04
 162.0614709,1.1185936e+04
 162.0819050,1.1183136e+04
 162.1023392,1.1172559e+04
 162.1227734,1.1181162e+04
 162.1432074,1.1189225e+04
 162.1636417,1.1183557e+04
 162.1840759,1.1185038e+04
 162.2045099,1.1182909e+04
 162.2249441,1.1182269e+04
 162.2453783,1.1180349e+04
 162.2658124,1.1184398e+04
 162.2862466,1.1183115e+04
 162.3066808,1.1179723e+04
 162.3271150,1.1171584e+04
 162.3475490,1.1174447e+04
 162.3679832,1.1174766e+04
 162.3884175,1.1173523e+04
 162.4088515,1.1181676e+04
 162.4292857,1.1173360e+04
 162.4497197,1.1176398e+04
 162.4701540,1.1180621e+04
 162.4905882,1.1177343e+04
 162.5110217,1.1176420e+04
 162.5314560,1.1184487e+04
 162.5518900,1.1170586e+04
 162.5723242,1.1174826e+04
 162.5927583,1.1174406e+04
 162.6131926,1.1172748e+04
 162.6336267,1.1176779e+04
 162.6540608,1.1165978e+04
 162.6744951,1.1169028e+04
 162.6949291,1.1166929e+04
 162.7153633,1.1176346e+04
 162.7357974,1.1169326e+04
 162.7562316,1.1177257e+04
 162.7766658,1.1170085e+04
 162.7970999,1.1174893e+04
 162.8175341,1.1167803e+04
 162.8379682,1.1165081e+04
 162.8584024,1.1170496e+04
 162.8788364,1.1167831e+04
 162.8992707,1.1173095e+04
 162.9197049,1.1174571e+04
 162.9401389,1.1164106e+04
 162.9605731,1.1167188e+04
 162.9810073,1.1176592e+04
 163.0014414,1.1177152e+04
 163.0218755,1.1182798e+04
 163.0423098,1.1168353e+04
 163.0627439,1.1166525e+04
 163.0831780,1.1172733e+04
 163.1036121,1.1172115e+04
 163.1240464,1.1165001e+04
 163.1444804,1.1166247e+04
 163.1649146,1.1159510e+04
 163.1853489,1.1167496e+04
 163.2057829,1.1160018e+04
 163.2262171,1.1153062e+04
 163.2466512,1.1159081e+04
 163.2670854,1.1160325e+04
 163.2875195,1.1182269e+04
 163.3079537,1.1170976e+04
 163.3283879,1.1169476e+04
 163.3488220,1.1168445e+04
 163.3692561,1.1166711e+04
 163.3896902,1.1166196e+04
 163.4101244,1.1169033e+04
 163.4305586,1.1169719e+04
 163.4509926,1.1191934e+04
 163.4714269,1.1177349e+04
 163.4918610,1.1169063e+04
 163.5122952,1.1168475e+04
 163.5327292,1.1163264e+04
 163.5531635,1.1168448e+04
 163.5735976,1.1176984e+04
 163.5940317,1.1169629e+04
 163.6144658,1.1159396e+04
 163.6349001,1.1171955e+04
 163.6553341,1.1165396e+04
 163.6757683,1.1170798e+04
 163.6962025,1.1168614e+04
 163.7166366,1.1173866e+04
 163.7370707,1.1162266e+04
 163.7575049,1.1167005e+04
 163.7779390,1.1165548e+04
 163.7983732,1.1164731e+04
 163.8188073,1.1157099e+04
 163.8392416,1.1165522e+04
 163.8596756,1.1175684e+04
 163.8801097,1.1165793e+04
 163.9005438,1.1169465e+04
 163.9209780,1.1165491e+04
 163.9414122,1.1165452e+04
 163.9618463,1.1173213e+04
 163.9822805,1.1163139e+04
 164.0027146,1.1172771e+04
 164.0231488,1.1164989e+04
 164.0435828,1.1168384e+04
 164.0640171,1.1164393e+04
 164.0844512,1.1171390e+04
 164.1048854,1.1171902e+04
 164.1253194,1.1183889e+04
 164.1457536,1.1165550e+04
 164.1661877,1.1172890e+04
 164.1866218,1.1177418e+04
 164.2070561,1.1182006e+04
 164.2274902,         null
 164.2479243,1.1174192e+04
 164.2683584,1.1173226e+04
 164.2887926,1.1173774e+04
 164.3092267,1.1172155e+04
 164.3296608,1.1171930e+04
 164.3500951,1.1166062e+04
 164.3705292,1.1163690e+04
 164.3909633,1.1177985e+04
 164.4113974,1.1177362e+04
 164.4318316,1.1167301e+04
 164.4522657,1.1178639e+04
 164.4726998,1.1180190e+04
 164.4931341,1.1170860e+04
 164.5135681,1.1169743e+04
 164.5340023,1.1173061e+04
 164.5544364,1.1171563e+04
 164.5748705,1.1172392e+04
 164.5953047,1.1168944e+04
 164.6157388,1.1172130e+04
 164.6361729,1.1170169e+04
 164.6566071,1.1174935e+04
 164.6770413,1.1179393e+04
 164.6974754,1.1175591e+04
 164.7179095,1.1171568e+04
 164.7383437,1.1164334e+04
 164.7587778,1.1175737e+04
 164.7792119,1.1185204e+04
 164.7996461,1.1169704e+04
 164.8200802,1.1172152e+04
 164.8405143,1.1180365e+04
 164.8609485,1.1177846e+04
 164.8813826,1.1177766e+04
 164.9018167,1.1178487e+04
 164.9222508,1.1176368e+04
 164.9426851,1.1177570e+04
 164.9631191,1.1177423e+04
 164.9835532,1.1182358e+04
