        TIME,  PDCSAP_FLUX
 131.5117409,1.4097753e+04
 131.5321755,1.4103334e+04
 131.5526100,1.4089710e+04
 131.5730444,1.4100827e+04
 131.5934789,1.4096786e+04
 131.6139135,1.4103342e+04
 131.6343480,1.4108127e+04
 131.6547825,1.4100833e+04
 131.6752171,1.4104140e+04
 131.6956516,1.4103218e+04
 131.7160860,1.4101451e+04
 131.7365205,1.4092854e+04
 131.7569551,1.4102459e+04
 131.7773896,1.4093839e+04
 131.7978241,1.4105295e+04
 131.8182587,1.4090540e+04
 131.8386931,1.4094705e+04
 131.8591276,1.4098455e+04
 131.8795621,1.4098902e+04
 131.8999966,1.4099214e+04
 131.9204311,1.4092154e+04
 131.9408657,1.4095140e+04
 131.9613002,1.4086643e+04
 131.9817347,1.4098886e+04
 132.0021692,1.4108709e+04
 132.0226036,1.4094074e+04
 132.0430382,1.4086859e+04
 132.0634727,1.4088409e+04
 132.0839072,1.4100137e+04
 132.1043417,1.4085263e+04
 132.1247763,1.4095212e+04
 132.1452107,1.4094043e+04
 132.1656452,1.4088449e+04
 132.1860798,1.4096988e+04
 132.2065143,1.4095292e+04
 132.2269487,1.4094387e+04
 132.2473833,1.4089467e+04
 132.2678179,1.4103319e+04
 132.2882523,1.4103567e+04
 132.3086868,1.4095699e+04
 132.3291214,1.4095892e+04
 132.3495558,1.4091755e+04
 132.3699903,1.4090080e+04
 132.3904249,1.4087686e+04
 132.4108594,1.4093337e+04
 132.4312939,1.4094519e+04
 132.4517284,1.4088075e+04
 132.4721630,1.4089587e+04
 132.4925974,1.4087796e+04
 132.5130319,1.4089367e+04
 132.5334663,1.4090983e+04
 132.5539010,1.4087112e+04
 132.5743355,1.4082587e+04
 132.5947699,1.4103216e+04
 132.6152045,1.4086692e+04
 132.6356390,1.4091065e+04
 132.6560735,1.4091936e+04
 132.6765079,1.4098922e+04
 132.6969425,1.4093425e+04
 132.7173771,1.4098793e+04
 132.7378115,1.4091665e+04
 132.7582461,1.4091623e+04
 132.7786806,1.4089569e+04
 132.7991150,1.4096308e+04
 132.8195495,1.4088083e+04
 132.8399841,1.4093147e+04
 132.8604186,1.4080361e+04
 132.8808531,1.4080115e+04
 132.9012877,1.4088935e+04
 132.9217221,1.4091406e+04
 132.9421566,1.4101410e+04
 132.9625911,1.4085097e+04
 132.9830257,1.4087508e+04
 133.0034601,1.4082505e+04
 133.0238947,1.4092887e+04
 133.0443292,1.4095882e+04
 133.0647637,1.4096781e+04
 133.0851982,1.4087661e+04
 133.1056327,1.4090591e+04
 133.1260672,1.4091026e+04
 133.1465017,1.4093411e+04
 133.1669362,1.4091741e+04
 133.1873708,1.4085261e+04
 133.2078054,1.4099278e+04
 133.2282398,1.4090820e+04
 133.2486743,1.4092728e+04
 133.2691088,1.4104292e+04
 133.2895433,1.4090682e+04
 133.3099778,1.4096644e+04
 133.3304122,1.4095579e+04
 133.3508469,1.4099890e+04
 133.3712814,1.4097520e+04
 133.3917159,1.4089758e+04
 133.4121504,1.4093932e+04
 133.4325849,1.4102063e+04
 133.4530194,1.4100604e+04
 133.4734538,1.4088130e+04
 133.4938885,1.4086232e+04
 133.5143230,1.4091409e+04
 133.5347574,1.4098611e+04
 133.5551920,1.4103818e+04
 133.5756265,1.4092503e+04
 133.5960609,1.4082775e+04
 133.6164954,1.4089971e+04
 133.6369300,1.4096356e+04
 133.6573646,1.4101622e+04
 133.6777990,1.4096276e+04
 133.6982336,1.4098001e+04
 133.7186681,1.4093662e+04
 133.7391025,1.4097812e+04
 133.7595370,1.4095007e+04
 133.7799716,1.4095578e+04
 133.8004060,1.4089390e+04
 133.8208406,1.4103563e+04
 133.8412751,1.4096802e+04
 133.8617096,1.4093146e+04
 133.8821441,1.4098250e+04
 133.9025786,1.4098004e+04
 133.9230131,1.4092636e+04
 133.9434476,1.4094040e+04
 133.9638821,1.4098999e+04
 133.9843166,1.4089114e+04
 134.0047512,1.4095893e+04
 134.0251857,1.4092519e+04
 134.0456201,1.4094464e+04
 134.0660547,1.4090251e+04
 134.0864892,1.4095703e+04
 134.1069236,1.4091480e+04
 134.1273581,1.4103575e+04
 134.1477927,1.4104499e+04
 134.1682273,1.4101233e+04
 134.1886617,1.4087740e+04
 134.2090963,1.4087436e+04
 134.2295308,1.4094316e+04
 134.2499652,1.4086386e+04
 134.2703997,1.4092020e+04
 134.2908343,1.4086958e+04
 134.3112687,1.4095688e+04
 134.3317033,1.4090181e+04
 134.3521379,1.4104286e+04
 134.3725723,1.4093127e+04
 134.3930068,         null
 134.4134413,1.4093449e+04
 134.4338758,1.4090214e+04
 134.4543103,1.4095158e+04
 134.4747448,1.4085239e+04
 134.4951795,1.4092323e+04
 134.5156139,1.4098381e+04
 134.5360484,1.4097188e+04
 134.5564828,1.4097814e+04
 134.5769174,1.4090297e+04
 134.5973519,1.4089096e+04
 134.6177863,1.4092387e+04
 134.6382208,1.4099521e+04
 134.6586555,1.4099380e+04
 134.6790900,1.4090023e+04
 134.6995245,1.4110162e+04
 134.7199590,1.4095307e+04
 134.7403935,1.4094132e+04
 134.7608279,1.4097857e+04
 134.7812624,1.4096962e+04
 134.8016970,1.4100274e+04
 134.8221315,1.4097417e+04
 134.8425660,1.4095921e+04
 134.8630006,1.4093772e+04
 134.8834351,1.4095259e+04
 134.9038696,1.4094256e+04
 134.9243040,1.4099240e+04
 134.9447386,1.4088083e+04
 134.9651731,1.4098777e+04
 134.9856075,1.4101622e+04
 135.0060422,1.4101955e+04
 135.0264767,1.4101607e+04
 135.0469111,1.4096446e+04
 135.0673456,1.4109624e+04
 135.0877802,1.4081423e+04
 135.1082146,1.4092228e+04
 135.1286491,1.4104041e+04
 135.1490837,1.4107025e+04
 135.1695182,1.4096001e+04
 135.1899527,1.4092696e+04
 135.2103872,1.4101940e+04
 135.2308218,1.4088551e+04
 135.2512562,1.4098130e+04
 135.2716907,1.4099958e+04
 135.2921251,1.4091848e+04
 135.3125597,1.4101591e+04
 135.3329942,1.4089737e+04
 135.3534286,1.4084421e+04
 135.3738633,1.4095179e+04
 135.3942978,1.4094785e+04
 135.4147323,1.4096053e+04
 135.4351667,1.4087482e+04
 135.4556013,1.4099614e+04
 135.4760358,1.4107329e+04
 135.4964702,1.4098050e+04
 135.5169048,1.4097003e+04
 135.5373393,1.4103906e+04
 135.5577738,1.4109874e+04
 135.5782083,1.4104870e+04
 135.5986429,1.4095739e+04
 135.6190773,1.4100296e+04
 135.6395118,1.4098008e+04
 135.6599464,1.4099757e+04
 135.6803809,1.4102979e+04
 135.7008153,1.4094021e+04
 135.7212498,1.4106252e+04
 135.7416845,1.4087994e+04
 135.7621189,1.4102200e+04
 135.7825534,1.4093059e+04
 135.8029880,1.4108918e+04
 135.8234224,1.4093504e+04
 135.8438569,1.4099920e+04
 135.8642914,1.4097988e+04
 135.8847259,1.4100397e+04
 135.9051604,1.4101688e+04
 135.9255949,1.4092460e+04
 135.9460294,1.4104413e+04
 135.9664640,1.4098815e+04
 135.9868985,1.4097870e+04
 136.0073329,1.4099385e+04
 136.0277675,1.4095684e+04
 136.0482020,1.4099632e+04
 136.0686364,1.4098106e+04
 136.0890709,1.4103982e+04
 136.1095055,1.4100391e+04
 136.1299401,1.4092934e+04
 136.1503745,1.4098821e+04
 136.1708091,1.4102592e+04
 136.1912436,1.4099569e+04
 136.2116780,1.4104990e+04
 136.2321125,1.4103430e+04
 136.2525471,1.4096671e+04
 136.2729815,1.4097979e+04
 136.2934160,1.4094378e+04
 136.3138506,1.4099284e+04
 136.3342851,1.4095386e+04
 136.3547196,1.4099548e+04
 136.3751541,1.4096157e+04
 136.3955886,1.4095219e+04
 136.4160231,1.4095894e+04
 136.4364576,1.4101178e+04
 136.4568922,1.4096418e+04
 136.4773266,1.4101669e+04
 136.4977611,1.4101910e+04
 136.5181956,1.4106973e+04
 136.5386302,1.4100124e+04
 136.5590647,1.4104429e+04
 136.5794992,1.4098404e+04
 136.5999337,1.4104741e+04
 136.6203682,1.4110680e+04
 136.6408027,1.4092013e+04
 136.6612372,1.4100274e+04
 136.6816717,1.4101779e+04
 136.7021062,1.4108446e+04
 136.7225407,1.4101884e+04
 136.7429752,1.4095084e+04
 136.7634098,1.4102647e+04
 136.7838443,1.4102872e+04
 136.8042787,1.4103103e+04
 136.8247133,1.4110192e+04
 136.8451478,1.4098062e+04
 136.8655823,1.4096049e+04
 136.8860167,1.4108343e+04
 136.9064513,1.4102506e+04
 136.9268858,1.4118437e+04
 136.9473202,1.4100056e+04
 136.9677549,1.4102271e+04
 136.9881894,1.4105005e+04
 137.0086238,1.4096461e+04
 137.0290583,1.4111042e+04
 137.0494929,1.4105025e+04
 137.0699273,1.4105062e+04
 137.0903618,1.4092824e+04
 137.1107964,1.4093534e+04
 137.1312308,1.4103681e+04
 137.1516653,1.4105637e+04
 137.1720998,1.4111060e+04
 137.1925345,1.4098643e+04
 137.2129689,1.4110505e+04
 137.2334034,1.4104053e+04
 137.2538378,1.4107293e+04
 137.2742724,1.4104807e+04
 137.2947069,1.4101971e+04
 137.3151413,1.4102348e+04
 137.3355759,1.4097216e+04
 137.3560104,1.4098455e+04
 137.3764449,         null
 137.3968793,1.4110600e+04
 137.4173140,1.4103041e+04
 137.4377485,1.4111594e+04
 137.4581829,1.4106647e+04
 137.4786175,1.4102058e+04
 137.4990520,1.4099620e+04
 137.5194864,1.4104070e+04
 137.5399209,1.4123919e+04
 137.5603555,1.4104849e+04
 137.5807899,1.4109085e+04
 137.6012244,1.4103045e+04
 137.6216590,1.4101636e+04
 137.6420935,1.4107660e+04
 137.6625280,1.4104979e+04
 137.6829625,1.4107637e+04
 137.7033971,1.4107892e+04
 137.7238315,1.4105582e+04
 137.7442660,1.4098509e+04
 137.7647006,1.4109223e+04
 137.7851350,1.4100534e+04
 137.8055695,1.4104016e+04
 137.8260039,1.4109264e+04
 137.8464385,1.4094810e+04
 137.8668730,1.4098215e+04
 137.8873075,1.4098836e+04
 137.9077420,1.4102034e+04
 137.9281766,1.4108224e+04
 137.9486111,1.4103058e+04
 137.9690455,1.4103058e+04
 137.9894801,1.4111941e+04
 138.0099146,1.4111544e+04
 138.0303490,1.4103873e+04
 138.0507835,1.4110546e+04
 138.0712181,1.4101583e+04
 138.0916526,1.4110496e+04
 138.1120870,1.4104640e+04
 138.1325216,1.4101832e+04
 138.1529561,1.4101439e+04
 138.1733905,1.4105914e+04
 138.1938251,1.4102684e+04
 138.2142597,1.4106643e+04
 138.2346942,1.4106392e+04
 138.2551286,1.4112667e+04
 138.2755632,1.4105953e+04
 138.2959977,1.4099232e+04
 138.3164321,1.4107106e+04
 138.3368666,1.4102083e+04
 138.3573012,1.4098220e+04
 138.3777357,1.4111043e+04
 138.3981701,1.4112874e+04
 138.4186047,1.4105928e+04
 138.4390392,1.4113898e+04
 138.4594736,1.4110094e+04
 138.4799082,1.4102213e+04
 138.5003428,1.4103453e+04
 138.5207772,1.4110660e+04
 138.5412117,1.4104155e+04
 138.5616462,1.4101686e+04
 138.5820807,1.4114326e+04
 138.6025152,1.4112244e+04
 138.6229497,1.4101092e+04
 138.6433842,1.4123000e+04
 138.6638187,1.4106141e+04
 138.6842532,1.4108786e+04
 138.7046876,1.4102394e+04
 138.7251222,1.4100143e+04
 138.7455567,1.4113159e+04
 138.7659911,1.4101316e+04
 138.7864258,1.4108844e+04
 138.8068603,1.4100529e+04
 138.8272947,1.4100012e+04
 138.8477292,1.4110353e+04
 138.8681638,1.4118704e+04
 138.8885983,1.4106678e+04
 138.9090327,1.4108876e+04
 138.9294673,1.4104848e+04
 138.9499018,1.4108469e+04
 138.9703362,1.4101322e+04
 138.9907707,1.4105087e+04
 139.0112053,1.4111093e+04
 139.0316397,1.4109126e+04
 139.0520742,1.4100733e+04
 139.0725088,1.4134804e+04
 139.0929432,1.4107570e+04
 139.1133778,1.4109076e+04
 139.1338123,1.4110495e+04
 139.1542468,1.4114753e+04
 139.1746813,1.4100841e+04
 139.1951158,1.4097081e+04
 139.2155502,1.4111372e+04
 139.2359848,1.4108129e+04
 139.2564193,1.4107963e+04
 139.2768537,1.4101357e+04
 139.2972883,1.4104017e+04
 139.3177228,1.4119193e+04
 139.3381573,1.4106693e+04
 139.3585917,1.4117331e+04
 139.3790263,1.4108786e+04
 139.3994608,1.4105449e+04
 139.4198952,1.4119130e+04
 139.4403298,1.4102783e+04
 139.4607643,1.4098957e+04
 139.4811987,1.4110448e+04
 139.5016333,1.4105555e+04
 139.5220679,1.4104178e+04
 139.5425023,1.4108158e+04
 139.5629368,1.4109306e+04
 139.5833714,1.4100960e+04
 139.6038058,1.4106897e+04
 139.6242403,1.4106602e+04
 139.6446748,1.4112550e+04
 139.6651094,1.4111023e+04
 139.6855438,1.4112715e+04
 139.7059783,1.4108033e+04
 139.7264128,1.4100053e+04
 139.7468473,1.4097578e+04
 139.7672818,1.4109678e+04
 139.7877163,1.4114001e+04
 139.8081508,1.4098939e+04
 139.8285853,1.4099494e+04
 139.8490198,1.4100439e+04
 139.8694543,1.4100237e+04
 139.8898888,1.4103874e+04
 139.9103233,1.4107064e+04
 139.9307578,1.4106487e+04
 139.9511924,1.4110030e+04
 139.9716269,1.4103152e+04
 139.9920614,1.4108930e+04
 140.0124958,1.4105247e+04
 140.0329304,1.4114034e+04
 140.0533649,1.4108951e+04
 140.0737994,1.4110155e+04
 140.0942339,1.4116210e+04
 140.1146684,1.4103917e+04
 140.1351029,1.4101046e+04
 140.1555373,1.4110058e+04
 140.1759719,1.4107342e+04
 140.1964064,1.4106303e+04
 140.2168408,1.4108327e+04
 140.2372754,1.4109335e+04
 140.2577099,1.4106590e+04
 140.2781443,1.4111995e+04
 140.2985788,1.4110386e+04
 140.3190134,1.4112784e+04
 140.3394478,1.4100330e+04
 140.3598823,         null
 140.3803168,1.4106658e+04
 140.4007514,1.4110901e+04
 140.4211858,1.4113905e+04
 140.4416203,1.4117790e+04
 140.4620549,1.4101114e+04
 140.4824893,1.4106160e+04
 140.5029238,1.4104789e+04
 140.5233582,1.4112562e+04
 140.5437928,1.4106103e+04
 140.5642273,1.4106678e+04
 140.5846619,1.4105200e+04
 140.6050964,1.4114849e+04
 140.6255309,1.4105636e+04
 140.6459654,1.4104452e+04
 140.6663998,1.4114395e+04
 140.6868344,1.4109563e+04
 140.7072689,1.4113249e+04
 140.7277033,1.4111870e+04
 140.7481379,1.4107461e+04
 140.7685724,1.4113553e+04
 140.7890068,1.4107732e+04
 140.8094413,1.4099453e+04
 140.8298759,1.4104020e+04
 140.8503104,1.4109716e+04
 140.8707448,1.4103118e+04
 140.8911793,1.4096376e+04
 140.9116139,1.4111096e+04
 140.9320483,1.4128098e+04
 140.9524828,1.4107127e+04
 140.9729174,1.4102547e+04
 140.9933518,1.4113667e+04
 141.0137863,1.4103832e+04
 141.0342208,1.4111748e+04
 141.0546553,1.4115940e+04
 141.0750898,1.4113267e+04
 141.0955243,1.4115572e+04
 141.1159588,1.4112383e+04
 141.1363933,1.4114814e+04
 141.1568278,1.4105332e+04
 141.1772622,1.4109889e+04
 141.1976968,1.4108116e+04
 141.2181313,1.4103540e+04
 141.2385657,1.4114637e+04
 141.2590003,1.4104886e+04
 141.2794348,1.4104438e+04
 141.2998692,1.4102265e+04
 141.3203037,1.4118278e+04
 141.3407383,1.4113463e+04
 141.3611728,1.4111199e+04
 141.3816072,1.4106642e+04
 141.4020417,1.4108100e+04
 141.4224763,1.4115226e+04
 141.4429108,1.4114092e+04
 141.4633452,1.4110271e+04
 141.4837798,1.4104894e+04
 141.5042143,1.4113737e+04
 141.5246487,1.4110036e+04
 141.5450832,1.4108424e+04
 141.5655177,1.4108399e+04
 141.5859523,1.4114798e+04
 141.6063867,1.4111010e+04
 141.6268213,1.4118699e+04
 141.6472558,1.4106099e+04
 141.6676902,1.4111447e+04
 141.6881247,1.4109722e+04
 141.7085593,1.4109789e+04
 141.7289937,1.4118510e+04
 141.7494282,1.4106445e+04
 141.7698628,1.4111104e+04
 141.7902972,1.4104501e+04
 141.8107317,1.4099957e+04
 141.8311662,1.4112746e+04
 141.8516007,1.4101144e+04
 141.8720352,1.4111204e+04
 141.8924697,1.4114044e+04
 141.9129043,1.4114465e+04
 141.9333387,1.4121306e+04
 141.9537732,1.4117833e+04
 141.9742076,1.4117267e+04
 141.9946422,1.4107240e+04
 142.0150767,1.4100555e+04
 142.0355111,1.4114317e+04
 142.0559456,1.4112744e+04
 142.0763802,1.4113160e+04
 142.0968147,1.4108351e+04
 142.1172491,1.4110706e+04
 142.1376837,1.4107439e+04
 142.1581182,1.4111688e+04
 142.1785526,1.4113462e+04
 142.1989871,1.4117431e+04
 142.2194217,1.4112834e+04
 142.2398561,1.4108896e+04
 142.2602906,1.4111462e+04
 142.2807252,1.4111953e+04
 142.3011596,1.4119441e+04
 142.3215941,1.4112945e+04
 142.3420286,1.4107841e+04
 142.3624632,1.4104257e+04
 142.3828976,1.4104418e+04
 142.4033321,1.4104538e+04
 142.4237667,1.4108579e+04
 142.4442011,1.4108160e+04
 142.4646356,1.4119707e+04
 142.4850700,1.4107724e+04
 142.5055046,1.4123711e+04
 142.5259391,1.4104116e+04
 142.5463736,1.4116617e+04
 142.5668080,1.4102621e+04
 142.5872426,1.4098490e+04
 142.6076771,1.4109688e+04
 142.6281115,1.4116963e+04
 142.6485461,1.4114910e+04
 142.6689806,1.4117701e+04
 142.6894150,1.4112375e+04
 142.7098495,1.4105473e+04
 142.7302841,1.4108838e+04
 142.7507184,1.4114537e+04
 142.7711529,1.4112652e+04
 142.7915875,1.4110641e+04
 142.8120219,1.4110948e+04
 142.8324564,1.4111237e+04
 142.8528909,1.4121511e+04
 142.8733255,1.4109131e+04
 142.8937599,1.4109772e+04
 142.9141944,1.4116473e+04
 142.9346290,1.4107869e+04
 142.9550634,1.4109876e+04
 142.9754979,1.4108765e+04
 142.9959323,1.4115146e+04
 143.0163669,1.4111336e+04
 143.0368014,1.4109993e+04
 143.0572359,1.4110874e+04
 143.0776704,1.4108031e+04
 143.0981049,1.4109384e+04
 143.1185394,1.4111840e+04
 143.1389739,1.4116313e+04
 143.1594084,1.4115827e+04
 143.1798429,1.4112457e+04
 143.2002773,1.4111176e+04
 143.2207118,1.4109058e+04
 143.2411464,1.4115831e+04
 143.2615809,1.4116376e+04
 143.2820154,1.4105006e+04
 143.3024499,1.4105488e+04
 143.3228843,1.4106034e+04
 143.3433188,         null
 143.3637532,1.4109331e+04
 143.3841878,1.4116064e+04
 143.4046223,1.4112234e+04
 143.4250567,1.4106609e+04
 143.4454913,1.4120244e+04
 143.4659258,1.4108417e+04
 143.4863602,1.4105426e+04
 143.5067947,1.4111567e+04
 143.5272293,1.4104063e+04
 143.5476638,1.4109984e+04
 143.5680982,1.4127893e+04
 143.5885328,1.4115342e+04
 143.6089673,1.4104772e+04
 143.6294017,1.4117000e+04
 143.6498362,1.4111322e+04
 143.6702708,1.4113217e+04
 143.6907052,1.4119595e+04
 143.7111396,1.4108526e+04
 143.7315741,1.4112874e+04
 143.7520086,1.4111730e+04
 143.7724431,1.4114793e+04
 143.7928776,1.4100123e+04
 143.8133121,1.4105058e+04
 143.8337466,1.4110372e+04
 143.8541811,1.4113804e+04
 143.8746155,1.4102273e+04
 143.8950501,1.4104011e+04
 143.9154846,1.4113804e+04
 143.9359190,1.4105426e+04
 143.9563536,1.4114128e+04
 143.9767881,1.4108298e+04
 143.9972225,1.4114962e+04
 144.0176570,1.4108268e+04
 144.0380916,1.4112924e+04
 144.0585260,1.4106304e+04
 144.0789604,1.4105063e+04
 144.0993950,1.4109072e+04
 144.1198295,1.4107763e+04
 144.1402639,1.4109221e+04
 144.1606984,1.4109850e+04
 144.1811330,1.4118847e+04
 144.2015674,1.4114062e+04
 144.2220019,1.4101968e+04
 144.2424365,1.4112671e+04
 144.2628709,1.4106553e+04
 144.2833054,1.4105032e+04
 144.3037399,1.4120713e+04
 144.3241744,1.4105395e+04
 144.3446088,1.4109437e+04
 144.3650433,1.4108843e+04
 144.3854777,1.4110643e+04
 144.4059123,1.4106293e+04
 144.4263468,1.4104337e+04
 144.4467812,1.4115077e+04
 144.4672158,1.4109714e+04
 144.4876503,1.4106604e+04
 144.5080847,1.4118473e+04
 144.5285192,1.4106239e+04
 144.5489538,1.4119188e+04
 144.5693883,1.4105998e+04
 144.5898226,1.4112549e+04
 144.6102572,1.4108151e+04
 144.6306917,1.4114608e+04
 144.6511261,1.4108554e+04
 144.6715606,1.4106865e+04
 144.6919952,1.4108988e+04
 144.7124296,1.4108283e+04
 144.7328641,1.4109246e+04
 144.7532987,1.4103502e+04
 144.7737331,1.4109859e+04
 144.7941676,1.4105872e+04
 144.8146021,1.4109528e+04
 144.8350366,1.4095391e+04
 144.8554710,1.4100014e+04
 144.8759055,1.4105540e+04
 144.8963400,1.4113075e+04
 144.9167745,1.4105366e+04
 144.9372090,1.4117605e+04
 144.9576435,1.4117352e+04
 144.9780781,1.4098339e+04
 144.9985125,1.4112741e+04
 145.0189470,1.4100499e+04
 145.0393814,1.4104024e+04
 145.0598159,1.4107352e+04
 145.0802504,1.4114646e+04
 145.1006849,1.4093574e+04
 145.1211195,1.4109359e+04
 145.1415539,1.4101188e+04
 145.1619884,1.4108340e+04
 145.1824228,1.4117711e+04
 145.2028574,1.4105683e+04
 145.2232919,1.4107271e+04
 145.2437262,1.4113508e+04
 145.2641608,1.4106173e+04
 145.2845953,1.4112519e+04
 145.3050298,1.4110444e+04
 145.3254642,1.4116962e+04
 145.3458988,1.4112334e+04
 145.3663333,1.4120208e+04
 145.3867677,1.4109447e+04
 145.4072023,1.4113601e+04
 145.4276367,1.4106019e+04
 145.4480711,1.4109263e+04
 145.4685056,1.4105768e+04
 145.4889402,1.4105622e+04
 145.5093746,1.4110764e+04
 145.5298091,1.4117248e+04
 145.5502436,1.4113145e+04
 145.5706782,1.4119136e+04
 145.5911126,1.4101155e+04
 145.6115470,1.4106548e+04
 145.6319816,1.4109402e+04
 145.6524160,1.4107679e+04
 145.6728505,1.4112111e+04
 145.6932849,1.4100383e+04
 145.7137195,1.4101325e+04
 145.7341540,1.4104314e+04
 145.7545885,1.4117697e+04
 145.7750230,1.4107316e+04
 145.7954574,1.4103249e+04
 145.8158919,1.4104813e+04
 145.8363263,1.4106084e+04
 145.8567609,1.4105814e+04
 145.8771954,1.4099384e+04
 145.8976298,1.4118378e+04
 145.9180644,1.4106895e+04
 145.9384988,1.4111493e+04
 145.9589332,1.4098774e+04
 145.9793677,1.4109883e+04
 145.9998023,1.4107062e+04
 146.0202368,1.4114071e+04
 146.0406712,1.4105894e+04
 146.0611058,1.4100701e+04
 146.0815403,1.4117024e+04
 146.1019746,1.4105296e+04
 146.1224091,1.4105217e+04
 146.1428437,1.4111402e+04
 146.1632781,1.4110381e+04
 146.1837126,1.4105541e+04
 146.2041471,1.4103993e+04
 146.2245816,1.4146576e+04
 146.2450160,1.4099981e+04
 146.2654505,1.4109055e+04
 146.2858850,1.4105777e+04
 146.3063195,1.4100895e+04
 146.3267540,         null
 146.3471884,1.4111263e+04
 146.3676230,1.4101361e+04
 146.3880574,1.4105426e+04
 146.4084918,1.4103795e+04
 146.4289264,1.4095750e+04
 146.4493609,1.4109841e+04
 146.4697953,1.4107471e+04
 146.4902299,1.4098182e+04
 146.5106644,1.4108968e+04
 146.5310988,1.4102040e+04
 146.5515332,1.4099156e+04
 146.5719678,1.4109774e+04
 146.5924023,1.4105176e+04
 146.6128368,1.4102611e+04
 146.6332712,1.4100998e+04
 146.6537058,1.4100374e+04
 146.6741402,1.4106784e+04
 146.6945746,1.4104102e+04
 146.7150092,1.4100545e+04
 146.7354437,1.4102120e+04
 146.7558782,1.4100714e+04
 146.7763126,1.4103997e+04
 146.7967471,1.4106519e+04
 146.8171816,1.4106439e+04
 146.8376160,1.4098343e+04
 146.8580505,1.4109151e+04
 146.8784851,1.4102988e+04
 146.8989195,1.4105243e+04
 146.9193539,1.4107561e+04
 146.9397885,1.4103709e+04
 146.9602229,1.4107646e+04
 146.9806574,1.4100719e+04
 147.0010919,1.4103987e+04
 147.0215264,1.4107537e+04
 147.0419608,1.4106655e+04
 147.0623953,1.4110893e+04
 147.0828299,1.4105653e+04
 147.1032643,1.4107831e+04
 147.1236988,1.4111255e+04
 147.1441332,1.4117640e+04
 147.1645677,1.4106841e+04
 147.1850022,1.4105896e+04
 147.2054366,1.4100937e+04
 147.2258712,1.4104726e+04
 147.2463057,1.4104483e+04
 147.2667402,1.4097425e+04
 147.2871745,1.4102550e+04
 147.3076091,1.4107905e+04
 147.3280436,1.4100729e+04
 147.3484780,1.4108785e+04
 147.3689125,1.4101926e+04
 147.3893470,1.4109960e+04
 147.4097814,1.4108153e+04
 147.4302159,1.4098638e+04
 147.4506505,1.4109070e+04
 147.4710849,1.4107993e+04
 147.4915194,1.4101793e+04
 147.5119538,1.4108637e+04
 147.5323884,1.4103184e+04
 147.5528228,1.4099460e+04
 147.5732573,1.4105009e+04
 147.5936919,1.4104990e+04
 147.6141262,1.4104230e+04
 147.6345607,1.4104799e+04
 147.6549951,1.4111247e+04
 147.6754297,1.4101226e+04
 147.6958642,1.4104959e+04
 147.7162985,1.4112960e+04
 147.7367331,1.4099709e+04
 147.7571676,1.4109315e+04
 147.7776021,1.4108983e+04
 147.7980365,1.4101356e+04
 147.8184710,1.4100926e+04
 147.8389055,1.4110607e+04
 147.8593399,1.4123680e+04
 147.8797744,1.4106884e+04
 147.9002090,         null
 147.9206433,1.4112909e+04
 147.9410778,1.4106824e+04
 147.9615124,1.4107717e+04
 147.9819468,1.4101627e+04
 148.0023813,1.4100765e+04
 148.0228157,1.4104593e+04
 148.0432503,1.4108371e+04
 148.0636847,1.4103440e+04
 148.0841192,1.4113980e+04
 148.1045538,1.4100768e+04
 148.1249881,1.4096204e+04
 148.1454226,1.4102932e+04
 148.1658571,1.4108214e+04
 148.1862916,1.4102285e+04
 148.2067261,1.4094658e+04
 148.2271605,1.4111910e+04
 148.2475951,1.4098360e+04
 148.2680295,1.4106013e+04
 148.2884640,1.4101384e+04
 148.3088984,1.4103705e+04
 148.3293329,1.4097211e+04
 148.3497674,1.4101316e+04
 148.3702019,1.4110153e+04
 148.3906363,1.4096981e+04
 148.4110708,1.4107612e+04
 148.4315053,1.4105809e+04
 148.4519398,1.4115384e+04
 148.4723743,1.4099564e+04
 148.4928087,1.4106183e+04
 148.5132432,1.4112339e+04
 148.5336776,1.4106116e+04
 148.5541122,1.4106165e+04
 148.5745467,1.4098178e+04
 148.5949810,1.4111328e+04
 148.6154156,1.4109510e+04
 148.6358501,1.4102096e+04
 148.6562845,1.4103798e+04
 148.6767189,1.4108441e+04
 148.6971535,1.4105972e+04
 148.7175879,1.4110357e+04
 148.7380224,1.4109204e+04
 148.7584569,1.4122504e+04
 148.7788914,1.4100319e+04
 148.7993258,1.4111507e+04
 148.8197603,1.4107643e+04
 148.8401948,1.4099848e+04
 148.8606292,1.4101680e+04
 148.8810637,1.4099679e+04
 148.9014983,1.4101812e+04
 148.9219326,1.4111176e+04
 148.9423671,1.4105166e+04
 148.9628016,1.4101927e+04
 148.9832361,1.4103655e+04
 149.0036705,1.4103878e+04
 149.0241050,1.4116370e+04
 149.0445394,1.4099469e+04
 149.0649740,1.4108308e+04
 149.0854084,1.4111780e+04
 149.1058428,1.4109971e+04
 149.1262774,1.4104415e+04
 149.1467119,1.4095617e+04
 149.1671462,1.4106620e+04
 149.1875807,1.4102583e+04
 149.2080153,1.4109322e+04
 149.2284498,1.4111090e+04
 149.2488841,1.4111821e+04
 149.2693187,1.4106608e+04
 149.2897532,1.4107219e+04
 149.3101876,         null
 149.3306220,1.4105927e+04
 149.3510566,1.4106250e+04
 149.3714910,1.4106382e+04
 149.3919255,1.4109542e+04
 149.4123600,1.4105293e+04
 149.4327944,1.4102744e+04
 149.4532289,1.4107812e+04
 149.4736634,1.4109296e+04
 149.4940978,1.4113335e+04
 149.5145323,1.4094108e+04
 149.5349668,1.4103015e+04
 149.5554013,1.4109119e+04
 149.5758357,1.4103947e+04
 149.5962702,1.4110723e+04
 149.6167046,1.4109879e+04
 149.6371391,1.4119210e+04
 149.6575736,1.4103609e+04
 149.6780080,1.4106114e+04
 149.6984425,1.4111916e+04
 149.7188770,1.4106384e+04
 149.7393115,1.4105399e+04
 149.7597459,1.4103833e+04
 149.7801804,1.4108238e+04
 149.8006149,1.4098007e+04
 149.8210493,1.4109949e+04
 149.8414838,1.4103258e+04
 149.8619183,1.4094634e+04
 149.8823528,1.4105347e+04
 149.9027872,1.4106377e+04
 149.9232217,1.4098953e+04
 149.9436562,1.4099246e+04
 149.9640907,1.4109421e+04
 149.9845251,1.4105906e+04
 150.0049596,1.4196906e+04
 150.0253941,1.4113160e+04
 150.0458285,1.4106517e+04
 150.0662630,1.4110154e+04
 150.0866975,1.4100426e+04
 150.1071319,1.4108859e+04
 150.1275664,1.4102228e+04
 150.1480009,1.4117582e+04
 150.1684353,1.4106946e+04
 150.1888698,1.4109202e+04
 150.2093043,1.4099406e+04
 150.2297387,1.4106653e+04
 150.2501732,1.4122609e+04
 150.2706076,1.4109237e+04
 150.2910422,1.4104039e+04
 150.3114766,1.4105853e+04
 150.3319111,1.4104806e+04
 150.3523454,1.4116704e+04
 150.3727800,1.4106613e+04
 150.3932145,1.4109212e+04
 150.4136488,1.4102200e+04
 150.4340834,1.4105115e+04
 150.4545179,1.4107435e+04
 150.4749523,1.4103613e+04
 150.4953867,1.4111222e+04
 150.5158213,1.4101802e+04
 150.5362557,1.4100273e+04
 150.5566901,1.4105696e+04
 150.5771247,1.4112459e+04
 150.5975591,1.4114803e+04
 150.6179935,1.4099501e+04
 150.6384280,1.4108087e+04
 150.6588626,1.4104897e+04
 150.6792969,1.4101931e+04
 150.6997314,1.4106425e+04
 150.7201660,1.4101319e+04
 150.7406004,1.4108970e+04
 150.7610348,1.4105482e+04
 150.7814693,1.4103411e+04
 150.8019038,1.4101119e+04
 150.8223382,1.4106140e+04
 150.8427727,1.4110225e+04
 150.8632072,1.4104344e+04
 150.8836416,1.4103596e+04
 150.9040761,1.4104517e+04
 150.9245105,1.4115189e+04
 150.9449450,1.4121699e+04
 150.9653795,1.4116167e+04
 150.9858139,1.4108645e+04
 151.0062483,1.4098081e+04
 151.0266829,1.4109954e+04
 151.0471173,1.4099616e+04
 151.0675517,1.4101020e+04
 151.0879863,1.4106339e+04
 151.1084207,1.4105773e+04
 151.1288551,1.4097927e+04
 151.1492896,1.4110313e+04
 151.1697241,1.4104498e+04
 151.1901585,1.4112912e+04
 151.2105930,1.4106732e+04
 151.2310275,1.4103301e+04
 151.2514620,1.4106293e+04
 151.2718963,1.4105090e+04
 151.2923308,1.4103149e+04
 151.3127654,1.4102360e+04
 151.3331997,1.4119281e+04
 151.3536342,1.4112818e+04
 151.3740688,1.4105896e+04
 151.3945031,1.4107864e+04
 151.4149376,1.4108165e+04
 151.4353721,1.4099401e+04
 151.4558065,1.4111565e+04
 151.4762410,1.4109689e+04
 151.4966755,1.4115738e+04
 151.5171099,1.4099866e+04
 151.5375444,1.4107191e+04
 151.5579788,1.4110353e+04
 151.5784133,1.4106547e+04
 151.5988479,1.4100445e+04
 151.6192822,1.4111943e+04
 151.6397167,1.4102005e+04
 151.6601512,         null
 151.6805856,1.4105364e+04
 151.7010201,1.4116727e+04
 151.7214546,1.4103103e+04
 151.7418890,1.4112367e+04
 151.7623235,1.4115733e+04
 151.7827579,1.4108830e+04
 151.8031923,1.4112432e+04
 151.8236269,1.4107510e+04
 151.8440613,1.4112101e+04
 151.8644957,1.4096347e+04
 151.8849303,1.4105176e+04
 151.9053647,1.4112917e+04
 151.9257991,1.4105188e+04
 151.9462335,1.4122598e+04
 151.9666681,1.4106206e+04
 151.9871026,1.4115015e+04
 152.0075369,1.4116877e+04
 152.0279715,1.4110571e+04
 152.0484059,1.4105821e+04
 152.0688403,1.4109705e+04
 152.0892748,1.4105792e+04
 152.1097093,1.4109477e+04
 152.1301437,1.4107375e+04
 152.1505782,1.4113018e+04
 152.1710126,1.4113826e+04
 152.1914471,1.4118016e+04
 152.2118815,1.4110021e+04
 152.2323160,1.4123153e+04
 152.2527506,1.4111835e+04
 152.2731849,1.4115829e+04
 152.2936194,         null
 152.3140537,1.4105634e+04
 152.3344883,1.4107804e+04
 152.3549228,1.4109169e+04
 152.3753571,1.4102681e+04
 152.3957917,1.4111980e+04
 152.4162261,1.4112186e+04
 152.4366606,1.4110857e+04
 152.4570950,1.4109122e+04
 152.4775295,1.4107179e+04
 152.4979640,1.4113707e+04
 152.5183983,1.4110496e+04
 152.5388329,1.4106369e+04
 152.5592673,1.4100038e+04
 152.5797017,1.4117883e+04
 152.6001362,1.4102707e+04
 152.6205707,1.4105799e+04
 152.6410051,1.4109481e+04
 152.6614395,         null
 152.6818740,1.4104801e+04
 152.7023085,1.4110035e+04
 152.7227429,1.4105762e+04
 152.7431774,1.4106742e+04
 152.7636119,1.4113247e+04
 152.7840463,1.4110960e+04
 152.8044807,1.4114362e+04
 152.8249151,1.4102662e+04
 152.8453497,1.4104894e+04
 152.8657841,1.4115271e+04
 152.8862185,1.4107906e+04
 152.9066530,1.4106562e+04
 152.9270875,1.4101794e+04
 152.9475219,1.4097208e+04
 152.9679563,1.4111899e+04
 152.9883909,1.4107179e+04
 153.0088253,1.4112183e+04
 153.0292597,1.4110165e+04
 153.0496942,1.4100286e+04
 153.0701287,1.4101683e+04
 153.0905630,1.4110944e+04
 153.1109975,1.4108962e+04
 153.1314321,1.4111270e+04
 153.1518664,1.4112555e+04
 153.1723009,1.4107349e+04
 153.1927353,1.4105865e+04
 153.2131699,1.4109232e+04
 153.2336043,1.4101067e+04
 153.2540387,1.4114234e+04
 153.2744732,1.4107272e+04
 153.2949077,1.4103365e+04
 153.3153421,1.4113208e+04
 153.3357765,1.4109921e+04
 153.3562110,1.4108342e+04
 153.3766454,1.4102875e+04
 153.3970799,1.4116509e+04
 153.4175144,1.4109662e+04
 153.4379489,1.4113363e+04
 153.4583832,1.4102980e+04
 153.4788177,1.4112251e+04
 153.4992522,1.4112212e+04
 153.5196866,1.4107724e+04
 153.5401211,1.4101376e+04
 153.5605556,1.4107053e+04
 153.5809900,1.4112179e+04
 153.6014244,1.4117683e+04
 153.6218589,1.4116576e+04
 153.6422933,1.4111863e+04
 153.6627278,1.4111621e+04
 153.6831622,1.4108166e+04
 153.7035966,1.4123236e+04
 153.7240311,1.4113021e+04
 153.7444656,1.4109767e+04
 153.7648999,1.4104437e+04
 153.7853345,1.4131004e+04
 153.8057689,1.4105403e+04
 153.8262033,1.4109344e+04
 153.8466377,1.4108073e+04
 153.8670723,1.4107730e+04
 153.8875066,1.4110870e+04
 153.9079411,1.4097913e+04
 153.9283757,1.4102626e+04
 153.9488101,1.4119481e+04
 153.9692445,1.4105411e+04
 153.9896789,1.4104964e+04
 154.0101135,1.4114892e+04
 154.0305478,1.4120144e+04
 154.0509823,1.4114024e+04
 154.0714168,1.4108450e+04
 154.0918512,1.4110323e+04
 154.1122856,1.4108996e+04
 154.1327201,1.4105947e+04
 154.1531545,1.4110807e+04
 154.1735890,1.4113569e+04
 154.1940234,1.4113027e+04
 154.2144579,1.4113226e+04
 154.2348923,1.4107333e+04
 154.2553268,1.4121493e+04
 154.2757611,1.4107789e+04
 154.2961957,1.4114120e+04
 154.3166301,1.4116359e+04
 154.3370645,1.4114610e+04
 154.3574989,1.4107865e+04
 154.3779335,1.4112374e+04
 154.3983678,1.4106272e+04
 154.4188023,1.4108806e+04
 154.4392368,1.4117911e+04
 154.4596713,1.4117140e+04
 154.4801056,1.4121086e+04
 154.5005401,1.4105193e+04
 154.5209746,1.4114019e+04
 154.5414090,1.4109884e+04
 154.5618434,1.4109634e+04
 154.5822780,1.4110647e+04
 154.6027123,1.4109924e+04
 154.6231467,1.4110164e+04
 154.6435812,1.4112616e+04
 154.6640156,1.4122607e+04
 154.6844501,1.4109263e+04
 154.7048845,1.4112093e+04
 154.7253191,1.4110430e+04
 154.7457534,1.4110925e+04
 154.7661879,1.4117211e+04
 154.7866223,1.4109173e+04
 154.8070568,1.4121396e+04
 154.8274912,1.4118596e+04
 154.8479256,1.4110503e+04
 154.8683601,1.4118056e+04
 154.8887946,1.4105260e+04
 154.9092290,1.4113219e+04
 154.9296635,1.4104432e+04
 154.9500979,1.4111991e+04
 154.9705323,1.4109698e+04
 154.9909668,1.4105882e+04
 155.0114011,1.4113280e+04
 155.0318357,1.4119130e+04
 155.0522701,1.4111209e+04
 155.0727045,1.4114159e+04
 155.0931390,1.4109211e+04
 155.1135735,1.4105796e+04
 155.1340078,1.4105857e+04
 155.1544423,1.4107404e+04
 155.1748768,1.4105848e+04
 155.1953112,1.4121501e+04
 155.2157456,1.4106013e+04
 155.2361800,1.4109742e+04
 155.2566146,1.4109620e+04
 155.2770489,         null
 155.2974834,1.4113698e+04
 155.3179179,1.4117910e+04
 155.3383523,1.4114893e+04
 155.3587867,1.4116608e+04
 155.3792211,1.4122553e+04
 155.3996556,1.4106633e+04
 155.4200900,1.4112937e+04
 155.4405245,1.4111132e+04
 155.4609590,1.4114055e+04
 155.4813934,1.4122130e+04
 155.5018278,1.4119732e+04
 155.5222621,1.4109078e+04
 155.5426967,1.4102717e+04
 155.5631311,         null
 155.5835655,1.4106496e+04
 155.6040000,1.4115394e+04
 155.6244345,1.4099229e+04
 155.6448689,1.4115819e+04
 155.6653032,1.4106714e+04
 155.6857378,1.4111206e+04
 155.7061722,1.4110093e+04
 155.7266066,1.4115528e+04
 155.7470410,1.4100093e+04
 155.7674756,1.4114655e+04
 155.7879099,1.4111183e+04
 155.8083443,1.4112037e+04
 155.8287789,1.4110457e+04
 155.8492132,1.4126177e+04
 155.8696477,1.4112511e+04
 155.8900821,1.4108524e+04
 155.9105166,1.4112101e+04
 155.9309510,1.4110119e+04
 155.9513854,1.4108564e+04
 155.9718200,1.4105781e+04
 155.9922543,1.4113371e+04
 156.0126887,1.4115521e+04
 156.0331231,1.4123428e+04
 156.0535576,1.4104669e+04
 156.0739921,1.4120659e+04
 156.0944265,1.4110604e+04
 156.1148609,1.4123896e+04
 156.1352954,1.4110306e+04
 156.1557298,1.4118938e+04
 156.1761642,1.4113404e+04
 156.1965987,1.4109152e+04
 156.2170331,1.4110773e+04
 156.2374675,1.4108525e+04
 156.2579019,1.4108099e+04
 156.2783365,1.4106292e+04
 156.2987708,1.4118492e+04
 156.3192052,1.4109611e+04
 156.3396398,1.4109960e+04
 156.3600741,1.4109065e+04
 156.3805085,1.4113636e+04
 156.4009430,1.4110880e+04
 156.4213775,1.4123002e+04
 156.4418119,1.4111444e+04
 156.4622463,1.4120461e+04
 156.4826808,1.4109696e+04
 156.5031152,1.4105146e+04
 156.5235496,1.4113372e+04
 156.5439840,1.4118350e+04
 156.5644185,1.4100611e+04
 156.5848529,1.4113531e+04
 156.6052874,1.4116092e+04
 156.6257218,1.4104008e+04
 156.6461562,1.4114077e+04
 156.6665907,1.4111752e+04
 156.6870251,1.4105892e+04
 156.7074595,1.4112492e+04
 156.7278940,1.4120059e+04
 156.7483284,1.4102177e+04
 156.7687627,1.4123161e+04
 156.7891973,1.4111649e+04
 156.8096317,1.4104635e+04
 156.8300662,1.4114625e+04
 156.8505006,1.4108073e+04
 156.8709350,1.4114417e+04
 156.8913695,1.4115114e+04
 156.9118038,1.4097795e+04
 156.9322383,1.4107335e+04
 156.9526728,1.4112653e+04
 156.9731071,1.4112850e+04
 156.9935416,1.4114418e+04
 157.0139761,1.4114673e+04
 157.0344104,1.4103424e+04
 157.0548448,1.4111135e+04
 157.0752794,1.4110770e+04
 157.0957137,1.4110150e+04
 157.1161481,1.4111462e+04
 157.1365827,1.4108522e+04
 157.1570171,1.4116534e+04
 157.1774514,1.4116584e+04
 157.1978859,1.4113409e+04
 157.2183204,1.4105811e+04
 157.2387547,1.4108040e+04
 157.2591892,1.4117227e+04
 157.2796236,1.4110267e+04
 157.3000580,1.4115032e+04
 157.3204925,1.4111200e+04
 157.3409269,1.4113207e+04
 157.3613613,1.4100548e+04
 157.3817958,1.4103582e+04
 157.4022302,1.4108053e+04
 157.4226645,1.4108852e+04
 157.4430991,1.4109117e+04
 157.4635335,1.4104973e+04
 157.4839678,1.4114577e+04
 157.5044024,1.4099783e+04
 157.5248368,1.4110357e+04
 157.5452711,1.4098340e+04
 157.5657055,1.4101247e+04
 157.5861401,1.4087704e+04
 157.6065744,1.4099398e+04
 157.6270088,1.4094429e+04
 157.6474434,1.4104055e+04
 157.6678778,1.4115531e+04
 157.6883121,1.4098309e+04
 157.7087466,1.4103688e+04
 157.7291811,1.4101543e+04
 157.7496154,1.4115659e+04
 157.7700499,1.4101864e+04
 157.7904844,1.4109593e+04
 157.8109187,1.4108378e+04
 157.8313531,1.4116552e+04
 157.8517876,1.4100348e+04
 157.8722220,1.4101126e+04
 157.8926564,1.4116863e+04
 157.9130909,1.4108622e+04
 157.9335252,1.4106354e+04
 157.9539597,1.4111549e+04
 157.9743941,1.4106717e+04
 157.9948285,1.4115924e+04
 158.0152630,1.4100286e+04
 158.0356974,1.4109114e+04
 158.0561318,1.4108327e+04
 158.0765662,1.4108364e+04
 158.0970007,1.4121463e+04
 158.1174351,1.4111966e+04
 158.1378695,1.4112540e+04
 158.1583040,1.4114062e+04
 158.1787384,1.4109833e+04
 158.1991727,1.4106604e+04
 158.2196072,1.4095072e+04
 158.2400417,1.4099985e+04
 158.2604760,         null
 158.2809105,1.4105452e+04
 158.3013450,1.4108427e+04
 158.3217794,1.4103939e+04
 158.3422137,1.4098443e+04
 158.3626482,1.4106107e+04
 158.3830827,1.4109311e+04
 158.4035171,1.4112069e+04
 158.4239514,1.4099435e+04
 158.4443859,1.4108639e+04
 158.4648204,1.4110414e+04
 158.4852547,1.4102455e+04
 158.5056891,1.4103720e+04
 158.5261237,1.4107499e+04
 158.5465580,1.4114798e+04
 158.5669924,1.4104688e+04
 158.5874268,1.4109517e+04
 158.6078613,1.4103263e+04
 158.6282957,1.4107216e+04
 158.6487301,1.4107825e+04
 158.6691646,1.4096644e+04
 158.6895990,1.4109302e+04
 158.7100334,1.4100346e+04
 158.7304677,1.4101029e+04
 158.7509022,1.4170057e+04
 158.7713367,1.4107912e+04
 158.7917711,1.4109517e+04
 158.8122055,1.4114010e+04
 158.8326399,1.4106897e+04
 158.8530743,1.4109550e+04
 158.8735087,1.4115031e+04
 158.8939432,1.4118128e+04
 158.9143776,1.4105726e+04
 158.9348119,1.4108402e+04
 158.9552465,1.4102610e+04
 158.9756809,1.4111837e+04
 158.9961152,1.4095571e+04
 159.0165496,1.4093289e+04
 159.0369841,1.4105422e+04
 159.0574185,1.4114314e+04
 159.0778529,1.4106244e+04
 159.0982873,1.4105767e+04
 159.1187218,1.4107050e+04
 159.1391561,1.4108828e+04
 159.1595906,1.4105641e+04
 159.1800251,1.4111284e+04
 159.2004594,1.4105738e+04
 159.2208938,1.4109261e+04
 159.2413282,1.4101380e+04
 159.2617627,1.4106643e+04
 159.2821971,1.4105882e+04
 159.3026315,1.4106928e+04
 159.3230659,1.4118249e+04
 159.3435004,1.4105847e+04
 159.3639348,1.4110591e+04
 159.3843691,1.4102521e+04
 159.4048036,1.4108664e+04
 159.4252380,1.4107875e+04
 159.4456724,1.4108562e+04
 159.4661069,1.4103766e+04
 159.4865413,1.4102209e+04
 159.5069756,1.4136108e+04
 159.5274100,1.4112374e+04
 159.5478445,1.4102645e+04
 159.5682789,1.4105007e+04
 159.5887133,1.4108778e+04
 159.6091477,1.4109884e+04
 159.6295822,1.4105399e+04
 159.6500165,1.4101935e+04
 159.6704510,1.4109847e+04
 159.6908855,1.4100662e+04
 159.7113198,1.4113858e+04
 159.7317542,1.4109763e+04
 159.7521886,1.4107862e+04
 159.7726230,1.4097198e+04
 159.7930575,1.4104609e+04
 159.8134919,1.4101765e+04
 159.8339263,1.4109880e+04
 159.8543607,1.4111469e+04
 159.8747951,1.4107338e+04
 159.8952294,1.4118193e+04
 159.9156640,1.4100078e+04
 159.9360984,1.4120447e+04
 159.9565328,1.4106681e+04
 159.9769672,1.4105968e+04
 159.9974016,1.4113165e+04
 160.0178360,1.4096965e+04
 160.0382704,1.4104661e+04
 160.0587049,1.4091251e+04
 160.0791393,1.4107295e+04
 160.0995737,1.4108892e+04
 160.1200080,1.4096307e+04
 160.1404425,1.4107029e+04
 160.1608769,1.4107834e+04
 160.1813112,1.4108466e+04
 160.2017458,1.4105403e+04
 160.2221802,1.4102163e+04
 160.2426145,1.4100473e+04
 160.2630489,1.4101939e+04
 160.2834834,1.4097080e+04
 160.3039177,1.4096795e+04
 160.3243521,1.4098801e+04
 160.3447867,1.4103913e+04
 160.3652211,1.4110009e+04
 160.3856554,1.4109170e+04
 160.4060898,1.4098508e+04
 160.4265243,1.4112161e+04
 160.4469586,1.4107942e+04
 160.4673930,1.4113820e+04
 160.4878275,1.4102270e+04
 160.5082619,1.4101679e+04
 160.5286963,1.4096967e+04
 160.5491307,1.4100197e+04
 160.5695651,1.4099800e+04
 160.5899995,1.4105422e+04
 160.6104339,1.4114482e+04
 160.6308682,1.4104707e+04
 160.6513027,1.4103602e+04
 160.6717371,1.4104437e+04
 160.6921715,1.4105190e+04
 160.7126060,1.4095250e+04
 160.7330404,1.4105139e+04
 160.7534747,1.4109549e+04
 160.7739091,1.4111688e+04
 160.7943436,1.4100306e+04
 160.8147780,1.4107222e+04
 160.8352123,1.4107737e+04
 160.8556468,1.4097676e+04
 160.8760813,1.4095771e+04
 160.8965156,1.4105967e+04
 160.9169500,1.4112611e+04
 160.9373845,1.4110235e+04
 160.9578188,1.4097947e+04
 160.9782532,1.4103859e+04
 160.9986877,1.4105866e+04
 161.0191220,1.4102063e+04
 161.0395564,1.4094156e+04
 161.0599908,1.4107112e+04
 161.0804252,1.4103528e+04
 161.1008596,1.4102144e+04
 161.1212941,1.4111090e+04
 161.1417286,1.4107462e+04
 161.1621629,1.4097487e+04
 161.1825973,1.4098668e+04
 161.2030316,1.4113244e+04
 161.2234661,1.4103186e+04
 161.2439005,         null
 161.2643349,1.4100668e+04
 161.2847692,1.4109394e+04
 161.3052037,1.4090146e+04
 161.3256381,1.4105217e+04
 161.3460724,1.4101229e+04
 161.3665069,1.4103199e+04
 161.3869413,1.4106883e+04
 161.4073757,1.4102929e+04
 161.4278101,1.4094449e+04
 161.4482446,1.4105554e+04
 161.4686789,1.4108660e+04
 161.4891133,1.4096114e+04
 161.5095478,1.4103436e+04
 161.5299821,1.4101396e+04
 161.5504165,1.4100809e+04
 161.5708509,1.4101565e+04
 161.5912854,1.4091958e+04
 161.6117197,1.4106254e+04
 161.6321541,1.4104585e+04
 161.6525886,1.4101466e+04
 161.6730230,1.4110932e+04
 161.6934573,1.4108260e+04
 161.7138917,1.4102688e+04
 161.7343262,1.4101471e+04
 161.7547605,1.4102607e+04
 161.7751949,1.4101771e+04
 161.7956293,1.4100335e+04
 161.8160637,1.4100209e+04
 161.8364981,1.4090256e+04
 161.8569325,1.4096482e+04
 161.8773670,1.4095131e+04
 161.8978013,1.4096496e+04
 161.9182358,1.4095761e+04
 161.9386701,1.4102204e+04
 161.9591046,1.4100756e+04
 161.9795390,1.4095061e+04
 161.9999734,1.4102975e+04
 162.0204078,1.4112666e+04
 162.0408422,1.4092486e+04
 162.0612766,1.4095967e+04
 162.0817109,1.4102748e+04
 162.1021454,1.4094406e+04
 162.1225798,1.4093856e+04
 162.1430141,1.4093383e+04
 162.1634486,1.4090079e+04
 162.1838830,1.4100923e+04
 162.2043173,1.4097510e+04
 162.2247517,1.4090913e+04
 162.2451862,1.4100761e+04
 162.2656205,1.4100151e+04
 162.2860549,1.4094865e+04
 162.3064894,1.4099231e+04
 162.3269238,1.4102289e+04
 162.3473581,1.4088953e+04
 162.3677925,1.4108591e+04
 162.3882270,1.4100447e+04
 162.4086613,1.4102579e+04
 162.4290957,1.4096075e+04
 162.4495300,1.4093445e+04
 162.4699645,1.4099053e+04
 162.4903989,1.4093281e+04
 162.5108327,1.4098732e+04
 162.5312672,1.4100207e+04
 162.5517015,1.4094068e+04
 162.5721359,1.4093847e+04
 162.5925702,1.4111294e+04
 162.6130047,1.4098609e+04
 162.6334390,1.4101051e+04
 162.6538734,1.4100883e+04
 162.6743079,1.4091444e+04
 162.6947422,1.4087843e+04
 162.7151766,1.4091845e+04
 162.7356110,1.4097655e+04
 162.7560454,1.4089984e+04
 162.7764798,1.4101489e+04
 162.7969142,1.4098067e+04
 162.8173486,1.4087942e+04
 162.8377830,1.4107447e+04
 162.8582174,1.4090834e+04
 162.8786517,1.4101621e+04
 162.8990862,1.4091064e+04
 162.9195206,1.4092917e+04
 162.9399549,1.4096499e+04
 162.9603893,1.4089978e+04
 162.9808238,1.4101119e+04
 163.0012581,1.4100253e+04
 163.0216925,1.4106917e+04
 163.0421270,1.4091778e+04
 163.0625614,1.4089687e+04
 163.0829956,1.4087745e+04
 163.1034300,1.4096511e+04
 163.1238645,1.4088888e+04
 163.1442988,1.4092356e+04
 163.1647332,1.4095884e+04
 163.1851677,1.4094668e+04
 163.2056020,1.4091858e+04
 163.2260364,1.4084336e+04
 163.2464708,1.4084862e+04
 163.2669052,1.4090601e+04
 163.2873396,1.4098935e+04
 163.3077740,1.4090830e+04
 163.3282085,1.4099393e+04
 163.3486428,1.4088720e+04
 163.3690771,1.4098205e+04
 163.3895114,1.4084629e+04
 163.4099459,1.4086688e+04
 163.4303803,1.4092676e+04
 163.4508146,1.4092392e+04
 163.4712491,1.4090818e+04
 163.4916835,1.4099105e+04
 163.5121179,1.4099115e+04
 163.5325522,1.4095959e+04
 163.5529867,1.4089843e+04
 163.5734211,1.4097234e+04
 163.5938553,1.4092766e+04
 163.6142897,1.4097916e+04
 163.6347242,1.4093129e+04
 163.6551585,1.4088341e+04
 163.6755929,1.4093544e+04
 163.6960274,1.4091601e+04
 163.7164617,1.4094570e+04
 163.7368961,1.4095884e+04
 163.7573305,1.4086839e+04
 163.7777649,1.4084487e+04
 163.7981992,1.4097473e+04
 163.8186336,1.4086295e+04
 163.8390681,1.4096764e+04
 163.8595024,1.4094472e+04
 163.8799368,1.4087616e+04
 163.9003711,1.4091838e+04
 163.9208056,1.4093870e+04
 163.9412400,1.4092162e+04
 163.9616743,1.4090219e+04
 163.9821087,1.4096787e+04
 164.0025431,1.4085893e+04
 164.0229775,1.4097419e+04
 164.0434118,1.4096940e+04
 164.0638463,1.4088442e+04
 164.0842807,1.4092920e+04
 164.1047151,1.4095961e+04
 164.1251493,1.4091514e+04
 164.1455838,1.4090786e+04
 164.1660181,1.4091864e+04
 164.1864525,1.4087351e+04
 164.2068870,1.4100270e+04
 164.2273214,         null
 164.2477557,1.4084432e+04
 164.2681900,1.4090073e+04
 164.2886244,1.4090030e+04
 164.3090588,1.4089150e+04
 164.3294932,1.4083337e+04
 164.3499277,1.4090486e+04
 164.3703621,1.4087601e+04
 164.3907964,1.4082671e+04
 164.4112307,1.4095122e+04
 164.4316651,1.4085504e+04
 164.4520995,1.4086280e+04
 164.4725339,1.4086355e+04
 164.4929684,1.4087777e+04
 164.5134027,1.4092507e+04
 164.5338370,1.4082396e+04
 164.5542714,1.4086400e+04
 164.5747058,1.4076373e+04
 164.5951402,1.4089548e+04
 164.6155746,1.4089196e+04
 164.6360089,1.4082723e+04
 164.6564433,1.4085697e+04
 164.6768777,1.4094928e+04
 164.6973121,1.4081370e+04
 164.7177465,1.4092125e+04
 164.7381809,1.4092038e+04
 164.7586152,1.4085730e+04
 164.7790495,1.4082331e+04
 164.7994840,1.4079787e+04
 164.8199184,1.4088548e+04
 164.8403527,1.4093323e+04
 164.8607871,1.4077096e+04
 164.8812215,1.4082235e+04
 164.9016558,1.4076273e+04
 164.9220902,1.4079116e+04
 164.9425247,1.4085384e+04
 164.9629589,1.4083358e+04
 164.9833933,1.4090719e+04
