        TIME,  PDCSAP_FLUX
 131.5120634,1.1288066e+04
 131.5324978,1.1292761e+04
 131.5529321,1.1281872e+04
 131.5733663,1.1298020e+04
 131.5938006,1.1284712e+04
 131.6142351,1.1292368e+04
 131.6346693,1.1296479e+04
 131.6551036,1.1288383e+04
 131.6755380,1.1288016e+04
 131.6959724,1.1302501e+04
 131.7164066,1.1301507e+04
 131.7368409,1.1287822e+04
 131.7572753,1.1289662e+04
 131.7777096,1.1286324e+04
 131.7981439,1.1297424e+04
 131.8185783,1.1292937e+04
 131.8390125,1.1291362e+04
 131.8594469,1.1299984e+04
 131.8798812,1.1295649e+04
 131.9003155,1.1288344e+04
 131.9207498,1.1291209e+04
 131.9411842,1.1291366e+04
 131.9616185,1.1304099e+04
 131.9820528,1.1282856e+04
 132.0024871,1.1292536e+04
 132.0229213,1.1290952e+04
 132.0433558,1.1295530e+04
 132.0637901,1.1298183e+04
 132.0842243,1.1289743e+04
 132.1046586,1.1301918e+04
 132.1250931,1.1284390e+04
 132.1455273,1.1293628e+04
 132.1659616,1.1293335e+04
 132.1863960,1.1294825e+04
 132.2068304,1.1297147e+04
 132.2272646,1.1292984e+04
 132.2476989,1.1295312e+04
 132.2681333,1.1292134e+04
 132.2885675,1.1295786e+04
 132.3090019,1.1283975e+04
 132.3294363,1.1295285e+04
 132.3498705,1.1301147e+04
 132.3703048,1.1283414e+04
 132.3907392,1.1286601e+04
 132.4111735,1.1293521e+04
 132.4316078,1.1296443e+04
 132.4520421,1.1299083e+04
 132.4724765,1.1289658e+04
 132.4929108,1.1283142e+04
 132.5133451,1.1297390e+04
 132.5337793,1.1283439e+04
 132.5542137,1.1277336e+04
 132.5746481,1.1285414e+04
 132.5950823,1.1291393e+04
 132.6155167,1.1290815e+04
 132.6359510,1.1277319e+04
 132.6563853,1.1299969e+04
 132.6768196,1.1297262e+04
 132.6972540,1.1286708e+04
 132.7176883,1.1299182e+04
 132.7381225,1.1291741e+04
 132.7585570,1.1287451e+04
 132.7789913,1.1290669e+04
 132.7994255,1.1295429e+04
 132.8198598,1.1282844e+04
 132.8402942,1.1303082e+04
 132.8607285,1.1297508e+04
 132.8811628,1.1299901e+04
 132.9015972,1.1298662e+04
 132.9220314,1.1299990e+04
 132.9424658,1.1306028e+04
 132.9629001,1.1288572e+04
 132.9833345,1.1299607e+04
 133.0037687,1.1301155e+04
 133.0242030,1.1306512e+04
 133.0446374,1.1299975e+04
 133.0650717,1.1295744e+04
 133.0855060,1.1292024e+04
 133.1059403,1.1278413e+04
 133.1263746,1.1280365e+04
 133.1468090,1.1271388e+04
 133.1672433,1.1274007e+04
 133.1876776,1.1273023e+04
 133.2081120,1.1272821e+04
 133.2285462,1.1277866e+04
 133.2489806,1.1276966e+04
 133.2694149,1.1276450e+04
 133.2898492,1.1266409e+04
 133.3102835,1.1271360e+04
 133.3307177,1.1264453e+04
 133.3511522,1.1268005e+04
 133.3715865,1.1270146e+04
 133.3920208,1.1279891e+04
 133.4124551,1.1259183e+04
 133.4328895,1.1269983e+04
 133.4533238,1.1270925e+04
 133.4737580,1.1271982e+04
 133.4941924,1.1275749e+04
 133.5146267,1.1278681e+04
 133.5350610,1.1278422e+04
 133.5554954,1.1274223e+04
 133.5759297,1.1267627e+04
 133.5963639,1.1268158e+04
 133.6167982,1.1270369e+04
 133.6372327,1.1263730e+04
 133.6576670,1.1280126e+04
 133.6781012,1.1273016e+04
 133.6985356,1.1268936e+04
 133.7189699,1.1267374e+04
 133.7394042,1.1274592e+04
 133.7598385,1.1275957e+04
 133.7802729,1.1269797e+04
 133.8007071,1.1272798e+04
 133.8211414,1.1267076e+04
 133.8415757,1.1275957e+04
 133.8620101,1.1275190e+04
 133.8824444,1.1268220e+04
 133.9028787,1.1274512e+04
 133.9233130,1.1265845e+04
 133.9437473,1.1258714e+04
 133.9641817,1.1271400e+04
 133.9846159,1.1274979e+04
 134.0050503,1.1270589e+04
 134.0254846,1.1275480e+04
 134.0459188,1.1266358e+04
 134.0663533,1.1265743e+04
 134.0867876,1.1266495e+04
 134.1072218,1.1272495e+04
 134.1276561,1.1265228e+04
 134.1480905,1.1277652e+04
 134.1685249,1.1266420e+04
 134.1889591,1.1278865e+04
 134.2093935,1.1263999e+04
 134.2298278,1.1266631e+04
 134.2502620,1.1264204e+04
 134.2706963,1.1274109e+04
 134.2911308,1.1272292e+04
 134.3115650,1.1266489e+04
 134.3319993,1.1269562e+04
 134.3524337,1.1261896e+04
 134.3728679,1.1272466e+04
 134.3933023,         null
 134.4137366,1.1263735e+04
 134.4341709,1.1267603e+04
 134.4546052,1.1269728e+04
 134.4750395,1.1262973e+04
 134.4954739,1.1267914e+04
 134.5159082,1.1268975e+04
 134.5363425,1.1260952e+04
 134.5567767,1.1266901e+04
 134.5772111,1.1269888e+04
 134.5976454,1.1267791e+04
 134.6180797,1.1264880e+04
 134.6385140,1.1268589e+04
 134.6589484,1.1274591e+04
 134.6793827,1.1261431e+04
 134.6998170,1.1265164e+04
 134.7202513,1.1259109e+04
 134.7406857,1.1272164e+04
 134.7611199,1.1265482e+04
 134.7815542,1.1249245e+04
 134.8019886,1.1257659e+04
 134.8224229,1.1261195e+04
 134.8428571,1.1267569e+04
 134.8632916,1.1259305e+04
 134.8837259,1.1262137e+04
 134.9041602,1.1264692e+04
 134.9245944,1.1260801e+04
 134.9450288,1.1265519e+04
 134.9654631,1.1261625e+04
 134.9858974,1.1269600e+04
 135.0063318,1.1257859e+04
 135.0267661,1.1266277e+04
 135.0472003,1.1261416e+04
 135.0676346,1.1261771e+04
 135.0880690,1.1256923e+04
 135.1085033,1.1265535e+04
 135.1289376,1.1271492e+04
 135.1493720,1.1259908e+04
 135.1698063,1.1266390e+04
 135.1902405,1.1265724e+04
 135.2106748,1.1286317e+04
 135.2311093,1.1269480e+04
 135.2515435,1.1259260e+04
 135.2719778,1.1274080e+04
 135.2924120,1.1266438e+04
 135.3128464,1.1256153e+04
 135.3332807,1.1263793e+04
 135.3537150,1.1263789e+04
 135.3741494,1.1273078e+04
 135.3945837,1.1268733e+04
 135.4150180,1.1272822e+04
 135.4354522,1.1275646e+04
 135.4558866,1.1272191e+04
 135.4763209,1.1264043e+04
 135.4967552,1.1269456e+04
 135.5171896,1.1267620e+04
 135.5376239,1.1271065e+04
 135.5580581,1.1269656e+04
 135.5784924,1.1267180e+04
 135.5989268,1.1268102e+04
 135.6193611,1.1266879e+04
 135.6397954,1.1269434e+04
 135.6602298,1.1265992e+04
 135.6806641,1.1261044e+04
 135.7010983,1.1263588e+04
 135.7215326,1.1265873e+04
 135.7419670,1.1269479e+04
 135.7624013,1.1265543e+04
 135.7828356,1.1263599e+04
 135.8032700,1.1264815e+04
 135.8237042,1.1254811e+04
 135.8441385,1.1263041e+04
 135.8645728,1.1266379e+04
 135.8850071,1.1258780e+04
 135.9054415,1.1270657e+04
 135.9258758,1.1257252e+04
 135.9463100,1.1273591e+04
 135.9667444,1.1268014e+04
 135.9871787,1.1257978e+04
 136.0076129,1.1262026e+04
 136.0280473,1.1254717e+04
 136.0484817,1.1262732e+04
 136.0689159,1.1274031e+04
 136.0893502,1.1267852e+04
 136.1097846,1.1268803e+04
 136.1302189,1.1265776e+04
 136.1506531,1.1265265e+04
 136.1710875,1.1258203e+04
 136.1915219,1.1264766e+04
 136.2119561,1.1265604e+04
 136.2323904,1.1269181e+04
 136.2528248,1.1266523e+04
 136.2732590,1.1257958e+04
 136.2936933,1.1263597e+04
 136.3141277,1.1264215e+04
 136.3345619,1.1259883e+04
 136.3549963,1.1263102e+04
 136.3754306,1.1260020e+04
 136.3958649,1.1264588e+04
 136.4162992,1.1258952e+04
 136.4367335,1.1264714e+04
 136.4571679,1.1264265e+04
 136.4776021,1.1263256e+04
 136.4980365,1.1248575e+04
 136.5184708,1.1260718e+04
 136.5389051,1.1259780e+04
 136.5593394,1.1262175e+04
 136.5797737,1.1254640e+04
 136.6002080,1.1255546e+04
 136.6206423,1.1260720e+04
 136.6410766,1.1264186e+04
 136.6615110,1.1257210e+04
 136.6819453,1.1262546e+04
 136.7023796,1.1259713e+04
 136.7228139,1.1266141e+04
 136.7432481,1.1254919e+04
 136.7636825,1.1258465e+04
 136.7841168,1.1251579e+04
 136.8045510,1.1267275e+04
 136.8249854,1.1272588e+04
 136.8454198,1.1263248e+04
 136.8658541,1.1263279e+04
 136.8862883,1.1253920e+04
 136.9067227,1.1258250e+04
 136.9271570,1.1260882e+04
 136.9475912,1.1261894e+04
 136.9680256,1.1263067e+04
 136.9884599,1.1258672e+04
 137.0088941,1.1251588e+04
 137.0293285,1.1254577e+04
 137.0497629,1.1266771e+04
 137.0701971,1.1272987e+04
 137.0906314,1.1264976e+04
 137.1110658,1.1257347e+04
 137.1315000,1.1257976e+04
 137.1519343,1.1249093e+04
 137.1723686,1.1262875e+04
 137.1928030,1.1252568e+04
 137.2132373,1.1252942e+04
 137.2336716,1.1255167e+04
 137.2541058,1.1263105e+04
 137.2745402,1.1251836e+04
 137.2949745,1.1255536e+04
 137.3154087,1.1259263e+04
 137.3358431,1.1253989e+04
 137.3562774,1.1258167e+04
 137.3767117,         null
 137.3971460,1.1246758e+04
 137.4175804,1.1256984e+04
 137.4380147,1.1251949e+04
 137.4584489,1.1256005e+04
 137.4788833,1.1251436e+04
 137.4993176,1.1256305e+04
 137.5197518,1.1262677e+04
 137.5401861,1.1259590e+04
 137.5606205,1.1256679e+04
 137.5810547,1.1251263e+04
 137.6014891,1.1259301e+04
 137.6219235,1.1266082e+04
 137.6423578,1.1254164e+04
 137.6627920,1.1249104e+04
 137.6832263,1.1258305e+04
 137.7036607,1.1250154e+04
 137.7240949,1.1258769e+04
 137.7445292,1.1256459e+04
 137.7649636,1.1256989e+04
 137.7853978,1.1262102e+04
 137.8058321,1.1257821e+04
 137.8262664,1.1261051e+04
 137.8467008,1.1265411e+04
 137.8671351,1.1262211e+04
 137.8875694,1.1257692e+04
 137.9080036,1.1257487e+04
 137.9284380,1.1263164e+04
 137.9488723,1.1258470e+04
 137.9693065,1.1253093e+04
 137.9897409,1.1258252e+04
 138.0101752,1.1253675e+04
 138.0306094,1.1256972e+04
 138.0510437,1.1261494e+04
 138.0714782,1.1263994e+04
 138.0919125,1.1258595e+04
 138.1123467,1.1252229e+04
 138.1327811,1.1259221e+04
 138.1532154,1.1261114e+04
 138.1736496,1.1258527e+04
 138.1940839,1.1252965e+04
 138.2145183,1.1268908e+04
 138.2349526,1.1250912e+04
 138.2553868,1.1258436e+04
 138.2758212,1.1260471e+04
 138.2962555,1.1259038e+04
 138.3166897,1.1257989e+04
 138.3371241,1.1261484e+04
 138.3575585,1.1252011e+04
 138.3779928,1.1258269e+04
 138.3984270,1.1258014e+04
 138.4188614,1.1250267e+04
 138.4392957,1.1253620e+04
 138.4597299,1.1255401e+04
 138.4801642,1.1257440e+04
 138.5005986,1.1262812e+04
 138.5210328,1.1253894e+04
 138.5414671,1.1247979e+04
 138.5619014,1.1263869e+04
 138.5823357,1.1256601e+04
 138.6027700,1.1253984e+04
 138.6232043,1.1253682e+04
 138.6436387,1.1253225e+04
 138.6640730,1.1253177e+04
 138.6845073,1.1261848e+04
 138.7049415,1.1258371e+04
 138.7253759,1.1253117e+04
 138.7458102,1.1256177e+04
 138.7662444,1.1262028e+04
 138.7866788,1.1258967e+04
 138.8071131,1.1261986e+04
 138.8275473,1.1257616e+04
 138.8479816,1.1261709e+04
 138.8684160,1.1247083e+04
 138.8888503,1.1251630e+04
 138.9092845,1.1251271e+04
 138.9297189,1.1257295e+04
 138.9501532,1.1250808e+04
 138.9705874,1.1261718e+04
 138.9910218,1.1257176e+04
 139.0114562,1.1246188e+04
 139.0318904,1.1249523e+04
 139.0523247,1.1255897e+04
 139.0727591,1.1256954e+04
 139.0931933,1.1255177e+04
 139.1136276,1.1251249e+04
 139.1340619,1.1251177e+04
 139.1544962,1.1257040e+04
 139.1749305,1.1253019e+04
 139.1953648,1.1262637e+04
 139.2157990,1.1252940e+04
 139.2362334,1.1254691e+04
 139.2566677,1.1253908e+04
 139.2771019,1.1254494e+04
 139.2975363,1.1253461e+04
 139.3179706,1.1254944e+04
 139.3384049,1.1251535e+04
 139.3588391,1.1253644e+04
 139.3792735,1.1253598e+04
 139.3997078,1.1256516e+04
 139.4201420,1.1261891e+04
 139.4405765,1.1254076e+04
 139.4610108,1.1253334e+04
 139.4814450,1.1262230e+04
 139.5018793,1.1254705e+04
 139.5223137,1.1255473e+04
 139.5427479,1.1251959e+04
 139.5631822,1.1262984e+04
 139.5836166,1.1259211e+04
 139.6040508,1.1259423e+04
 139.6244851,1.1256954e+04
 139.6449194,1.1256474e+04
 139.6653538,1.1259719e+04
 139.6857880,1.1270721e+04
 139.7062223,1.1250229e+04
 139.7266566,1.1256642e+04
 139.7470909,1.1246718e+04
 139.7675252,1.1254258e+04
 139.7879595,1.1255584e+04
 139.8083938,1.1252934e+04
 139.8288281,1.1247670e+04
 139.8492624,1.1249390e+04
 139.8696967,1.1259080e+04
 139.8901310,1.1249517e+04
 139.9105653,1.1254488e+04
 139.9309996,1.1252315e+04
 139.9514340,1.1256310e+04
 139.9718682,1.1249686e+04
 139.9923025,1.1259005e+04
 140.0127367,1.1250764e+04
 140.0331711,1.1262712e+04
 140.0536054,1.1256089e+04
 140.0740397,1.1247700e+04
 140.0944740,1.1252443e+04
 140.1149083,1.1252005e+04
 140.1353426,1.1249922e+04
 140.1557768,1.1255049e+04
 140.1762112,1.1251068e+04
 140.1966455,1.1249829e+04
 140.2170797,1.1253956e+04
 140.2375141,1.1255300e+04
 140.2579484,1.1258903e+04
 140.2783826,1.1251490e+04
 140.2988169,1.1257589e+04
 140.3192513,1.1256002e+04
 140.3396855,1.1247131e+04
 140.3601198,         null
 140.3805541,1.1257389e+04
 140.4009885,1.1261683e+04
 140.4214228,1.1247262e+04
 140.4418571,1.1255776e+04
 140.4622915,1.1259817e+04
 140.4827257,1.1248282e+04
 140.5031600,1.1254327e+04
 140.5235942,1.1262650e+04
 140.5440286,1.1259005e+04
 140.5644629,1.1243826e+04
 140.5848972,1.1249713e+04
 140.6053315,1.1247155e+04
 140.6257658,1.1246488e+04
 140.6462001,1.1241804e+04
 140.6666342,1.1247549e+04
 140.6870686,1.1244062e+04
 140.7075029,1.1250812e+04
 140.7279371,1.1254641e+04
 140.7483715,1.1253492e+04
 140.7688058,1.1253972e+04
 140.7892400,1.1246203e+04
 140.8096743,1.1248333e+04
 140.8301087,1.1259052e+04
 140.8505430,1.1251593e+04
 140.8709772,1.1253314e+04
 140.8914115,1.1255427e+04
 140.9118459,1.1259249e+04
 140.9322801,1.1247936e+04
 140.9527144,1.1260490e+04
 140.9731488,1.1256648e+04
 140.9935830,1.1260814e+04
 141.0140173,1.1249572e+04
 141.0344516,1.1262030e+04
 141.0548859,1.1254499e+04
 141.0753202,1.1251034e+04
 141.0957545,1.1252635e+04
 141.1161888,1.1265399e+04
 141.1366231,1.1251030e+04
 141.1570574,1.1260124e+04
 141.1774916,1.1260964e+04
 141.1979260,1.1250383e+04
 141.2183603,1.1269320e+04
 141.2387945,1.1265411e+04
 141.2592289,1.1264525e+04
 141.2796632,1.1266184e+04
 141.3000974,1.1271102e+04
 141.3205317,1.1263207e+04
 141.3409661,1.1277856e+04
 141.3614004,1.1259484e+04
 141.3818346,1.1260592e+04
 141.4022689,1.1259794e+04
 141.4227033,1.1263033e+04
 141.4431376,1.1264683e+04
 141.4635718,1.1254913e+04
 141.4840062,1.1268784e+04
 141.5044405,1.1249351e+04
 141.5248747,1.1253813e+04
 141.5453090,1.1252422e+04
 141.5657433,1.1259136e+04
 141.5861777,1.1259748e+04
 141.6066118,1.1261876e+04
 141.6270462,1.1253721e+04
 141.6474805,1.1266866e+04
 141.6679147,1.1257459e+04
 141.6883490,1.1262968e+04
 141.7087834,1.1255892e+04
 141.7292176,1.1260877e+04
 141.7496519,1.1258844e+04
 141.7700863,1.1263598e+04
 141.7905205,1.1269797e+04
 141.8109548,1.1264635e+04
 141.8313891,1.1254797e+04
 141.8518234,1.1262217e+04
 141.8722577,1.1266419e+04
 141.8926920,1.1260072e+04
 141.9131264,1.1261137e+04
 141.9335606,1.1255597e+04
 141.9539949,1.1272793e+04
 141.9744291,1.1265718e+04
 141.9948635,1.1262464e+04
 142.0152978,1.1250672e+04
 142.0357320,1.1253216e+04
 142.0561662,1.1259878e+04
 142.0766006,1.1251360e+04
 142.0970349,1.1264280e+04
 142.1174691,1.1262260e+04
 142.1379035,1.1261781e+04
 142.1583378,1.1260802e+04
 142.1787720,1.1262145e+04
 142.1992063,1.1262426e+04
 142.2196407,1.1265941e+04
 142.2400749,1.1257206e+04
 142.2605092,1.1256586e+04
 142.2809436,1.1261224e+04
 142.3013778,1.1275387e+04
 142.3218121,1.1269330e+04
 142.3422464,1.1279636e+04
 142.3626808,1.1261889e+04
 142.3831149,1.1265604e+04
 142.4035492,1.1269934e+04
 142.4239836,1.1263438e+04
 142.4444178,1.1260871e+04
 142.4648521,1.1263864e+04
 142.4852863,1.1262326e+04
 142.5057207,1.1266244e+04
 142.5261550,1.1254655e+04
 142.5465893,1.1259748e+04
 142.5670235,1.1271472e+04
 142.5874579,1.1265848e+04
 142.6078922,1.1261622e+04
 142.6283264,1.1261823e+04
 142.6487607,1.1266349e+04
 142.6691950,1.1258733e+04
 142.6896292,1.1260678e+04
 142.7100635,1.1269363e+04
 142.7304979,1.1273816e+04
 142.7509321,1.1267209e+04
 142.7713664,1.1270771e+04
 142.7918008,1.1266166e+04
 142.8122350,1.1266636e+04
 142.8326693,1.1265289e+04
 142.8531036,1.1252742e+04
 142.8735380,1.1272938e+04
 142.8939721,1.1260705e+04
 142.9144064,1.1256529e+04
 142.9348408,1.1268561e+04
 142.9552750,1.1268913e+04
 142.9757093,1.1257653e+04
 142.9961435,1.1268842e+04
 143.0165779,1.1270215e+04
 143.0370122,1.1269517e+04
 143.0574465,1.1255652e+04
 143.0778808,1.1264090e+04
 143.0983151,1.1261777e+04
 143.1187493,1.1273460e+04
 143.1391836,1.1264899e+04
 143.1596179,1.1259835e+04
 143.1800522,1.1255567e+04
 143.2004864,1.1270029e+04
 143.2209207,1.1271149e+04
 143.2413551,1.1256639e+04
 143.2617894,1.1262098e+04
 143.2822237,1.1263833e+04
 143.3026580,1.1262165e+04
 143.3230922,1.1266472e+04
 143.3435265,         null
 143.3639607,1.1258664e+04
 143.3843951,1.1255497e+04
 143.4048294,1.1261352e+04
 143.4252636,1.1264180e+04
 143.4456980,1.1264094e+04
 143.4661323,1.1259279e+04
 143.4865665,1.1261059e+04
 143.5070007,1.1266324e+04
 143.5274351,1.1259617e+04
 143.5478694,1.1261185e+04
 143.5683036,1.1266980e+04
 143.5887380,1.1251136e+04
 143.6091723,1.1257751e+04
 143.6296065,1.1265961e+04
 143.6500408,1.1267754e+04
 143.6704752,1.1265308e+04
 143.6909093,1.1264605e+04
 143.7113436,1.1257926e+04
 143.7317779,1.1263935e+04
 143.7522122,1.1255232e+04
 143.7726465,1.1259241e+04
 143.7930808,1.1251678e+04
 143.8135151,1.1265168e+04
 143.8339494,1.1256610e+04
 143.8543836,1.1257873e+04
 143.8748178,1.1257923e+04
 143.8952522,1.1259080e+04
 143.9156865,1.1255479e+04
 143.9361207,1.1259551e+04
 143.9565551,1.1260408e+04
 143.9769894,1.1265378e+04
 143.9974236,1.1259346e+04
 144.0178578,1.1258274e+04
 144.0382922,1.1255610e+04
 144.0587265,1.1271617e+04
 144.0791607,1.1267255e+04
 144.0995951,1.1265284e+04
 144.1200294,1.1259676e+04
 144.1404636,1.1252043e+04
 144.1608978,1.1267775e+04
 144.1813322,1.1269422e+04
 144.2017664,1.1256715e+04
 144.2222007,1.1260928e+04
 144.2426351,1.1260597e+04
 144.2630693,1.1261617e+04
 144.2835036,1.1265671e+04
 144.3039378,1.1257707e+04
 144.3243721,1.1270143e+04
 144.3448064,1.1258799e+04
 144.3652407,1.1260119e+04
 144.3856749,1.1267636e+04
 144.4061093,1.1259682e+04
 144.4265436,1.1270766e+04
 144.4469777,1.1258257e+04
 144.4674121,1.1262256e+04
 144.4878464,1.1259705e+04
 144.5082806,1.1256205e+04
 144.5287149,1.1271705e+04
 144.5491493,1.1257620e+04
 144.5695835,1.1268366e+04
 144.5900177,1.1265941e+04
 144.6104521,1.1268449e+04
 144.6308864,1.1256021e+04
 144.6513206,1.1266215e+04
 144.6717549,1.1255776e+04
 144.6921893,1.1256579e+04
 144.7126234,1.1258811e+04
 144.7330577,1.1262212e+04
 144.7534921,1.1264837e+04
 144.7739263,1.1265750e+04
 144.7943606,1.1263958e+04
 144.8147949,1.1255393e+04
 144.8352292,1.1275636e+04
 144.8556634,1.1265911e+04
 144.8760977,1.1266092e+04
 144.8965320,1.1274826e+04
 144.9169663,1.1260663e+04
 144.9374006,1.1263855e+04
 144.9578348,1.1268538e+04
 144.9782692,1.1260412e+04
 144.9987034,1.1261535e+04
 145.0191377,1.1261881e+04
 145.0395720,1.1262612e+04
 145.0600062,1.1269407e+04
 145.0804405,1.1266611e+04
 145.1008748,1.1265688e+04
 145.1213092,1.1264438e+04
 145.1417434,1.1264019e+04
 145.1621777,1.1262037e+04
 145.1826118,1.1261160e+04
 145.2030462,1.1258128e+04
 145.2234805,1.1260219e+04
 145.2439147,1.1269551e+04
 145.2643491,1.1258410e+04
 145.2847833,1.1264134e+04
 145.3052176,1.1263158e+04
 145.3256518,1.1257552e+04
 145.3460862,1.1264335e+04
 145.3665205,1.1262779e+04
 145.3869546,1.1261127e+04
 145.4073890,1.1265979e+04
 145.4278233,1.1262923e+04
 145.4482575,1.1260644e+04
 145.4686918,1.1258584e+04
 145.4891262,1.1258871e+04
 145.5095603,1.1256911e+04
 145.5299946,1.1264843e+04
 145.5504289,1.1262827e+04
 145.5708633,1.1262720e+04
 145.5912975,1.1258714e+04
 145.6117317,1.1262780e+04
 145.6321661,1.1256665e+04
 145.6526003,1.1257067e+04
 145.6730346,1.1260900e+04
 145.6934688,1.1264274e+04
 145.7139031,1.1259634e+04
 145.7343374,1.1251830e+04
 145.7547717,1.1265949e+04
 145.7752060,1.1258849e+04
 145.7956402,1.1258874e+04
 145.8160745,1.1254666e+04
 145.8365087,1.1260682e+04
 145.8569431,1.1257407e+04
 145.8773774,1.1257434e+04
 145.8978115,1.1256950e+04
 145.9182459,1.1264950e+04
 145.9386802,1.1251465e+04
 145.9591144,1.1245593e+04
 145.9795487,1.1251277e+04
 145.9999830,1.1252074e+04
 146.0204173,1.1252872e+04
 146.0408515,1.1248713e+04
 146.0612859,1.1253479e+04
 146.0817201,1.1251083e+04
 146.1021543,1.1261502e+04
 146.1225886,1.1261079e+04
 146.1430230,1.1252666e+04
 146.1634572,1.1255830e+04
 146.1838914,1.1257904e+04
 146.2043257,1.1250676e+04
 146.2247600,1.1252134e+04
 146.2451943,1.1255572e+04
 146.2656285,1.1255899e+04
 146.2860628,1.1254442e+04
 146.3064971,1.1258977e+04
 146.3269314,         null
 146.3473655,1.1256323e+04
 146.3677999,1.1250215e+04
 146.3882342,1.1253028e+04
 146.4086684,1.1255072e+04
 146.4291027,1.1263660e+04
 146.4495370,1.1261758e+04
 146.4699712,1.1252086e+04
 146.4904056,1.1258498e+04
 146.5108399,1.1249023e+04
 146.5312741,1.1257452e+04
 146.5517083,1.1258825e+04
 146.5721427,1.1254355e+04
 146.5925770,1.1254726e+04
 146.6130112,1.1246515e+04
 146.6334454,1.1248361e+04
 146.6538798,1.1254849e+04
 146.6743141,1.1253008e+04
 146.6947482,1.1252667e+04
 146.7151826,1.1239010e+04
 146.7356169,1.1244396e+04
 146.7560512,1.1250835e+04
 146.7764853,1.1256968e+04
 146.7969197,1.1250913e+04
 146.8173540,1.1245791e+04
 146.8377882,1.1249100e+04
 146.8582224,1.1250063e+04
 146.8786568,1.1245758e+04
 146.8990910,1.1252576e+04
 146.9195252,1.1239483e+04
 146.9399596,1.1252964e+04
 146.9603938,1.1261879e+04
 146.9808281,1.1249979e+04
 147.0012623,1.1248503e+04
 147.0216966,1.1254243e+04
 147.0421309,1.1252054e+04
 147.0625652,1.1255346e+04
 147.0829995,1.1245664e+04
 147.1034337,1.1260087e+04
 147.1238680,1.1240734e+04
 147.1443022,1.1243114e+04
 147.1647365,1.1247420e+04
 147.1851708,1.1258895e+04
 147.2056050,1.1242594e+04
 147.2260393,1.1245362e+04
 147.2464736,1.1250103e+04
 147.2669079,1.1243629e+04
 147.2873421,1.1252363e+04
 147.3077764,1.1248361e+04
 147.3282107,1.1251594e+04
 147.3486449,1.1261015e+04
 147.3690792,1.1246308e+04
 147.3895135,1.1245085e+04
 147.4099477,1.1251445e+04
 147.4303820,1.1239239e+04
 147.4508163,1.1253885e+04
 147.4712505,1.1259832e+04
 147.4916848,1.1246396e+04
 147.5121191,1.1249884e+04
 147.5325534,1.1248163e+04
 147.5529876,1.1249604e+04
 147.5734219,1.1251342e+04
 147.5938562,1.1254381e+04
 147.6142904,1.1246862e+04
 147.6347247,1.1255621e+04
 147.6551588,1.1258378e+04
 147.6755932,1.1255763e+04
 147.6960275,1.1249274e+04
 147.7164617,1.1259977e+04
 147.7368960,1.1251606e+04
 147.7573303,1.1245058e+04
 147.7777646,1.1247938e+04
 147.7981987,1.1254881e+04
 147.8186331,1.1250780e+04
 147.8390674,1.1257206e+04
 147.8595015,1.1254914e+04
 147.8799358,1.1253629e+04
 147.9003702,         null
 147.9208044,1.1244739e+04
 147.9412386,1.1248749e+04
 147.9616730,1.1256371e+04
 147.9821072,1.1248757e+04
 148.0025414,1.1247246e+04
 148.0229757,1.1246367e+04
 148.0434101,1.1246260e+04
 148.0638442,1.1250557e+04
 148.0842785,1.1250561e+04
 148.1047129,1.1245774e+04
 148.1251470,1.1244433e+04
 148.1455813,1.1249444e+04
 148.1660156,1.1244562e+04
 148.1864498,1.1247557e+04
 148.2068841,1.1247676e+04
 148.2273184,1.1241964e+04
 148.2477527,1.1243687e+04
 148.2681869,1.1245938e+04
 148.2886212,1.1248590e+04
 148.3090554,1.1256981e+04
 148.3294897,1.1238188e+04
 148.3499240,1.1244241e+04
 148.3703582,1.1251040e+04
 148.3907924,1.1246429e+04
 148.4112268,1.1249772e+04
 148.4316610,1.1242807e+04
 148.4520953,1.1252016e+04
 148.4725296,1.1235324e+04
 148.4929638,1.1248341e+04
 148.5133981,1.1236277e+04
 148.5338323,1.1236172e+04
 148.5542666,1.1244851e+04
 148.5747009,1.1238992e+04
 148.5951351,1.1239423e+04
 148.6155694,1.1241330e+04
 148.6360037,1.1244448e+04
 148.6564379,1.1239722e+04
 148.6768721,1.1237623e+04
 148.6973065,1.1234654e+04
 148.7177407,1.1241849e+04
 148.7381749,1.1242304e+04
 148.7586093,1.1236831e+04
 148.7790436,1.1240837e+04
 148.7994777,1.1239036e+04
 148.8199120,1.1238527e+04
 148.8403464,1.1244979e+04
 148.8607805,1.1241125e+04
 148.8812148,1.1236610e+04
 148.9016492,1.1239071e+04
 148.9220833,1.1240474e+04
 148.9425176,1.1237548e+04
 148.9629518,1.1231884e+04
 148.9833861,1.1245091e+04
 149.0038204,1.1241303e+04
 149.0242546,1.1247473e+04
 149.0446888,1.1236752e+04
 149.0651232,1.1241409e+04
 149.0855574,1.1244788e+04
 149.1059916,1.1244386e+04
 149.1264260,1.1240365e+04
 149.1468602,1.1239272e+04
 149.1672944,1.1248528e+04
 149.1877286,1.1240438e+04
 149.2081630,1.1253012e+04
 149.2285973,1.1240995e+04
 149.2490314,1.1243771e+04
 149.2694658,1.1241727e+04
 149.2899001,1.1242183e+04
 149.3103342,         null
 149.3307685,1.1240533e+04
 149.3512028,1.1246763e+04
 149.3716370,1.1240814e+04
 149.3920713,1.1250003e+04
 149.4125056,1.1245549e+04
 149.4329398,1.1245795e+04
 149.4533741,1.1241253e+04
 149.4738083,1.1238148e+04
 149.4942426,1.1238911e+04
 149.5146768,1.1239194e+04
 149.5351111,1.1243846e+04
 149.5555455,1.1241281e+04
 149.5759796,1.1245733e+04
 149.5964139,1.1239303e+04
 149.6168480,1.1247608e+04
 149.6372824,1.1251352e+04
 149.6577167,1.1238780e+04
 149.6781508,1.1236128e+04
 149.6985851,1.1248280e+04
 149.7190194,1.1249195e+04
 149.7394537,1.1249231e+04
 149.7598879,1.1253644e+04
 149.7803222,1.1235467e+04
 149.8007565,1.1243008e+04
 149.8211906,1.1252624e+04
 149.8416249,1.1247554e+04
 149.8620593,1.1247473e+04
 149.8824935,1.1249165e+04
 149.9029277,1.1244435e+04
 149.9233620,1.1239348e+04
 149.9437963,1.1243652e+04
 149.9642306,1.1242578e+04
 149.9846647,1.1240475e+04
 150.0050991,1.1247655e+04
 150.0255333,1.1237827e+04
 150.0459675,1.1235353e+04
 150.0664018,1.1243076e+04
 150.0868361,1.1237771e+04
 150.1072703,1.1232979e+04
 150.1277045,1.1243985e+04
 150.1481389,1.1234888e+04
 150.1685730,1.1238537e+04
 150.1890073,1.1234188e+04
 150.2094417,1.1241210e+04
 150.2298758,1.1244047e+04
 150.2503101,1.1243799e+04
 150.2707443,1.1240069e+04
 150.2911787,1.1247623e+04
 150.3116128,1.1236147e+04
 150.3320471,1.1245451e+04
 150.3524813,1.1247068e+04
 150.3729156,1.1249767e+04
 150.3933499,1.1242948e+04
 150.4137840,1.1249071e+04
 150.4342184,1.1246306e+04
 150.4546526,1.1251448e+04
 150.4750869,1.1258923e+04
 150.4955210,1.1232360e+04
 150.5159554,1.1236311e+04
 150.5363897,1.1238649e+04
 150.5568238,1.1252246e+04
 150.5772582,1.1240145e+04
 150.5976924,1.1247986e+04
 150.6181266,1.1241276e+04
 150.6385608,1.1235980e+04
 150.6589952,1.1244397e+04
 150.6794293,1.1243048e+04
 150.6998636,1.1239268e+04
 150.7202980,1.1242114e+04
 150.7407322,1.1248920e+04
 150.7611664,1.1239981e+04
 150.7816006,1.1245859e+04
 150.8020350,1.1248532e+04
 150.8224691,1.1245445e+04
 150.8429034,1.1238433e+04
 150.8633377,1.1240571e+04
 150.8837719,1.1239003e+04
 150.9042061,1.1235792e+04
 150.9246404,1.1237914e+04
 150.9450747,1.1236616e+04
 150.9655089,1.1232561e+04
 150.9859432,1.1240843e+04
 151.0063773,1.1244782e+04
 151.0268117,1.1240252e+04
 151.0472459,1.1239511e+04
 151.0676801,1.1248451e+04
 151.0881144,1.1249411e+04
 151.1085487,1.1253113e+04
 151.1289828,1.1247168e+04
 151.1494171,1.1247533e+04
 151.1698514,1.1241286e+04
 151.1902856,1.1243606e+04
 151.2107198,1.1243434e+04
 151.2311542,1.1243046e+04
 151.2515884,1.1234051e+04
 151.2720226,1.1250873e+04
 151.2924569,1.1254973e+04
 151.3128912,1.1243983e+04
 151.3333254,1.1241780e+04
 151.3537596,1.1247549e+04
 151.3741940,1.1243729e+04
 151.3946281,1.1242646e+04
 151.4150624,1.1257660e+04
 151.4354966,1.1251220e+04
 151.4559309,1.1242023e+04
 151.4763651,1.1254460e+04
 151.4967994,1.1258874e+04
 151.5172336,1.1237103e+04
 151.5376679,1.1257456e+04
 151.5581021,1.1242031e+04
 151.5785364,1.1247277e+04
 151.5989707,1.1243170e+04
 151.6194049,1.1253218e+04
 151.6398391,1.1257781e+04
 151.6602734,         null
 151.6807076,1.1247986e+04
 151.7011419,1.1249091e+04
 151.7215761,1.1255308e+04
 151.7420104,1.1251346e+04
 151.7624446,1.1245361e+04
 151.7828789,1.1259847e+04
 151.8033130,1.1249350e+04
 151.8237474,1.1250902e+04
 151.8441816,1.1254906e+04
 151.8646158,1.1254668e+04
 151.8850501,1.1253063e+04
 151.9054844,1.1255511e+04
 151.9259185,1.1261512e+04
 151.9463528,1.1258522e+04
 151.9667871,1.1247822e+04
 151.9872214,1.1267062e+04
 152.0076555,1.1257297e+04
 152.0280898,1.1252975e+04
 152.0485241,1.1252909e+04
 152.0689582,1.1254174e+04
 152.0893925,1.1254301e+04
 152.1098268,1.1253223e+04
 152.1302610,1.1256571e+04
 152.1506952,1.1257895e+04
 152.1711295,1.1257890e+04
 152.1915637,1.1252152e+04
 152.2119980,1.1255904e+04
 152.2324322,1.1258938e+04
 152.2528666,1.1252273e+04
 152.2733007,1.1255181e+04
 152.2937350,         null
 152.3141691,1.1256566e+04
 152.3346035,1.1260613e+04
 152.3550377,1.1262368e+04
 152.3754718,1.1266771e+04
 152.3959062,1.1252177e+04
 152.4163404,1.1256965e+04
 152.4367747,1.1245470e+04
 152.4572088,1.1259319e+04
 152.4776432,1.1263053e+04
 152.4980774,1.1257130e+04
 152.5185116,1.1262507e+04
 152.5389459,1.1269122e+04
 152.5593802,1.1258461e+04
 152.5798143,1.1252782e+04
 152.6002485,1.1274354e+04
 152.6206829,1.1257653e+04
 152.6411170,1.1259528e+04
 152.6615513,         null
 152.6819855,1.1255024e+04
 152.7024198,1.1259866e+04
 152.7228540,1.1264529e+04
 152.7432883,1.1258752e+04
 152.7637226,1.1262234e+04
 152.7841567,1.1267264e+04
 152.8045910,1.1259986e+04
 152.8250251,1.1262868e+04
 152.8454595,1.1263815e+04
 152.8658937,1.1258592e+04
 152.8863279,1.1267830e+04
 152.9067622,1.1267134e+04
 152.9271964,1.1260143e+04
 152.9476307,1.1260256e+04
 152.9680648,1.1259637e+04
 152.9884992,1.1258696e+04
 153.0089334,1.1259638e+04
 153.0293676,1.1265138e+04
 153.0498019,1.1263102e+04
 153.0702361,1.1270070e+04
 153.0906703,1.1259874e+04
 153.1111045,1.1264964e+04
 153.1315389,1.1266474e+04
 153.1519730,1.1255374e+04
 153.1724072,1.1267813e+04
 153.1928415,1.1263635e+04
 153.2132758,1.1257592e+04
 153.2337101,1.1260761e+04
 153.2541442,1.1259041e+04
 153.2745786,1.1273119e+04
 153.2950128,1.1269741e+04
 153.3154469,1.1265241e+04
 153.3358812,1.1268848e+04
 153.3563154,1.1270280e+04
 153.3767497,1.1260892e+04
 153.3971839,1.1266140e+04
 153.4176182,1.1265896e+04
 153.4380525,1.1267297e+04
 153.4584866,1.1258907e+04
 153.4789209,1.1261327e+04
 153.4993552,1.1261118e+04
 153.5197893,1.1273390e+04
 153.5402236,1.1256661e+04
 153.5606579,1.1266368e+04
 153.5810920,1.1261849e+04
 153.6015263,1.1258427e+04
 153.6219605,1.1255592e+04
 153.6423948,1.1255689e+04
 153.6628290,1.1253331e+04
 153.6832632,1.1258215e+04
 153.7036974,1.1256227e+04
 153.7241317,1.1258351e+04
 153.7445660,1.1265133e+04
 153.7650001,1.1262201e+04
 153.7854344,1.1257248e+04
 153.8058687,1.1258066e+04
 153.8263028,1.1261213e+04
 153.8467370,1.1259647e+04
 153.8671714,1.1253642e+04
 153.8876055,1.1265729e+04
 153.9080398,1.1258024e+04
 153.9284741,1.1262830e+04
 153.9489083,1.1268528e+04
 153.9693425,1.1257279e+04
 153.9897767,1.1262094e+04
 154.0102110,1.1256556e+04
 154.0306452,1.1261325e+04
 154.0510794,1.1264374e+04
 154.0715138,1.1266191e+04
 154.0919479,1.1266836e+04
 154.1123821,1.1266385e+04
 154.1328164,1.1268107e+04
 154.1532506,1.1259017e+04
 154.1736848,1.1268762e+04
 154.1941191,1.1264610e+04
 154.2145533,1.1272143e+04
 154.2349875,1.1262722e+04
 154.2554218,1.1259177e+04
 154.2758559,1.1261544e+04
 154.2962902,1.1269944e+04
 154.3167245,1.1266954e+04
 154.3371586,1.1260951e+04
 154.3575928,1.1259258e+04
 154.3780272,1.1256133e+04
 154.3984613,1.1264560e+04
 154.4188955,1.1262354e+04
 154.4393299,1.1271968e+04
 154.4597641,1.1271455e+04
 154.4801983,1.1265025e+04
 154.5006325,1.1266732e+04
 154.5210668,1.1267021e+04
 154.5415010,1.1273087e+04
 154.5619352,1.1265710e+04
 154.5823695,1.1263689e+04
 154.6028037,1.1271235e+04
 154.6232379,1.1270398e+04
 154.6436721,1.1260422e+04
 154.6641064,1.1257877e+04
 154.6845406,1.1266633e+04
 154.7049748,1.1267852e+04
 154.7254091,1.1272786e+04
 154.7458433,1.1267247e+04
 154.7662775,1.1272136e+04
 154.7867117,1.1266911e+04
 154.8071460,1.1270084e+04
 154.8275802,1.1270529e+04
 154.8480143,1.1270207e+04
 154.8684487,1.1265362e+04
 154.8888829,1.1273120e+04
 154.9093171,1.1265073e+04
 154.9297514,1.1270824e+04
 154.9501856,1.1278084e+04
 154.9706198,1.1264037e+04
 154.9910541,1.1268599e+04
 155.0114882,1.1275531e+04
 155.0319225,1.1260991e+04
 155.0523567,1.1260410e+04
 155.0727909,1.1265458e+04
 155.0932252,1.1262674e+04
 155.1136594,1.1261155e+04
 155.1340936,1.1267070e+04
 155.1545278,1.1275892e+04
 155.1749621,1.1269603e+04
 155.1953964,1.1274410e+04
 155.2158305,1.1267877e+04
 155.2362647,1.1264526e+04
 155.2566990,1.1265709e+04
 155.2771332,         null
 155.2975674,1.1266694e+04
 155.3180017,1.1268052e+04
 155.3384359,1.1265170e+04
 155.3588701,1.1264150e+04
 155.3793043,1.1266266e+04
 155.3997385,1.1264772e+04
 155.4201728,1.1269195e+04
 155.4406070,1.1263671e+04
 155.4610413,1.1261320e+04
 155.4814755,1.1268348e+04
 155.5019097,1.1265333e+04
 155.5223438,1.1264603e+04
 155.5427781,1.1268646e+04
 155.5632124,         null
 155.5836465,1.1269469e+04
 155.6040808,1.1270411e+04
 155.6245151,1.1275075e+04
 155.6449493,1.1265192e+04
 155.6653834,1.1273442e+04
 155.6858177,1.1279939e+04
 155.7062520,1.1277715e+04
 155.7266861,1.1260237e+04
 155.7471203,1.1271338e+04
 155.7675546,1.1268539e+04
 155.7879888,1.1276508e+04
 155.8084230,1.1276937e+04
 155.8288573,1.1273053e+04
 155.8492914,1.1259633e+04
 155.8697257,1.1275726e+04
 155.8901599,1.1284179e+04
 155.9105942,1.1267015e+04
 155.9310283,1.1283625e+04
 155.9514626,1.1274218e+04
 155.9718969,1.1272786e+04
 155.9923310,1.1276444e+04
 156.0127652,1.1276990e+04
 156.0331994,1.1274725e+04
 156.0536337,1.1281398e+04
 156.0740679,1.1280362e+04
 156.0945021,1.1272647e+04
 156.1149364,1.1268823e+04
 156.1353706,1.1279446e+04
 156.1558048,1.1284382e+04
 156.1762389,1.1280017e+04
 156.1966733,1.1276329e+04
 156.2171075,1.1279827e+04
 156.2375416,1.1280116e+04
 156.2579758,1.1278986e+04
 156.2784101,1.1281907e+04
 156.2988443,1.1279583e+04
 156.3192785,1.1280851e+04
 156.3397128,1.1273648e+04
 156.3601469,1.1277302e+04
 156.3805812,1.1284106e+04
 156.4010154,1.1276560e+04
 156.4214497,1.1267544e+04
 156.4418838,1.1277821e+04
 156.4623180,1.1276630e+04
 156.4827524,1.1279347e+04
 156.5031865,1.1276189e+04
 156.5236207,1.1289247e+04
 156.5440549,1.1277842e+04
 156.5644892,1.1279686e+04
 156.5849234,1.1280032e+04
 156.6053576,1.1271884e+04
 156.6257918,1.1279293e+04
 156.6462260,1.1280069e+04
 156.6666603,1.1280047e+04
 156.6870945,1.1279271e+04
 156.7075287,1.1273980e+04
 156.7279629,1.1282589e+04
 156.7483971,1.1274497e+04
 156.7688313,1.1281159e+04
 156.7892656,1.1275955e+04
 156.8096998,1.1283554e+04
 156.8301340,1.1274431e+04
 156.8505682,1.1286354e+04
 156.8710025,1.1277175e+04
 156.8914367,1.1277841e+04
 156.9118708,1.1281798e+04
 156.9323051,1.1280050e+04
 156.9527393,1.1277814e+04
 156.9731734,1.1280490e+04
 156.9936078,1.1275132e+04
 157.0140420,1.1285773e+04
 157.0344761,1.1282612e+04
 157.0549103,1.1277392e+04
 157.0753446,1.1283734e+04
 157.0957788,1.1278821e+04
 157.1162130,1.1292503e+04
 157.1366473,1.1281441e+04
 157.1570815,1.1277090e+04
 157.1775156,1.1278260e+04
 157.1979498,1.1284578e+04
 157.2183842,1.1282043e+04
 157.2388183,1.1283254e+04
 157.2592525,1.1283374e+04
 157.2796867,1.1268731e+04
 157.3001209,1.1282140e+04
 157.3205551,1.1282572e+04
 157.3409894,1.1281782e+04
 157.3614236,1.1278598e+04
 157.3818578,1.1284754e+04
 157.4022920,1.1278062e+04
 157.4227261,1.1278381e+04
 157.4431604,1.1282556e+04
 157.4635947,1.1285715e+04
 157.4840288,1.1276801e+04
 157.5044631,1.1277478e+04
 157.5248973,1.1274015e+04
 157.5453314,1.1291171e+04
 157.5657656,1.1286790e+04
 157.5861999,1.1292326e+04
 157.6066341,1.1291970e+04
 157.6270683,1.1285402e+04
 157.6475026,1.1278297e+04
 157.6679368,1.1290823e+04
 157.6883709,1.1293281e+04
 157.7088051,1.1280711e+04
 157.7292394,1.1282054e+04
 157.7496736,1.1286180e+04
 157.7701078,1.1284430e+04
 157.7905421,1.1294621e+04
 157.8109762,1.1285108e+04
 157.8314104,1.1287939e+04
 157.8518446,1.1284578e+04
 157.8722788,1.1288277e+04
 157.8927130,1.1284082e+04
 157.9131473,1.1289755e+04
 157.9335814,1.1277628e+04
 157.9540157,1.1278802e+04
 157.9744499,1.1291293e+04
 157.9948840,1.1297031e+04
 158.0153183,1.1286312e+04
 158.0357525,1.1282930e+04
 158.0561866,1.1281832e+04
 158.0766209,1.1281629e+04
 158.0970552,1.1278234e+04
 158.1174894,1.1288603e+04
 158.1379235,1.1290349e+04
 158.1583578,1.1291670e+04
 158.1787920,1.1289268e+04
 158.1992261,1.1291456e+04
 158.2196603,1.1292904e+04
 158.2400946,1.1288513e+04
 158.2605288,         null
 158.2809630,1.1281673e+04
 158.3013973,1.1286734e+04
 158.3218315,1.1284661e+04
 158.3422656,1.1285029e+04
 158.3626998,1.1287335e+04
 158.3831341,1.1286074e+04
 158.4035683,1.1302934e+04
 158.4240024,1.1281858e+04
 158.4444366,1.1284949e+04
 158.4648709,1.1276634e+04
 158.4853051,1.1281773e+04
 158.5057393,1.1281629e+04
 158.5261736,1.1292733e+04
 158.5466077,1.1286372e+04
 158.5670419,1.1291683e+04
 158.5874761,1.1271270e+04
 158.6079103,1.1285216e+04
 158.6283445,1.1273293e+04
 158.6487787,1.1273695e+04
 158.6692130,1.1277368e+04
 158.6896471,1.1282138e+04
 158.7100813,1.1276055e+04
 158.7305155,1.1287520e+04
 158.7509498,1.1286799e+04
 158.7713840,1.1275778e+04
 158.7918182,1.1276352e+04
 158.8122524,1.1270231e+04
 158.8326866,1.1279029e+04
 158.8531208,1.1279378e+04
 158.8735549,1.1276711e+04
 158.8939892,1.1276772e+04
 158.9144234,1.1277698e+04
 158.9348575,1.1281939e+04
 158.9552918,1.1284965e+04
 158.9757260,1.1274340e+04
 158.9961601,1.1278907e+04
 159.0165943,1.1288408e+04
 159.0370286,1.1274853e+04
 159.0574627,1.1278697e+04
 159.0778970,1.1272504e+04
 159.0983312,1.1272322e+04
 159.1187655,1.1284310e+04
 159.1391996,1.1280325e+04
 159.1596338,1.1277439e+04
 159.1800681,1.1275854e+04
 159.2005022,1.1272611e+04
 159.2209364,1.1285700e+04
 159.2413705,1.1272434e+04
 159.2618048,1.1277639e+04
 159.2822390,1.1272015e+04
 159.3026732,1.1284675e+04
 159.3231074,1.1276587e+04
 159.3435416,1.1271391e+04
 159.3639758,1.1285437e+04
 159.3844099,1.1279865e+04
 159.4048442,1.1280624e+04
 159.4252784,1.1280316e+04
 159.4457125,1.1277448e+04
 159.4661468,1.1272046e+04
 159.4865810,1.1278864e+04
 159.5070151,1.1282468e+04
 159.5274493,1.1273981e+04
 159.5478836,1.1287950e+04
 159.5683177,1.1286419e+04
 159.5887519,1.1278139e+04
 159.6091861,1.1275510e+04
 159.6296204,1.1272166e+04
 159.6500545,1.1282547e+04
 159.6704887,1.1275519e+04
 159.6909230,1.1284757e+04
 159.7113571,1.1281883e+04
 159.7317913,1.1278529e+04
 159.7522255,1.1277284e+04
 159.7726597,1.1284381e+04
 159.7930939,1.1272229e+04
 159.8135281,1.1284345e+04
 159.8339623,1.1276663e+04
 159.8543965,1.1276631e+04
 159.8748307,1.1278801e+04
 159.8952648,1.1274791e+04
 159.9156991,1.1280360e+04
 159.9361333,1.1277790e+04
 159.9565675,1.1289269e+04
 159.9770017,1.1276122e+04
 159.9974359,1.1279634e+04
 160.0178701,1.1268551e+04
 160.0383043,1.1287576e+04
 160.0587385,1.1276965e+04
 160.0791727,1.1281343e+04
 160.0996069,1.1277240e+04
 160.1200410,1.1285489e+04
 160.1404753,1.1287342e+04
 160.1609095,1.1281489e+04
 160.1813436,1.1280616e+04
 160.2017779,1.1272749e+04
 160.2222121,1.1269210e+04
 160.2426462,1.1275628e+04
 160.2630804,1.1275338e+04
 160.2835147,1.1279565e+04
 160.3039488,1.1275349e+04
 160.3243830,1.1272245e+04
 160.3448173,1.1278674e+04
 160.3652515,1.1269530e+04
 160.3856856,1.1267849e+04
 160.4061198,1.1271893e+04
 160.4265541,1.1275556e+04
 160.4469882,1.1270319e+04
 160.4674224,1.1273425e+04
 160.4878567,1.1278017e+04
 160.5082908,1.1275865e+04
 160.5287249,1.1278465e+04
 160.5491591,1.1281512e+04
 160.5695933,1.1275411e+04
 160.5900275,1.1271412e+04
 160.6104617,1.1283381e+04
 160.6308958,1.1272779e+04
 160.6513301,1.1274904e+04
 160.6717643,1.1274278e+04
 160.6921984,1.1274288e+04
 160.7126327,1.1270854e+04
 160.7330669,1.1268130e+04
 160.7535010,1.1274814e+04
 160.7739352,1.1277479e+04
 160.7943695,1.1272226e+04
 160.8148037,1.1271890e+04
 160.8352378,1.1269681e+04
 160.8556720,1.1274079e+04
 160.8761062,1.1270436e+04
 160.8965403,1.1267740e+04
 160.9169745,1.1262429e+04
 160.9374088,1.1277412e+04
 160.9578429,1.1267112e+04
 160.9782771,1.1267393e+04
 160.9987114,1.1269318e+04
 161.0191455,1.1261872e+04
 161.0395797,1.1261559e+04
 161.0600139,1.1256222e+04
 161.0804481,1.1258181e+04
 161.1008823,1.1255667e+04
 161.1213164,1.1268486e+04
 161.1417507,1.1267991e+04
 161.1621848,1.1276952e+04
 161.1826190,1.1265388e+04
 161.2030531,1.1266812e+04
 161.2234874,1.1270290e+04
 161.2439216,         null
 161.2643558,1.1253017e+04
 161.2847899,1.1263186e+04
 161.3052242,1.1265208e+04
 161.3256583,1.1258508e+04
 161.3460924,1.1268243e+04
 161.3665267,1.1259979e+04
 161.3869609,1.1264209e+04
 161.4073950,1.1266379e+04
 161.4278292,1.1262530e+04
 161.4482635,1.1261723e+04
 161.4686976,1.1253823e+04
 161.4891318,1.1259468e+04
 161.5095660,1.1264696e+04
 161.5300001,1.1257332e+04
 161.5504343,1.1259894e+04
 161.5708685,1.1262548e+04
 161.5913028,1.1265784e+04
 161.6117369,1.1253970e+04
 161.6321711,1.1265858e+04
 161.6526054,1.1263627e+04
 161.6730395,1.1254015e+04
 161.6934736,1.1260499e+04
 161.7139078,1.1270849e+04
 161.7343421,1.1262515e+04
 161.7547762,1.1260644e+04
 161.7752104,1.1264673e+04
 161.7956446,1.1261995e+04
 161.8160787,1.1253206e+04
 161.8365129,1.1260422e+04
 161.8569471,1.1253771e+04
 161.8773814,1.1254174e+04
 161.8978155,1.1262604e+04
 161.9182497,1.1264473e+04
 161.9386838,1.1247579e+04
 161.9591180,1.1257846e+04
 161.9795522,1.1268549e+04
 161.9999864,1.1257337e+04
 162.0204206,1.1261605e+04
 162.0408548,1.1257048e+04
 162.0612890,1.1258453e+04
 162.0817231,1.1254984e+04
 162.1021573,1.1258943e+04
 162.1225915,1.1257434e+04
 162.1430256,1.1263139e+04
 162.1634599,1.1246680e+04
 162.1838941,1.1259993e+04
 162.2043282,1.1256612e+04
 162.2247623,1.1252921e+04
 162.2451966,1.1255052e+04
 162.2656307,1.1259562e+04
 162.2860649,1.1260486e+04
 162.3064992,1.1262068e+04
 162.3269334,1.1257428e+04
 162.3473674,1.1258200e+04
 162.3678016,1.1254129e+04
 162.3882359,1.1259004e+04
 162.4086700,1.1258664e+04
 162.4291042,1.1251503e+04
 162.4495382,1.1250860e+04
 162.4699725,1.1248901e+04
 162.4904067,1.1254803e+04
 162.5108403,1.1246774e+04
 162.5312746,1.1240460e+04
 162.5517086,1.1249700e+04
 162.5721428,1.1239770e+04
 162.5925770,1.1258932e+04
 162.6130113,1.1254366e+04
 162.6334454,1.1260684e+04
 162.6538796,1.1253710e+04
 162.6743138,1.1258834e+04
 162.6947479,1.1259998e+04
 162.7151821,1.1259315e+04
 162.7356163,1.1261454e+04
 162.7560504,1.1270081e+04
 162.7764846,1.1265063e+04
 162.7969188,1.1254658e+04
 162.8173530,1.1260386e+04
 162.8377872,1.1259879e+04
 162.8582213,1.1270182e+04
 162.8786554,1.1262535e+04
 162.8990897,1.1261849e+04
 162.9195239,1.1258157e+04
 162.9399580,1.1253718e+04
 162.9603921,1.1256612e+04
 162.9808264,1.1261730e+04
 163.0012605,1.1255776e+04
 163.0216947,1.1259507e+04
 163.0421289,1.1260134e+04
 163.0625631,1.1259267e+04
 163.0829972,1.1260674e+04
 163.1034314,1.1265696e+04
 163.1238657,1.1263756e+04
 163.1442997,1.1265118e+04
 163.1647339,1.1268481e+04
 163.1851682,1.1271225e+04
 163.2056023,1.1263261e+04
 163.2260364,1.1257861e+04
 163.2464706,1.1259277e+04
 163.2669048,1.1260815e+04
 163.2873390,1.1257891e+04
 163.3077731,1.1254926e+04
 163.3282074,1.1260909e+04
 163.3486415,1.1258927e+04
 163.3690757,1.1267846e+04
 163.3895097,1.1271357e+04
 163.4099440,1.1256646e+04
 163.4303782,1.1260135e+04
 163.4508123,1.1250655e+04
 163.4712465,1.1264468e+04
 163.4916807,1.1259757e+04
 163.5121149,1.1269093e+04
 163.5325490,1.1262128e+04
 163.5529832,1.1252438e+04
 163.5734174,1.1261658e+04
 163.5938515,1.1252588e+04
 163.6142856,1.1256552e+04
 163.6347199,1.1256027e+04
 163.6551540,1.1266290e+04
 163.6755882,1.1255463e+04
 163.6960224,1.1261814e+04
 163.7164565,1.1258378e+04
 163.7368907,1.1251136e+04
 163.7573249,1.1264536e+04
 163.7777590,1.1255709e+04
 163.7981932,1.1259825e+04
 163.8186274,1.1258235e+04
 163.8390616,1.1255152e+04
 163.8594957,1.1257895e+04
 163.8799299,1.1251190e+04
 163.9003640,1.1264199e+04
 163.9207982,1.1253617e+04
 163.9412324,1.1257305e+04
 163.9616666,1.1261601e+04
 163.9821007,1.1257811e+04
 164.0025349,1.1253340e+04
 164.0229691,1.1251525e+04
 164.0434031,1.1271450e+04
 164.0638374,1.1257434e+04
 164.0842716,1.1262143e+04
 164.1047058,1.1246829e+04
 164.1251398,1.1266618e+04
 164.1455741,1.1251645e+04
 164.1660082,1.1257830e+04
 164.1864423,1.1256146e+04
 164.2068766,1.1262022e+04
 164.2273108,         null
 164.2477448,1.1260282e+04
 164.2681790,1.1261410e+04
 164.2886132,1.1260144e+04
 164.3090473,1.1258550e+04
 164.3294815,1.1258181e+04
 164.3499158,1.1257390e+04
 164.3703499,1.1252781e+04
 164.3907840,1.1250638e+04
 164.4112182,1.1254646e+04
 164.4316523,1.1254497e+04
 164.4520865,1.1256802e+04
 164.4725207,1.1245346e+04
 164.4929549,1.1261048e+04
 164.5133890,1.1255644e+04
 164.5338232,1.1255166e+04
 164.5542573,1.1259748e+04
 164.5746915,1.1259153e+04
 164.5951257,1.1256161e+04
 164.6155598,1.1256911e+04
 164.6359939,1.1255804e+04
 164.6564282,1.1263013e+04
 164.6768623,1.1253159e+04
 164.6972965,1.1263712e+04
 164.7177307,1.1262481e+04
 164.7381648,1.1256396e+04
 164.7585990,1.1254644e+04
 164.7790331,1.1261858e+04
 164.7994673,1.1256354e+04
 164.8199015,1.1262922e+04
 164.8403356,1.1250893e+04
 164.8607698,1.1251499e+04
 164.8812040,1.1249473e+04
 164.9016380,1.1255666e+04
 164.9220722,1.1259478e+04
 164.9425065,1.1254582e+04
 164.9629405,1.1268263e+04
 164.9833747,1.1263854e+04
