        TIME,  PDCSAP_FLUX
 131.5116168,1.9593701e+04
 131.5320514,1.9601287e+04
 131.5524858,1.9612711e+04
 131.5729202,1.9601434e+04
 131.5933546,1.9614506e+04
 131.6137892,1.9605309e+04
 131.6342236,1.9611652e+04
 131.6546580,1.9619838e+04
 131.6750926,1.9602855e+04
 131.6955270,1.9611389e+04
 131.7159614,1.9620240e+04
 131.7363958,1.9619604e+04
 131.7568304,1.9616014e+04
 131.7772647,1.9622590e+04
 131.7976992,1.9626537e+04
 131.8181337,1.9605428e+04
 131.8385681,1.9617088e+04
 131.8590025,1.9607848e+04
 131.8794370,1.9615227e+04
 131.8998715,1.9618383e+04
 131.9203059,1.9614145e+04
 131.9407404,1.9638494e+04
 131.9611748,1.9627824e+04
 131.9816093,1.9617287e+04
 132.0020437,1.9616031e+04
 132.0224781,1.9620654e+04
 132.0429126,1.9616707e+04
 132.0633471,1.9621557e+04
 132.0837814,1.9616285e+04
 132.1042159,1.9634725e+04
 132.1246504,1.9628695e+04
 132.1450848,1.9621141e+04
 132.1655192,1.9626756e+04
 132.1859538,1.9625354e+04
 132.2063883,1.9627281e+04
 132.2268226,1.9623852e+04
 132.2472571,1.9631520e+04
 132.2676916,1.9638641e+04
 132.2881260,1.9623852e+04
 132.3085604,1.9630344e+04
 132.3289950,1.9626723e+04
 132.3494293,1.9635340e+04
 132.3698638,1.9624299e+04
 132.3902982,1.9625604e+04
 132.4107327,1.9615359e+04
 132.4311671,1.9637479e+04
 132.4516016,1.9633846e+04
 132.4720362,1.9635789e+04
 132.4924705,1.9643230e+04
 132.5129050,1.9623549e+04
 132.5333393,1.9631500e+04
 132.5537739,1.9631543e+04
 132.5742083,1.9640041e+04
 132.5946427,1.9628803e+04
 132.6150772,1.9629510e+04
 132.6355117,1.9642109e+04
 132.6559461,1.9631234e+04
 132.6763805,1.9643529e+04
 132.6968150,1.9640605e+04
 132.7172495,1.9642787e+04
 132.7376839,1.9634174e+04
 132.7581184,1.9631709e+04
 132.7785529,1.9625580e+04
 132.7989872,1.9617410e+04
 132.8194217,1.9633631e+04
 132.8398562,1.9625805e+04
 132.8602906,1.9640738e+04
 132.8807250,1.9628852e+04
 132.9011596,1.9633852e+04
 132.9215939,1.9630584e+04
 132.9420284,1.9635188e+04
 132.9624628,1.9628803e+04
 132.9828974,1.9626664e+04
 133.0033318,1.9640742e+04
 133.0237662,1.9637568e+04
 133.0442007,1.9627203e+04
 133.0646351,1.9631135e+04
 133.0850696,1.9642021e+04
 133.1055040,1.9649848e+04
 133.1259385,1.9644164e+04
 133.1463729,1.9641609e+04
 133.1668074,1.9642258e+04
 133.1872418,1.9629959e+04
 133.2076764,1.9631057e+04
 133.2281108,1.9634061e+04
 133.2485452,1.9709914e+04
 133.2689797,1.9673352e+04
 133.2894141,1.9641604e+04
 133.3098486,1.9625514e+04
 133.3302829,1.9637502e+04
 133.3507175,1.9641221e+04
 133.3711519,1.9630762e+04
 133.3915864,1.9634008e+04
 133.4120208,1.9637254e+04
 133.4324553,1.9638422e+04
 133.4528897,1.9640080e+04
 133.4733241,1.9631869e+04
 133.4937587,1.9627480e+04
 133.5141931,1.9636947e+04
 133.5346275,1.9624049e+04
 133.5550620,1.9633000e+04
 133.5754965,1.9631316e+04
 133.5959308,1.9631230e+04
 133.6163653,1.9624861e+04
 133.6367998,1.9631535e+04
 133.6572343,1.9633488e+04
 133.6776686,1.9635398e+04
 133.6981032,1.9628822e+04
 133.7185376,1.9638314e+04
 133.7389720,1.9631518e+04
 133.7594065,1.9634008e+04
 133.7798410,1.9640939e+04
 133.8002754,1.9640871e+04
 133.8207098,1.9638197e+04
 133.8411443,1.9632275e+04
 133.8615787,1.9628744e+04
 133.8820132,1.9622465e+04
 133.9024476,1.9631457e+04
 133.9228821,1.9628340e+04
 133.9433165,1.9628602e+04
 133.9637510,1.9633875e+04
 133.9841854,1.9619346e+04
 134.0046199,1.9632471e+04
 134.0250544,1.9642961e+04
 134.0454887,1.9636305e+04
 134.0659233,1.9622125e+04
 134.0863577,1.9629578e+04
 134.1067921,1.9640662e+04
 134.1272265,1.9619770e+04
 134.1476611,1.9631059e+04
 134.1680955,1.9618994e+04
 134.1885299,1.9629674e+04
 134.2089644,1.9619631e+04
 134.2293989,1.9628416e+04
 134.2498333,1.9625826e+04
 134.2702677,1.9619213e+04
 134.2907023,1.9621219e+04
 134.3111366,1.9621555e+04
 134.3315711,1.9640834e+04
 134.3520056,1.9620371e+04
 134.3724400,1.9613545e+04
 134.3928744,         null
 134.4133089,1.9623055e+04
 134.4337433,1.9632650e+04
 134.4541778,1.9622949e+04
 134.4746123,1.9619336e+04
 134.4950468,1.9618834e+04
 134.5154812,1.9623574e+04
 134.5359156,1.9616812e+04
 134.5563500,1.9620906e+04
 134.5767845,1.9617533e+04
 134.5972190,1.9621285e+04
 134.6176533,1.9616020e+04
 134.6380878,1.9616447e+04
 134.6585223,1.9616141e+04
 134.6789568,1.9608184e+04
 134.6993912,1.9625773e+04
 134.7198257,1.9613572e+04
 134.7402602,1.9625207e+04
 134.7606945,1.9609619e+04
 134.7811290,1.9610770e+04
 134.8015635,1.9614484e+04
 134.8219980,1.9616865e+04
 134.8424323,1.9608947e+04
 134.8628669,1.9609850e+04
 134.8833013,1.9609994e+04
 134.9037358,1.9616129e+04
 134.9241701,1.9612797e+04
 134.9446047,1.9596920e+04
 134.9650391,1.9619463e+04
 134.9854735,1.9614000e+04
 135.0059081,1.9615266e+04
 135.0263425,1.9608648e+04
 135.0467769,1.9606752e+04
 135.0672113,1.9607180e+04
 135.0876459,1.9612109e+04
 135.1080802,1.9617877e+04
 135.1285147,1.9596461e+04
 135.1489492,1.9601658e+04
 135.1693837,1.9594795e+04
 135.1898180,1.9612832e+04
 135.2102525,1.9624678e+04
 135.2306870,1.9594682e+04
 135.2511214,1.9607836e+04
 135.2715559,1.9598387e+04
 135.2919902,1.9615494e+04
 135.3124248,1.9601930e+04
 135.3328592,1.9631125e+04
 135.3532936,1.9605881e+04
 135.3737281,1.9600453e+04
 135.3941626,1.9593758e+04
 135.4145970,1.9608049e+04
 135.4350314,1.9615658e+04
 135.4554659,1.9614531e+04
 135.4759004,1.9604359e+04
 135.4963348,1.9593357e+04
 135.5167693,1.9601131e+04
 135.5372038,1.9602541e+04
 135.5576381,1.9600461e+04
 135.5780726,1.9594518e+04
 135.5985071,1.9597365e+04
 135.6189415,1.9606719e+04
 135.6393759,1.9597586e+04
 135.6598105,1.9587408e+04
 135.6802449,1.9597100e+04
 135.7006793,1.9592520e+04
 135.7211137,1.9589590e+04
 135.7415483,1.9608197e+04
 135.7619827,1.9604051e+04
 135.7824171,1.9598074e+04
 135.8028517,1.9593189e+04
 135.8232860,1.9597857e+04
 135.8437205,1.9600791e+04
 135.8641549,1.9593738e+04
 135.8845894,1.9607479e+04
 135.9050238,1.9596770e+04
 135.9254583,1.9602990e+04
 135.9458926,1.9585695e+04
 135.9663272,1.9589172e+04
 135.9867616,1.9606479e+04
 136.0071960,1.9592744e+04
 136.0276305,1.9598740e+04
 136.0480650,1.9596342e+04
 136.0684994,1.9581836e+04
 136.0889338,1.9598221e+04
 136.1093684,1.9590459e+04
 136.1298028,1.9597914e+04
 136.1502372,1.9583656e+04
 136.1706717,1.9588799e+04
 136.1911062,1.9581309e+04
 136.2115405,1.9589508e+04
 136.2319750,1.9592211e+04
 136.2524095,1.9583484e+04
 136.2728439,1.9585875e+04
 136.2932783,1.9572352e+04
 136.3137129,1.9587494e+04
 136.3341473,1.9584012e+04
 136.3545817,1.9581146e+04
 136.3750162,1.9586230e+04
 136.3954506,1.9587057e+04
 136.4158851,1.9588203e+04
 136.4363195,1.9582502e+04
 136.4567541,1.9588873e+04
 136.4771884,1.9584564e+04
 136.4976229,1.9594855e+04
 136.5180573,1.9586658e+04
 136.5384918,1.9590938e+04
 136.5589262,1.9574746e+04
 136.5793607,1.9574988e+04
 136.5997951,1.9584721e+04
 136.6202296,1.9586580e+04
 136.6406641,1.9599170e+04
 136.6610985,1.9577736e+04
 136.6815330,1.9579340e+04
 136.7019674,1.9577883e+04
 136.7224019,1.9573660e+04
 136.7428362,1.9586197e+04
 136.7632708,1.9580531e+04
 136.7837052,1.9589385e+04
 136.8041396,1.9583375e+04
 136.8245741,1.9597621e+04
 136.8450086,1.9577355e+04
 136.8654430,1.9594330e+04
 136.8858774,1.9590078e+04
 136.9063119,1.9576461e+04
 136.9267464,1.9583789e+04
 136.9471808,1.9579113e+04
 136.9676153,1.9575777e+04
 136.9880498,1.9579350e+04
 137.0084841,1.9587094e+04
 137.0289186,1.9585766e+04
 137.0493531,1.9580793e+04
 137.0697875,1.9574117e+04
 137.0902219,1.9578572e+04
 137.1106565,1.9564201e+04
 137.1310908,1.9571432e+04
 137.1515253,1.9579123e+04
 137.1719597,1.9580205e+04
 137.1923943,1.9579695e+04
 137.2128286,1.9579771e+04
 137.2332631,1.9575377e+04
 137.2536975,1.9580684e+04
 137.2741320,1.9577350e+04
 137.2945665,1.9580471e+04
 137.3150008,1.9581359e+04
 137.3354354,1.9573510e+04
 137.3558698,1.9568354e+04
 137.3763043,         null
 137.3967386,1.9573611e+04
 137.4171732,1.9557000e+04
 137.4376076,1.9562678e+04
 137.4580420,1.9564637e+04
 137.4784765,1.9568326e+04
 137.4989110,1.9580059e+04
 137.5193453,1.9563299e+04
 137.5397798,1.9560717e+04
 137.5602143,1.9574441e+04
 137.5806487,1.9572281e+04
 137.6010832,1.9563814e+04
 137.6215177,1.9573307e+04
 137.6419522,1.9577480e+04
 137.6623865,1.9569980e+04
 137.6828210,1.9556900e+04
 137.7032555,1.9564688e+04
 137.7236899,1.9563074e+04
 137.7441243,1.9574939e+04
 137.7645589,1.9573217e+04
 137.7849932,1.9561506e+04
 137.8054277,1.9568766e+04
 137.8258620,1.9573580e+04
 137.8462966,1.9558812e+04
 137.8667310,1.9570525e+04
 137.8871655,1.9567043e+04
 137.9075998,1.9559996e+04
 137.9280344,1.9578830e+04
 137.9484688,1.9587480e+04
 137.9689032,1.9567703e+04
 137.9893377,1.9562162e+04
 138.0097722,1.9565381e+04
 138.0302066,1.9567918e+04
 138.0506410,1.9562760e+04
 138.0710756,1.9564314e+04
 138.0915100,1.9559820e+04
 138.1119444,1.9570564e+04
 138.1323789,1.9573912e+04
 138.1528134,1.9558189e+04
 138.1732477,1.9572389e+04
 138.1936822,1.9560721e+04
 138.2141167,1.9552674e+04
 138.2345512,1.9562986e+04
 138.2549855,1.9560207e+04
 138.2754201,1.9566844e+04
 138.2958545,1.9568838e+04
 138.3162889,1.9567752e+04
 138.3367233,1.9569078e+04
 138.3571579,1.9569340e+04
 138.3775923,1.9548391e+04
 138.3980267,1.9554590e+04
 138.4184612,1.9568648e+04
 138.4388957,1.9563432e+04
 138.4593301,1.9561412e+04
 138.4797645,1.9569137e+04
 138.5001991,1.9566293e+04
 138.5206334,1.9558447e+04
 138.5410679,1.9548807e+04
 138.5615023,1.9562646e+04
 138.5819368,1.9570803e+04
 138.6023712,1.9562176e+04
 138.6228057,1.9563619e+04
 138.6432401,1.9569455e+04
 138.6636746,1.9565654e+04
 138.6841090,1.9569998e+04
 138.7045434,1.9539432e+04
 138.7249779,1.9540652e+04
 138.7454124,1.9544693e+04
 138.7658467,1.9551350e+04
 138.7862813,1.9559545e+04
 138.8067157,1.9566268e+04
 138.8271501,1.9559770e+04
 138.8475845,1.9552643e+04
 138.8680191,1.9552855e+04
 138.8884535,1.9557453e+04
 138.9088879,1.9554199e+04
 138.9293224,1.9566768e+04
 138.9497569,1.9554209e+04
 138.9701912,1.9567898e+04
 138.9906257,1.9543551e+04
 139.0110602,1.9551340e+04
 139.0314946,1.9557039e+04
 139.0519290,1.9566320e+04
 139.0723636,1.9568982e+04
 139.0927980,1.9558119e+04
 139.1132324,1.9557658e+04
 139.1336669,1.9557787e+04
 139.1541013,1.9553664e+04
 139.1745358,1.9567629e+04
 139.1949702,1.9558719e+04
 139.2154046,1.9552707e+04
 139.2358391,1.9561346e+04
 139.2562736,1.9558650e+04
 139.2767079,1.9565172e+04
 139.2971425,1.9553836e+04
 139.3175769,1.9548914e+04
 139.3380114,1.9561355e+04
 139.3584457,1.9563984e+04
 139.3788803,1.9563004e+04
 139.3993147,1.9550504e+04
 139.4197491,1.9559309e+04
 139.4401836,1.9552756e+04
 139.4606181,1.9568826e+04
 139.4810524,1.9549949e+04
 139.5014869,1.9562656e+04
 139.5219214,1.9550498e+04
 139.5423558,1.9555836e+04
 139.5627902,1.9553738e+04
 139.5832248,1.9550082e+04
 139.6036591,1.9551469e+04
 139.6240936,1.9539951e+04
 139.6445280,1.9548898e+04
 139.6649626,1.9554672e+04
 139.6853969,1.9554559e+04
 139.7058314,1.9554318e+04
 139.7262658,1.9560242e+04
 139.7467003,1.9554770e+04
 139.7671347,1.9552201e+04
 139.7875692,1.9541998e+04
 139.8080036,1.9548475e+04
 139.8284381,1.9540889e+04
 139.8488725,1.9553346e+04
 139.8693070,1.9558426e+04
 139.8897414,1.9547445e+04
 139.9101759,1.9550082e+04
 139.9306103,1.9554949e+04
 139.9510449,1.9563895e+04
 139.9714792,1.9557227e+04
 139.9919137,1.9548004e+04
 140.0123480,1.9545736e+04
 140.0327826,1.9552410e+04
 140.0532170,1.9546889e+04
 140.0736515,1.9549305e+04
 140.0940859,1.9550309e+04
 140.1145204,1.9553947e+04
 140.1349548,1.9540740e+04
 140.1553892,1.9545627e+04
 140.1758237,1.9554990e+04
 140.1962582,1.9549051e+04
 140.2166925,1.9553115e+04
 140.2371271,1.9554586e+04
 140.2575615,1.9548801e+04
 140.2779959,1.9544084e+04
 140.2984303,1.9550746e+04
 140.3188649,1.9538625e+04
 140.3392992,1.9541055e+04
 140.3597337,         null
 140.3801681,1.9545307e+04
 140.4006027,1.9551141e+04
 140.4210370,1.9545541e+04
 140.4414715,1.9545049e+04
 140.4619060,1.9547061e+04
 140.4823404,1.9550490e+04
 140.5027748,1.9538342e+04
 140.5232092,1.9539340e+04
 140.5436437,1.9545586e+04
 140.5640782,1.9559557e+04
 140.5845126,1.9547955e+04
 140.6049471,1.9545086e+04
 140.6253815,1.9538715e+04
 140.6458160,1.9547373e+04
 140.6662503,1.9542889e+04
 140.6866849,1.9542158e+04
 140.7071193,1.9542908e+04
 140.7275537,1.9549238e+04
 140.7479882,1.9527518e+04
 140.7684227,1.9538408e+04
 140.7888570,1.9536646e+04
 140.8092915,1.9546809e+04
 140.8297260,1.9537053e+04
 140.8501605,1.9545809e+04
 140.8705948,1.9528498e+04
 140.8910293,1.9530824e+04
 140.9114638,1.9544824e+04
 140.9318982,1.9530453e+04
 140.9523326,1.9523189e+04
 140.9727672,1.9535773e+04
 140.9932015,1.9534871e+04
 141.0136360,1.9537590e+04
 141.0340704,1.9536080e+04
 141.0545049,1.9543920e+04
 141.0749393,1.9529049e+04
 141.0953738,1.9537531e+04
 141.1158082,1.9538830e+04
 141.1362427,1.9540121e+04
 141.1566771,1.9529105e+04
 141.1771114,1.9530117e+04
 141.1975460,1.9531227e+04
 141.2179804,1.9529426e+04
 141.2384148,1.9531264e+04
 141.2588493,1.9526395e+04
 141.2792838,1.9524861e+04
 141.2997181,1.9547637e+04
 141.3201526,1.9522486e+04
 141.3405871,1.9529275e+04
 141.3610216,1.9535777e+04
 141.3814559,1.9519961e+04
 141.4018904,1.9523672e+04
 141.4223249,1.9530592e+04
 141.4427594,1.9528830e+04
 141.4631937,1.9525799e+04
 141.4836283,1.9525566e+04
 141.5040627,1.9528117e+04
 141.5244971,1.9536559e+04
 141.5449315,1.9543033e+04
 141.5653660,1.9535658e+04
 141.5858005,1.9518975e+04
 141.6062349,1.9524236e+04
 141.6266694,1.9531094e+04
 141.6471039,1.9521314e+04
 141.6675382,1.9544078e+04
 141.6879726,1.9516957e+04
 141.7084072,1.9531822e+04
 141.7288415,1.9528324e+04
 141.7492760,1.9535605e+04
 141.7697105,1.9515305e+04
 141.7901449,1.9524289e+04
 141.8105793,1.9531223e+04
 141.8310138,1.9526283e+04
 141.8514482,1.9525557e+04
 141.8718827,1.9533703e+04
 141.8923171,1.9536170e+04
 141.9127517,1.9529027e+04
 141.9331860,1.9537156e+04
 141.9536205,1.9524334e+04
 141.9740548,1.9529439e+04
 141.9944894,1.9532447e+04
 142.0149238,1.9528938e+04
 142.0353582,1.9536357e+04
 142.0557926,1.9535393e+04
 142.0762271,1.9541166e+04
 142.0966616,1.9541578e+04
 142.1170959,1.9544559e+04
 142.1375305,1.9523635e+04
 142.1579649,1.9526887e+04
 142.1783993,1.9536080e+04
 142.1988337,1.9520430e+04
 142.2192683,1.9526682e+04
 142.2397026,1.9526854e+04
 142.2601371,1.9518750e+04
 142.2805716,1.9525461e+04
 142.3010060,1.9545689e+04
 142.3214404,1.9524529e+04
 142.3418749,1.9535936e+04
 142.3623094,1.9542320e+04
 142.3827437,1.9529109e+04
 142.4031782,1.9534043e+04
 142.4236127,1.9536086e+04
 142.4440471,1.9536818e+04
 142.4644815,1.9521281e+04
 142.4849159,1.9528141e+04
 142.5053504,1.9542529e+04
 142.5257849,1.9535674e+04
 142.5462193,1.9529605e+04
 142.5666537,1.9525623e+04
 142.5870882,1.9521736e+04
 142.6075227,1.9532896e+04
 142.6279570,1.9530162e+04
 142.6483915,1.9527941e+04
 142.6688260,1.9540098e+04
 142.6892603,1.9543465e+04
 142.7096948,1.9530027e+04
 142.7301293,1.9522600e+04
 142.7505637,1.9529404e+04
 142.7709981,1.9530133e+04
 142.7914327,1.9522916e+04
 142.8118670,1.9519881e+04
 142.8323015,1.9518877e+04
 142.8527359,1.9528072e+04
 142.8731705,1.9528959e+04
 142.8936048,1.9529752e+04
 142.9140392,1.9536789e+04
 142.9344738,1.9522918e+04
 142.9549081,1.9517023e+04
 142.9753426,1.9519068e+04
 142.9957769,1.9521572e+04
 143.0162115,1.9515939e+04
 143.0366459,1.9526682e+04
 143.0570804,1.9522268e+04
 143.0775148,1.9529256e+04
 143.0979492,1.9520109e+04
 143.1183837,1.9521203e+04
 143.1388181,1.9530914e+04
 143.1592526,1.9536312e+04
 143.1796870,1.9527352e+04
 143.2001214,1.9529496e+04
 143.2205558,1.9520939e+04
 143.2409904,1.9527027e+04
 143.2614248,1.9518348e+04
 143.2818593,1.9529117e+04
 143.3022937,1.9519896e+04
 143.3227281,1.9523164e+04
 143.3431626,         null
 143.3635969,1.9524979e+04
 143.3840315,1.9525648e+04
 143.4044659,1.9526848e+04
 143.4249003,1.9532324e+04
 143.4453348,1.9519537e+04
 143.4657693,1.9530154e+04
 143.4862036,1.9536934e+04
 143.5066380,1.9524816e+04
 143.5270726,1.9534557e+04
 143.5475070,1.9528029e+04
 143.5679414,1.9533227e+04
 143.5883759,1.9538094e+04
 143.6088104,1.9530312e+04
 143.6292447,1.9540328e+04
 143.6496791,1.9534660e+04
 143.6701137,1.9535359e+04
 143.6905480,1.9522527e+04
 143.7109825,1.9542086e+04
 143.7314169,1.9526125e+04
 143.7518514,1.9545203e+04
 143.7722858,1.9535904e+04
 143.7927203,1.9542066e+04
 143.8131547,1.9527475e+04
 143.8335891,1.9522576e+04
 143.8540236,1.9538346e+04
 143.8744579,1.9534266e+04
 143.8948925,1.9526521e+04
 143.9153269,1.9535881e+04
 143.9357613,1.9528684e+04
 143.9561958,1.9528977e+04
 143.9766302,1.9529162e+04
 143.9970646,1.9537018e+04
 144.0174990,1.9531451e+04
 144.0379336,1.9539938e+04
 144.0583680,1.9530059e+04
 144.0788024,1.9539303e+04
 144.0992369,1.9525342e+04
 144.1196713,1.9527672e+04
 144.1401057,1.9519869e+04
 144.1605401,1.9506191e+04
 144.1809747,1.9532939e+04
 144.2014090,1.9532840e+04
 144.2218435,1.9532402e+04
 144.2422780,1.9529432e+04
 144.2627123,1.9527008e+04
 144.2831468,1.9531035e+04
 144.3035812,1.9528990e+04
 144.3240157,1.9535082e+04
 144.3444501,1.9529734e+04
 144.3648846,1.9531838e+04
 144.3853189,1.9541027e+04
 144.4057534,1.9540979e+04
 144.4261879,1.9538697e+04
 144.4466222,1.9536389e+04
 144.4670568,1.9546074e+04
 144.4874912,1.9555391e+04
 144.5079255,1.9535883e+04
 144.5283600,1.9525867e+04
 144.5487945,1.9532398e+04
 144.5692290,1.9541658e+04
 144.5896633,1.9536211e+04
 144.6100979,1.9546600e+04
 144.6305323,1.9533510e+04
 144.6509666,1.9528340e+04
 144.6714011,1.9545203e+04
 144.6918356,1.9537520e+04
 144.7122700,1.9539279e+04
 144.7327044,1.9541088e+04
 144.7531389,1.9548219e+04
 144.7735733,1.9531621e+04
 144.7940077,1.9536693e+04
 144.8144422,1.9543844e+04
 144.8348767,1.9548865e+04
 144.8553111,1.9554691e+04
 144.8757455,1.9556086e+04
 144.8961799,1.9554408e+04
 144.9166144,1.9541207e+04
 144.9370488,1.9552463e+04
 144.9574833,1.9550363e+04
 144.9779178,1.9545791e+04
 144.9983521,1.9543455e+04
 145.0187866,1.9553611e+04
 145.0392210,1.9538158e+04
 145.0596555,1.9542725e+04
 145.0800899,1.9555416e+04
 145.1005243,1.9549178e+04
 145.1209589,1.9554039e+04
 145.1413932,1.9557289e+04
 145.1618277,1.9551408e+04
 145.1822620,1.9548539e+04
 145.2026965,1.9547504e+04
 145.2231310,1.9550244e+04
 145.2435653,1.9549994e+04
 145.2639999,1.9553877e+04
 145.2844343,1.9550799e+04
 145.3048687,1.9548359e+04
 145.3253031,1.9542578e+04
 145.3457376,1.9550549e+04
 145.3661721,1.9545910e+04
 145.3866064,1.9554527e+04
 145.4070409,1.9558553e+04
 145.4274754,1.9563430e+04
 145.4479097,1.9544410e+04
 145.4683442,1.9559137e+04
 145.4887787,1.9560104e+04
 145.5092130,1.9552047e+04
 145.5296475,1.9559643e+04
 145.5500819,1.9562943e+04
 145.5705165,1.9560332e+04
 145.5909508,1.9558918e+04
 145.6113852,1.9551912e+04
 145.6318198,1.9563418e+04
 145.6522541,1.9571441e+04
 145.6726886,1.9553197e+04
 145.6931229,1.9566107e+04
 145.7135574,1.9567393e+04
 145.7339919,1.9551289e+04
 145.7544263,1.9555287e+04
 145.7748608,1.9559230e+04
 145.7952952,1.9557654e+04
 145.8157296,1.9552918e+04
 145.8361640,1.9567213e+04
 145.8565985,1.9569596e+04
 145.8770329,1.9562721e+04
 145.8974673,1.9567535e+04
 145.9179018,1.9556238e+04
 145.9383363,1.9562654e+04
 145.9587706,1.9562844e+04
 145.9792050,1.9563082e+04
 145.9996396,1.9554828e+04
 146.0200740,1.9574574e+04
 146.0405084,1.9562596e+04
 146.0609429,1.9561137e+04
 146.0813773,1.9555064e+04
 146.1018117,1.9563275e+04
 146.1222461,1.9571686e+04
 146.1426806,1.9571102e+04
 146.1631150,1.9581479e+04
 146.1835494,1.9582139e+04
 146.2039839,1.9567330e+04
 146.2244183,1.9567682e+04
 146.2448527,1.9574354e+04
 146.2652872,1.9563492e+04
 146.2857216,1.9573600e+04
 146.3061560,1.9568973e+04
 146.3265905,         null
 146.3470248,1.9564061e+04
 146.3674594,1.9575266e+04
 146.3878938,1.9570988e+04
 146.4083281,1.9570238e+04
 146.4287627,1.9566627e+04
 146.4491971,1.9574354e+04
 146.4696314,1.9567348e+04
 146.4900660,1.9574900e+04
 146.5105004,1.9564508e+04
 146.5309349,1.9567906e+04
 146.5513692,1.9573742e+04
 146.5718037,1.9583615e+04
 146.5922382,1.9564270e+04
 146.6126726,1.9572029e+04
 146.6331069,1.9581607e+04
 146.6535415,1.9574992e+04
 146.6739759,1.9567605e+04
 146.6944102,1.9573572e+04
 146.7148448,1.9574230e+04
 146.7352792,1.9570154e+04
 146.7557137,1.9568318e+04
 146.7761480,1.9568289e+04
 146.7965825,1.9567635e+04
 146.8170170,1.9552969e+04
 146.8374513,1.9565930e+04
 146.8578857,1.9572186e+04
 146.8783203,1.9577584e+04
 146.8987546,1.9559031e+04
 146.9191890,1.9578109e+04
 146.9396236,1.9583393e+04
 146.9600579,1.9570336e+04
 146.9804923,1.9565443e+04
 147.0009268,1.9580625e+04
 147.0213612,1.9573240e+04
 147.0417957,1.9577576e+04
 147.0622301,1.9583680e+04
 147.0826646,1.9575979e+04
 147.1030990,1.9572037e+04
 147.1235334,1.9579951e+04
 147.1439677,1.9582672e+04
 147.1644023,1.9577230e+04
 147.1848367,1.9572305e+04
 147.2052710,1.9581299e+04
 147.2257056,1.9584898e+04
 147.2461400,1.9590125e+04
 147.2665744,1.9583352e+04
 147.2870088,1.9582566e+04
 147.3074433,1.9593961e+04
 147.3278777,1.9579180e+04
 147.3483121,1.9577766e+04
 147.3687465,1.9575447e+04
 147.3891810,1.9592885e+04
 147.4096154,1.9580783e+04
 147.4300498,1.9578498e+04
 147.4504844,1.9586865e+04
 147.4709187,1.9592051e+04
 147.4913531,1.9580129e+04
 147.5117876,1.9591994e+04
 147.5322221,1.9581506e+04
 147.5526564,1.9572119e+04
 147.5730909,1.9580703e+04
 147.5935254,1.9584883e+04
 147.6139597,1.9582023e+04
 147.6343942,1.9584186e+04
 147.6548285,1.9581975e+04
 147.6752630,1.9586174e+04
 147.6956975,1.9578086e+04
 147.7161318,1.9587355e+04
 147.7365663,1.9575785e+04
 147.7570008,1.9588965e+04
 147.7774352,1.9589197e+04
 147.7978695,1.9576787e+04
 147.8183041,1.9595395e+04
 147.8387385,1.9579977e+04
 147.8591728,1.9584119e+04
 147.8796073,1.9586922e+04
 147.9000418,         null
 147.9204761,1.9590156e+04
 147.9409106,1.9585371e+04
 147.9613451,1.9590078e+04
 147.9817794,1.9579262e+04
 148.0022138,1.9585723e+04
 148.0226483,1.9584139e+04
 148.0430828,1.9582705e+04
 148.0635171,1.9584602e+04
 148.0839516,1.9579021e+04
 148.1043861,1.9577523e+04
 148.1248204,1.9572562e+04
 148.1452549,1.9589174e+04
 148.1656893,1.9577707e+04
 148.1861237,1.9584459e+04
 148.2065582,1.9586693e+04
 148.2269926,1.9584205e+04
 148.2474271,1.9591979e+04
 148.2678615,1.9580477e+04
 148.2882959,1.9584885e+04
 148.3087303,1.9595188e+04
 148.3291648,1.9585590e+04
 148.3495992,1.9589002e+04
 148.3700336,1.9589025e+04
 148.3904680,1.9587395e+04
 148.4109025,1.9589311e+04
 148.4313369,1.9591031e+04
 148.4517713,1.9590207e+04
 148.4722058,1.9595264e+04
 148.4926402,1.9587229e+04
 148.5130746,1.9583057e+04
 148.5335090,1.9583395e+04
 148.5539435,1.9584715e+04
 148.5743779,1.9593045e+04
 148.5948123,1.9594840e+04
 148.6152468,1.9592217e+04
 148.6356812,1.9589115e+04
 148.6561156,1.9581549e+04
 148.6765500,1.9595371e+04
 148.6969845,1.9587211e+04
 148.7174188,1.9585084e+04
 148.7378533,1.9584240e+04
 148.7582878,1.9575520e+04
 148.7787222,1.9586424e+04
 148.7991566,1.9587594e+04
 148.8195910,1.9585600e+04
 148.8400255,1.9594037e+04
 148.8604599,1.9584762e+04
 148.8808943,1.9592703e+04
 148.9013288,1.9589732e+04
 148.9217631,1.9587279e+04
 148.9421976,1.9586959e+04
 148.9626320,1.9588150e+04
 148.9830664,1.9588525e+04
 149.0035009,1.9570803e+04
 149.0239353,1.9574924e+04
 149.0443696,1.9588412e+04
 149.0648042,1.9578145e+04
 149.0852386,1.9584869e+04
 149.1056729,1.9583438e+04
 149.1261074,1.9572795e+04
 149.1465419,1.9595842e+04
 149.1669762,1.9575484e+04
 149.1874106,1.9588803e+04
 149.2078452,1.9585787e+04
 149.2282796,1.9577486e+04
 149.2487139,1.9576424e+04
 149.2691484,1.9574197e+04
 149.2895829,1.9576521e+04
 149.3100172,         null
 149.3304516,1.9575090e+04
 149.3508862,1.9584336e+04
 149.3713205,1.9574191e+04
 149.3917549,1.9581699e+04
 149.4121894,1.9584740e+04
 149.4326238,1.9588439e+04
 149.4530582,1.9576367e+04
 149.4734926,1.9574178e+04
 149.4939270,1.9580600e+04
 149.5143615,1.9593812e+04
 149.5347959,1.9574879e+04
 149.5552304,1.9586334e+04
 149.5756648,1.9580215e+04
 149.5960992,1.9579703e+04
 149.6165335,1.9591385e+04
 149.6369680,1.9581373e+04
 149.6574025,1.9592900e+04
 149.6778368,1.9592311e+04
 149.6982712,1.9578930e+04
 149.7187057,1.9586510e+04
 149.7391402,1.9576025e+04
 149.7595745,1.9580670e+04
 149.7800090,1.9582131e+04
 149.8004435,1.9579988e+04
 149.8208778,1.9581535e+04
 149.8413122,1.9578191e+04
 149.8617467,1.9577592e+04
 149.8821812,1.9573553e+04
 149.9026155,1.9573037e+04
 149.9230500,1.9585998e+04
 149.9434844,1.9575123e+04
 149.9639189,1.9561398e+04
 149.9843532,1.9582670e+04
 150.0047877,1.9574031e+04
 150.0252221,1.9584184e+04
 150.0456565,1.9582115e+04
 150.0660910,1.9568314e+04
 150.0865254,1.9584969e+04
 150.1069597,1.9584061e+04
 150.1273942,1.9572844e+04
 150.1478287,1.9580396e+04
 150.1682630,1.9574414e+04
 150.1886974,1.9565594e+04
 150.2091320,1.9573168e+04
 150.2295663,1.9575742e+04
 150.2500007,1.9580154e+04
 150.2704351,1.9576969e+04
 150.2908697,1.9565320e+04
 150.3113040,1.9576580e+04
 150.3317384,1.9581512e+04
 150.3521727,1.9564660e+04
 150.3726073,1.9573861e+04
 150.3930417,1.9582473e+04
 150.4134760,1.9589062e+04
 150.4339105,1.9569627e+04
 150.4543450,1.9567887e+04
 150.4747794,1.9569984e+04
 150.4952137,1.9570896e+04
 150.5156482,1.9563697e+04
 150.5360827,1.9557752e+04
 150.5565170,1.9562146e+04
 150.5769515,1.9567447e+04
 150.5973859,1.9564826e+04
 150.6178203,1.9556895e+04
 150.6382547,1.9557918e+04
 150.6586892,1.9558348e+04
 150.6791235,1.9564043e+04
 150.6995580,1.9571703e+04
 150.7199925,1.9556348e+04
 150.7404269,1.9571242e+04
 150.7608612,1.9552045e+04
 150.7812956,1.9556764e+04
 150.8017302,1.9567984e+04
 150.8221645,1.9554533e+04
 150.8425989,1.9567723e+04
 150.8630334,1.9561273e+04
 150.8834678,1.9556602e+04
 150.9039022,1.9549842e+04
 150.9243366,1.9553637e+04
 150.9447710,1.9552400e+04
 150.9652054,1.9547441e+04
 150.9856399,1.9549570e+04
 151.0060742,1.9553826e+04
 151.0265087,1.9559773e+04
 151.0469431,1.9559355e+04
 151.0673775,1.9551777e+04
 151.0878120,1.9557721e+04
 151.1082464,1.9570260e+04
 151.1286807,1.9545268e+04
 151.1491151,1.9558482e+04
 151.1695497,1.9558438e+04
 151.1899840,1.9561307e+04
 151.2104184,1.9539035e+04
 151.2308529,1.9552506e+04
 151.2512874,1.9549691e+04
 151.2717217,1.9549141e+04
 151.2921561,1.9547223e+04
 151.3125906,1.9539789e+04
 151.3330249,1.9561076e+04
 151.3534594,1.9557699e+04
 151.3738939,1.9558250e+04
 151.3943282,1.9556438e+04
 151.4147626,1.9549826e+04
 151.4351970,1.9553275e+04
 151.4556315,1.9548139e+04
 151.4760659,1.9551908e+04
 151.4965003,1.9546648e+04
 151.5169347,1.9565336e+04
 151.5373691,1.9555836e+04
 151.5578036,1.9562574e+04
 151.5782380,1.9538986e+04
 151.5986725,1.9539621e+04
 151.6191068,1.9544037e+04
 151.6395412,1.9543295e+04
 151.6599757,         null
 151.6804101,1.9550156e+04
 151.7008445,1.9550180e+04
 151.7212789,1.9560439e+04
 151.7417133,1.9557402e+04
 151.7621478,1.9554070e+04
 151.7825822,1.9551104e+04
 151.8030165,1.9550010e+04
 151.8234510,1.9540357e+04
 151.8438854,1.9547268e+04
 151.8643198,1.9543543e+04
 151.8847543,1.9551539e+04
 151.9051887,1.9549764e+04
 151.9256230,1.9542549e+04
 151.9460574,1.9543041e+04
 151.9664919,1.9541748e+04
 151.9869264,1.9544193e+04
 152.0073607,1.9541430e+04
 152.0277952,1.9532062e+04
 152.0482296,1.9554320e+04
 152.0686639,1.9547514e+04
 152.0890984,1.9548057e+04
 152.1095329,1.9533393e+04
 152.1299672,1.9551166e+04
 152.1504016,1.9551682e+04
 152.1708360,1.9547408e+04
 152.1912704,1.9548248e+04
 152.2117049,1.9556131e+04
 152.2321393,1.9541266e+04
 152.2525738,1.9545961e+04
 152.2730081,1.9536520e+04
 152.2934425,         null
 152.3138769,1.9542779e+04
 152.3343114,1.9540764e+04
 152.3547458,1.9542783e+04
 152.3751801,1.9547004e+04
 152.3956146,1.9537695e+04
 152.4160490,1.9554260e+04
 152.4364835,1.9555162e+04
 152.4569178,1.9547320e+04
 152.4773523,1.9543969e+04
 152.4977867,1.9548041e+04
 152.5182210,1.9531287e+04
 152.5386555,1.9540586e+04
 152.5590900,1.9531975e+04
 152.5795243,1.9541613e+04
 152.5999587,1.9544328e+04
 152.6203932,1.9532854e+04
 152.6408275,1.9540055e+04
 152.6612619,         null
 152.6816963,1.9547486e+04
 152.7021308,1.9539150e+04
 152.7225652,1.9530961e+04
 152.7429996,1.9542260e+04
 152.7634341,1.9540240e+04
 152.7838684,1.9543107e+04
 152.8043028,1.9535703e+04
 152.8247372,1.9536529e+04
 152.8451717,1.9548186e+04
 152.8656061,1.9542969e+04
 152.8860404,1.9538918e+04
 152.9064749,1.9546072e+04
 152.9269093,1.9546305e+04
 152.9473437,1.9543314e+04
 152.9677781,1.9542447e+04
 152.9882126,1.9538121e+04
 153.0086470,1.9542381e+04
 153.0290813,1.9538230e+04
 153.0495158,1.9545861e+04
 153.0699502,1.9544939e+04
 153.0903845,1.9550479e+04
 153.1108190,1.9544631e+04
 153.1312535,1.9552834e+04
 153.1516878,1.9532588e+04
 153.1721222,1.9538615e+04
 153.1925566,1.9540027e+04
 153.2129911,1.9542668e+04
 153.2334255,1.9551734e+04
 153.2538599,1.9545506e+04
 153.2742944,1.9544098e+04
 153.2947288,1.9537611e+04
 153.3151631,1.9537752e+04
 153.3355975,1.9547830e+04
 153.3560319,1.9543213e+04
 153.3764663,1.9552416e+04
 153.3969007,1.9553262e+04
 153.4173353,1.9546922e+04
 153.4377697,1.9546918e+04
 153.4582040,1.9562924e+04
 153.4786384,1.9549619e+04
 153.4990729,1.9545492e+04
 153.5195072,1.9552666e+04
 153.5399416,1.9546178e+04
 153.5603761,1.9552199e+04
 153.5808105,1.9546324e+04
 153.6012449,1.9549152e+04
 153.6216793,1.9537219e+04
 153.6421137,1.9543877e+04
 153.6625481,1.9556406e+04
 153.6829825,1.9554588e+04
 153.7034168,1.9541391e+04
 153.7238513,1.9554430e+04
 153.7442857,1.9546611e+04
 153.7647201,1.9544943e+04
 153.7851546,1.9564854e+04
 153.8055890,1.9551389e+04
 153.8260233,1.9551729e+04
 153.8464577,1.9552240e+04
 153.8668922,1.9549225e+04
 153.8873265,1.9555496e+04
 153.9077609,1.9541758e+04
 153.9281954,1.9548826e+04
 153.9486299,1.9541783e+04
 153.9690642,1.9545379e+04
 153.9894986,1.9555121e+04
 154.0099331,1.9555246e+04
 154.0303674,1.9544564e+04
 154.0508018,1.9555588e+04
 154.0712363,1.9562035e+04
 154.0916706,1.9558102e+04
 154.1121050,1.9556568e+04
 154.1325394,1.9553119e+04
 154.1529739,1.9557242e+04
 154.1734083,1.9552824e+04
 154.1938427,1.9552449e+04
 154.2142771,1.9549883e+04
 154.2347115,1.9554273e+04
 154.2551459,1.9562281e+04
 154.2755802,1.9552328e+04
 154.2960147,1.9545365e+04
 154.3164491,1.9550082e+04
 154.3368834,1.9558957e+04
 154.3573178,1.9546900e+04
 154.3777524,1.9547191e+04
 154.3981867,1.9550408e+04
 154.4186211,1.9558223e+04
 154.4390556,1.9559262e+04
 154.4594900,1.9557855e+04
 154.4799243,1.9547604e+04
 154.5003587,1.9562611e+04
 154.5207932,1.9552914e+04
 154.5412275,1.9550057e+04
 154.5616619,1.9549189e+04
 154.5820964,1.9550158e+04
 154.6025307,1.9557133e+04
 154.6229651,1.9552291e+04
 154.6433996,1.9552719e+04
 154.6638340,1.9568188e+04
 154.6842684,1.9564336e+04
 154.7047028,1.9568121e+04
 154.7251373,1.9552668e+04
 154.7455716,1.9555699e+04
 154.7660060,1.9546361e+04
 154.7864404,1.9548805e+04
 154.8068748,1.9556559e+04
 154.8273092,1.9556904e+04
 154.8477435,1.9555275e+04
 154.8681780,1.9558611e+04
 154.8886124,1.9539158e+04
 154.9090468,1.9547041e+04
 154.9294812,1.9557939e+04
 154.9499156,1.9548648e+04
 154.9703501,1.9562508e+04
 154.9907845,1.9552877e+04
 155.0112188,1.9580367e+04
 155.0316533,1.9568240e+04
 155.0520877,1.9573945e+04
 155.0725220,1.9549281e+04
 155.0929565,1.9570014e+04
 155.1133909,1.9572461e+04
 155.1338252,1.9557104e+04
 155.1542596,1.9564660e+04
 155.1746941,1.9558910e+04
 155.1951285,1.9566043e+04
 155.2155628,1.9563600e+04
 155.2359972,1.9564898e+04
 155.2564317,1.9576000e+04
 155.2768660,         null
 155.2973004,1.9566492e+04
 155.3177349,1.9577727e+04
 155.3381692,1.9573461e+04
 155.3586036,1.9585924e+04
 155.3790381,1.9567297e+04
 155.3994725,1.9565658e+04
 155.4199069,1.9570859e+04
 155.4403413,1.9574215e+04
 155.4607758,1.9566166e+04
 155.4812101,1.9588674e+04
 155.5016445,1.9575377e+04
 155.5220788,1.9579869e+04
 155.5425133,1.9572457e+04
 155.5629477,         null
 155.5833820,1.9572395e+04
 155.6038165,1.9589031e+04
 155.6242509,1.9592439e+04
 155.6446853,1.9568547e+04
 155.6651196,1.9581971e+04
 155.6855541,1.9579836e+04
 155.7059885,1.9584119e+04
 155.7264228,1.9585465e+04
 155.7468572,1.9576650e+04
 155.7672917,1.9586475e+04
 155.7877260,1.9574121e+04
 155.8081604,1.9573047e+04
 155.8285949,1.9584443e+04
 155.8490292,1.9596199e+04
 155.8694636,1.9591824e+04
 155.8898980,1.9585043e+04
 155.9103325,1.9574570e+04
 155.9307668,1.9576908e+04
 155.9512012,1.9566484e+04
 155.9716357,1.9576129e+04
 155.9920700,1.9574867e+04
 156.0125044,1.9582172e+04
 156.0329387,1.9586008e+04
 156.0533732,1.9569578e+04
 156.0738076,1.9586037e+04
 156.0942420,1.9593078e+04
 156.1146764,1.9583527e+04
 156.1351108,1.9584178e+04
 156.1555452,1.9582742e+04
 156.1759795,1.9580102e+04
 156.1964140,1.9583182e+04
 156.2168484,1.9595082e+04
 156.2372827,1.9592912e+04
 156.2577171,1.9593541e+04
 156.2781516,1.9592861e+04
 156.2985859,1.9597826e+04
 156.3190203,1.9588273e+04
 156.3394548,1.9591121e+04
 156.3598891,1.9602688e+04
 156.3803235,1.9595451e+04
 156.4007579,1.9594758e+04
 156.4211924,1.9605643e+04
 156.4416267,1.9594139e+04
 156.4620611,1.9597238e+04
 156.4824956,1.9593760e+04
 156.5029299,1.9596879e+04
 156.5233643,1.9590631e+04
 156.5437987,1.9595354e+04
 156.5642331,1.9588994e+04
 156.5846675,1.9594865e+04
 156.6051019,1.9587008e+04
 156.6255363,1.9591512e+04
 156.6459707,1.9587041e+04
 156.6664051,1.9587455e+04
 156.6868395,1.9592221e+04
 156.7072739,1.9577252e+04
 156.7277083,1.9585330e+04
 156.7481427,1.9591211e+04
 156.7685770,1.9587336e+04
 156.7890115,1.9614957e+04
 156.8094459,1.9588930e+04
 156.8298803,1.9591018e+04
 156.8503147,1.9600053e+04
 156.8707491,1.9601070e+04
 156.8911835,1.9595285e+04
 156.9116178,1.9596820e+04
 156.9320523,1.9598377e+04
 156.9524867,1.9597975e+04
 156.9729210,1.9586576e+04
 156.9933555,1.9591932e+04
 157.0137898,1.9603432e+04
 157.0342241,1.9585557e+04
 157.0546585,1.9597912e+04
 157.0750930,1.9588930e+04
 157.0955273,1.9584125e+04
 157.1159617,1.9592422e+04
 157.1363962,1.9596254e+04
 157.1568306,1.9595154e+04
 157.1772649,1.9595697e+04
 157.1976993,1.9604951e+04
 157.2181338,1.9593814e+04
 157.2385681,1.9603414e+04
 157.2590025,1.9602174e+04
 157.2794369,1.9587967e+04
 157.2998713,1.9593068e+04
 157.3203057,1.9599916e+04
 157.3407401,1.9591660e+04
 157.3611745,1.9604457e+04
 157.3816089,1.9600615e+04
 157.4020433,1.9589549e+04
 157.4224775,1.9599273e+04
 157.4429120,1.9588166e+04
 157.4633464,1.9594154e+04
 157.4837807,1.9582023e+04
 157.5042152,1.9599219e+04
 157.5246496,1.9592070e+04
 157.5450839,1.9596910e+04
 157.5655183,1.9604799e+04
 157.5859528,1.9598760e+04
 157.6063871,1.9600477e+04
 157.6268215,1.9601686e+04
 157.6472560,1.9597475e+04
 157.6676904,1.9595328e+04
 157.6881247,1.9587488e+04
 157.7085590,1.9596887e+04
 157.7289935,1.9603008e+04
 157.7494278,1.9582928e+04
 157.7698622,1.9594867e+04
 157.7902967,1.9588404e+04
 157.8107310,1.9600104e+04
 157.8311654,1.9596697e+04
 157.8515998,1.9595342e+04
 157.8720342,1.9598248e+04
 157.8924686,1.9596541e+04
 157.9129030,1.9583352e+04
 157.9333373,1.9585549e+04
 157.9537718,1.9587781e+04
 157.9742061,1.9584754e+04
 157.9946404,1.9589688e+04
 158.0150749,1.9597432e+04
 158.0355093,1.9600086e+04
 158.0559436,1.9587801e+04
 158.0763780,1.9594012e+04
 158.0968125,1.9594084e+04
 158.1172469,1.9591791e+04
 158.1376812,1.9583896e+04
 158.1581157,1.9600426e+04
 158.1785500,1.9590895e+04
 158.1989843,1.9579711e+04
 158.2194187,1.9600289e+04
 158.2398532,1.9587439e+04
 158.2602875,         null
 158.2807219,1.9580424e+04
 158.3011564,1.9588879e+04
 158.3215908,1.9579488e+04
 158.3420251,1.9585105e+04
 158.3624595,1.9591754e+04
 158.3828939,1.9600285e+04
 158.4033283,1.9582713e+04
 158.4237626,1.9581625e+04
 158.4441970,1.9596369e+04
 158.4646315,1.9580236e+04
 158.4850658,1.9592197e+04
 158.5055002,1.9593148e+04
 158.5259347,1.9585727e+04
 158.5463689,1.9582307e+04
 158.5668033,1.9582740e+04
 158.5872377,1.9587451e+04
 158.6076721,1.9577850e+04
 158.6281065,1.9570592e+04
 158.6485409,1.9578025e+04
 158.6689754,1.9582959e+04
 158.6894097,1.9593184e+04
 158.7098441,1.9590713e+04
 158.7302783,1.9581293e+04
 158.7507128,1.9576238e+04
 158.7711472,1.9580893e+04
 158.7915816,1.9585400e+04
 158.8120160,1.9590844e+04
 158.8324504,1.9579227e+04
 158.8528848,1.9590375e+04
 158.8733190,1.9596357e+04
 158.8937535,1.9576771e+04
 158.9141879,1.9581109e+04
 158.9346222,1.9582170e+04
 158.9550567,1.9586141e+04
 158.9754911,1.9586330e+04
 158.9959254,1.9583422e+04
 159.0163597,1.9577652e+04
 159.0367942,1.9577617e+04
 159.0572285,1.9570486e+04
 159.0776629,1.9581092e+04
 159.0980973,1.9560566e+04
 159.1185318,1.9579240e+04
 159.1389661,1.9578393e+04
 159.1594004,1.9585416e+04
 159.1798349,1.9571914e+04
 159.2002692,1.9582744e+04
 159.2207036,1.9590180e+04
 159.2411379,1.9583990e+04
 159.2615724,1.9585277e+04
 159.2820067,1.9581506e+04
 159.3024411,1.9568529e+04
 159.3228755,1.9571133e+04
 159.3433099,1.9581918e+04
 159.3637443,1.9581814e+04
 159.3841786,1.9575352e+04
 159.4046131,1.9577934e+04
 159.4250474,1.9577129e+04
 159.4454817,1.9574539e+04
 159.4659162,1.9566479e+04
 159.4863506,1.9574914e+04
 159.5067849,1.9581008e+04
 159.5272192,1.9566066e+04
 159.5476537,1.9562547e+04
 159.5680880,1.9583596e+04
 159.5885224,1.9572398e+04
 159.6089568,1.9574152e+04
 159.6293913,1.9581953e+04
 159.6498255,1.9577557e+04
 159.6702599,1.9576539e+04
 159.6906944,1.9579148e+04
 159.7111287,1.9568627e+04
 159.7315631,1.9552180e+04
 159.7519975,1.9580383e+04
 159.7724318,1.9573318e+04
 159.7928662,1.9574623e+04
 159.8133006,1.9574414e+04
 159.8337350,1.9569447e+04
 159.8541694,1.9567840e+04
 159.8746037,1.9562418e+04
 159.8950380,1.9559775e+04
 159.9154725,1.9572678e+04
 159.9359069,1.9596637e+04
 159.9563413,1.9568521e+04
 159.9767756,1.9557980e+04
 159.9972100,1.9567553e+04
 160.0176444,1.9560678e+04
 160.0380788,1.9573006e+04
 160.0585132,1.9569598e+04
 160.0789475,1.9567189e+04
 160.0993819,1.9573621e+04
 160.1198162,1.9567391e+04
 160.1402507,1.9574314e+04
 160.1606851,1.9565072e+04
 160.1811193,1.9568824e+04
 160.2015538,1.9564109e+04
 160.2219882,1.9561537e+04
 160.2424225,1.9565963e+04
 160.2628569,1.9590074e+04
 160.2832913,1.9572791e+04
 160.3037256,1.9564752e+04
 160.3241600,1.9570424e+04
 160.3445945,1.9568631e+04
 160.3650288,1.9574076e+04
 160.3854631,1.9568488e+04
 160.4058975,1.9567393e+04
 160.4263320,1.9563301e+04
 160.4467663,1.9568541e+04
 160.4672006,1.9567598e+04
 160.4876351,1.9573439e+04
 160.5080694,1.9570879e+04
 160.5285038,1.9582170e+04
 160.5489381,1.9558219e+04
 160.5693725,1.9575182e+04
 160.5898069,1.9577689e+04
 160.6102413,1.9582646e+04
 160.6306756,1.9563881e+04
 160.6511100,1.9570770e+04
 160.6715444,1.9556627e+04
 160.6919787,1.9561533e+04
 160.7124132,1.9564146e+04
 160.7328475,1.9576145e+04
 160.7532818,1.9569236e+04
 160.7737162,1.9555494e+04
 160.7941507,1.9562652e+04
 160.8145850,1.9560881e+04
 160.8350193,1.9583328e+04
 160.8554538,1.9561863e+04
 160.8758882,1.9574229e+04
 160.8963224,1.9563732e+04
 160.9167568,1.9556332e+04
 160.9371913,1.9569965e+04
 160.9576256,1.9568305e+04
 160.9780599,1.9567080e+04
 160.9984944,1.9570508e+04
 161.0189287,1.9565404e+04
 161.0393631,1.9580855e+04
 161.0597974,1.9564250e+04
 161.0802318,1.9568381e+04
 161.1006662,1.9566562e+04
 161.1211006,1.9577451e+04
 161.1415350,1.9566980e+04
 161.1619693,1.9558035e+04
 161.1824037,1.9576213e+04
 161.2028379,1.9563168e+04
 161.2232724,1.9564916e+04
 161.2437068,         null
 161.2641412,1.9568723e+04
 161.2845754,1.9574330e+04
 161.3050099,1.9572201e+04
 161.3254443,1.9563922e+04
 161.3458786,1.9571301e+04
 161.3663130,1.9566090e+04
 161.3867474,1.9571852e+04
 161.4071817,1.9561098e+04
 161.4276160,1.9574566e+04
 161.4480505,1.9571826e+04
 161.4684848,1.9563264e+04
 161.4889192,1.9564580e+04
 161.5093536,1.9572980e+04
 161.5297879,1.9574449e+04
 161.5502223,1.9575299e+04
 161.5706566,1.9578260e+04
 161.5910911,1.9572490e+04
 161.6115254,1.9571873e+04
 161.6319598,1.9571158e+04
 161.6523942,1.9567146e+04
 161.6728286,1.9574049e+04
 161.6932629,1.9571531e+04
 161.7136972,1.9568791e+04
 161.7341317,1.9575783e+04
 161.7545660,1.9581305e+04
 161.7750004,1.9566719e+04
 161.7954347,1.9585793e+04
 161.8158691,1.9579818e+04
 161.8363035,1.9576090e+04
 161.8567378,1.9569385e+04
 161.8771723,1.9566143e+04
 161.8976066,1.9574719e+04
 161.9180409,1.9576033e+04
 161.9384752,1.9573176e+04
 161.9589097,1.9569602e+04
 161.9793440,1.9582768e+04
 161.9997784,1.9570793e+04
 162.0202128,1.9568715e+04
 162.0406471,1.9579023e+04
 162.0610815,1.9570420e+04
 162.0815158,1.9575479e+04
 162.1019503,1.9578172e+04
 162.1223846,1.9562568e+04
 162.1428189,1.9569398e+04
 162.1632534,1.9570113e+04
 162.1836877,1.9573553e+04
 162.2041220,1.9569857e+04
 162.2245564,1.9582428e+04
 162.2449908,1.9578199e+04
 162.2654251,1.9567535e+04
 162.2858595,1.9571051e+04
 162.3062939,1.9579020e+04
 162.3267283,1.9581764e+04
 162.3471626,1.9566834e+04
 162.3675969,1.9574887e+04
 162.3880314,1.9567121e+04
 162.4084657,1.9583064e+04
 162.4289000,1.9588902e+04
 162.4493343,1.9580025e+04
 162.4697688,1.9574844e+04
 162.4902031,1.9572295e+04
 162.5106369,1.9568973e+04
 162.5310714,1.9581104e+04
 162.5515056,1.9566621e+04
 162.5719400,1.9584412e+04
 162.5923743,1.9572236e+04
 162.6128088,1.9580768e+04
 162.6332431,1.9584857e+04
 162.6536774,1.9576113e+04
 162.6741119,1.9568410e+04
 162.6945462,1.9564143e+04
 162.7149805,1.9590393e+04
 162.7354149,1.9579377e+04
 162.7558493,1.9586451e+04
 162.7762836,1.9571877e+04
 162.7967180,1.9588109e+04
 162.8171524,1.9573201e+04
 162.8375867,1.9577467e+04
 162.8580211,1.9581537e+04
 162.8784553,1.9572094e+04
 162.8988898,1.9574949e+04
 162.9193242,1.9580434e+04
 162.9397584,1.9580396e+04
 162.9601928,1.9574850e+04
 162.9806273,1.9556033e+04
 163.0010615,1.9566287e+04
 163.0214959,1.9550930e+04
 163.0419303,1.9584875e+04
 163.0623647,1.9570779e+04
 163.0827990,1.9577400e+04
 163.1032333,1.9578189e+04
 163.1236678,1.9577770e+04
 163.1441021,1.9580637e+04
 163.1645364,1.9578752e+04
 163.1849709,1.9584652e+04
 163.2054051,1.9572629e+04
 163.2258395,1.9584094e+04
 163.2462739,1.9581098e+04
 163.2667082,1.9578455e+04
 163.2871426,1.9580693e+04
 163.3075769,1.9566293e+04
 163.3280114,1.9576699e+04
 163.3484457,1.9568668e+04
 163.3688800,1.9575932e+04
 163.3893143,1.9580984e+04
 163.4097487,1.9580684e+04
 163.4301831,1.9568986e+04
 163.4506174,1.9577721e+04
 163.4710518,1.9581348e+04
 163.4914862,1.9579402e+04
 163.5119205,1.9569545e+04
 163.5323548,1.9579039e+04
 163.5527893,1.9571744e+04
 163.5732236,1.9574365e+04
 163.5936579,1.9576621e+04
 163.6140922,1.9574236e+04
 163.6345267,1.9575746e+04
 163.6549610,1.9565605e+04
 163.6753953,1.9583059e+04
 163.6958298,1.9579287e+04
 163.7162640,1.9587209e+04
 163.7366984,1.9594361e+04
 163.7571327,1.9579852e+04
 163.7775671,1.9567186e+04
 163.7980015,1.9583164e+04
 163.8184358,1.9581426e+04
 163.8388703,1.9591029e+04
 163.8593045,1.9572512e+04
 163.8797389,1.9588551e+04
 163.9001731,1.9579057e+04
 163.9206076,1.9577814e+04
 163.9410420,1.9586662e+04
 163.9614763,1.9586328e+04
 163.9819107,1.9581924e+04
 164.0023450,1.9591627e+04
 164.0227794,1.9574078e+04
 164.0432136,1.9578654e+04
 164.0636481,1.9580361e+04
 164.0840824,1.9589484e+04
 164.1045168,1.9574857e+04
 164.1249511,1.9595961e+04
 164.1453855,1.9589453e+04
 164.1658198,1.9587465e+04
 164.1862541,1.9594164e+04
 164.2066886,1.9590365e+04
 164.2271229,         null
 164.2475572,1.9583600e+04
 164.2679915,1.9575770e+04
 164.2884259,1.9572621e+04
 164.3088602,1.9589740e+04
 164.3292946,1.9578236e+04
 164.3497291,1.9590752e+04
 164.3701634,1.9572213e+04
 164.3905977,1.9596641e+04
 164.4110320,1.9583434e+04
 164.4314664,1.9584033e+04
 164.4519007,1.9586037e+04
 164.4723351,1.9583957e+04
 164.4927695,1.9586016e+04
 164.5132038,1.9591287e+04
 164.5336381,1.9579889e+04
 164.5540725,1.9583430e+04
 164.5745068,1.9585877e+04
 164.5949412,1.9580736e+04
 164.6153755,1.9575191e+04
 164.6358098,1.9596514e+04
 164.6562443,1.9585359e+04
 164.6766786,1.9595070e+04
 164.6971130,1.9582100e+04
 164.7175473,1.9576807e+04
 164.7379817,1.9582516e+04
 164.7584160,1.9592045e+04
 164.7788503,1.9592104e+04
 164.7992847,1.9596176e+04
 164.8197191,1.9589486e+04
 164.8401533,1.9590236e+04
 164.8605878,1.9585973e+04
 164.8810221,1.9589619e+04
 164.9014564,1.9591730e+04
 164.9218907,1.9592201e+04
 164.9423252,1.9591420e+04
 164.9627594,1.9612389e+04
 164.9831938,1.9582580e+04
