        TIME,  PDCSAP_FLUX
 131.5121324,6.7161279e+03
 131.5325670,6.7117979e+03
 131.5530015,6.7144346e+03
 131.5734359,6.7157109e+03
 131.5938704,6.7040981e+03
 131.6143050,6.7101528e+03
 131.6347394,6.7162554e+03
 131.6551739,6.7132285e+03
 131.6756085,6.7101274e+03
 131.6960430,6.7142568e+03
 131.7164774,6.7119209e+03
 131.7369119,6.7173125e+03
 131.7573465,6.7203188e+03
 131.7777809,6.7213350e+03
 131.7982153,6.7192007e+03
 131.8186499,6.7149502e+03
 131.8390843,6.7125737e+03
 131.8595188,6.7106416e+03
 131.8799533,6.7104526e+03
 131.9003878,6.7161533e+03
 131.9208223,6.7143257e+03
 131.9412568,6.7156973e+03
 131.9616913,6.7129033e+03
 131.9821258,6.7175542e+03
 132.0025603,6.7168774e+03
 132.0229947,6.7155923e+03
 132.0434293,6.7173872e+03
 132.0638638,6.7139487e+03
 132.0842982,6.7088115e+03
 132.1047327,6.7126094e+03
 132.1251673,6.7097412e+03
 132.1456017,6.7136807e+03
 132.1660362,6.7089048e+03
 132.1864708,6.7158613e+03
 132.2069053,6.7073599e+03
 132.2273397,6.7088691e+03
 132.2477742,6.7123560e+03
 132.2682088,6.7134170e+03
 132.2886432,6.7168921e+03
 132.3090777,6.7114336e+03
 132.3295123,6.7171758e+03
 132.3499467,6.7074565e+03
 132.3703811,6.7131958e+03
 132.3908156,6.7134727e+03
 132.4112501,6.7198052e+03
 132.4316846,6.7181772e+03
 132.4521191,6.7111821e+03
 132.4725537,6.7143433e+03
 132.4929881,6.7136577e+03
 132.5134226,6.7152378e+03
 132.5338570,6.7082134e+03
 132.5542916,6.7161523e+03
 132.5747261,6.7151704e+03
 132.5951605,6.7108062e+03
 132.6155951,6.7189072e+03
 132.6360296,6.7147085e+03
 132.6564641,6.7113359e+03
 132.6768985,6.7100620e+03
 132.6973331,6.7098267e+03
 132.7177676,6.7120938e+03
 132.7382020,6.7078564e+03
 132.7586366,6.7193096e+03
 132.7790710,6.7099194e+03
 132.7995054,6.7157075e+03
 132.8199399,6.7119526e+03
 132.8403745,6.7195093e+03
 132.8608089,6.7153857e+03
 132.8812434,6.7131162e+03
 132.9016780,6.7193423e+03
 132.9221124,6.7121118e+03
 132.9425469,6.7063853e+03
 132.9629814,6.7224644e+03
 132.9834160,6.7175522e+03
 133.0038504,6.7185200e+03
 133.0242849,6.7164136e+03
 133.0447194,6.7107222e+03
 133.0651539,6.7169858e+03
 133.0855884,6.7171587e+03
 133.1060229,6.7190088e+03
 133.1264573,6.7178931e+03
 133.1468918,6.7206436e+03
 133.1673263,6.7132266e+03
 133.1877608,6.7188892e+03
 133.2081954,6.7125249e+03
 133.2286298,6.7140269e+03
 133.2490643,6.7155723e+03
 133.2694988,6.7175264e+03
 133.2899333,6.7155083e+03
 133.3103678,6.7131895e+03
 133.3308022,6.7175596e+03
 133.3512368,6.7183584e+03
 133.3716713,6.7162031e+03
 133.3921058,6.7216406e+03
 133.4125403,6.7175952e+03
 133.4329747,6.7110059e+03
 133.4534092,6.7147480e+03
 133.4738436,6.7160669e+03
 133.4942782,6.7147422e+03
 133.5147127,6.7169165e+03
 133.5351471,6.7180576e+03
 133.5555817,6.7238999e+03
 133.5760162,6.7229419e+03
 133.5964506,6.7194990e+03
 133.6168851,6.7212256e+03
 133.6373197,6.7201968e+03
 133.6577542,6.7171353e+03
 133.6781886,6.7140835e+03
 133.6986232,6.7172705e+03
 133.7190576,6.7178711e+03
 133.7394920,6.7171548e+03
 133.7599265,6.7164385e+03
 133.7803611,6.7164434e+03
 133.8007955,6.7239502e+03
 133.8212300,6.7165718e+03
 133.8416645,6.7157378e+03
 133.8620990,6.7183960e+03
 133.8825335,6.7121763e+03
 133.9029680,6.7197036e+03
 133.9234025,6.7124160e+03
 133.9438370,6.7193926e+03
 133.9642714,6.7175947e+03
 133.9847058,6.7214629e+03
 134.0051404,6.7192837e+03
 134.0255749,6.7137690e+03
 134.0460093,6.7182471e+03
 134.0664439,6.7171973e+03
 134.0868784,6.7242202e+03
 134.1073128,6.7157983e+03
 134.1277473,6.7180254e+03
 134.1481819,6.7236533e+03
 134.1686164,6.7186895e+03
 134.1890507,6.7203599e+03
 134.2094853,6.7196597e+03
 134.2299198,6.7134302e+03
 134.2503542,6.7199922e+03
 134.2707887,6.7205947e+03
 134.2912233,6.7159575e+03
 134.3116577,6.7238926e+03
 134.3320922,6.7211548e+03
 134.3525268,6.7186494e+03
 134.3729612,6.7215552e+03
 134.3933957,         null
 134.4138301,6.7241162e+03
 134.4342646,6.7235337e+03
 134.4546991,6.7262432e+03
 134.4751336,6.7209307e+03
 134.4955682,6.7210942e+03
 134.5160026,6.7215479e+03
 134.5364371,6.7232798e+03
 134.5568715,6.7197480e+03
 134.5773061,6.7184209e+03
 134.5977405,6.7269111e+03
 134.6181749,6.7189741e+03
 134.6386094,6.7166738e+03
 134.6590440,6.7209585e+03
 134.6794785,6.7203149e+03
 134.6999130,6.7215620e+03
 134.7203475,6.7219507e+03
 134.7407820,6.7209219e+03
 134.7612164,6.7211152e+03
 134.7816509,6.7206372e+03
 134.8020854,6.7260674e+03
 134.8225199,6.7203857e+03
 134.8429543,6.7237397e+03
 134.8633889,6.7230195e+03
 134.8838234,6.7190356e+03
 134.9042579,6.7232202e+03
 134.9246923,6.7286860e+03
 134.9451269,6.7281084e+03
 134.9655614,6.7235498e+03
 134.9859957,6.7233315e+03
 135.0064303,6.7241514e+03
 135.0268648,6.7339907e+03
 135.0472992,6.7200122e+03
 135.0677337,6.7236279e+03
 135.0881683,6.7231621e+03
 135.1086027,6.7219204e+03
 135.1290372,6.7240352e+03
 135.1494717,6.7302607e+03
 135.1699062,6.7284307e+03
 135.1903406,6.7252305e+03
 135.2107751,6.7266558e+03
 135.2312097,6.7231074e+03
 135.2516441,6.7271274e+03
 135.2720786,6.7241855e+03
 135.2925130,6.7147539e+03
 135.3129475,6.7258735e+03
 135.3333820,6.7240654e+03
 135.3538164,6.7260312e+03
 135.3742510,6.7296323e+03
 135.3946855,6.7205342e+03
 135.4151200,6.7256133e+03
 135.4355544,6.7230337e+03
 135.4559890,6.7269570e+03
 135.4764234,6.7292256e+03
 135.4968578,6.7232656e+03
 135.5172924,6.7200859e+03
 135.5377269,6.7282212e+03
 135.5581613,6.7232573e+03
 135.5785958,6.7329390e+03
 135.5990304,6.7225889e+03
 135.6194647,6.7257866e+03
 135.6398992,6.7296729e+03
 135.6603338,6.7406758e+03
 135.6807683,6.7230415e+03
 135.7012027,6.7275371e+03
 135.7216372,6.7244824e+03
 135.7420718,6.7297676e+03
 135.7625062,6.7292607e+03
 135.7829406,6.7285903e+03
 135.8033752,6.7324233e+03
 135.8238096,6.7329619e+03
 135.8442441,6.7272202e+03
 135.8646786,6.7175327e+03
 135.8851131,6.7270312e+03
 135.9055476,6.7253838e+03
 135.9259820,6.7260957e+03
 135.9464164,6.7309185e+03
 135.9668510,6.7267515e+03
 135.9872855,6.7227046e+03
 136.0077199,6.7215674e+03
 136.0281545,6.7233267e+03
 136.0485889,6.7341387e+03
 136.0690233,6.7270254e+03
 136.0894578,6.7259492e+03
 136.1098924,6.7338179e+03
 136.1303269,6.7223496e+03
 136.1507613,6.7292168e+03
 136.1711959,6.7330654e+03
 136.1916303,6.7286992e+03
 136.2120647,6.7223354e+03
 136.2324992,6.7277939e+03
 136.2529338,6.7262588e+03
 136.2733682,6.7317261e+03
 136.2938027,6.7277749e+03
 136.3142372,6.7336450e+03
 136.3346716,6.7337759e+03
 136.3551061,6.7353208e+03
 136.3755406,6.7317554e+03
 136.3959751,6.7321025e+03
 136.4164096,6.7256431e+03
 136.4368440,6.7344146e+03
 136.4572786,6.7263721e+03
 136.4777130,6.7281123e+03
 136.4981475,6.7259355e+03
 136.5185820,6.7272173e+03
 136.5390165,6.7262544e+03
 136.5594510,6.7337378e+03
 136.5798854,6.7387974e+03
 136.6003199,6.7312812e+03
 136.6207544,6.7345425e+03
 136.6411889,6.7319067e+03
 136.6616234,6.7260103e+03
 136.6820578,6.7302012e+03
 136.7024923,6.7371846e+03
 136.7229268,6.7376865e+03
 136.7433612,6.7299941e+03
 136.7637958,6.7316377e+03
 136.7842303,6.7326216e+03
 136.8046646,6.7329497e+03
 136.8250992,6.7301611e+03
 136.8455337,6.7364355e+03
 136.8659682,6.7306802e+03
 136.8864026,6.7301558e+03
 136.9068372,6.7321128e+03
 136.9272716,6.7333955e+03
 136.9477060,6.7342520e+03
 136.9681406,6.7390781e+03
 136.9885751,6.7336626e+03
 137.0090095,6.7380874e+03
 137.0294439,6.7339785e+03
 137.0498785,6.7391719e+03
 137.0703129,6.7317056e+03
 137.0907474,6.7381104e+03
 137.1111820,6.7299150e+03
 137.1316164,6.7323325e+03
 137.1520508,6.7339409e+03
 137.1724853,6.7330645e+03
 137.1929199,6.7343203e+03
 137.2133543,6.7368428e+03
 137.2337888,6.7313271e+03
 137.2542231,6.7326479e+03
 137.2746577,6.7363687e+03
 137.2950922,6.7310430e+03
 137.3155266,6.7389380e+03
 137.3359612,6.7397412e+03
 137.3563956,6.7409419e+03
 137.3768301,         null
 137.3972645,6.7395186e+03
 137.4176991,6.7289258e+03
 137.4381336,6.7393008e+03
 137.4585679,6.7406821e+03
 137.4790025,6.7383755e+03
 137.4994370,6.7342969e+03
 137.5198714,6.7356113e+03
 137.5403059,6.7382666e+03
 137.5607404,6.7373335e+03
 137.5811748,6.7420161e+03
 137.6016093,6.7362925e+03
 137.6220439,6.7344219e+03
 137.6424784,6.7374097e+03
 137.6629127,6.7349097e+03
 137.6833472,6.7307598e+03
 137.7037818,6.7352075e+03
 137.7242162,6.7326133e+03
 137.7446507,6.7360386e+03
 137.7650852,6.7397446e+03
 137.7855196,6.7362075e+03
 137.8059541,6.7391489e+03
 137.8263885,6.7386157e+03
 137.8468231,6.7341846e+03
 137.8672575,6.7352832e+03
 137.8876920,6.7351509e+03
 137.9081264,6.7388125e+03
 137.9285610,6.7379727e+03
 137.9489954,6.7342900e+03
 137.9694298,6.7450327e+03
 137.9898644,6.7374707e+03
 138.0102989,6.7487285e+03
 138.0307333,6.7376748e+03
 138.0511677,6.7354131e+03
 138.0716023,6.7355762e+03
 138.0920368,6.7438477e+03
 138.1124712,6.7378735e+03
 138.1329057,6.7391797e+03
 138.1533402,6.7374028e+03
 138.1737746,6.7381670e+03
 138.1942091,6.7422837e+03
 138.2146437,6.7422847e+03
 138.2350781,6.7379170e+03
 138.2555125,6.7393979e+03
 138.2759471,6.7404644e+03
 138.2963816,6.7412505e+03
 138.3168159,6.7400356e+03
 138.3372504,6.7364927e+03
 138.3576850,6.7394761e+03
 138.3781195,6.7409985e+03
 138.3985538,6.7363325e+03
 138.4189884,6.7414648e+03
 138.4394229,6.7456157e+03
 138.4598573,6.7320693e+03
 138.4802918,6.7416172e+03
 138.5007263,6.7350957e+03
 138.5211607,6.7346318e+03
 138.5415952,6.7420620e+03
 138.5620297,6.7374082e+03
 138.5824641,6.7396782e+03
 138.6028986,6.7403232e+03
 138.6233331,6.7416987e+03
 138.6437676,6.7394409e+03
 138.6642020,6.7345161e+03
 138.6846365,6.7386646e+03
 138.7050709,6.7421274e+03
 138.7255055,6.7431270e+03
 138.7459399,6.7425967e+03
 138.7663743,6.7368472e+03
 138.7868089,6.7443818e+03
 138.8072434,6.7397969e+03
 138.8276777,6.7414834e+03
 138.8481122,6.7372466e+03
 138.8685468,6.7432563e+03
 138.8889813,6.7433433e+03
 138.9094156,6.7401172e+03
 138.9298502,6.7417075e+03
 138.9502847,6.7374331e+03
 138.9707191,6.7432651e+03
 138.9911535,6.7369062e+03
 139.0115881,6.7365977e+03
 139.0320225,6.7373486e+03
 139.0524570,6.7396172e+03
 139.0728915,6.7420181e+03
 139.0933259,6.7453472e+03
 139.1137604,6.7359741e+03
 139.1341948,6.7345264e+03
 139.1546293,6.7375405e+03
 139.1750638,6.7355718e+03
 139.1954983,6.7386479e+03
 139.2159326,6.7412720e+03
 139.2363672,6.7423315e+03
 139.2568017,6.7473682e+03
 139.2772361,6.7350044e+03
 139.2976706,6.7399951e+03
 139.3181051,6.7386738e+03
 139.3385396,6.7369419e+03
 139.3589740,6.7428594e+03
 139.3794085,6.7389639e+03
 139.3998430,6.7373203e+03
 139.4202774,6.7422456e+03
 139.4407119,6.7345493e+03
 139.4611464,6.7328364e+03
 139.4815808,6.7391675e+03
 139.5020153,6.7407085e+03
 139.5224498,6.7350625e+03
 139.5428842,6.7332314e+03
 139.5633187,6.7341924e+03
 139.5837532,6.7341855e+03
 139.6041876,6.7471792e+03
 139.6246221,6.7426421e+03
 139.6450566,6.7375576e+03
 139.6654911,6.7376875e+03
 139.6859255,6.7388369e+03
 139.7063600,6.7368135e+03
 139.7267944,6.7327090e+03
 139.7472289,6.7372437e+03
 139.7676634,6.7392515e+03
 139.7880979,6.7343003e+03
 139.8085323,6.7446738e+03
 139.8289668,6.7425186e+03
 139.8494013,6.7454434e+03
 139.8698357,6.7370337e+03
 139.8902702,6.7371089e+03
 139.9107047,6.7368843e+03
 139.9311392,6.7436104e+03
 139.9515737,6.7340596e+03
 139.9720081,6.7327188e+03
 139.9924426,6.7422695e+03
 140.0128769,6.7338706e+03
 140.0333115,6.7380117e+03
 140.0537460,6.7390312e+03
 140.0741804,6.7383862e+03
 140.0946149,6.7396865e+03
 140.1150494,6.7363691e+03
 140.1354839,6.7399897e+03
 140.1559182,6.7333428e+03
 140.1763528,6.7303291e+03
 140.1967873,6.7426333e+03
 140.2172216,6.7385786e+03
 140.2376562,6.7399541e+03
 140.2580907,6.7400059e+03
 140.2785250,6.7366309e+03
 140.2989595,6.7382500e+03
 140.3193941,6.7421743e+03
 140.3398284,6.7363091e+03
 140.3602629,         null
 140.3806974,6.7357012e+03
 140.4011320,6.7436885e+03
 140.4215663,6.7388247e+03
 140.4420008,6.7402114e+03
 140.4624354,6.7417441e+03
 140.4828697,6.7364658e+03
 140.5033042,6.7371572e+03
 140.5237386,6.7408862e+03
 140.5441731,6.7389688e+03
 140.5646076,6.7419648e+03
 140.5850421,6.7417974e+03
 140.6054765,6.7371519e+03
 140.6259110,6.7391089e+03
 140.6463455,6.7382803e+03
 140.6667798,6.7345210e+03
 140.6872144,6.7329019e+03
 140.7076489,6.7426963e+03
 140.7280832,6.7305122e+03
 140.7485178,6.7393101e+03
 140.7689523,6.7385063e+03
 140.7893866,6.7369502e+03
 140.8098211,6.7391631e+03
 140.8302557,6.7314756e+03
 140.8506901,6.7365796e+03
 140.8711245,6.7408931e+03
 140.8915590,6.7409048e+03
 140.9119935,6.7353994e+03
 140.9324279,6.7347764e+03
 140.9528624,6.7375537e+03
 140.9732969,6.7356904e+03
 140.9937313,6.7405337e+03
 141.0141658,6.7360215e+03
 141.0346002,6.7428208e+03
 141.0550347,6.7345688e+03
 141.0754692,6.7359331e+03
 141.0959036,6.7333691e+03
 141.1163381,6.7338838e+03
 141.1367726,6.7380234e+03
 141.1572070,6.7411411e+03
 141.1776414,6.7357578e+03
 141.1980759,6.7362866e+03
 141.2185104,6.7343579e+03
 141.2389448,6.7421162e+03
 141.2593793,6.7315811e+03
 141.2798138,6.7385439e+03
 141.3002482,6.7395981e+03
 141.3206826,6.7356221e+03
 141.3411172,6.7401074e+03
 141.3615517,6.7349194e+03
 141.3819860,6.7332310e+03
 141.4024205,6.7416689e+03
 141.4228551,6.7332119e+03
 141.4432895,6.7361460e+03
 141.4637239,6.7405967e+03
 141.4841584,6.7438257e+03
 141.5045929,6.7323989e+03
 141.5250273,6.7423921e+03
 141.5454617,6.7352520e+03
 141.5658962,6.7370645e+03
 141.5863308,6.7387705e+03
 141.6067651,6.7402925e+03
 141.6271997,6.7468198e+03
 141.6476342,6.7399722e+03
 141.6680685,6.7382695e+03
 141.6885030,6.7331162e+03
 141.7089375,6.7405361e+03
 141.7293719,6.7392456e+03
 141.7498064,6.7421011e+03
 141.7702409,6.7371104e+03
 141.7906753,6.7358125e+03
 141.8111097,6.7337979e+03
 141.8315442,6.7357002e+03
 141.8519787,6.7351699e+03
 141.8724131,6.7355771e+03
 141.8928476,6.7342632e+03
 141.9132822,6.7433174e+03
 141.9337165,6.7415679e+03
 141.9541510,6.7349893e+03
 141.9745853,6.7369131e+03
 141.9950199,6.7317856e+03
 142.0154544,6.7370645e+03
 142.0358887,6.7329307e+03
 142.0563232,6.7318057e+03
 142.0767577,6.7363042e+03
 142.0971922,6.7374287e+03
 142.1176266,6.7395151e+03
 142.1380611,6.7279570e+03
 142.1584956,6.7308447e+03
 142.1789300,6.7329658e+03
 142.1993644,6.7360347e+03
 142.2197990,6.7355337e+03
 142.2402333,6.7350513e+03
 142.2606678,6.7371719e+03
 142.2811024,6.7388457e+03
 142.3015367,6.7325908e+03
 142.3219712,6.7348105e+03
 142.3424056,6.7356680e+03
 142.3628402,6.7334678e+03
 142.3832745,6.7353105e+03
 142.4037090,6.7329458e+03
 142.4241436,6.7319346e+03
 142.4445779,6.7349307e+03
 142.4650124,6.7352437e+03
 142.4854467,6.7323091e+03
 142.5058813,6.7364966e+03
 142.5263158,6.7381206e+03
 142.5467502,6.7333335e+03
 142.5671846,6.7354678e+03
 142.5876191,6.7291743e+03
 142.6080536,6.7336699e+03
 142.6284880,6.7386089e+03
 142.6489225,6.7308071e+03
 142.6693570,6.7312495e+03
 142.6897913,6.7303643e+03
 142.7102258,6.7333364e+03
 142.7306603,6.7291597e+03
 142.7510947,6.7315752e+03
 142.7715292,6.7294429e+03
 142.7919637,6.7335044e+03
 142.8123981,6.7221465e+03
 142.8328325,6.7352363e+03
 142.8532670,6.7271528e+03
 142.8737015,6.7349712e+03
 142.8941359,6.7287983e+03
 142.9145704,6.7335161e+03
 142.9350049,6.7282764e+03
 142.9554393,6.7303662e+03
 142.9758737,6.7351626e+03
 142.9963081,6.7319395e+03
 143.0167426,6.7257441e+03
 143.0371771,6.7274399e+03
 143.0576116,6.7324004e+03
 143.0780460,6.7293228e+03
 143.0984805,6.7256064e+03
 143.1189149,6.7245439e+03
 143.1393494,6.7367046e+03
 143.1597838,6.7292305e+03
 143.1802183,6.7323926e+03
 143.2006526,6.7341890e+03
 143.2210871,6.7329131e+03
 143.2415217,6.7299644e+03
 143.2619561,6.7294575e+03
 143.2823906,6.7298062e+03
 143.3028250,6.7352041e+03
 143.3232595,6.7292700e+03
 143.3436939,         null
 143.3641283,6.7339932e+03
 143.3845628,6.7272383e+03
 143.4049973,6.7335503e+03
 143.4254316,6.7301304e+03
 143.4458662,6.7309702e+03
 143.4663007,6.7296099e+03
 143.4867350,6.7282651e+03
 143.5071695,6.7314595e+03
 143.5276040,6.7271064e+03
 143.5480385,6.7254307e+03
 143.5684728,6.7298457e+03
 143.5889074,6.7300381e+03
 143.6093418,6.7281299e+03
 143.6297762,6.7288428e+03
 143.6502106,6.7304648e+03
 143.6706452,6.7338994e+03
 143.6910795,6.7294302e+03
 143.7115140,6.7262949e+03
 143.7319484,6.7289521e+03
 143.7523829,6.7247051e+03
 143.7728174,6.7295376e+03
 143.7932518,6.7323945e+03
 143.8136863,6.7255264e+03
 143.8341207,6.7380850e+03
 143.8545552,6.7254268e+03
 143.8749895,6.7313965e+03
 143.8954241,6.7254233e+03
 143.9158585,6.7312920e+03
 143.9362929,6.7285093e+03
 143.9567274,6.7363721e+03
 143.9771619,6.7283608e+03
 143.9975962,6.7327378e+03
 144.0180307,6.7317769e+03
 144.0384652,6.7257310e+03
 144.0588997,6.7260483e+03
 144.0793340,6.7307549e+03
 144.0997686,6.7312153e+03
 144.1202030,6.7303823e+03
 144.1406374,6.7262251e+03
 144.1610718,6.7293984e+03
 144.1815064,6.7261104e+03
 144.2019407,6.7292251e+03
 144.2223752,6.7499946e+03
 144.2428097,6.7302954e+03
 144.2632441,6.7313208e+03
 144.2836785,6.7308213e+03
 144.3041130,6.7318467e+03
 144.3245474,6.7248013e+03
 144.3449819,6.7272783e+03
 144.3654163,6.7281016e+03
 144.3858507,6.7238911e+03
 144.4062852,6.7289233e+03
 144.4267197,6.7275625e+03
 144.4471540,6.7350303e+03
 144.4675886,6.7322827e+03
 144.4880230,6.7293330e+03
 144.5084574,6.7263198e+03
 144.5288918,6.7251069e+03
 144.5493264,6.7251050e+03
 144.5697608,6.7124766e+03
 144.5901952,6.7196191e+03
 144.6106297,6.7138706e+03
 144.6310642,6.7147979e+03
 144.6514985,6.7153193e+03
 144.6719330,6.7181001e+03
 144.6923675,6.7208716e+03
 144.7128019,6.7275327e+03
 144.7332363,6.7271729e+03
 144.7536709,6.7267769e+03
 144.7741052,6.7282485e+03
 144.7945396,6.7312437e+03
 144.8149741,6.7218823e+03
 144.8354086,6.7238530e+03
 144.8558430,6.7378628e+03
 144.8762774,6.7288125e+03
 144.8967119,6.7390972e+03
 144.9171463,6.7256387e+03
 144.9375808,6.7306353e+03
 144.9580152,6.7265200e+03
 144.9784498,6.7238501e+03
 144.9988841,6.7278530e+03
 145.0193186,6.7279521e+03
 145.0397530,6.7262471e+03
 145.0601874,6.7242212e+03
 145.0806219,6.7240044e+03
 145.1010563,6.7327588e+03
 145.1214909,6.7237407e+03
 145.1419252,6.7275977e+03
 145.1623597,6.7291553e+03
 145.1827940,6.7227944e+03
 145.2032286,6.7299048e+03
 145.2236630,6.7251157e+03
 145.2440974,6.7245981e+03
 145.2645319,6.7211831e+03
 145.2849663,6.7291885e+03
 145.3054008,6.7250024e+03
 145.3258351,6.7240215e+03
 145.3462697,6.7271748e+03
 145.3667041,6.7285146e+03
 145.3871385,6.7320566e+03
 145.4075730,6.7317593e+03
 145.4280075,6.7303691e+03
 145.4484418,6.7331846e+03
 145.4688762,6.7260864e+03
 145.4893108,6.7290967e+03
 145.5097451,6.7328086e+03
 145.5301796,6.7243232e+03
 145.5506140,6.7236626e+03
 145.5710486,6.7294727e+03
 145.5914829,6.7287383e+03
 145.6119173,6.7223086e+03
 145.6323519,6.7265493e+03
 145.6527862,6.7302993e+03
 145.6732207,6.7223506e+03
 145.6936550,6.7288867e+03
 145.7140896,6.7230015e+03
 145.7345240,6.7346235e+03
 145.7549584,6.7330381e+03
 145.7753929,6.7246509e+03
 145.7958273,6.7224238e+03
 145.8162618,6.7335176e+03
 145.8366961,6.7164487e+03
 145.8571307,6.7246025e+03
 145.8775651,6.7281709e+03
 145.8979994,6.7297446e+03
 145.9184340,6.7338301e+03
 145.9388684,6.7295996e+03
 145.9593028,6.7273647e+03
 145.9797372,6.7263628e+03
 146.0001717,6.7260869e+03
 146.0206062,6.7231646e+03
 146.0410405,6.7278271e+03
 146.0614751,6.7361489e+03
 146.0819095,6.7272910e+03
 146.1023438,6.7197778e+03
 146.1227783,6.7329268e+03
 146.1432128,6.7266064e+03
 146.1636472,6.7237676e+03
 146.1840816,6.7247866e+03
 146.2045160,6.7271362e+03
 146.2249505,6.7308462e+03
 146.2453849,6.7317441e+03
 146.2658194,6.7298320e+03
 146.2862538,6.7282725e+03
 146.3066882,6.7280918e+03
 146.3271227,         null
 146.3475570,6.7237559e+03
 146.3679916,6.7293496e+03
 146.3884260,6.7283862e+03
 146.4088603,6.7346030e+03
 146.4292949,6.7320586e+03
 146.4497293,6.7238862e+03
 146.4701636,6.7270713e+03
 146.4905982,6.7328296e+03
 146.5110326,6.7275293e+03
 146.5314671,6.7292119e+03
 146.5519014,6.7293315e+03
 146.5723359,6.7281211e+03
 146.5927704,6.7268203e+03
 146.6132048,6.7289189e+03
 146.6336391,6.7298228e+03
 146.6540737,6.7245752e+03
 146.6745081,6.7367051e+03
 146.6949425,6.7305078e+03
 146.7153770,6.7337466e+03
 146.7358114,6.7255308e+03
 146.7562459,6.7252271e+03
 146.7766802,6.7294648e+03
 146.7971147,6.7296025e+03
 146.8175492,6.7264004e+03
 146.8379835,6.7376685e+03
 146.8584179,6.7256650e+03
 146.8788525,6.7304927e+03
 146.8992868,6.7293286e+03
 146.9197213,6.7298105e+03
 146.9401558,6.7292349e+03
 146.9605901,6.7306367e+03
 146.9810246,6.7266113e+03
 147.0014590,6.7260859e+03
 147.0218934,6.7272666e+03
 147.0423279,6.7329097e+03
 147.0627623,6.7275737e+03
 147.0831968,6.7300454e+03
 147.1036312,6.7343789e+03
 147.1240656,6.7299873e+03
 147.1444999,6.7259648e+03
 147.1649345,6.7305513e+03
 147.1853689,6.7274189e+03
 147.2058032,6.7289390e+03
 147.2262378,6.7280977e+03
 147.2466722,6.7241606e+03
 147.2671066,6.7235171e+03
 147.2875410,6.7254058e+03
 147.3079755,6.7315381e+03
 147.3284099,6.7275889e+03
 147.3488443,6.7360688e+03
 147.3692787,6.7329766e+03
 147.3897132,6.7344116e+03
 147.4101476,6.7260269e+03
 147.4305820,6.7241226e+03
 147.4510165,6.7310903e+03
 147.4714509,6.7256895e+03
 147.4918853,6.7340435e+03
 147.5123197,6.7297212e+03
 147.5327543,6.7314946e+03
 147.5531886,6.7289683e+03
 147.5736230,6.7275137e+03
 147.5940576,6.7339526e+03
 147.6144919,6.7312021e+03
 147.6349263,6.7284312e+03
 147.6553606,6.7380166e+03
 147.6757952,6.7293091e+03
 147.6962296,6.7351196e+03
 147.7166639,6.7296821e+03
 147.7370985,6.7352471e+03
 147.7575329,6.7336104e+03
 147.7779673,6.7301313e+03
 147.7984017,6.7311748e+03
 147.8188362,6.7295776e+03
 147.8392706,6.7370820e+03
 147.8597050,6.7282178e+03
 147.8801394,6.7345000e+03
 147.9005739,         null
 147.9210082,6.7373965e+03
 147.9414427,6.7337871e+03
 147.9618772,6.7335620e+03
 147.9823115,6.7335117e+03
 148.0027460,6.7346436e+03
 148.0231804,6.7283452e+03
 148.0436149,6.7317217e+03
 148.0640492,6.7313301e+03
 148.0844837,6.7279834e+03
 148.1049182,6.7289956e+03
 148.1253525,6.7350820e+03
 148.1457870,6.7292871e+03
 148.1662214,6.7311812e+03
 148.1866558,6.7313774e+03
 148.2070902,6.7349097e+03
 148.2275247,6.7327012e+03
 148.2479592,6.7333594e+03
 148.2683935,6.7337568e+03
 148.2888280,6.7298984e+03
 148.3092624,6.7277808e+03
 148.3296968,6.7329722e+03
 148.3501312,6.7328208e+03
 148.3705657,6.7350361e+03
 148.3910000,6.7274419e+03
 148.4114345,6.7385283e+03
 148.4318689,6.7384785e+03
 148.4523034,6.7377764e+03
 148.4727378,6.7313618e+03
 148.4931722,6.7347812e+03
 148.5136066,6.7340449e+03
 148.5340410,6.7268179e+03
 148.5544755,6.7373335e+03
 148.5749099,6.7419692e+03
 148.5953443,6.7393101e+03
 148.6157788,6.7378438e+03
 148.6362132,6.7333159e+03
 148.6566475,6.7338423e+03
 148.6770820,6.7282329e+03
 148.6975165,6.7354258e+03
 148.7179508,6.7415371e+03
 148.7383852,6.7345522e+03
 148.7588198,6.7354551e+03
 148.7792542,6.7301011e+03
 148.7996885,6.7377036e+03
 148.8201229,6.7361445e+03
 148.8405574,6.7358174e+03
 148.8609918,6.7341216e+03
 148.8814262,6.7333115e+03
 148.9018607,6.7343931e+03
 148.9222950,6.7285146e+03
 148.9427295,6.7359824e+03
 148.9631639,6.7394399e+03
 148.9835983,6.7354644e+03
 149.0040327,6.7357378e+03
 149.0244672,6.7331987e+03
 149.0449015,6.7407749e+03
 149.0653360,6.7336265e+03
 149.0857704,6.7396704e+03
 149.1062048,6.7409502e+03
 149.1266393,6.7381792e+03
 149.1470737,6.7397993e+03
 149.1675080,6.7398867e+03
 149.1879424,6.7402900e+03
 149.2083770,6.7381323e+03
 149.2288114,6.7403745e+03
 149.2492457,6.7342339e+03
 149.2696802,6.7336880e+03
 149.2901146,6.7317402e+03
 149.3105490,         null
 149.3309834,6.7382354e+03
 149.3514179,6.7358936e+03
 149.3718522,6.7356240e+03
 149.3922867,6.7449766e+03
 149.4127212,6.7394897e+03
 149.4331555,6.7378457e+03
 149.4535899,6.7339634e+03
 149.4740243,6.7332798e+03
 149.4944588,6.7446011e+03
 149.5148932,6.7397427e+03
 149.5353276,6.7378271e+03
 149.5557621,6.7383188e+03
 149.5761964,6.7427886e+03
 149.5966308,6.7363950e+03
 149.6170652,6.7373530e+03
 149.6374997,6.7322266e+03
 149.6579341,6.7396528e+03
 149.6783684,6.7416870e+03
 149.6988028,6.7346694e+03
 149.7192374,6.7358081e+03
 149.7396718,6.7355146e+03
 149.7601061,6.7404639e+03
 149.7805406,6.7453438e+03
 149.8009750,6.7396890e+03
 149.8214094,6.7378804e+03
 149.8418438,6.7384561e+03
 149.8622783,6.7455015e+03
 149.8827127,6.7361963e+03
 149.9031470,6.7334805e+03
 149.9235815,6.7383135e+03
 149.9440160,6.7437886e+03
 149.9644504,6.7410269e+03
 149.9848847,6.7405171e+03
 150.0053192,6.7407241e+03
 150.0257536,6.7386660e+03
 150.0461879,6.7397114e+03
 150.0666225,6.7352432e+03
 150.0870569,6.7396392e+03
 150.1074912,6.7378481e+03
 150.1279256,6.7456948e+03
 150.1483601,6.7373105e+03
 150.1687944,6.7379370e+03
 150.1892289,6.7422886e+03
 150.2096634,6.7347930e+03
 150.2300977,6.7411465e+03
 150.2505321,6.7398486e+03
 150.2709665,6.7417686e+03
 150.2914010,6.7385176e+03
 150.3118353,6.7361113e+03
 150.3322698,6.7425254e+03
 150.3527041,6.7463037e+03
 150.3731386,6.7384541e+03
 150.3935730,6.7489204e+03
 150.4140073,6.7444473e+03
 150.4344418,6.7378740e+03
 150.4548762,6.7412710e+03
 150.4753107,6.7415986e+03
 150.4957450,6.7361001e+03
 150.5161795,6.7337681e+03
 150.5366139,6.7397236e+03
 150.5570482,6.7461885e+03
 150.5774827,6.7386470e+03
 150.5979171,6.7427847e+03
 150.6183514,6.7426475e+03
 150.6387859,6.7364634e+03
 150.6592204,6.7465234e+03
 150.6796547,6.7440020e+03
 150.7000891,6.7508159e+03
 150.7205236,6.7435781e+03
 150.7409580,6.7418745e+03
 150.7613923,6.7335278e+03
 150.7818267,6.7391060e+03
 150.8022613,6.7403491e+03
 150.8226956,6.7390903e+03
 150.8431300,6.7397388e+03
 150.8635645,6.7403486e+03
 150.8839988,6.7476650e+03
 150.9044332,6.7449336e+03
 150.9248676,6.7346841e+03
 150.9453020,6.7407466e+03
 150.9657364,6.7365376e+03
 150.9861709,6.7488472e+03
 151.0066052,6.7389814e+03
 151.0270397,6.7396743e+03
 151.0474741,6.7421562e+03
 151.0679084,6.7414087e+03
 151.0883429,6.7381426e+03
 151.1087773,6.7438477e+03
 151.1292116,6.7384351e+03
 151.1496460,6.7355977e+03
 151.1700805,6.7404722e+03
 151.1905149,6.7412617e+03
 151.2109493,6.7383037e+03
 151.2313838,6.7455469e+03
 151.2518182,6.7396963e+03
 151.2722525,6.7453779e+03
 151.2926869,6.7410664e+03
 151.3131214,6.7421782e+03
 151.3335557,6.7403438e+03
 151.3539901,6.7455327e+03
 151.3744246,6.7471680e+03
 151.3948589,6.7497891e+03
 151.4152933,6.7459565e+03
 151.4357277,6.7386475e+03
 151.4561622,6.7433281e+03
 151.4765966,6.7428423e+03
 151.4970310,6.7421631e+03
 151.5174654,6.7491865e+03
 151.5378998,6.7473022e+03
 151.5583342,6.7460371e+03
 151.5787686,6.7438643e+03
 151.5992031,6.7443965e+03
 151.6196374,6.7407368e+03
 151.6400718,6.7400601e+03
 151.6605062,         null
 151.6809406,6.7388364e+03
 151.7013750,6.7495884e+03
 151.7218094,6.7493564e+03
 151.7422438,6.7449937e+03
 151.7626782,6.7440938e+03
 151.7831127,6.7469766e+03
 151.8035470,6.7512744e+03
 151.8239815,6.7414702e+03
 151.8444159,6.7386787e+03
 151.8648502,6.7458237e+03
 151.8852847,6.7351367e+03
 151.9057191,6.7405752e+03
 151.9261534,6.7419463e+03
 151.9465878,6.7439189e+03
 151.9670223,6.7445562e+03
 151.9874567,6.7423477e+03
 152.0078910,6.7430806e+03
 152.0283255,6.7408198e+03
 152.0487599,6.7406401e+03
 152.0691942,6.7464717e+03
 152.0896286,6.7436152e+03
 152.1100631,6.7459707e+03
 152.1304974,6.7416172e+03
 152.1509318,6.7422051e+03
 152.1713662,6.7459521e+03
 152.1918006,6.7435029e+03
 152.2122350,6.7420190e+03
 152.2326694,6.7387666e+03
 152.2531039,6.7423447e+03
 152.2735382,6.7426406e+03
 152.2939726,         null
 152.3144069,6.7386265e+03
 152.3348414,6.7404668e+03
 152.3552758,6.7435361e+03
 152.3757101,6.7401870e+03
 152.3961446,6.7431680e+03
 152.4165790,6.7414819e+03
 152.4370134,6.7385850e+03
 152.4574477,6.7387070e+03
 152.4778822,6.7382642e+03
 152.4983166,6.7423857e+03
 152.5187509,6.7436724e+03
 152.5391854,6.7446260e+03
 152.5596198,6.7440532e+03
 152.5800541,6.7429038e+03
 152.6004885,6.7365400e+03
 152.6209230,6.7483789e+03
 152.6413573,6.7469575e+03
 152.6617917,         null
 152.6822261,6.7467896e+03
 152.7026605,6.7434829e+03
 152.7230949,6.7444727e+03
 152.7435293,6.7504873e+03
 152.7639638,6.7409927e+03
 152.7843981,6.7419639e+03
 152.8048325,6.7400312e+03
 152.8252668,6.7377715e+03
 152.8457013,6.7441938e+03
 152.8661357,6.7397266e+03
 152.8865700,6.7467939e+03
 152.9070045,6.7417471e+03
 152.9274389,6.7392998e+03
 152.9478733,6.7361421e+03
 152.9683076,6.7453291e+03
 152.9887421,6.7397734e+03
 153.0091765,6.7413809e+03
 153.0296108,6.7485864e+03
 153.0500453,6.7411582e+03
 153.0704797,6.7404722e+03
 153.0909140,6.7396152e+03
 153.1113484,6.7452510e+03
 153.1317829,6.7384751e+03
 153.1522172,6.7441904e+03
 153.1726516,6.7480093e+03
 153.1930860,6.7439185e+03
 153.2135205,6.7347007e+03
 153.2339548,6.7460439e+03
 153.2543891,6.7483291e+03
 153.2748236,6.7421934e+03
 153.2952580,6.7441294e+03
 153.3156923,6.7416880e+03
 153.3361267,6.7407666e+03
 153.3565611,6.7422026e+03
 153.3769955,6.7411987e+03
 153.3974299,6.7474229e+03
 153.4178644,6.7363760e+03
 153.4382988,6.7424258e+03
 153.4587331,6.7405977e+03
 153.4791675,6.7480073e+03
 153.4996020,6.7350361e+03
 153.5200363,6.7459258e+03
 153.5404707,6.7336006e+03
 153.5609051,6.7443755e+03
 153.5813394,6.7433057e+03
 153.6017738,6.7396426e+03
 153.6222082,6.7358936e+03
 153.6426426,6.7375015e+03
 153.6630770,6.7381821e+03
 153.6835114,6.7462627e+03
 153.7039457,6.7391748e+03
 153.7243802,6.7407847e+03
 153.7448146,6.7362231e+03
 153.7652489,6.7442754e+03
 153.7856834,6.7430859e+03
 153.8061177,6.7437026e+03
 153.8265520,6.7450527e+03
 153.8469864,6.7365752e+03
 153.8674209,6.7384653e+03
 153.8878552,6.7397012e+03
 153.9082896,6.7387500e+03
 153.9287241,6.7364917e+03
 153.9491585,6.7396963e+03
 153.9695928,6.7340210e+03
 153.9900272,6.7411294e+03
 154.0104616,6.7436382e+03
 154.0308959,6.7433184e+03
 154.0513303,6.7390596e+03
 154.0717648,6.7426157e+03
 154.0921991,6.7456650e+03
 154.1126335,6.7399604e+03
 154.1330679,6.7393828e+03
 154.1535023,6.7436650e+03
 154.1739367,6.7408804e+03
 154.1943710,6.7365591e+03
 154.2148054,6.7363906e+03
 154.2352398,6.7378130e+03
 154.2556742,6.7468936e+03
 154.2761085,6.7400010e+03
 154.2965430,6.7356953e+03
 154.3169774,6.7370142e+03
 154.3374117,6.7453896e+03
 154.3578460,6.7379229e+03
 154.3782805,6.7388008e+03
 154.3987148,6.7371963e+03
 154.4191492,6.7444800e+03
 154.4395837,6.7433037e+03
 154.4600181,6.7385195e+03
 154.4804524,6.7399111e+03
 154.5008867,6.7418369e+03
 154.5213212,6.7410190e+03
 154.5417555,6.7365503e+03
 154.5621899,6.7499214e+03
 154.5826244,6.7460254e+03
 154.6030587,6.7433018e+03
 154.6234931,6.7423408e+03
 154.6439274,6.7441265e+03
 154.6643618,6.7366602e+03
 154.6847962,6.7400947e+03
 154.7052306,6.7375269e+03
 154.7256651,6.7402144e+03
 154.7460994,6.7435859e+03
 154.7665337,6.7388682e+03
 154.7869681,6.7478608e+03
 154.8074025,6.7374771e+03
 154.8278369,6.7371685e+03
 154.8482712,6.7444614e+03
 154.8687057,6.7407563e+03
 154.8891400,6.7405469e+03
 154.9095744,6.7476021e+03
 154.9300088,6.7487505e+03
 154.9504432,6.7415771e+03
 154.9708776,6.7479409e+03
 154.9913120,6.7442568e+03
 155.0117462,6.7432275e+03
 155.0321807,6.7454922e+03
 155.0526151,6.7336934e+03
 155.0730494,6.7446948e+03
 155.0934839,6.7357842e+03
 155.1139182,6.7415693e+03
 155.1343525,6.7372334e+03
 155.1547869,6.7392251e+03
 155.1752214,6.7437397e+03
 155.1956558,6.7386851e+03
 155.2160901,6.7368750e+03
 155.2365244,6.7396318e+03
 155.2569589,6.7364097e+03
 155.2773932,         null
 155.2978276,6.7453960e+03
 155.3182621,6.7428867e+03
 155.3386963,6.7396772e+03
 155.3591307,6.7362954e+03
 155.3795651,6.7424146e+03
 155.3999995,6.7401294e+03
 155.4204338,6.7345513e+03
 155.4408682,6.7458003e+03
 155.4613027,6.7453579e+03
 155.4817370,6.7440664e+03
 155.5021714,6.7401997e+03
 155.5226056,6.7380444e+03
 155.5430401,6.7359194e+03
 155.5634745,         null
 155.5839088,6.7453613e+03
 155.6043433,6.7401641e+03
 155.6247776,6.7377651e+03
 155.6452120,6.7370151e+03
 155.6656463,6.7413491e+03
 155.6860808,6.7395410e+03
 155.7065151,6.7439453e+03
 155.7269494,6.7381362e+03
 155.7473838,6.7387188e+03
 155.7678183,6.7355811e+03
 155.7882525,6.7397812e+03
 155.8086869,6.7381001e+03
 155.8291214,6.7396016e+03
 155.8495557,6.7379971e+03
 155.8699900,6.7378164e+03
 155.8904244,6.7432383e+03
 155.9108589,6.7397720e+03
 155.9312932,6.7362451e+03
 155.9517275,6.7489092e+03
 155.9721620,6.7397617e+03
 155.9925963,6.7380967e+03
 156.0130307,6.7383511e+03
 156.0334649,6.7408203e+03
 156.0538994,6.7416553e+03
 156.0743338,6.7376494e+03
 156.0947682,6.7450220e+03
 156.1152025,6.7407373e+03
 156.1356369,6.7348521e+03
 156.1560713,6.7432847e+03
 156.1765056,6.7331890e+03
 156.1969400,6.7401733e+03
 156.2173744,6.7453022e+03
 156.2378087,6.7381123e+03
 156.2582431,6.7389233e+03
 156.2786775,6.7388413e+03
 156.2991118,6.7393296e+03
 156.3195462,6.7361719e+03
 156.3399806,6.7348218e+03
 156.3604149,6.7400381e+03
 156.3808493,6.7393477e+03
 156.4012837,6.7409404e+03
 156.4217181,6.7434316e+03
 156.4421524,6.7353970e+03
 156.4625868,6.7336694e+03
 156.4830212,6.7386279e+03
 156.5034555,6.7396558e+03
 156.5238899,6.7400591e+03
 156.5443243,6.7424258e+03
 156.5647586,6.7422368e+03
 156.5851930,6.7410781e+03
 156.6056274,6.7422788e+03
 156.6260617,6.7436680e+03
 156.6464961,6.7443237e+03
 156.6669305,6.7407925e+03
 156.6873648,6.7360493e+03
 156.7077992,6.7391851e+03
 156.7282336,6.7375630e+03
 156.7486679,6.7399463e+03
 156.7691022,6.7445947e+03
 156.7895367,6.7392905e+03
 156.8099711,6.7379404e+03
 156.8304054,6.7331577e+03
 156.8508398,6.7377275e+03
 156.8712742,6.7367686e+03
 156.8917085,6.7356616e+03
 156.9121428,6.7384785e+03
 156.9325773,6.7396572e+03
 156.9530116,6.7356157e+03
 156.9734459,6.7438564e+03
 156.9938804,6.7354575e+03
 157.0143147,6.7393721e+03
 157.0347490,6.7418042e+03
 157.0551834,6.7398452e+03
 157.0756178,6.7404297e+03
 157.0960521,6.7392285e+03
 157.1164865,6.7349141e+03
 157.1369209,6.7374175e+03
 157.1573553,6.7420801e+03
 157.1777896,6.7315645e+03
 157.1982239,6.7377451e+03
 157.2186584,6.7399272e+03
 157.2390926,6.7315273e+03
 157.2595270,6.7344927e+03
 157.2799614,6.7392334e+03
 157.3003957,6.7363413e+03
 157.3208301,6.7306948e+03
 157.3412645,6.7397295e+03
 157.3616988,6.7366270e+03
 157.3821332,6.7384463e+03
 157.4025676,6.7304819e+03
 157.4230018,6.7302510e+03
 157.4434363,6.7343105e+03
 157.4638707,6.7408091e+03
 157.4843049,6.7322593e+03
 157.5047394,6.7392607e+03
 157.5251737,6.7386973e+03
 157.5456080,6.7331812e+03
 157.5660424,6.7311221e+03
 157.5864768,6.7357310e+03
 157.6069111,6.7379092e+03
 157.6273455,6.7310903e+03
 157.6477799,6.7354771e+03
 157.6682143,6.7408906e+03
 157.6886485,6.7310474e+03
 157.7090829,6.7355630e+03
 157.7295174,6.7287236e+03
 157.7499516,6.7369561e+03
 157.7703860,6.7301372e+03
 157.7908204,6.7360518e+03
 157.8112547,6.7361362e+03
 157.8316891,6.7349912e+03
 157.8521234,6.7346284e+03
 157.8725578,6.7381357e+03
 157.8929921,6.7342783e+03
 157.9134265,6.7322134e+03
 157.9338608,6.7355273e+03
 157.9542952,6.7307383e+03
 157.9747296,6.7333521e+03
 157.9951638,6.7355410e+03
 158.0155983,6.7253218e+03
 158.0360327,6.7355571e+03
 158.0564669,6.7333286e+03
 158.0769013,6.7381631e+03
 158.0973357,6.7318989e+03
 158.1177701,6.7330337e+03
 158.1382043,6.7345332e+03
 158.1586388,6.7345762e+03
 158.1790732,6.7331328e+03
 158.1995074,6.7321738e+03
 158.2199418,6.7363481e+03
 158.2403762,6.7349512e+03
 158.2608105,         null
 158.2812448,6.7368184e+03
 158.3016793,6.7309839e+03
 158.3221137,6.7294058e+03
 158.3425479,6.7362505e+03
 158.3629823,6.7402422e+03
 158.3834167,6.7353794e+03
 158.4038511,6.7358887e+03
 158.4242853,6.7311899e+03
 158.4447197,6.7327080e+03
 158.4651541,6.7246069e+03
 158.4855884,6.7319805e+03
 158.5060228,6.7345811e+03
 158.5264572,6.7338813e+03
 158.5468915,6.7337256e+03
 158.5673258,6.7277607e+03
 158.5877602,6.7293345e+03
 158.6081945,6.7328975e+03
 158.6286289,6.7354277e+03
 158.6490632,6.7301958e+03
 158.6694977,6.7298052e+03
 158.6899319,6.7282563e+03
 158.7103663,6.7287402e+03
 158.7308005,6.7281567e+03
 158.7512350,6.7355488e+03
 158.7716694,6.7350312e+03
 158.7921037,6.7283467e+03
 158.8125381,6.7259316e+03
 158.8329724,6.7222197e+03
 158.8534068,6.7341455e+03
 158.8738410,6.7314199e+03
 158.8942755,6.7289961e+03
 158.9147098,6.7269443e+03
 158.9351441,6.7300762e+03
 158.9555785,6.7324541e+03
 158.9760129,6.7330962e+03
 158.9964471,6.7369541e+03
 159.0168815,6.7291685e+03
 159.0373159,6.7335742e+03
 159.0577502,6.7303555e+03
 159.0781845,6.7350649e+03
 159.0986189,6.7289878e+03
 159.1190533,6.7275894e+03
 159.1394876,6.7337056e+03
 159.1599219,6.7328174e+03
 159.1803564,6.7303838e+03
 159.2007906,6.7283086e+03
 159.2212250,6.7273877e+03
 159.2416592,6.7348530e+03
 159.2620937,6.7280825e+03
 159.2825280,6.7310669e+03
 159.3029624,6.7335708e+03
 159.3233967,6.7281353e+03
 159.3438311,6.7248110e+03
 159.3642654,6.7423848e+03
 159.3846997,6.7210508e+03
 159.4051341,6.7278892e+03
 159.4255684,6.7225781e+03
 159.4460027,6.7239805e+03
 159.4664371,6.7334146e+03
 159.4868715,6.7319165e+03
 159.5073057,6.7283301e+03
 159.5277401,6.7272544e+03
 159.5481745,6.7261240e+03
 159.5686088,6.7265112e+03
 159.5890431,6.7226558e+03
 159.6094775,6.7304854e+03
 159.6299119,6.7211255e+03
 159.6503462,6.7248828e+03
 159.6707805,6.7272153e+03
 159.6912149,6.7243892e+03
 159.7116492,6.7293682e+03
 159.7320835,6.7263657e+03
 159.7525179,6.7217378e+03
 159.7729522,6.7275859e+03
 159.7933866,6.7235859e+03
 159.8138209,6.7343398e+03
 159.8342553,6.7292515e+03
 159.8546896,6.7260044e+03
 159.8751239,6.7312505e+03
 159.8955582,6.7253110e+03
 159.9159926,6.7249341e+03
 159.9364270,6.7224302e+03
 159.9568613,6.7225742e+03
 159.9772957,6.7316147e+03
 159.9977300,6.7244277e+03
 160.0181643,6.7200059e+03
 160.0385987,6.7293110e+03
 160.0590330,6.7297388e+03
 160.0794674,6.7240942e+03
 160.0999017,6.7251636e+03
 160.1203360,6.7253438e+03
 160.1407704,6.7190977e+03
 160.1612047,6.7231763e+03
 160.1816390,6.7171567e+03
 160.2020734,6.7241104e+03
 160.2225078,6.7257769e+03
 160.2429420,6.7300029e+03
 160.2633763,6.7228765e+03
 160.2838108,6.7251699e+03
 160.3042450,6.7253276e+03
 160.3246794,6.7287666e+03
 160.3451138,6.7226572e+03
 160.3655481,6.7217769e+03
 160.3859824,6.7207466e+03
 160.4064167,6.7209849e+03
 160.4268512,6.7252827e+03
 160.4472854,6.7248481e+03
 160.4677197,6.7245298e+03
 160.4881542,6.7228096e+03
 160.5085884,6.7249785e+03
 160.5290227,6.7254941e+03
 160.5494571,6.7228354e+03
 160.5698914,6.7220410e+03
 160.5903258,6.7283979e+03
 160.6107601,6.7217900e+03
 160.6311943,6.7238745e+03
 160.6516288,6.7228066e+03
 160.6720631,6.7316885e+03
 160.6924973,6.7178862e+03
 160.7129318,6.7237246e+03
 160.7333661,6.7182231e+03
 160.7538004,6.7269404e+03
 160.7742347,6.7229917e+03
 160.7946691,6.7196460e+03
 160.8151035,6.7165498e+03
 160.8355377,6.7228740e+03
 160.8559721,6.7151230e+03
 160.8764065,6.7199038e+03
 160.8968407,6.7228101e+03
 160.9172750,6.7154697e+03
 160.9377095,6.7183633e+03
 160.9581437,6.7238032e+03
 160.9785780,6.7172095e+03
 160.9990125,6.7237124e+03
 161.0194467,6.7225732e+03
 161.0398810,6.7201758e+03
 161.0603154,6.7165864e+03
 161.0807497,6.7214326e+03
 161.1011840,6.7197544e+03
 161.1216184,6.7181831e+03
 161.1420528,6.7191611e+03
 161.1624870,6.7218325e+03
 161.1829214,6.7216060e+03
 161.2033556,6.7245078e+03
 161.2237900,6.7124028e+03
 161.2442244,         null
 161.2646587,6.7152437e+03
 161.2850929,6.7167026e+03
 161.3055274,6.7265405e+03
 161.3259617,6.7209688e+03
 161.3463959,6.7192134e+03
 161.3668303,6.7230298e+03
 161.3872647,6.7176104e+03
 161.4076989,6.7203008e+03
 161.4281332,6.7204624e+03
 161.4485677,6.7211865e+03
 161.4690019,6.7248657e+03
 161.4894362,6.7163779e+03
 161.5098707,6.7218628e+03
 161.5303049,6.7178887e+03
 161.5507392,6.7161582e+03
 161.5711735,6.7224976e+03
 161.5916080,6.7218613e+03
 161.6120422,6.7186641e+03
 161.6324765,6.7116655e+03
 161.6529110,6.7221494e+03
 161.6733453,6.7169849e+03
 161.6937795,6.7223550e+03
 161.7142138,6.7187441e+03
 161.7346483,6.7177114e+03
 161.7550825,6.7164229e+03
 161.7755168,6.7129189e+03
 161.7959512,6.7200078e+03
 161.8163855,6.7200977e+03
 161.8368198,6.7186709e+03
 161.8572541,6.7131704e+03
 161.8776886,6.7137998e+03
 161.8981228,6.7178804e+03
 161.9185571,6.7191494e+03
 161.9389913,6.7214272e+03
 161.9594258,6.7237266e+03
 161.9798601,6.7152847e+03
 162.0002944,6.7190073e+03
 162.0207287,6.7195757e+03
 162.0411631,6.7173208e+03
 162.0615974,6.7220444e+03
 162.0820316,6.7230625e+03
 162.1024660,6.7193188e+03
 162.1229004,6.7141528e+03
 162.1433346,6.7218159e+03
 162.1637690,6.7162446e+03
 162.1842033,6.7240938e+03
 162.2046376,6.7182871e+03
 162.2250719,6.7187773e+03
 162.2455063,6.7149307e+03
 162.2659405,6.7180708e+03
 162.2863748,6.7178618e+03
 162.3068093,6.7171011e+03
 162.3272436,6.7158955e+03
 162.3476778,6.7163721e+03
 162.3681121,6.7214961e+03
 162.3885466,6.7157163e+03
 162.4089808,6.7192222e+03
 162.4294151,6.7185562e+03
 162.4498493,6.7124604e+03
 162.4702837,6.7220400e+03
 162.4907181,6.7203433e+03
 162.5111518,6.7175518e+03
 162.5315862,6.7073408e+03
 162.5520204,6.7190713e+03
 162.5724547,6.7184102e+03
 162.5928891,6.7162275e+03
 162.6133235,6.7225703e+03
 162.6337577,6.7178330e+03
 162.6541920,6.7145537e+03
 162.6746264,6.7164546e+03
 162.6950607,6.7178369e+03
 162.7154950,6.7268882e+03
 162.7359293,6.7213779e+03
 162.7563636,6.7186787e+03
 162.7767979,6.7195000e+03
 162.7972323,6.7151396e+03
 162.8176666,6.7155972e+03
 162.8381009,6.7159746e+03
 162.8585352,6.7185308e+03
 162.8789694,6.7119497e+03
 162.8994038,6.7175337e+03
 162.9198382,6.7177979e+03
 162.9402724,6.7181860e+03
 162.9607067,6.7163232e+03
 162.9811411,6.7161733e+03
 163.0015753,6.7188740e+03
 163.0220096,6.7200571e+03
 163.0424441,6.7155698e+03
 163.0628784,6.7119565e+03
 163.0833126,6.7244946e+03
 163.1037469,6.7208252e+03
 163.1241813,6.7148164e+03
 163.1446155,6.7190874e+03
 163.1650499,6.7174268e+03
 163.1854843,6.7231426e+03
 163.2059185,6.7144014e+03
 163.2263528,6.7173135e+03
 163.2467871,6.7186431e+03
 163.2672214,6.7209165e+03
 163.2876557,6.7220420e+03
 163.3080900,6.7135796e+03
 163.3285245,6.7175669e+03
 163.3489587,6.7211748e+03
 163.3693930,6.7241064e+03
 163.3898272,6.7200273e+03
 163.4102616,6.7194170e+03
 163.4306959,6.7144331e+03
 163.4511301,6.7225464e+03
 163.4715646,6.7180796e+03
 163.4919989,6.7199775e+03
 163.5124332,6.7210166e+03
 163.5328674,6.7179424e+03
 163.5533018,6.7186001e+03
 163.5737361,6.7229521e+03
 163.5941703,6.7203491e+03
 163.6146046,6.7199517e+03
 163.6350390,6.7233638e+03
 163.6554733,6.7150654e+03
 163.6759076,6.7210923e+03
 163.6963420,6.7155005e+03
 163.7167762,6.7232070e+03
 163.7372105,6.7145962e+03
 163.7576448,6.7229912e+03
 163.7780791,6.7168540e+03
 163.7985134,6.7291191e+03
 163.8189477,6.7198423e+03
 163.8393821,6.7175420e+03
 163.8598163,6.7238247e+03
 163.8802507,6.7235781e+03
 163.9006849,6.7131021e+03
 163.9211193,6.7213569e+03
 163.9415536,6.7227168e+03
 163.9619879,6.7259888e+03
 163.9824222,6.7197588e+03
 164.0028565,6.7212002e+03
 164.0232908,6.7196265e+03
 164.0437250,6.7219619e+03
 164.0641594,6.7195796e+03
 164.0845937,6.7258047e+03
 164.1050280,6.7198145e+03
 164.1254622,6.7254668e+03
 164.1458966,6.7176841e+03
 164.1663309,6.7225708e+03
 164.1867652,6.7203306e+03
 164.2071996,6.7163525e+03
 164.2276339,         null
 164.2480681,6.7230762e+03
 164.2685024,6.7252798e+03
 164.2889367,6.7218696e+03
 164.3093710,6.7293491e+03
 164.3298053,6.7237983e+03
 164.3502397,6.7159526e+03
 164.3706740,6.7194141e+03
 164.3911082,6.7277583e+03
 164.4115425,6.7247402e+03
 164.4319768,6.7188701e+03
 164.4524111,6.7227168e+03
 164.4728454,6.7235493e+03
 164.4932798,6.7239048e+03
 164.5137140,6.7212549e+03
 164.5341483,6.7257119e+03
 164.5545826,6.7242285e+03
 164.5750169,6.7266582e+03
 164.5954512,6.7227271e+03
 164.6158855,6.7256655e+03
 164.6363197,6.7179976e+03
 164.6567541,6.7297534e+03
 164.6771884,6.7238242e+03
 164.6976227,6.7206987e+03
 164.7180570,6.7208545e+03
 164.7384913,6.7214678e+03
 164.7589256,6.7201050e+03
 164.7793598,6.7285430e+03
 164.7997942,6.7235835e+03
 164.8202285,6.7218037e+03
 164.8406627,6.7223926e+03
 164.8610971,6.7223994e+03
 164.8815314,6.7255039e+03
 164.9019656,6.7230845e+03
 164.9223999,6.7165391e+03
 164.9428343,6.7245601e+03
 164.9632685,6.7234883e+03
 164.9837028,6.7300337e+03
