        TIME,  PDCSAP_FLUX
 131.5127278,2.3833117e+04
 131.5331622,2.3848375e+04
 131.5535964,2.3839740e+04
 131.5740306,2.3845812e+04
 131.5944648,2.3841531e+04
 131.6148992,2.3830477e+04
 131.6353333,2.3829459e+04
 131.6557676,2.3825115e+04
 131.6762019,2.3838883e+04
 131.6966362,2.3828682e+04
 131.7170703,2.3830195e+04
 131.7375046,2.3836650e+04
 131.7579389,2.3832928e+04
 131.7783731,2.3831900e+04
 131.7988073,2.3821883e+04
 131.8192417,2.3832920e+04
 131.8396758,2.3835543e+04
 131.8601101,2.3839674e+04
 131.8805443,2.3831938e+04
 131.9009786,2.3827979e+04
 131.9214128,2.3832639e+04
 131.9418471,2.3836670e+04
 131.9622813,2.3845281e+04
 131.9827156,2.3844137e+04
 132.0031498,2.3840623e+04
 132.0235840,2.3841418e+04
 132.0440183,2.3841352e+04
 132.0644526,2.3861904e+04
 132.0848867,2.3833912e+04
 132.1053210,2.3832541e+04
 132.1257553,2.3836637e+04
 132.1461895,2.3831551e+04
 132.1666237,2.3848432e+04
 132.1870581,2.3843062e+04
 132.2074923,2.3837961e+04
 132.2279265,2.3847342e+04
 132.2483607,2.3833352e+04
 132.2687951,2.3850758e+04
 132.2892292,2.3833375e+04
 132.3096635,2.3835166e+04
 132.3300978,2.3841121e+04
 132.3505319,2.3843332e+04
 132.3709662,2.3848914e+04
 132.3914004,2.3840611e+04
 132.4118347,2.3840793e+04
 132.4322689,2.3840225e+04
 132.4527032,2.3842326e+04
 132.4731375,2.3846852e+04
 132.4935717,2.3840242e+04
 132.5140059,2.3850680e+04
 132.5344401,2.3843090e+04
 132.5548744,2.3850137e+04
 132.5753087,2.3836238e+04
 132.5957428,2.3847496e+04
 132.6161772,2.3843498e+04
 132.6366114,2.3842215e+04
 132.6570456,2.3839375e+04
 132.6774798,2.3849227e+04
 132.6979141,2.3842316e+04
 132.7183484,2.3840113e+04
 132.7387825,2.3844127e+04
 132.7592169,2.3850256e+04
 132.7796511,2.3841629e+04
 132.8000853,2.3858049e+04
 132.8205195,2.3848764e+04
 132.8409539,2.3857969e+04
 132.8613880,2.3849990e+04
 132.8818222,2.3847949e+04
 132.9022566,2.3852414e+04
 132.9226907,2.3860754e+04
 132.9431250,2.3851762e+04
 132.9635592,2.3849768e+04
 132.9839936,2.3859182e+04
 133.0044277,2.3843928e+04
 133.0248620,2.3847961e+04
 133.0452962,2.3858510e+04
 133.0657304,2.3854355e+04
 133.0861647,2.3843643e+04
 133.1065989,2.3853932e+04
 133.1270332,2.3849684e+04
 133.1474674,2.3847236e+04
 133.1679017,2.3838662e+04
 133.1883359,2.3871861e+04
 133.2087702,2.3848848e+04
 133.2292044,2.3854889e+04
 133.2496386,2.3847959e+04
 133.2700729,2.3854486e+04
 133.2905071,2.3853289e+04
 133.3109414,2.3848531e+04
 133.3313755,2.3872381e+04
 133.3518098,2.3850152e+04
 133.3722441,2.3840715e+04
 133.3926783,2.3863043e+04
 133.4131126,2.3856637e+04
 133.4335468,2.3859408e+04
 133.4539810,2.3858938e+04
 133.4744152,2.3854656e+04
 133.4948495,2.3865441e+04
 133.5152838,2.3861580e+04
 133.5357179,2.3847268e+04
 133.5561523,2.3848955e+04
 133.5765865,2.3849828e+04
 133.5970206,2.3852662e+04
 133.6174549,2.3865912e+04
 133.6378892,2.3854316e+04
 133.6583235,2.3859396e+04
 133.6787576,2.3870412e+04
 133.6991919,2.3847246e+04
 133.7196262,2.3856932e+04
 133.7400603,2.3858135e+04
 133.7604946,2.3853223e+04
 133.7809289,2.3856182e+04
 133.8013630,2.3852422e+04
 133.8217973,2.3854621e+04
 133.8422315,2.3854658e+04
 133.8626657,2.3866965e+04
 133.8831000,2.3857418e+04
 133.9035342,2.3853189e+04
 133.9239685,2.3859248e+04
 133.9444027,2.3872488e+04
 133.9648369,2.3862928e+04
 133.9852711,2.3868389e+04
 134.0057054,2.3868494e+04
 134.0261397,2.3860449e+04
 134.0465738,2.3872176e+04
 134.0670081,2.3873611e+04
 134.0874424,2.3857574e+04
 134.1078765,2.3864680e+04
 134.1283107,2.3859908e+04
 134.1487451,2.3863166e+04
 134.1691793,2.3871961e+04
 134.1896135,2.3871564e+04
 134.2100478,2.3867934e+04
 134.2304820,2.3849377e+04
 134.2509162,2.3862955e+04
 134.2713504,2.3854301e+04
 134.2917847,2.3854008e+04
 134.3122189,2.3846432e+04
 134.3326531,2.3872383e+04
 134.3530875,2.3867168e+04
 134.3735216,2.3872057e+04
 134.3939558,         null
 134.4143901,2.3875291e+04
 134.4348243,2.3874221e+04
 134.4552585,2.3869154e+04
 134.4756928,2.3873764e+04
 134.4961271,2.3876457e+04
 134.5165612,2.3871053e+04
 134.5369955,2.3866182e+04
 134.5574296,2.3871258e+04
 134.5778639,2.3881809e+04
 134.5982982,2.3874488e+04
 134.6187323,2.3867418e+04
 134.6391665,2.3870047e+04
 134.6596009,2.3871289e+04
 134.6800351,2.3875277e+04
 134.7004693,2.3870871e+04
 134.7209036,2.3877627e+04
 134.7413378,2.3873271e+04
 134.7617719,2.3881557e+04
 134.7822062,2.3876777e+04
 134.8026405,2.3875988e+04
 134.8230747,2.3870145e+04
 134.8435089,2.3881682e+04
 134.8639432,2.3881867e+04
 134.8843774,2.3883322e+04
 134.9048117,2.3876779e+04
 134.9252458,2.3878033e+04
 134.9456801,2.3882893e+04
 134.9661144,2.3873131e+04
 134.9865485,2.3887393e+04
 135.0069828,2.3881057e+04
 135.0274171,2.3892271e+04
 135.0478512,2.3873840e+04
 135.0682854,2.3886912e+04
 135.0887198,2.3883109e+04
 135.1091539,2.3875670e+04
 135.1295881,2.3877596e+04
 135.1500225,2.3884889e+04
 135.1704567,2.3869922e+04
 135.1908908,2.3899209e+04
 135.2113251,2.3877344e+04
 135.2317594,2.3889391e+04
 135.2521935,2.3878354e+04
 135.2726278,2.3888443e+04
 135.2930619,2.3879545e+04
 135.3134962,2.3889688e+04
 135.3339304,2.3888410e+04
 135.3543646,2.3887379e+04
 135.3747989,2.3890594e+04
 135.3952331,2.3880979e+04
 135.4156674,2.3896363e+04
 135.4361015,2.3890240e+04
 135.4565358,2.3892328e+04
 135.4769701,2.3887549e+04
 135.4974042,2.3890633e+04
 135.5178385,2.3890574e+04
 135.5382727,2.3896436e+04
 135.5587069,2.3896680e+04
 135.5791411,2.3889031e+04
 135.5995754,2.3899277e+04
 135.6200096,2.3899463e+04
 135.6404438,2.3900229e+04
 135.6608781,2.3895979e+04
 135.6813123,2.3893154e+04
 135.7017465,2.3889514e+04
 135.7221807,2.3905443e+04
 135.7426150,2.3883602e+04
 135.7630492,2.3892961e+04
 135.7834834,2.3891494e+04
 135.8039177,2.3892043e+04
 135.8243518,2.3895891e+04
 135.8447861,2.3896881e+04
 135.8652203,2.3900389e+04
 135.8856545,2.3900750e+04
 135.9060887,2.3895531e+04
 135.9265230,2.3896988e+04
 135.9469571,2.3899572e+04
 135.9673914,2.3898076e+04
 135.9878256,2.3893250e+04
 136.0082598,2.3903650e+04
 136.0286941,2.3901270e+04
 136.0491283,2.3896852e+04
 136.0695625,2.3900486e+04
 136.0899967,2.3894049e+04
 136.1104310,2.3899373e+04
 136.1308652,2.3891854e+04
 136.1512994,2.3894959e+04
 136.1717337,2.3893318e+04
 136.1921679,2.3896359e+04
 136.2126020,2.3907100e+04
 136.2330363,2.3900246e+04
 136.2534706,2.3893605e+04
 136.2739047,2.3900863e+04
 136.2943389,2.3900111e+04
 136.3147733,2.3900994e+04
 136.3352074,2.3892496e+04
 136.3556416,2.3899234e+04
 136.3760758,2.3909562e+04
 136.3965100,2.3897922e+04
 136.4169443,2.3888789e+04
 136.4373785,2.3894879e+04
 136.4578128,2.3891311e+04
 136.4782469,2.3909400e+04
 136.4986812,2.3895023e+04
 136.5191154,2.3906143e+04
 136.5395496,2.3911689e+04
 136.5599838,2.3893441e+04
 136.5804181,2.3901594e+04
 136.6008523,2.3900822e+04
 136.6212865,2.3899014e+04
 136.6417207,2.3896061e+04
 136.6621549,2.3908768e+04
 136.6825892,2.3909543e+04
 136.7030234,2.3904414e+04
 136.7234576,2.3893904e+04
 136.7438917,2.3893533e+04
 136.7643261,2.3895678e+04
 136.7847603,2.3905732e+04
 136.8051944,2.3898873e+04
 136.8256287,2.3900711e+04
 136.8460629,2.3894635e+04
 136.8664972,2.3903777e+04
 136.8869313,2.3895574e+04
 136.9073656,2.3903209e+04
 136.9277998,2.3898205e+04
 136.9482339,2.3900598e+04
 136.9686683,2.3906561e+04
 136.9891025,2.3913820e+04
 137.0095366,2.3898971e+04
 137.0299708,2.3904221e+04
 137.0504051,2.3904408e+04
 137.0708393,2.3900021e+04
 137.0912735,2.3900221e+04
 137.1117078,2.3896686e+04
 137.1321419,2.3899113e+04
 137.1525761,2.3902107e+04
 137.1730104,2.3901578e+04
 137.1934447,2.3912068e+04
 137.2138788,2.3899262e+04
 137.2343130,2.3909188e+04
 137.2547471,2.3905762e+04
 137.2751814,2.3903795e+04
 137.2956157,2.3891682e+04
 137.3160498,2.3911875e+04
 137.3364841,2.3899426e+04
 137.3569183,2.3905941e+04
 137.3773525,         null
 137.3977867,2.3895754e+04
 137.4182210,2.3897275e+04
 137.4386552,2.3897887e+04
 137.4590893,2.3893322e+04
 137.4795236,2.3902055e+04
 137.4999578,2.3895828e+04
 137.5203920,2.3896678e+04
 137.5408262,2.3901447e+04
 137.5612605,2.3900609e+04
 137.5816946,2.3892781e+04
 137.6021288,2.3899246e+04
 137.6225631,2.3897281e+04
 137.6429974,2.3904883e+04
 137.6634315,2.3898182e+04
 137.6838657,2.3909977e+04
 137.7043000,2.3918113e+04
 137.7247341,2.3902869e+04
 137.7451683,2.3897799e+04
 137.7656026,2.3900473e+04
 137.7860368,2.3895805e+04
 137.8064710,2.3897256e+04
 137.8269051,2.3897596e+04
 137.8473394,2.3896887e+04
 137.8677736,2.3898117e+04
 137.8882078,2.3901246e+04
 137.9086419,2.3894779e+04
 137.9290763,2.3892885e+04
 137.9495105,2.3902197e+04
 137.9699446,2.3895281e+04
 137.9903789,2.3904105e+04
 138.0108131,2.3906209e+04
 138.0312472,2.3909221e+04
 138.0516814,2.3897246e+04
 138.0721158,2.3896180e+04
 138.0925500,2.3894039e+04
 138.1129841,2.3905650e+04
 138.1334184,2.3893250e+04
 138.1538526,2.3898523e+04
 138.1742867,2.3895275e+04
 138.1947209,2.3888398e+04
 138.2151552,2.3891594e+04
 138.2355895,2.3889779e+04
 138.2560236,2.3896670e+04
 138.2764579,2.3901193e+04
 138.2968921,2.3895678e+04
 138.3173262,2.3907488e+04
 138.3377604,2.3886193e+04
 138.3581947,2.3902793e+04
 138.3786289,2.3902984e+04
 138.3990631,2.3889969e+04
 138.4194974,2.3890443e+04
 138.4399316,2.3891574e+04
 138.4603657,2.3891793e+04
 138.4807999,2.3906475e+04
 138.5012342,2.3891396e+04
 138.5216683,2.3895447e+04
 138.5421025,2.3900344e+04
 138.5625367,2.3890643e+04
 138.5829709,2.3890387e+04
 138.6034052,2.3913078e+04
 138.6238394,2.3893859e+04
 138.6442736,2.3889494e+04
 138.6647078,2.3894314e+04
 138.6851420,2.3897189e+04
 138.7055761,2.3895543e+04
 138.7260104,2.3883541e+04
 138.7464446,2.3891641e+04
 138.7668787,2.3892961e+04
 138.7873130,2.3896992e+04
 138.8077472,2.3923166e+04
 138.8281814,2.3892451e+04
 138.8486156,2.3893492e+04
 138.8690499,2.3895262e+04
 138.8894841,2.3891217e+04
 138.9099182,2.3926844e+04
 138.9303525,2.3896471e+04
 138.9507867,2.3895021e+04
 138.9712208,2.3903896e+04
 138.9916550,2.3893199e+04
 139.0120893,2.3896949e+04
 139.0325234,2.3882242e+04
 139.0529576,2.3893527e+04
 139.0733919,2.3884113e+04
 139.0938260,2.3891254e+04
 139.1142603,2.3888777e+04
 139.1346945,2.3881281e+04
 139.1551287,2.3882824e+04
 139.1755629,2.3892580e+04
 139.1959971,2.3891398e+04
 139.2164312,2.3885627e+04
 139.2368655,2.3892590e+04
 139.2572997,2.3886639e+04
 139.2777338,2.3887299e+04
 139.2981681,2.3891580e+04
 139.3186023,2.3885551e+04
 139.3390365,2.3886334e+04
 139.3594706,2.3876613e+04
 139.3799049,2.3885949e+04
 139.4003391,2.3891605e+04
 139.4207732,2.3894609e+04
 139.4412075,2.3878818e+04
 139.4616417,2.3880094e+04
 139.4820758,2.3880551e+04
 139.5025100,2.3881350e+04
 139.5229443,2.3881287e+04
 139.5433785,2.3885947e+04
 139.5638127,2.3896051e+04
 139.5842470,2.3893469e+04
 139.6046811,2.3893869e+04
 139.6251153,2.3877629e+04
 139.6455495,2.3894217e+04
 139.6659838,2.3887566e+04
 139.6864179,2.3877533e+04
 139.7068521,2.3887146e+04
 139.7272863,2.3895494e+04
 139.7477205,2.3880143e+04
 139.7681547,2.3884490e+04
 139.7885889,2.3888471e+04
 139.8090231,2.3880590e+04
 139.8294573,2.3892977e+04
 139.8498915,2.3891719e+04
 139.8703257,2.3882564e+04
 139.8907599,2.3888328e+04
 139.9111941,2.3886990e+04
 139.9316283,2.3894744e+04
 139.9520626,2.3886758e+04
 139.9724967,2.3891039e+04
 139.9929309,2.3890826e+04
 140.0133650,2.3891551e+04
 140.0337993,2.3896662e+04
 140.0542335,2.3887779e+04
 140.0746677,2.3890582e+04
 140.0951019,2.3895521e+04
 140.1155361,2.3892023e+04
 140.1359703,2.3886469e+04
 140.1564044,2.3895961e+04
 140.1768387,2.3900361e+04
 140.1972729,2.3890043e+04
 140.2177070,2.3898068e+04
 140.2381413,2.3891996e+04
 140.2585755,2.3905236e+04
 140.2790096,2.3896729e+04
 140.2994438,2.3905488e+04
 140.3198781,2.3897477e+04
 140.3403122,2.3897963e+04
 140.3607464,         null
 140.3811806,2.3909910e+04
 140.4016149,2.3900785e+04
 140.4220490,2.3900184e+04
 140.4424832,2.3904559e+04
 140.4629175,2.3903984e+04
 140.4833516,2.3900689e+04
 140.5037858,2.3901498e+04
 140.5242199,2.3899227e+04
 140.5446542,2.3890928e+04
 140.5650883,2.3896320e+04
 140.5855225,2.3898043e+04
 140.6059567,2.3908070e+04
 140.6263909,2.3897812e+04
 140.6468251,2.3891959e+04
 140.6672592,2.3907279e+04
 140.6876935,2.3897672e+04
 140.7081277,2.3906559e+04
 140.7285618,2.3897332e+04
 140.7489961,2.3909070e+04
 140.7694303,2.3905521e+04
 140.7898644,2.3906539e+04
 140.8102986,2.3896486e+04
 140.8307329,2.3908619e+04
 140.8511671,2.3913820e+04
 140.8716012,2.3905756e+04
 140.8920354,2.3907076e+04
 140.9124697,2.3911176e+04
 140.9329038,2.3911525e+04
 140.9533380,2.3913658e+04
 140.9737723,2.3916475e+04
 140.9942063,2.3907553e+04
 141.0146405,2.3915008e+04
 141.0350747,2.3905686e+04
 141.0555089,2.3902881e+04
 141.0759431,2.3906785e+04
 141.0963773,2.3914727e+04
 141.1168115,2.3907020e+04
 141.1372457,2.3921270e+04
 141.1576799,2.3907178e+04
 141.1781140,2.3915846e+04
 141.1985483,2.3915719e+04
 141.2189825,2.3913201e+04
 141.2394166,2.3902072e+04
 141.2598508,2.3919393e+04
 141.2802850,2.3904158e+04
 141.3007191,2.3913447e+04
 141.3211533,2.3909578e+04
 141.3415876,2.3913271e+04
 141.3620218,2.3913627e+04
 141.3824559,2.3921430e+04
 141.4028901,2.3908492e+04
 141.4233244,2.3911006e+04
 141.4437586,2.3918799e+04
 141.4641927,2.3925135e+04
 141.4846269,2.3934352e+04
 141.5050611,2.3947018e+04
 141.5254952,2.3915215e+04
 141.5459294,2.3922398e+04
 141.5663636,2.3919172e+04
 141.5867979,2.3917422e+04
 141.6072320,2.3921547e+04
 141.6276663,2.3911008e+04
 141.6481005,2.3920480e+04
 141.6685346,2.3915623e+04
 141.6889687,2.3908695e+04
 141.7094030,2.3918906e+04
 141.7298371,2.3927615e+04
 141.7502713,2.3911373e+04
 141.7707056,2.3914143e+04
 141.7911397,2.3908572e+04
 141.8115739,2.3920039e+04
 141.8320081,2.3916133e+04
 141.8524422,2.3927113e+04
 141.8728764,2.3920357e+04
 141.8933106,2.3920162e+04
 141.9137449,2.3919082e+04
 141.9341790,2.3919441e+04
 141.9546132,2.3923008e+04
 141.9750473,2.3912947e+04
 141.9954816,2.3919512e+04
 142.0159157,2.3916295e+04
 142.0363498,2.3919484e+04
 142.0567840,2.3915633e+04
 142.0772183,2.3916021e+04
 142.0976525,2.3917488e+04
 142.1180866,2.3918988e+04
 142.1385209,2.3913590e+04
 142.1589550,2.3920186e+04
 142.1793891,2.3930520e+04
 142.1998233,2.3916045e+04
 142.2202576,2.3924371e+04
 142.2406917,2.3925660e+04
 142.2611259,2.3914629e+04
 142.2815602,2.3914193e+04
 142.3019942,2.3913906e+04
 142.3224284,2.3924414e+04
 142.3428626,2.3920441e+04
 142.3632969,2.3914482e+04
 142.3837310,2.3918865e+04
 142.4041652,2.3911148e+04
 142.4245994,2.3925506e+04
 142.4450335,2.3919182e+04
 142.4654677,2.3917072e+04
 142.4859018,2.3925275e+04
 142.5063361,2.3912529e+04
 142.5267703,2.3926150e+04
 142.5472044,2.3938260e+04
 142.5676385,2.3923299e+04
 142.5880728,2.3944115e+04
 142.6085070,2.3909523e+04
 142.6289411,2.3926484e+04
 142.6493753,2.3924885e+04
 142.6698095,2.3907713e+04
 142.6902436,2.3924104e+04
 142.7106778,2.3918686e+04
 142.7311121,2.3926053e+04
 142.7515462,2.3916279e+04
 142.7719803,2.3916035e+04
 142.7924146,2.3921320e+04
 142.8128487,2.3921912e+04
 142.8332829,2.3924730e+04
 142.8537171,2.3922338e+04
 142.8741513,2.3919004e+04
 142.8945854,2.3928609e+04
 142.9150196,2.3930430e+04
 142.9354539,2.3916658e+04
 142.9558880,2.3917402e+04
 142.9763221,2.3925398e+04
 142.9967562,2.3909730e+04
 143.0171905,2.3923881e+04
 143.0376247,2.3916779e+04
 143.0580589,2.3916014e+04
 143.0784930,2.3915936e+04
 143.0989272,2.3914271e+04
 143.1193614,2.3916828e+04
 143.1397956,2.3921889e+04
 143.1602297,2.3917404e+04
 143.1806639,2.3914137e+04
 143.2010980,2.3932029e+04
 143.2215322,2.3914004e+04
 143.2419665,2.3917516e+04
 143.2624006,2.3907754e+04
 143.2828348,2.3918162e+04
 143.3032690,2.3927656e+04
 143.3237032,2.3905498e+04
 143.3441373,         null
 143.3645714,2.3906209e+04
 143.3850057,2.3912742e+04
 143.4054399,2.3916537e+04
 143.4258739,2.3921736e+04
 143.4463082,2.3918504e+04
 143.4667424,2.3921312e+04
 143.4871765,2.3913111e+04
 143.5076107,2.3923414e+04
 143.5280449,2.3919195e+04
 143.5484791,2.3916477e+04
 143.5689132,2.3920336e+04
 143.5893475,2.3924051e+04
 143.6097816,2.3920945e+04
 143.6302157,2.3918662e+04
 143.6506499,2.3912342e+04
 143.6710842,2.3922031e+04
 143.6915182,2.3911582e+04
 143.7119524,2.3923273e+04
 143.7323866,2.3931734e+04
 143.7528207,2.3921973e+04
 143.7732549,2.3909523e+04
 143.7936891,2.3917453e+04
 143.8141233,2.3922688e+04
 143.8345574,2.3914631e+04
 143.8549916,2.3910734e+04
 143.8754257,2.3922295e+04
 143.8958600,2.3923742e+04
 143.9162941,2.3924748e+04
 143.9367282,2.3916156e+04
 143.9571625,2.3921381e+04
 143.9775967,2.3918256e+04
 143.9980307,2.3926838e+04
 144.0184649,2.3919375e+04
 144.0388992,2.3922781e+04
 144.0593333,2.3916660e+04
 144.0797674,2.3917131e+04
 144.1002017,2.3919088e+04
 144.1206359,2.3917312e+04
 144.1410699,2.3918404e+04
 144.1615041,2.3918543e+04
 144.1819384,2.3920061e+04
 144.2023724,2.3923033e+04
 144.2228066,2.3926215e+04
 144.2432409,2.3925209e+04
 144.2636749,2.3918416e+04
 144.2841091,2.3904725e+04
 144.3045433,2.3916166e+04
 144.3249775,2.3911297e+04
 144.3454116,2.3914250e+04
 144.3658458,2.3915988e+04
 144.3862799,2.3913947e+04
 144.4067141,2.3917232e+04
 144.4271483,2.3918416e+04
 144.4475824,2.3911273e+04
 144.4680166,2.3916117e+04
 144.4884508,2.3902205e+04
 144.5088849,2.3913367e+04
 144.5293190,2.3915117e+04
 144.5497533,2.3909127e+04
 144.5701875,2.3900246e+04
 144.5906215,2.3904684e+04
 144.6110558,2.3905744e+04
 144.6314900,2.3886336e+04
 144.6519241,2.3897262e+04
 144.6723582,2.3907881e+04
 144.6927925,2.3920465e+04
 144.7132266,2.3913299e+04
 144.7336607,2.3918709e+04
 144.7540950,2.3903559e+04
 144.7745291,2.3911701e+04
 144.7949632,2.3914865e+04
 144.8153974,2.3909059e+04
 144.8358316,2.3909240e+04
 144.8562657,2.3900918e+04
 144.8766999,2.3925016e+04
 144.8971340,2.3904180e+04
 144.9175682,2.3909338e+04
 144.9380024,2.3919289e+04
 144.9584365,2.3904590e+04
 144.9788708,2.3889232e+04
 144.9993049,2.3896236e+04
 145.0197390,2.3905473e+04
 145.0401732,2.3901770e+04
 145.0606074,2.3893205e+04
 145.0810415,2.3910355e+04
 145.1014757,2.3911365e+04
 145.1219100,2.3900773e+04
 145.1423440,2.3892885e+04
 145.1627782,2.3899818e+04
 145.1832122,2.3909184e+04
 145.2036465,2.3895967e+04
 145.2240807,2.3893291e+04
 145.2445147,2.3897066e+04
 145.2649490,2.3893486e+04
 145.2853832,2.3901840e+04
 145.3058173,2.3904939e+04
 145.3262514,2.3887359e+04
 145.3466856,2.3895967e+04
 145.3671198,2.3905992e+04
 145.3875539,2.3894363e+04
 145.4079881,2.3896742e+04
 145.4284223,2.3901285e+04
 145.4488564,2.3889107e+04
 145.4692905,2.3894102e+04
 145.4897248,2.3898082e+04
 145.5101588,2.3888859e+04
 145.5305930,2.3882191e+04
 145.5510272,2.3901070e+04
 145.5714614,2.3899527e+04
 145.5918955,2.3891605e+04
 145.6123296,2.3885420e+04
 145.6327639,2.3895215e+04
 145.6531980,2.3904799e+04
 145.6736321,2.3886014e+04
 145.6940662,2.3898799e+04
 145.7145004,2.3894121e+04
 145.7349346,2.3889422e+04
 145.7553688,2.3880514e+04
 145.7758029,2.3885709e+04
 145.7962371,2.3890838e+04
 145.8166712,2.3891758e+04
 145.8371053,2.3887471e+04
 145.8575395,2.3886555e+04
 145.8779737,2.3884623e+04
 145.8984078,2.3893945e+04
 145.9188420,2.3883246e+04
 145.9392762,2.3884633e+04
 145.9597102,2.3880430e+04
 145.9801444,2.3894455e+04
 146.0005786,2.3876355e+04
 146.0210128,2.3885016e+04
 146.0414469,2.3881990e+04
 146.0618811,2.3884697e+04
 146.0823153,2.3884898e+04
 146.1027493,2.3883549e+04
 146.1231835,2.3885561e+04
 146.1436177,2.3881689e+04
 146.1640518,2.3878852e+04
 146.1844860,2.3882104e+04
 146.2049201,2.3887613e+04
 146.2253543,2.3898631e+04
 146.2457884,2.3879500e+04
 146.2662226,2.3875336e+04
 146.2866567,2.3877072e+04
 146.3070909,2.3884355e+04
 146.3275250,         null
 146.3479591,2.3883764e+04
 146.3683933,2.3882457e+04
 146.3888275,2.3892809e+04
 146.4092616,2.3882680e+04
 146.4296958,2.3870703e+04
 146.4501300,2.3884170e+04
 146.4705640,2.3879521e+04
 146.4909983,2.3881227e+04
 146.5114324,2.3882387e+04
 146.5318666,2.3882711e+04
 146.5523006,2.3872850e+04
 146.5727349,2.3880744e+04
 146.5931690,2.3881467e+04
 146.6136032,2.3873549e+04
 146.6340372,2.3878420e+04
 146.6544715,2.3868525e+04
 146.6749056,2.3874375e+04
 146.6953397,2.3881080e+04
 146.7157739,2.3873623e+04
 146.7362081,2.3876586e+04
 146.7566422,2.3878051e+04
 146.7770763,2.3878406e+04
 146.7975105,2.3877932e+04
 146.8179447,2.3878053e+04
 146.8383788,2.3866930e+04
 146.8588129,2.3881186e+04
 146.8792472,2.3873168e+04
 146.8996812,2.3882404e+04
 146.9201154,2.3871477e+04
 146.9405496,2.3869074e+04
 146.9609837,2.3879041e+04
 146.9814178,2.3880895e+04
 147.0018519,2.3873986e+04
 147.0222861,2.3860428e+04
 147.0427202,2.3878939e+04
 147.0631544,2.3881809e+04
 147.0835886,2.3873633e+04
 147.1040227,2.3874328e+04
 147.1244568,2.3864330e+04
 147.1448909,2.3876205e+04
 147.1653251,2.3881311e+04
 147.1857593,2.3878008e+04
 147.2061933,2.3872488e+04
 147.2266276,2.3880229e+04
 147.2470617,2.3874371e+04
 147.2674959,2.3875639e+04
 147.2879299,2.3865529e+04
 147.3083642,2.3885322e+04
 147.3287983,2.3864377e+04
 147.3492324,2.3878215e+04
 147.3696665,2.3872021e+04
 147.3901008,2.3874549e+04
 147.4105348,2.3870920e+04
 147.4309689,2.3865146e+04
 147.4514032,2.3865256e+04
 147.4718372,2.3866297e+04
 147.4922714,2.3857641e+04
 147.5127055,2.3858766e+04
 147.5331398,2.3876811e+04
 147.5535738,2.3869584e+04
 147.5740080,2.3865691e+04
 147.5944422,2.3874336e+04
 147.6148763,2.3866109e+04
 147.6353104,2.3871818e+04
 147.6557444,2.3857742e+04
 147.6761787,2.3866717e+04
 147.6966128,2.3861783e+04
 147.7170469,2.3863621e+04
 147.7374811,2.3856994e+04
 147.7579153,2.3862580e+04
 147.7783494,2.3864973e+04
 147.7987834,2.3848141e+04
 147.8192177,2.3861514e+04
 147.8396518,2.3867445e+04
 147.8600859,2.3866324e+04
 147.8805200,2.3858725e+04
 147.9009543,         null
 147.9213883,2.3853039e+04
 147.9418224,2.3846639e+04
 147.9622567,2.3855641e+04
 147.9826907,2.3859738e+04
 148.0031249,2.3858588e+04
 148.0235590,2.3849498e+04
 148.0439933,2.3863715e+04
 148.0644273,2.3868633e+04
 148.0848614,2.3859439e+04
 148.1052957,2.3852025e+04
 148.1257297,2.3854410e+04
 148.1461639,2.3861229e+04
 148.1665980,2.3845320e+04
 148.1870321,2.3855795e+04
 148.2074663,2.3855748e+04
 148.2279004,2.3856105e+04
 148.2483347,2.3853350e+04
 148.2687687,2.3858338e+04
 148.2892028,2.3855197e+04
 148.3096370,2.3846650e+04
 148.3300711,2.3859160e+04
 148.3505052,2.3846797e+04
 148.3709394,2.3856930e+04
 148.3913734,2.3845541e+04
 148.4118077,2.3849455e+04
 148.4322418,2.3853910e+04
 148.4526759,2.3846854e+04
 148.4731101,2.3844977e+04
 148.4935442,2.3856992e+04
 148.5139784,2.3847762e+04
 148.5344124,2.3858707e+04
 148.5548466,2.3849418e+04
 148.5752808,2.3852428e+04
 148.5957148,2.3844027e+04
 148.6161490,2.3848541e+04
 148.6365832,2.3852096e+04
 148.6570172,2.3845357e+04
 148.6774513,2.3863627e+04
 148.6978856,2.3841342e+04
 148.7183196,2.3850352e+04
 148.7387538,2.3850275e+04
 148.7591880,2.3851822e+04
 148.7796221,2.3851232e+04
 148.8000562,2.3850836e+04
 148.8204903,2.3848080e+04
 148.8409245,2.3835559e+04
 148.8613586,2.3847705e+04
 148.8817927,2.3844084e+04
 148.9022269,2.3837736e+04
 148.9226610,2.3843275e+04
 148.9430951,2.3838658e+04
 148.9635292,2.3832955e+04
 148.9839634,2.3841289e+04
 149.0043975,2.3845934e+04
 149.0248316,2.3842914e+04
 149.0452657,2.3846541e+04
 149.0656999,2.3839836e+04
 149.0861340,2.3842326e+04
 149.1065681,2.3847164e+04
 149.1270023,2.3835354e+04
 149.1474364,2.3823549e+04
 149.1678705,2.3833070e+04
 149.1883046,2.3830365e+04
 149.2087388,2.3844418e+04
 149.2291730,2.3828355e+04
 149.2496070,2.3836381e+04
 149.2700412,2.3834984e+04
 149.2904753,2.3833479e+04
 149.3109094,         null
 149.3313435,2.3849521e+04
 149.3517777,2.3833449e+04
 149.3722118,2.3827361e+04
 149.3926459,2.3815938e+04
 149.4130801,2.3834418e+04
 149.4335142,2.3822805e+04
 149.4539483,2.3821607e+04
 149.4743824,2.3821451e+04
 149.4948165,2.3823984e+04
 149.5152507,2.3830209e+04
 149.5356848,2.3828188e+04
 149.5561190,2.3828490e+04
 149.5765531,2.3816020e+04
 149.5969872,2.3818803e+04
 149.6174212,2.3817906e+04
 149.6378555,2.3819619e+04
 149.6582896,2.3817910e+04
 149.6787236,2.3816754e+04
 149.6991577,2.3809102e+04
 149.7195920,2.3823348e+04
 149.7400261,2.3813652e+04
 149.7604601,2.3808873e+04
 149.7808943,2.3821332e+04
 149.8013285,2.3824131e+04
 149.8217625,2.3812805e+04
 149.8421966,2.3816029e+04
 149.8626309,2.3819898e+04
 149.8830650,2.3808930e+04
 149.9034990,2.3805859e+04
 149.9239332,2.3805963e+04
 149.9443674,2.3814717e+04
 149.9648015,2.3810762e+04
 149.9852355,2.3809994e+04
 150.0056697,2.3812996e+04
 150.0261039,2.3813000e+04
 150.0465379,2.3809252e+04
 150.0669721,2.3824229e+04
 150.0874062,2.3812348e+04
 150.1078403,2.3815432e+04
 150.1282744,2.3810850e+04
 150.1487086,2.3813938e+04
 150.1691426,2.3815961e+04
 150.1895768,2.3806354e+04
 150.2100110,2.3806031e+04
 150.2304450,2.3809664e+04
 150.2508791,2.3803162e+04
 150.2713132,2.3806602e+04
 150.2917475,2.3811707e+04
 150.3121815,2.3803969e+04
 150.3326156,2.3814445e+04
 150.3530496,2.3813152e+04
 150.3734839,2.3796844e+04
 150.3939180,2.3795416e+04
 150.4143520,2.3801092e+04
 150.4347862,2.3817975e+04
 150.4552203,2.3797238e+04
 150.4756545,2.3803715e+04
 150.4960885,2.3786562e+04
 150.5165227,2.3796113e+04
 150.5369568,2.3794545e+04
 150.5573908,2.3797953e+04
 150.5778251,2.3804316e+04
 150.5982592,2.3791820e+04
 150.6186932,2.3795912e+04
 150.6391273,2.3802064e+04
 150.6595616,2.3803260e+04
 150.6799956,2.3805504e+04
 150.7004297,2.3794346e+04
 150.7208639,2.3792770e+04
 150.7412980,2.3783326e+04
 150.7617320,2.3797953e+04
 150.7821662,2.3787529e+04
 150.8026004,2.3788592e+04
 150.8230344,2.3782791e+04
 150.8434685,2.3800496e+04
 150.8639027,2.3776842e+04
 150.8843368,2.3789982e+04
 150.9047709,2.3786629e+04
 150.9252050,2.3785811e+04
 150.9456391,2.3788473e+04
 150.9660732,2.3804420e+04
 150.9865073,2.3797498e+04
 151.0069414,2.3801336e+04
 151.0273756,2.3779533e+04
 151.0478097,2.3789414e+04
 151.0682437,2.3787598e+04
 151.0886779,2.3778621e+04
 151.1091120,2.3783273e+04
 151.1295461,2.3791527e+04
 151.1499802,2.3770893e+04
 151.1704144,2.3784893e+04
 151.1908484,2.3773713e+04
 151.2112825,2.3785484e+04
 151.2317167,2.3783547e+04
 151.2521509,2.3777516e+04
 151.2725849,2.3779857e+04
 151.2930190,2.3772570e+04
 151.3134532,2.3777457e+04
 151.3338872,2.3770176e+04
 151.3543213,2.3774971e+04
 151.3747555,2.3773137e+04
 151.3951896,2.3779400e+04
 151.4156237,2.3794852e+04
 151.4360578,2.3779213e+04
 151.4564919,2.3767998e+04
 151.4769260,2.3771354e+04
 151.4973601,2.3789803e+04
 151.5177942,2.3772867e+04
 151.5382283,2.3777816e+04
 151.5586625,2.3770012e+04
 151.5790966,2.3768111e+04
 151.5995308,2.3777826e+04
 151.6199648,2.3773467e+04
 151.6403989,2.3767580e+04
 151.6608330,         null
 151.6812671,2.3775930e+04
 151.7017012,2.3776359e+04
 151.7221353,2.3773203e+04
 151.7425695,2.3769256e+04
 151.7630036,2.3760980e+04
 151.7834377,2.3775205e+04
 151.8038717,2.3755814e+04
 151.8243059,2.3766697e+04
 151.8447400,2.3757303e+04
 151.8651740,2.3771072e+04
 151.8856082,2.3771016e+04
 151.9060423,2.3762648e+04
 151.9264763,2.3773506e+04
 151.9469105,2.3765340e+04
 151.9673447,2.3768035e+04
 151.9877788,2.3776818e+04
 152.0082128,2.3765432e+04
 152.0286470,2.3773221e+04
 152.0490811,2.3769598e+04
 152.0695151,2.3765154e+04
 152.0899492,2.3762354e+04
 152.1103834,2.3782211e+04
 152.1308174,2.3769953e+04
 152.1512515,2.3768053e+04
 152.1716856,2.3766305e+04
 152.1921198,2.3773975e+04
 152.2125539,2.3759240e+04
 152.2329880,2.3766697e+04
 152.2534222,2.3773154e+04
 152.2738562,2.3777262e+04
 152.2942903,         null
 152.3147243,2.3771242e+04
 152.3351585,2.3756477e+04
 152.3555926,2.3771990e+04
 152.3760266,2.3762211e+04
 152.3964608,2.3756674e+04
 152.4168949,2.3756762e+04
 152.4373290,2.3772748e+04
 152.4577630,2.3755402e+04
 152.4781972,2.3771213e+04
 152.4986313,2.3762602e+04
 152.5190653,2.3761809e+04
 152.5394995,2.3772219e+04
 152.5599336,2.3768061e+04
 152.5803677,2.3782115e+04
 152.6008018,2.3767801e+04
 152.6212360,2.3770016e+04
 152.6416700,2.3763984e+04
 152.6621041,         null
 152.6825382,2.3761252e+04
 152.7029723,2.3759025e+04
 152.7234064,2.3767213e+04
 152.7438405,2.3769113e+04
 152.7642747,2.3761961e+04
 152.7847087,2.3774268e+04
 152.8051428,2.3763469e+04
 152.8255768,2.3767930e+04
 152.8460110,2.3767041e+04
 152.8664451,2.3769980e+04
 152.8868791,2.3764383e+04
 152.9073133,2.3783570e+04
 152.9277474,2.3773100e+04
 152.9481815,2.3773412e+04
 152.9686155,2.3773828e+04
 152.9890497,2.3773385e+04
 153.0094838,2.3771082e+04
 153.0299178,2.3776738e+04
 153.0503520,2.3766945e+04
 153.0707861,2.3777820e+04
 153.0912201,2.3768090e+04
 153.1116542,2.3781057e+04
 153.1320884,2.3779104e+04
 153.1525224,2.3777619e+04
 153.1729565,2.3768912e+04
 153.1933906,2.3782172e+04
 153.2138248,2.3783393e+04
 153.2342589,2.3781578e+04
 153.2546929,2.3778590e+04
 153.2751271,2.3776105e+04
 153.2955612,2.3776676e+04
 153.3159952,2.3784199e+04
 153.3364293,2.3793836e+04
 153.3568634,2.3768441e+04
 153.3772975,2.3780586e+04
 153.3977316,2.3779832e+04
 153.4181658,2.3780559e+04
 153.4385998,2.3783184e+04
 153.4590338,2.3794213e+04
 153.4794679,2.3773531e+04
 153.4999021,2.3785512e+04
 153.5203361,2.3785705e+04
 153.5407702,2.3792262e+04
 153.5612044,2.3787340e+04
 153.5816384,2.3780969e+04
 153.6020725,2.3785811e+04
 153.6225066,2.3786611e+04
 153.6429407,2.3783227e+04
 153.6633748,2.3792334e+04
 153.6838089,2.3793814e+04
 153.7042429,2.3788801e+04
 153.7246771,2.3792217e+04
 153.7451112,2.3799600e+04
 153.7655452,2.3792123e+04
 153.7859794,2.3787803e+04
 153.8064135,2.3792982e+04
 153.8268474,2.3798402e+04
 153.8472815,2.3809178e+04
 153.8677157,2.3795082e+04
 153.8881497,2.3807785e+04
 153.9085838,2.3789852e+04
 153.9290180,2.3803418e+04
 153.9494521,2.3800422e+04
 153.9698861,2.3794527e+04
 153.9903202,2.3810477e+04
 154.0107544,2.3806883e+04
 154.0311884,2.3815977e+04
 154.0516225,2.3805135e+04
 154.0720566,2.3806230e+04
 154.0924906,2.3816953e+04
 154.1129247,2.3820295e+04
 154.1333588,2.3810662e+04
 154.1537929,2.3809145e+04
 154.1742270,2.3806092e+04
 154.1946611,2.3808102e+04
 154.2150952,2.3821371e+04
 154.2355293,2.3824488e+04
 154.2559634,2.3822725e+04
 154.2763973,2.3824680e+04
 154.2968315,2.3820996e+04
 154.3172656,2.3809365e+04
 154.3376996,2.3825129e+04
 154.3581337,2.3806600e+04
 154.3785679,2.3819062e+04
 154.3990019,2.3822244e+04
 154.4194360,2.3823459e+04
 154.4398702,2.3823541e+04
 154.4603042,2.3827969e+04
 154.4807382,2.3831998e+04
 154.5011723,2.3837322e+04
 154.5216065,2.3836812e+04
 154.5420405,2.3836645e+04
 154.5624746,2.3843480e+04
 154.5829088,2.3830488e+04
 154.6033427,2.3848885e+04
 154.6237768,2.3849488e+04
 154.6442109,2.3841342e+04
 154.6646450,2.3842197e+04
 154.6850791,2.3847988e+04
 154.7055132,2.3854756e+04
 154.7259474,2.3847314e+04
 154.7463813,2.3851553e+04
 154.7668154,2.3854898e+04
 154.7872495,2.3839225e+04
 154.8076836,2.3859957e+04
 154.8281177,2.3858377e+04
 154.8485517,2.3849682e+04
 154.8689858,2.3860182e+04
 154.8894199,2.3872100e+04
 154.9098540,2.3856342e+04
 154.9302881,2.3854148e+04
 154.9507222,2.3850018e+04
 154.9711563,2.3836607e+04
 154.9915903,2.3852346e+04
 155.0120243,2.3861314e+04
 155.0324585,2.3870154e+04
 155.0528926,2.3864889e+04
 155.0733266,2.3872553e+04
 155.0937608,2.3863062e+04
 155.1141948,2.3866584e+04
 155.1346288,2.3866955e+04
 155.1550629,2.3874219e+04
 155.1754971,2.3879977e+04
 155.1959312,2.3873348e+04
 155.2163651,2.3877473e+04
 155.2367992,2.3875604e+04
 155.2572334,2.3887648e+04
 155.2776674,         null
 155.2981015,2.3877738e+04
 155.3185356,2.3883848e+04
 155.3389696,2.3883949e+04
 155.3594037,2.3883406e+04
 155.3798378,2.3883186e+04
 155.4002719,2.3880875e+04
 155.4207059,2.3888002e+04
 155.4411400,2.3900416e+04
 155.4615742,2.3891900e+04
 155.4820082,2.3899410e+04
 155.5024423,2.3893805e+04
 155.5228762,2.3904740e+04
 155.5433104,2.3900756e+04
 155.5637445,         null
 155.5841785,2.3906652e+04
 155.6046126,2.3890357e+04
 155.6250467,2.3915514e+04
 155.6454808,2.3902887e+04
 155.6659148,2.3899582e+04
 155.6863490,2.3913682e+04
 155.7067830,2.3903385e+04
 155.7272170,2.3909061e+04
 155.7476511,2.3899973e+04
 155.7680853,2.3913494e+04
 155.7885192,2.3909084e+04
 155.8089533,2.3914697e+04
 155.8293875,2.3906369e+04
 155.8498215,2.3918430e+04
 155.8702555,2.3909723e+04
 155.8906896,2.3913270e+04
 155.9111238,2.3911969e+04
 155.9315578,2.3915785e+04
 155.9519918,2.3917850e+04
 155.9724260,2.3920771e+04
 155.9928600,2.3934287e+04
 156.0132941,2.3924438e+04
 156.0337280,2.3927510e+04
 156.0541622,2.3925951e+04
 156.0745963,2.3921830e+04
 156.0950303,2.3922449e+04
 156.1154644,2.3922324e+04
 156.1358985,2.3933340e+04
 156.1563326,2.3934225e+04
 156.1767665,2.3929348e+04
 156.1972007,2.3938016e+04
 156.2176348,2.3931977e+04
 156.2380688,2.3936789e+04
 156.2585028,2.3942768e+04
 156.2789370,2.3936387e+04
 156.2993710,2.3935352e+04
 156.3198050,2.3933883e+04
 156.3402392,2.3942066e+04
 156.3606732,2.3933932e+04
 156.3811072,2.3935006e+04
 156.4015413,2.3931867e+04
 156.4219755,2.3933652e+04
 156.4424095,2.3941537e+04
 156.4628435,2.3949674e+04
 156.4832777,2.3946586e+04
 156.5037117,2.3939303e+04
 156.5241457,2.3945387e+04
 156.5445798,2.3940342e+04
 156.5650139,2.3942492e+04
 156.5854479,2.3946008e+04
 156.6058820,2.3953537e+04
 156.6263161,2.3954961e+04
 156.6467501,2.3945855e+04
 156.6671842,2.3951844e+04
 156.6876183,2.3953424e+04
 156.7080523,2.3939105e+04
 156.7284864,2.3947994e+04
 156.7489205,2.3948299e+04
 156.7693545,2.3950672e+04
 156.7897886,2.3956947e+04
 156.8102227,2.3957080e+04
 156.8306568,2.3953135e+04
 156.8510908,2.3950834e+04
 156.8715249,2.3946666e+04
 156.8919589,2.3950441e+04
 156.9123929,2.3962717e+04
 156.9328271,2.3955195e+04
 156.9532611,2.3953162e+04
 156.9736951,2.3958225e+04
 156.9941293,2.3956443e+04
 157.0145633,2.3961494e+04
 157.0349973,2.3964570e+04
 157.0554314,2.3965365e+04
 157.0758655,2.3978014e+04
 157.0962995,2.3965945e+04
 157.1167336,2.3966525e+04
 157.1371677,2.3955328e+04
 157.1576018,2.3958979e+04
 157.1780357,2.3950367e+04
 157.1984698,2.3963285e+04
 157.2189040,2.3977299e+04
 157.2393379,2.3966189e+04
 157.2597720,2.3957283e+04
 157.2802061,2.3957033e+04
 157.3006401,2.3944508e+04
 157.3210742,2.3964809e+04
 157.3415082,2.4006359e+04
 157.3619423,2.3973889e+04
 157.3823764,2.3970893e+04
 157.4028104,2.3966236e+04
 157.4232444,2.3972570e+04
 157.4436786,2.3969322e+04
 157.4641126,2.3971453e+04
 157.4845466,2.3971777e+04
 157.5049807,2.3968613e+04
 157.5254148,2.3961289e+04
 157.5458488,2.3971125e+04
 157.5662828,2.3968838e+04
 157.5867170,2.3973848e+04
 157.6071509,2.3962555e+04
 157.6275850,2.3968492e+04
 157.6480191,2.3971424e+04
 157.6684532,2.3968125e+04
 157.6888872,2.3969369e+04
 157.7093212,2.3972570e+04
 157.7297554,2.3971535e+04
 157.7501893,2.3979404e+04
 157.7706234,2.3961869e+04
 157.7910576,2.3974967e+04
 157.8114915,2.3980215e+04
 157.8319256,2.3958400e+04
 157.8523596,2.3960137e+04
 157.8727937,2.3969100e+04
 157.8932277,2.3964055e+04
 157.9136618,2.3975719e+04
 157.9340958,2.3976650e+04
 157.9545299,2.3968990e+04
 157.9749640,2.3969041e+04
 157.9953979,2.3967939e+04
 158.0158321,2.3971330e+04
 158.0362661,2.3970477e+04
 158.0567001,2.3970037e+04
 158.0771341,2.3963068e+04
 158.0975683,2.3970299e+04
 158.1180024,2.3966420e+04
 158.1384363,2.3961250e+04
 158.1588705,2.3960535e+04
 158.1793045,2.3967885e+04
 158.1997385,2.3961545e+04
 158.2201725,2.3965355e+04
 158.2406067,2.3970838e+04
 158.2610406,         null
 158.2814747,2.3963789e+04
 158.3019088,2.3962840e+04
 158.3223429,2.3971461e+04
 158.3427768,2.3964354e+04
 158.3632109,2.3967473e+04
 158.3836450,2.3959238e+04
 158.4040791,2.3958357e+04
 158.4245130,2.3963980e+04
 158.4449471,2.3967252e+04
 158.4653812,2.3971021e+04
 158.4858152,2.3958184e+04
 158.5062493,2.3958230e+04
 158.5266834,2.3954131e+04
 158.5471174,2.3956787e+04
 158.5675514,2.3956072e+04
 158.5879855,2.3960951e+04
 158.6084195,2.3966732e+04
 158.6288536,2.3960812e+04
 158.6492876,2.3957639e+04
 158.6697218,2.3961650e+04
 158.6901557,2.3943105e+04
 158.7105897,2.3952461e+04
 158.7310237,2.3959518e+04
 158.7514578,2.3951715e+04
 158.7718919,2.3961959e+04
 158.7923259,2.3955676e+04
 158.8127600,2.3955334e+04
 158.8331940,2.3954229e+04
 158.8536281,2.3960570e+04
 158.8740620,2.3953492e+04
 158.8944962,2.3947236e+04
 158.9149302,2.3957719e+04
 158.9353642,2.3949762e+04
 158.9557983,2.3953520e+04
 158.9762324,2.3951611e+04
 158.9966663,2.3961092e+04
 159.0171004,2.3954180e+04
 159.0375345,2.3942562e+04
 159.0579685,2.3938650e+04
 159.0784025,2.3936756e+04
 159.0988365,2.3945947e+04
 159.1192707,2.3949703e+04
 159.1397046,2.3952213e+04
 159.1601387,2.3957426e+04
 159.1805728,2.3938488e+04
 159.2010068,2.3938018e+04
 159.2214408,2.3936531e+04
 159.2418748,2.3938818e+04
 159.2623089,2.3947715e+04
 159.2827429,2.3938121e+04
 159.3031770,2.3950730e+04
 159.3236110,2.3931232e+04
 159.3440451,2.3937879e+04
 159.3644791,2.3936055e+04
 159.3849131,2.3925496e+04
 159.4053472,2.3935312e+04
 159.4257812,2.3932355e+04
 159.4462152,2.3931604e+04
 159.4666493,2.3930260e+04
 159.4870834,2.3933203e+04
 159.5075173,2.3921439e+04
 159.5279514,2.3927326e+04
 159.5483855,2.3927895e+04
 159.5688194,2.3927084e+04
 159.5892535,2.3925820e+04
 159.6096875,2.3913865e+04
 159.6301217,2.3919668e+04
 159.6505556,2.3921096e+04
 159.6709896,2.3918775e+04
 159.6914238,2.3919168e+04
 159.7118577,2.3909605e+04
 159.7322918,2.3913941e+04
 159.7527258,2.3914824e+04
 159.7731598,2.3922666e+04
 159.7935939,2.3901543e+04
 159.8140279,2.3914822e+04
 159.8344620,2.3921604e+04
 159.8548960,2.3912834e+04
 159.8753300,2.3920896e+04
 159.8957640,2.3917641e+04
 159.9161981,2.3913891e+04
 159.9366321,2.3902094e+04
 159.9570662,2.3908896e+04
 159.9775002,2.3907941e+04
 159.9979343,2.3903342e+04
 160.0183683,2.3920326e+04
 160.0388023,2.3912453e+04
 160.0592364,2.3902621e+04
 160.0796704,2.3894121e+04
 160.1001044,2.3902461e+04
 160.1205384,2.3887215e+04
 160.1409725,2.3918643e+04
 160.1614065,2.3892742e+04
 160.1818405,2.3892477e+04
 160.2022746,2.3894502e+04
 160.2227086,2.3893500e+04
 160.2431426,2.3892852e+04
 160.2635766,2.3894150e+04
 160.2840108,2.3889754e+04
 160.3044447,2.3892605e+04
 160.3248787,2.3897729e+04
 160.3453129,2.3885438e+04
 160.3657469,2.3885002e+04
 160.3861808,2.3889600e+04
 160.4066149,2.3892098e+04
 160.4270490,2.3889848e+04
 160.4474829,2.3893604e+04
 160.4679170,2.3883133e+04
 160.4883511,2.3881387e+04
 160.5087850,2.3884965e+04
 160.5292190,2.3878684e+04
 160.5496531,2.3878439e+04
 160.5700871,2.3882451e+04
 160.5905211,2.3875980e+04
 160.6109552,2.3879918e+04
 160.6313891,2.3868000e+04
 160.6518232,2.3877426e+04
 160.6722573,2.3872629e+04
 160.6926912,2.3883363e+04
 160.7131253,2.3874877e+04
 160.7335594,2.3870955e+04
 160.7539933,2.3875369e+04
 160.7744273,2.3870949e+04
 160.7948614,2.3874842e+04
 160.8152955,2.3877541e+04
 160.8357294,2.3873367e+04
 160.8561635,2.3876842e+04
 160.8765976,2.3877164e+04
 160.8970315,2.3885764e+04
 160.9174655,2.3875070e+04
 160.9378996,2.3868781e+04
 160.9583336,2.3871021e+04
 160.9787676,2.3866102e+04
 160.9992017,2.3866904e+04
 161.0196357,2.3874562e+04
 161.0400697,2.3876217e+04
 161.0605037,2.3867898e+04
 161.0809377,2.3863400e+04
 161.1013718,2.3862484e+04
 161.1218058,2.3855705e+04
 161.1422399,2.3858678e+04
 161.1626738,2.3855670e+04
 161.1831079,2.3860875e+04
 161.2035418,2.3853430e+04
 161.2239759,2.3856180e+04
 161.2444099,         null
 161.2648440,2.3863740e+04
 161.2852779,2.3850170e+04
 161.3057120,2.3862014e+04
 161.3261460,2.3858549e+04
 161.3465800,2.3852111e+04
 161.3670141,2.3854357e+04
 161.3874481,2.3848904e+04
 161.4078820,2.3851949e+04
 161.4283161,2.3865232e+04
 161.4487502,2.3858615e+04
 161.4691841,2.3854205e+04
 161.4896181,2.3852764e+04
 161.5100523,2.3856475e+04
 161.5304862,2.3857074e+04
 161.5509202,2.3857289e+04
 161.5713542,2.3838482e+04
 161.5917883,2.3850648e+04
 161.6122223,2.3849160e+04
 161.6326563,2.3856189e+04
 161.6530904,2.3850211e+04
 161.6735244,2.3856785e+04
 161.6939584,2.3850568e+04
 161.7143924,2.3837771e+04
 161.7348265,2.3843697e+04
 161.7552604,2.3837176e+04
 161.7756944,2.3841078e+04
 161.7961285,2.3840881e+04
 161.8165625,2.3846863e+04
 161.8369965,2.3839375e+04
 161.8574305,2.3842621e+04
 161.8778646,2.3845385e+04
 161.8982985,2.3845447e+04
 161.9187326,2.3836166e+04
 161.9391665,2.3844619e+04
 161.9596006,2.3831629e+04
 161.9800346,2.3839232e+04
 162.0004686,2.3839572e+04
 162.0209027,2.3832873e+04
 162.0413367,2.3840557e+04
 162.0617707,2.3834332e+04
 162.0822046,2.3840885e+04
 162.1026387,2.3835482e+04
 162.1230727,2.3837541e+04
 162.1435067,2.3839490e+04
 162.1639408,2.3828891e+04
 162.1843748,2.3832221e+04
 162.2048087,2.3832854e+04
 162.2252427,2.3840635e+04
 162.2456768,2.3828934e+04
 162.2661108,2.3831680e+04
 162.2865448,2.3837074e+04
 162.3069789,2.3833242e+04
 162.3274129,2.3838637e+04
 162.3478468,2.3828439e+04
 162.3682808,2.3830498e+04
 162.3887149,2.3827922e+04
 162.4091489,2.3836061e+04
 162.4295829,2.3839131e+04
 162.4500168,2.3828725e+04
 162.4704509,2.3828936e+04
 162.4908849,2.3824154e+04
 162.5113183,2.3826932e+04
 162.5317524,2.3834123e+04
 162.5521864,2.3819990e+04
 162.5726204,2.3815938e+04
 162.5930544,2.3830031e+04
 162.6134885,2.3823521e+04
 162.6339224,2.3824758e+04
 162.6543564,2.3831689e+04
 162.6747905,2.3817594e+04
 162.6952244,2.3814178e+04
 162.7156584,2.3824404e+04
 162.7360925,2.3825490e+04
 162.7565265,2.3819875e+04
 162.7769605,2.3825910e+04
 162.7973945,2.3817035e+04
 162.8178285,2.3816119e+04
 162.8382625,2.3828451e+04
 162.8586965,2.3819781e+04
 162.8791304,2.3812691e+04
 162.8995645,2.3816775e+04
 162.9199985,2.3817227e+04
 162.9404325,2.3804264e+04
 162.9608665,2.3806814e+04
 162.9813006,2.3821994e+04
 163.0017345,2.3815814e+04
 163.0221685,2.3812809e+04
 163.0426026,2.3806324e+04
 163.0630366,2.3817514e+04
 163.0834705,2.3818135e+04
 163.1039045,2.3823600e+04
 163.1243386,2.3811471e+04
 163.1447725,2.3820842e+04
 163.1652065,2.3814123e+04
 163.1856406,2.3818674e+04
 163.2060745,2.3815291e+04
 163.2265086,2.3811324e+04
 163.2469426,2.3809748e+04
 163.2673766,2.3816701e+04
 163.2878106,2.3812287e+04
 163.3082446,2.3803758e+04
 163.3286787,2.3815459e+04
 163.3491126,2.3805686e+04
 163.3695466,2.3809816e+04
 163.3899805,2.3808475e+04
 163.4104146,2.3806545e+04
 163.4308486,2.3801121e+04
 163.4512825,2.3800697e+04
 163.4717166,2.3815893e+04
 163.4921506,2.3809225e+04
 163.5125846,2.3805170e+04
 163.5330185,2.3817447e+04
 163.5534526,2.3810678e+04
 163.5738866,2.3803402e+04
 163.5943205,2.3811920e+04
 163.6147545,2.3805768e+04
 163.6351886,2.3815990e+04
 163.6556225,2.3808461e+04
 163.6760565,2.3800225e+04
 163.6964906,2.3808871e+04
 163.7169245,2.3798828e+04
 163.7373585,2.3811250e+04
 163.7577925,2.3808438e+04
 163.7782265,2.3802566e+04
 163.7986605,2.3808566e+04
 163.8190945,2.3805283e+04
 163.8395286,2.3800201e+04
 163.8599625,2.3800180e+04
 163.8803965,2.3802477e+04
 163.9008304,2.3802170e+04
 163.9212645,2.3808568e+04
 163.9416985,2.3818355e+04
 163.9621325,2.3803646e+04
 163.9825665,2.3803225e+04
 164.0030005,2.3810188e+04
 164.0234345,2.3809162e+04
 164.0438684,2.3811984e+04
 164.0643025,2.3808404e+04
 164.0847365,2.3796719e+04
 164.1051705,2.3805727e+04
 164.1256044,2.3799674e+04
 164.1460385,2.3791438e+04
 164.1664724,2.3797059e+04
 164.1869064,2.3802564e+04
 164.2073405,2.3794885e+04
 164.2277745,         null
 164.2482084,2.3797088e+04
 164.2686424,2.3804043e+04
 164.2890764,2.3792564e+04
 164.3095104,2.3794404e+04
 164.3299444,2.3800896e+04
 164.3503785,2.3786801e+04
 164.3708125,2.3803994e+04
 164.3912464,2.3793500e+04
 164.4116804,2.3810934e+04
 164.4321144,2.3791527e+04
 164.4525483,2.3806305e+04
 164.4729823,2.3797986e+04
 164.4934164,2.3791014e+04
 164.5138503,2.3786934e+04
 164.5342843,2.3802824e+04
 164.5547183,2.3795707e+04
 164.5751523,2.3793549e+04
 164.5955863,2.3799127e+04
 164.6160203,2.3796428e+04
 164.6364542,2.3790779e+04
 164.6568883,2.3795416e+04
 164.6773223,2.3793738e+04
 164.6977563,2.3788268e+04
 164.7181903,2.3786533e+04
 164.7386242,2.3791959e+04
 164.7590582,2.3792938e+04
 164.7794921,2.3788762e+04
 164.7999262,2.3797268e+04
 164.8203602,2.3790197e+04
 164.8407941,2.3795363e+04
 164.8612282,2.3785559e+04
 164.8816622,2.3777982e+04
 164.9020961,2.3779867e+04
 164.9225301,2.3790873e+04
 164.9429641,2.3779166e+04
 164.9633980,2.3785531e+04
 164.9838320,2.3784354e+04
