        TIME,  PDCSAP_FLUX
 131.5118750,2.3196898e+04
 131.5323094,2.3194588e+04
 131.5527437,2.3194785e+04
 131.5731779,2.3189668e+04
 131.5936122,2.3188740e+04
 131.6140466,2.3198707e+04
 131.6344808,2.3200635e+04
 131.6549151,2.3207055e+04
 131.6753495,2.3192672e+04
 131.6957838,2.3185100e+04
 131.7162180,2.3190082e+04
 131.7366523,2.3193703e+04
 131.7570867,2.3188688e+04
 131.7775209,2.3201422e+04
 131.7979552,2.3195193e+04
 131.8183896,2.3195527e+04
 131.8388238,2.3202510e+04
 131.8592581,2.3202482e+04
 131.8796924,2.3198396e+04
 131.9001267,2.3199473e+04
 131.9205610,2.3190740e+04
 131.9409953,2.3189889e+04
 131.9614296,2.3187699e+04
 131.9818639,2.3201254e+04
 132.0022982,2.3197004e+04
 132.0227324,2.3195826e+04
 132.0431668,2.3196576e+04
 132.0636011,2.3199141e+04
 132.0840353,2.3201016e+04
 132.1044696,2.3199219e+04
 132.1249040,2.3195293e+04
 132.1453382,2.3201348e+04
 132.1657725,2.3190088e+04
 132.1862069,2.3205404e+04
 132.2066412,2.3193055e+04
 132.2270754,2.3204100e+04
 132.2475097,2.3196785e+04
 132.2679441,2.3193783e+04
 132.2883783,2.3202443e+04
 132.3088126,2.3197221e+04
 132.3292470,2.3193730e+04
 132.3496812,2.3193537e+04
 132.3701155,2.3206732e+04
 132.3905498,2.3209400e+04
 132.4109841,2.3194842e+04
 132.4314184,2.3191754e+04
 132.4518527,2.3194844e+04
 132.4722871,2.3207486e+04
 132.4927213,2.3195375e+04
 132.5131556,2.3197693e+04
 132.5335898,2.3200418e+04
 132.5540242,2.3201357e+04
 132.5744585,2.3197299e+04
 132.5948927,2.3195625e+04
 132.6153271,2.3192592e+04
 132.6357614,2.3226605e+04
 132.6561957,2.3197607e+04
 132.6766299,2.3188656e+04
 132.6970643,2.3204916e+04
 132.7174986,2.3202936e+04
 132.7379328,2.3199547e+04
 132.7583672,2.3199844e+04
 132.7788015,2.3197754e+04
 132.7992357,2.3196152e+04
 132.8196700,2.3198871e+04
 132.8401044,2.3199625e+04
 132.8605386,2.3196732e+04
 132.8809729,2.3187418e+04
 132.9014073,2.3192031e+04
 132.9218415,2.3198549e+04
 132.9422758,2.3196244e+04
 132.9627101,2.3194674e+04
 132.9831445,2.3192773e+04
 133.0035787,2.3193977e+04
 133.0240130,2.3189619e+04
 133.0444473,2.3197021e+04
 133.0648816,2.3204264e+04
 133.0853159,2.3194004e+04
 133.1057502,2.3197730e+04
 133.1261845,2.3203654e+04
 133.1466188,2.3203363e+04
 133.1670531,2.3186570e+04
 133.1874874,2.3201406e+04
 133.2079218,2.3195893e+04
 133.2283560,2.3206246e+04
 133.2487903,2.3196098e+04
 133.2692246,2.3202178e+04
 133.2896589,2.3197271e+04
 133.3100932,2.3208105e+04
 133.3305274,2.3201635e+04
 133.3509618,2.3206061e+04
 133.3713961,2.3212143e+04
 133.3918304,2.3204648e+04
 133.4122647,2.3179701e+04
 133.4326990,2.3190098e+04
 133.4531333,2.3198516e+04
 133.4735675,2.3198160e+04
 133.4940019,2.3201727e+04
 133.5144362,2.3192207e+04
 133.5348704,2.3195064e+04
 133.5553048,2.3192469e+04
 133.5757391,2.3190807e+04
 133.5961733,2.3194461e+04
 133.6166076,2.3191199e+04
 133.6370420,2.3191953e+04
 133.6574763,2.3191221e+04
 133.6779105,2.3191979e+04
 133.6983449,2.3190986e+04
 133.7187792,2.3196182e+04
 133.7392134,2.3200277e+04
 133.7596477,2.3201445e+04
 133.7800821,2.3196268e+04
 133.8005163,2.3200934e+04
 133.8209506,2.3184924e+04
 133.8413849,2.3196775e+04
 133.8618192,2.3194770e+04
 133.8822535,2.3191969e+04
 133.9026878,2.3201715e+04
 133.9231221,2.3191266e+04
 133.9435564,2.3201932e+04
 133.9639907,2.3204887e+04
 133.9844249,2.3193703e+04
 134.0048593,2.3199441e+04
 134.0252936,2.3208740e+04
 134.0457278,2.3197645e+04
 134.0661622,2.3201922e+04
 134.0865965,2.3194863e+04
 134.1070307,2.3196283e+04
 134.1274650,2.3197020e+04
 134.1478994,2.3205584e+04
 134.1683337,2.3209771e+04
 134.1887679,2.3201242e+04
 134.2092023,2.3209125e+04
 134.2296366,2.3207508e+04
 134.2500708,2.3195379e+04
 134.2705051,2.3193320e+04
 134.2909395,2.3190797e+04
 134.3113737,2.3198549e+04
 134.3318080,2.3201518e+04
 134.3522424,2.3194715e+04
 134.3726766,2.3198838e+04
 134.3931109,         null
 134.4135452,2.3200551e+04
 134.4339795,2.3209363e+04
 134.4544138,2.3201662e+04
 134.4748481,2.3200127e+04
 134.4952825,2.3196395e+04
 134.5157167,2.3212887e+04
 134.5361510,2.3201979e+04
 134.5565852,2.3193488e+04
 134.5770196,2.3195850e+04
 134.5974539,2.3195119e+04
 134.6178881,2.3201033e+04
 134.6383224,2.3190295e+04
 134.6587568,2.3201092e+04
 134.6791911,2.3191545e+04
 134.6996254,2.3197875e+04
 134.7200597,2.3199217e+04
 134.7404940,2.3205051e+04
 134.7609282,2.3204971e+04
 134.7813625,2.3197312e+04
 134.8017969,2.3201143e+04
 134.8222312,2.3194752e+04
 134.8426654,2.3194449e+04
 134.8630998,2.3192318e+04
 134.8835341,2.3196168e+04
 134.9039684,2.3200484e+04
 134.9244026,2.3194654e+04
 134.9448370,2.3200611e+04
 134.9652713,2.3197777e+04
 134.9857055,2.3221588e+04
 135.0061398,2.3201969e+04
 135.0265741,2.3201762e+04
 135.0470083,2.3203260e+04
 135.0674426,2.3192264e+04
 135.0878770,2.3205832e+04
 135.1083112,2.3189867e+04
 135.1287455,2.3200229e+04
 135.1491799,2.3208619e+04
 135.1696142,2.3197076e+04
 135.1900484,2.3198129e+04
 135.2104827,2.3195246e+04
 135.2309171,2.3203289e+04
 135.2513513,2.3190801e+04
 135.2717856,2.3209828e+04
 135.2922198,2.3200527e+04
 135.3126542,2.3201527e+04
 135.3330885,2.3196129e+04
 135.3535227,2.3199953e+04
 135.3739571,2.3201410e+04
 135.3943914,2.3202984e+04
 135.4148257,2.3208258e+04
 135.4352599,2.3196729e+04
 135.4556943,2.3207885e+04
 135.4761286,2.3202596e+04
 135.4965628,2.3201771e+04
 135.5169972,2.3202652e+04
 135.5374315,2.3198656e+04
 135.5578657,2.3209352e+04
 135.5783000,2.3202369e+04
 135.5987344,2.3205264e+04
 135.6191686,2.3199291e+04
 135.6396029,2.3197039e+04
 135.6600373,2.3206389e+04
 135.6804716,2.3195488e+04
 135.7009058,2.3194764e+04
 135.7213401,2.3194295e+04
 135.7417744,2.3194076e+04
 135.7622086,2.3194988e+04
 135.7826429,2.3211359e+04
 135.8030773,2.3198842e+04
 135.8235115,2.3204396e+04
 135.8439458,2.3202088e+04
 135.8643801,2.3200686e+04
 135.8848144,2.3202287e+04
 135.9052487,2.3200307e+04
 135.9256830,2.3191312e+04
 135.9461172,2.3190502e+04
 135.9665516,2.3203246e+04
 135.9869859,2.3199584e+04
 136.0074201,2.3192820e+04
 136.0278545,2.3198506e+04
 136.0482888,2.3195643e+04
 136.0687230,2.3192994e+04
 136.0891573,2.3197025e+04
 136.1095917,2.3204961e+04
 136.1300260,2.3194100e+04
 136.1504602,2.3201330e+04
 136.1708946,2.3198113e+04
 136.1913289,2.3190723e+04
 136.2117631,2.3196520e+04
 136.2321974,2.3195953e+04
 136.2526318,2.3192887e+04
 136.2730659,2.3194701e+04
 136.2935002,2.3205713e+04
 136.3139346,2.3208064e+04
 136.3343688,2.3199576e+04
 136.3548031,2.3200691e+04
 136.3752374,2.3189865e+04
 136.3956717,2.3186508e+04
 136.4161060,2.3198414e+04
 136.4365403,2.3199180e+04
 136.4569747,2.3187195e+04
 136.4774089,2.3196693e+04
 136.4978432,2.3195916e+04
 136.5182775,2.3202205e+04
 136.5387118,2.3193318e+04
 136.5591461,2.3192658e+04
 136.5795804,2.3198469e+04
 136.6000147,2.3195898e+04
 136.6204490,2.3193330e+04
 136.6408833,2.3209342e+04
 136.6613176,2.3203857e+04
 136.6817519,2.3200238e+04
 136.7021862,2.3202367e+04
 136.7226204,2.3197107e+04
 136.7430546,2.3200078e+04
 136.7634890,2.3200615e+04
 136.7839233,2.3192871e+04
 136.8043575,2.3191924e+04
 136.8247919,2.3189154e+04
 136.8452262,2.3212996e+04
 136.8656605,2.3202145e+04
 136.8860947,2.3190869e+04
 136.9065291,2.3208672e+04
 136.9269634,2.3200867e+04
 136.9473976,2.3197250e+04
 136.9678320,2.3190518e+04
 136.9882663,2.3194977e+04
 137.0087005,2.3202461e+04
 137.0291348,2.3202910e+04
 137.0495692,2.3192070e+04
 137.0700034,2.3188391e+04
 137.0904377,2.3201992e+04
 137.1108720,2.3198488e+04
 137.1313062,2.3189354e+04
 137.1517405,2.3195887e+04
 137.1721748,2.3197555e+04
 137.1926092,2.3196621e+04
 137.2130434,2.3195141e+04
 137.2334777,2.3202566e+04
 137.2539119,2.3203977e+04
 137.2743463,2.3204094e+04
 137.2947806,2.3192545e+04
 137.3152148,2.3195469e+04
 137.3356492,2.3191713e+04
 137.3560835,2.3195496e+04
 137.3765178,         null
 137.3969520,2.3197277e+04
 137.4173864,2.3195264e+04
 137.4378206,2.3200402e+04
 137.4582548,2.3194799e+04
 137.4786892,2.3193953e+04
 137.4991235,2.3210244e+04
 137.5195577,2.3190158e+04
 137.5399920,2.3208164e+04
 137.5604264,2.3204990e+04
 137.5808606,2.3203152e+04
 137.6012949,2.3188814e+04
 137.6217293,2.3201508e+04
 137.6421636,2.3201646e+04
 137.6625978,2.3201773e+04
 137.6830321,2.3202258e+04
 137.7034665,2.3204131e+04
 137.7239007,2.3201244e+04
 137.7443350,2.3200123e+04
 137.7647693,2.3192572e+04
 137.7852035,2.3199945e+04
 137.8056378,2.3207232e+04
 137.8260720,2.3205811e+04
 137.8465064,2.3208152e+04
 137.8669407,2.3193580e+04
 137.8873750,2.3207520e+04
 137.9078092,2.3201973e+04
 137.9282436,2.3211250e+04
 137.9486779,2.3200371e+04
 137.9691121,2.3189107e+04
 137.9895465,2.3191119e+04
 138.0099808,2.3198158e+04
 138.0304150,2.3195268e+04
 138.0508492,2.3200572e+04
 138.0712836,2.3208324e+04
 138.0917179,2.3199775e+04
 138.1121521,2.3202750e+04
 138.1325865,2.3202268e+04
 138.1530208,2.3208574e+04
 138.1734550,2.3194953e+04
 138.1938893,2.3207217e+04
 138.2143237,2.3199396e+04
 138.2347580,2.3193969e+04
 138.2551922,2.3209119e+04
 138.2756266,2.3194725e+04
 138.2960609,2.3197941e+04
 138.3164950,2.3206555e+04
 138.3369293,2.3204516e+04
 138.3573637,2.3200887e+04
 138.3777980,2.3191932e+04
 138.3982322,2.3189227e+04
 138.4186666,2.3197430e+04
 138.4391009,2.3195979e+04
 138.4595351,2.3205068e+04
 138.4799694,2.3197184e+04
 138.5004038,2.3202416e+04
 138.5208380,2.3192867e+04
 138.5412723,2.3209771e+04
 138.5617065,2.3206303e+04
 138.5821408,2.3205742e+04
 138.6025751,2.3201975e+04
 138.6230094,2.3199357e+04
 138.6434437,2.3193010e+04
 138.6638780,2.3205564e+04
 138.6843123,2.3204799e+04
 138.7047465,2.3200373e+04
 138.7251809,2.3201789e+04
 138.7456152,2.3206344e+04
 138.7660494,2.3209039e+04
 138.7864837,2.3198908e+04
 138.8069180,2.3201271e+04
 138.8273522,2.3203469e+04
 138.8477865,2.3187861e+04
 138.8682209,2.3197805e+04
 138.8886552,2.3198857e+04
 138.9090894,2.3197146e+04
 138.9295238,2.3210330e+04
 138.9499581,2.3196861e+04
 138.9703923,2.3194949e+04
 138.9908266,2.3198020e+04
 139.0112609,2.3203482e+04
 139.0316951,2.3198895e+04
 139.0521294,2.3199258e+04
 139.0725638,2.3201293e+04
 139.0929980,2.3209979e+04
 139.1134323,2.3195623e+04
 139.1338666,2.3211285e+04
 139.1543009,2.3198025e+04
 139.1747352,2.3210736e+04
 139.1951695,2.3192594e+04
 139.2156037,2.3204426e+04
 139.2360380,2.3192064e+04
 139.2564723,2.3193297e+04
 139.2769065,2.3201119e+04
 139.2973409,2.3198379e+04
 139.3177752,2.3194805e+04
 139.3382095,2.3196727e+04
 139.3586437,2.3191104e+04
 139.3790781,2.3196078e+04
 139.3995124,2.3194383e+04
 139.4199466,2.3203820e+04
 139.4403809,2.3192828e+04
 139.4608152,2.3195619e+04
 139.4812494,2.3202195e+04
 139.5016837,2.3190826e+04
 139.5221181,2.3202168e+04
 139.5425523,2.3198482e+04
 139.5629866,2.3196596e+04
 139.5834210,2.3202703e+04
 139.6038552,2.3207770e+04
 139.6242894,2.3196068e+04
 139.6447237,2.3201779e+04
 139.6651581,2.3204818e+04
 139.6855923,2.3198396e+04
 139.7060266,2.3199457e+04
 139.7264609,2.3193912e+04
 139.7468952,2.3194609e+04
 139.7673295,2.3202910e+04
 139.7877638,2.3194258e+04
 139.8081980,2.3192646e+04
 139.8286323,2.3200648e+04
 139.8490666,2.3204971e+04
 139.8695009,2.3199570e+04
 139.8899352,2.3201066e+04
 139.9103695,2.3196711e+04
 139.9308038,2.3203123e+04
 139.9512382,2.3215459e+04
 139.9716724,2.3189713e+04
 139.9921066,2.3204031e+04
 140.0125408,2.3200238e+04
 140.0329752,2.3198633e+04
 140.0534095,2.3192559e+04
 140.0738438,2.3196229e+04
 140.0942781,2.3191002e+04
 140.1147124,2.3212381e+04
 140.1351467,2.3200389e+04
 140.1555808,2.3197721e+04
 140.1760152,2.3201260e+04
 140.1964495,2.3189346e+04
 140.2168837,2.3199713e+04
 140.2373181,2.3205977e+04
 140.2577524,2.3203959e+04
 140.2781866,2.3194184e+04
 140.2986209,2.3187314e+04
 140.3190553,2.3199295e+04
 140.3394894,2.3191053e+04
 140.3599237,         null
 140.3803580,2.3207410e+04
 140.4007924,2.3204035e+04
 140.4212266,2.3208475e+04
 140.4416609,2.3205275e+04
 140.4620953,2.3194908e+04
 140.4825295,2.3197021e+04
 140.5029637,2.3204432e+04
 140.5233979,2.3197334e+04
 140.5438323,2.3200912e+04
 140.5642666,2.3188184e+04
 140.5847009,2.3204969e+04
 140.6051352,2.3201516e+04
 140.6255695,2.3197777e+04
 140.6460037,2.3202518e+04
 140.6664379,2.3191461e+04
 140.6868723,2.3204566e+04
 140.7073066,2.3210650e+04
 140.7277408,2.3197848e+04
 140.7481752,2.3203639e+04
 140.7686095,2.3198850e+04
 140.7890437,2.3202061e+04
 140.8094779,2.3201742e+04
 140.8299123,2.3197307e+04
 140.8503466,2.3205330e+04
 140.8707808,2.3197721e+04
 140.8912151,2.3192350e+04
 140.9116495,2.3198004e+04
 140.9320837,2.3196152e+04
 140.9525179,2.3201916e+04
 140.9729523,2.3198459e+04
 140.9933865,2.3195100e+04
 141.0138208,2.3199959e+04
 141.0342551,2.3199719e+04
 141.0546894,2.3206828e+04
 141.0751237,2.3219705e+04
 141.0955579,2.3197865e+04
 141.1159922,2.3202471e+04
 141.1364265,2.3188180e+04
 141.1568608,2.3212469e+04
 141.1772950,2.3206158e+04
 141.1977294,2.3197504e+04
 141.2181637,2.3192076e+04
 141.2385978,2.3202377e+04
 141.2590322,2.3207781e+04
 141.2794665,2.3199111e+04
 141.2999007,2.3193703e+04
 141.3203350,2.3195770e+04
 141.3407694,2.3204209e+04
 141.3612037,2.3187047e+04
 141.3816378,2.3190066e+04
 141.4020721,2.3199145e+04
 141.4225065,2.3200277e+04
 141.4429408,2.3212344e+04
 141.4633750,2.3197535e+04
 141.4838094,2.3190730e+04
 141.5042436,2.3198932e+04
 141.5246778,2.3206641e+04
 141.5451121,2.3207365e+04
 141.5655464,2.3195379e+04
 141.5859808,2.3200092e+04
 141.6064150,2.3209676e+04
 141.6268494,2.3195000e+04
 141.6472836,2.3215385e+04
 141.6677178,2.3203883e+04
 141.6881521,2.3194201e+04
 141.7085865,2.3198150e+04
 141.7290207,2.3196441e+04
 141.7494550,2.3198195e+04
 141.7698893,2.3200930e+04
 141.7903235,2.3200846e+04
 141.8107578,2.3200934e+04
 141.8311921,2.3189773e+04
 141.8516264,2.3201971e+04
 141.8720607,2.3202891e+04
 141.8924949,2.3210832e+04
 141.9129293,2.3194561e+04
 141.9333635,2.3213389e+04
 141.9537978,2.3185541e+04
 141.9742320,2.3192133e+04
 141.9946664,2.3194902e+04
 142.0151006,2.3191334e+04
 142.0355348,2.3189328e+04
 142.0559691,2.3184031e+04
 142.0764035,2.3194012e+04
 142.0968378,2.3184441e+04
 142.1172720,2.3195211e+04
 142.1377063,2.3184730e+04
 142.1581406,2.3185955e+04
 142.1785748,2.3188744e+04
 142.1990091,2.3192453e+04
 142.2194435,2.3193814e+04
 142.2398777,2.3195811e+04
 142.2603119,2.3197186e+04
 142.2807463,2.3201350e+04
 142.3011805,2.3194584e+04
 142.3216148,2.3196406e+04
 142.3420491,2.3190693e+04
 142.3624835,2.3201477e+04
 142.3829176,2.3199285e+04
 142.4033519,2.3195795e+04
 142.4237863,2.3198336e+04
 142.4442205,2.3201383e+04
 142.4646548,2.3196770e+04
 142.4850889,2.3201004e+04
 142.5055233,2.3199219e+04
 142.5259576,2.3196275e+04
 142.5463919,2.3198443e+04
 142.5668261,2.3190150e+04
 142.5872605,2.3199943e+04
 142.6076947,2.3201217e+04
 142.6281289,2.3207916e+04
 142.6485633,2.3190045e+04
 142.6689976,2.3206154e+04
 142.6894318,2.3193410e+04
 142.7098660,2.3207988e+04
 142.7303004,2.3205230e+04
 142.7507346,2.3205688e+04
 142.7711689,2.3188904e+04
 142.7916033,2.3208617e+04
 142.8120375,2.3205492e+04
 142.8324717,2.3201188e+04
 142.8529060,2.3190615e+04
 142.8733404,2.3203980e+04
 142.8937746,2.3196465e+04
 142.9142089,2.3208732e+04
 142.9346432,2.3202385e+04
 142.9550774,2.3200057e+04
 142.9755117,2.3200422e+04
 142.9959459,2.3194848e+04
 143.0163803,2.3193633e+04
 143.0368145,2.3209096e+04
 143.0572488,2.3182029e+04
 143.0776831,2.3200504e+04
 143.0981174,2.3196811e+04
 143.1185517,2.3200762e+04
 143.1389859,2.3192291e+04
 143.1594202,2.3200650e+04
 143.1798545,2.3211785e+04
 143.2002887,2.3201471e+04
 143.2207230,2.3189898e+04
 143.2411573,2.3197451e+04
 143.2615916,2.3203826e+04
 143.2820259,2.3198217e+04
 143.3024602,2.3201859e+04
 143.3228945,2.3189117e+04
 143.3433287,         null
 143.3637629,2.3200971e+04
 143.3841973,2.3201943e+04
 143.4046316,2.3201738e+04
 143.4250658,2.3193145e+04
 143.4455001,2.3197096e+04
 143.4659344,2.3192139e+04
 143.4863686,2.3200914e+04
 143.5068029,2.3197441e+04
 143.5272373,2.3199408e+04
 143.5476715,2.3206502e+04
 143.5681057,2.3210131e+04
 143.5885401,2.3211957e+04
 143.6089744,2.3196480e+04
 143.6294086,2.3198064e+04
 143.6498428,2.3201943e+04
 143.6702772,2.3201473e+04
 143.6907114,2.3202869e+04
 143.7111457,2.3198762e+04
 143.7315799,2.3196121e+04
 143.7520142,2.3201680e+04
 143.7724485,2.3191639e+04
 143.7928828,2.3193590e+04
 143.8133171,2.3215492e+04
 143.8337513,2.3200535e+04
 143.8541856,2.3193994e+04
 143.8746198,2.3194627e+04
 143.8950542,2.3193812e+04
 143.9154884,2.3191369e+04
 143.9359226,2.3210562e+04
 143.9563570,2.3191762e+04
 143.9767913,2.3200764e+04
 143.9972255,2.3208865e+04
 144.0176597,2.3202396e+04
 144.0380941,2.3201518e+04
 144.0585284,2.3204119e+04
 144.0789626,2.3191176e+04
 144.0993969,2.3197535e+04
 144.1198312,2.3202703e+04
 144.1402654,2.3187115e+04
 144.1606997,2.3193869e+04
 144.1811341,2.3193256e+04
 144.2015682,2.3196869e+04
 144.2220025,2.3192082e+04
 144.2424369,2.3189812e+04
 144.2628711,2.3191307e+04
 144.2833053,2.3198646e+04
 144.3037396,2.3201648e+04
 144.3241739,2.3203137e+04
 144.3446082,2.3201717e+04
 144.3650424,2.3199340e+04
 144.3854766,2.3192574e+04
 144.4059110,2.3199498e+04
 144.4263453,2.3189432e+04
 144.4467795,2.3208012e+04
 144.4672138,2.3204166e+04
 144.4876481,2.3185902e+04
 144.5080823,2.3190186e+04
 144.5285166,2.3203205e+04
 144.5489509,2.3195965e+04
 144.5693852,2.3189111e+04
 144.5898194,2.3204701e+04
 144.6102538,2.3204988e+04
 144.6306880,2.3196916e+04
 144.6511222,2.3199328e+04
 144.6715565,2.3207240e+04
 144.6919909,2.3209480e+04
 144.7124250,2.3208598e+04
 144.7328593,2.3196805e+04
 144.7532937,2.3197326e+04
 144.7737279,2.3183104e+04
 144.7941621,2.3197580e+04
 144.8145964,2.3194615e+04
 144.8350308,2.3198516e+04
 144.8554650,2.3195256e+04
 144.8758992,2.3194561e+04
 144.8963335,2.3200246e+04
 144.9167678,2.3194541e+04
 144.9372021,2.3186326e+04
 144.9576363,2.3201227e+04
 144.9780707,2.3201117e+04
 144.9985049,2.3201537e+04
 145.0189392,2.3197162e+04
 145.0393734,2.3193826e+04
 145.0598077,2.3199783e+04
 145.0802420,2.3193471e+04
 145.1006763,2.3193512e+04
 145.1211106,2.3202553e+04
 145.1415448,2.3194957e+04
 145.1619791,2.3199369e+04
 145.1824133,2.3199184e+04
 145.2028476,2.3193129e+04
 145.2232819,2.3204020e+04
 145.2437161,2.3188691e+04
 145.2641505,2.3199436e+04
 145.2845847,2.3203438e+04
 145.3050190,2.3199727e+04
 145.3254532,2.3207174e+04
 145.3458875,2.3204273e+04
 145.3663218,2.3201490e+04
 145.3867560,2.3188605e+04
 145.4071904,2.3197865e+04
 145.4276246,2.3197750e+04
 145.4480588,2.3192732e+04
 145.4684931,2.3191271e+04
 145.4889275,2.3196773e+04
 145.5093616,2.3201867e+04
 145.5297959,2.3187826e+04
 145.5502302,2.3198346e+04
 145.5706645,2.3200031e+04
 145.5910987,2.3216203e+04
 145.6115330,2.3199990e+04
 145.6319674,2.3193311e+04
 145.6524015,2.3198748e+04
 145.6728358,2.3201113e+04
 145.6932700,2.3202254e+04
 145.7137044,2.3189467e+04
 145.7341386,2.3197043e+04
 145.7545729,2.3200867e+04
 145.7750072,2.3195574e+04
 145.7954414,2.3210508e+04
 145.8158757,2.3194959e+04
 145.8363099,2.3185400e+04
 145.8567443,2.3199785e+04
 145.8771785,2.3192227e+04
 145.8976127,2.3183062e+04
 145.9180471,2.3193455e+04
 145.9384813,2.3187816e+04
 145.9589155,2.3197332e+04
 145.9793498,2.3198094e+04
 145.9997842,2.3204586e+04
 146.0202184,2.3197268e+04
 146.0406526,2.3189230e+04
 146.0610870,2.3199451e+04
 146.0815212,2.3194922e+04
 146.1019554,2.3203332e+04
 146.1223897,2.3193840e+04
 146.1428241,2.3192764e+04
 146.1632582,2.3204344e+04
 146.1836925,2.3194242e+04
 146.2041268,2.3194002e+04
 146.2245610,2.3194893e+04
 146.2449953,2.3205396e+04
 146.2654296,2.3193750e+04
 146.2858638,2.3198023e+04
 146.3062981,2.3203570e+04
 146.3267324,         null
 146.3471666,2.3207453e+04
 146.3676009,2.3205012e+04
 146.3880352,2.3199281e+04
 146.4084694,2.3194523e+04
 146.4289037,2.3195732e+04
 146.4493380,2.3201934e+04
 146.4697722,2.3192363e+04
 146.4902065,2.3198244e+04
 146.5106408,2.3191770e+04
 146.5310751,2.3197605e+04
 146.5515093,2.3200826e+04
 146.5719436,2.3195705e+04
 146.5923779,2.3203236e+04
 146.6128122,2.3196199e+04
 146.6332463,2.3197596e+04
 146.6536807,2.3208328e+04
 146.6741150,2.3190457e+04
 146.6945491,2.3195338e+04
 146.7149835,2.3199266e+04
 146.7354178,2.3186496e+04
 146.7558520,2.3196689e+04
 146.7762862,2.3201121e+04
 146.7967206,2.3207738e+04
 146.8171549,2.3194455e+04
 146.8375890,2.3184348e+04
 146.8580233,2.3204318e+04
 146.8784577,2.3195270e+04
 146.8988918,2.3199434e+04
 146.9193261,2.3206135e+04
 146.9397605,2.3196889e+04
 146.9601946,2.3191031e+04
 146.9806289,2.3196760e+04
 147.0010632,2.3198412e+04
 147.0214974,2.3205195e+04
 147.0419317,2.3202822e+04
 147.0623660,2.3190105e+04
 147.0828003,2.3216479e+04
 147.1032345,2.3196285e+04
 147.1236688,2.3212750e+04
 147.1441029,2.3194438e+04
 147.1645373,2.3198719e+04
 147.1849716,2.3202586e+04
 147.2054057,2.3187119e+04
 147.2258401,2.3205049e+04
 147.2462744,2.3197543e+04
 147.2667086,2.3199428e+04
 147.2871428,2.3202721e+04
 147.3075772,2.3196297e+04
 147.3280114,2.3192287e+04
 147.3484456,2.3191176e+04
 147.3688799,2.3194988e+04
 147.3893142,2.3192334e+04
 147.4097484,2.3192576e+04
 147.4301827,2.3186678e+04
 147.4506170,2.3192127e+04
 147.4710512,2.3200492e+04
 147.4914855,2.3198537e+04
 147.5119197,2.3202803e+04
 147.5323541,2.3195951e+04
 147.5527883,2.3186828e+04
 147.5732225,2.3192186e+04
 147.5936569,2.3190275e+04
 147.6140911,2.3201812e+04
 147.6345253,2.3191213e+04
 147.6549595,2.3202598e+04
 147.6753939,2.3195596e+04
 147.6958281,2.3193092e+04
 147.7162623,2.3190873e+04
 147.7366967,2.3197615e+04
 147.7571309,2.3198195e+04
 147.7775652,2.3195848e+04
 147.7979993,2.3202949e+04
 147.8184337,2.3206014e+04
 147.8388680,2.3189932e+04
 147.8593021,2.3193467e+04
 147.8797364,2.3206549e+04
 147.9001708,         null
 147.9206049,2.3204014e+04
 147.9410392,2.3193711e+04
 147.9614736,2.3207006e+04
 147.9819077,2.3197105e+04
 148.0023420,2.3211625e+04
 148.0227763,2.3195980e+04
 148.0432106,2.3195498e+04
 148.0636448,2.3189459e+04
 148.0840790,2.3186602e+04
 148.1045134,2.3198771e+04
 148.1249476,2.3194342e+04
 148.1453818,2.3196945e+04
 148.1658161,2.3195859e+04
 148.1862504,2.3194145e+04
 148.2066846,2.3202842e+04
 148.2271189,2.3196000e+04
 148.2475533,2.3200119e+04
 148.2679874,2.3202996e+04
 148.2884217,2.3194887e+04
 148.3088559,2.3199018e+04
 148.3292902,2.3190594e+04
 148.3497245,2.3203025e+04
 148.3701587,2.3190076e+04
 148.3905929,2.3195426e+04
 148.4110273,2.3202539e+04
 148.4314615,2.3195311e+04
 148.4518958,2.3202598e+04
 148.4723300,2.3197609e+04
 148.4927643,2.3201225e+04
 148.5131986,2.3199113e+04
 148.5336327,2.3186713e+04
 148.5540671,2.3212922e+04
 148.5745014,2.3190543e+04
 148.5949355,2.3195814e+04
 148.6153699,2.3188592e+04
 148.6358041,2.3205352e+04
 148.6562383,2.3188398e+04
 148.6766726,2.3194172e+04
 148.6971069,2.3197582e+04
 148.7175411,2.3197098e+04
 148.7379754,2.3198008e+04
 148.7584097,2.3198951e+04
 148.7788440,2.3194674e+04
 148.7992781,2.3191967e+04
 148.8197124,2.3199588e+04
 148.8401468,2.3198016e+04
 148.8605809,2.3197350e+04
 148.8810152,2.3198477e+04
 148.9014495,2.3209072e+04
 148.9218837,2.3202438e+04
 148.9423180,2.3199271e+04
 148.9627522,2.3198975e+04
 148.9831865,2.3199539e+04
 149.0036207,2.3196803e+04
 149.0240550,2.3196029e+04
 149.0444892,2.3197760e+04
 149.0649235,2.3193836e+04
 149.0853578,2.3199443e+04
 149.1057919,2.3200691e+04
 149.1262263,2.3196404e+04
 149.1466606,2.3210645e+04
 149.1670947,2.3182199e+04
 149.1875290,2.3193248e+04
 149.2079633,2.3206455e+04
 149.2283976,2.3199141e+04
 149.2488318,2.3200912e+04
 149.2692661,2.3212418e+04
 149.2897004,2.3197391e+04
 149.3101345,         null
 149.3305688,2.3198764e+04
 149.3510032,2.3188467e+04
 149.3714373,2.3199527e+04
 149.3918716,2.3208789e+04
 149.4123059,2.3200631e+04
 149.4327401,2.3200857e+04
 149.4531743,2.3198441e+04
 149.4736086,2.3196436e+04
 149.4940429,2.3198240e+04
 149.5144771,2.3196172e+04
 149.5349114,2.3198877e+04
 149.5553457,2.3196514e+04
 149.5757799,2.3199248e+04
 149.5962142,2.3190949e+04
 149.6166483,2.3194744e+04
 149.6370827,2.3205443e+04
 149.6575169,2.3196445e+04
 149.6779511,2.3197123e+04
 149.6983853,2.3203980e+04
 149.7188197,2.3203059e+04
 149.7392540,2.3194043e+04
 149.7596881,2.3185518e+04
 149.7801225,2.3187131e+04
 149.8005567,2.3198812e+04
 149.8209909,2.3205150e+04
 149.8414251,2.3190559e+04
 149.8618595,2.3193494e+04
 149.8822938,2.3192836e+04
 149.9027279,2.3195158e+04
 149.9231623,2.3205098e+04
 149.9435965,2.3184914e+04
 149.9640308,2.3195594e+04
 149.9844649,2.3194143e+04
 150.0048993,2.3178832e+04
 150.0253336,2.3189207e+04
 150.0457677,2.3209984e+04
 150.0662021,2.3199338e+04
 150.0866363,2.3202783e+04
 150.1070705,2.3196775e+04
 150.1275047,2.3187846e+04
 150.1479391,2.3205229e+04
 150.1683732,2.3199029e+04
 150.1888075,2.3208324e+04
 150.2092419,2.3190533e+04
 150.2296760,2.3185039e+04
 150.2501103,2.3196168e+04
 150.2705445,2.3188744e+04
 150.2909789,2.3199465e+04
 150.3114130,2.3198826e+04
 150.3318473,2.3192760e+04
 150.3522814,2.3208455e+04
 150.3727158,2.3191021e+04
 150.3931500,2.3197758e+04
 150.4135842,2.3198262e+04
 150.4340186,2.3195277e+04
 150.4544528,2.3199543e+04
 150.4748871,2.3211057e+04
 150.4953212,2.3199256e+04
 150.5157556,2.3197416e+04
 150.5361898,2.3195555e+04
 150.5566240,2.3198373e+04
 150.5770583,2.3203654e+04
 150.5974926,2.3206701e+04
 150.6179267,2.3196418e+04
 150.6383610,2.3201400e+04
 150.6587954,2.3187680e+04
 150.6792295,2.3191979e+04
 150.6996638,2.3194307e+04
 150.7200981,2.3189764e+04
 150.7405324,2.3190234e+04
 150.7609665,2.3198502e+04
 150.7814008,2.3186959e+04
 150.8018351,2.3197980e+04
 150.8222693,2.3194580e+04
 150.8427035,2.3202131e+04
 150.8631379,2.3201422e+04
 150.8835720,2.3191287e+04
 150.9040063,2.3201896e+04
 150.9244405,2.3196160e+04
 150.9448748,2.3185088e+04
 150.9653090,2.3199254e+04
 150.9857433,2.3200963e+04
 151.0061775,2.3198883e+04
 151.0266118,2.3203514e+04
 151.0470461,2.3206143e+04
 151.0674802,2.3189951e+04
 151.0879146,2.3191240e+04
 151.1083488,2.3189107e+04
 151.1287830,2.3181807e+04
 151.1492172,2.3184873e+04
 151.1696516,2.3200076e+04
 151.1900857,2.3188637e+04
 151.2105200,2.3189646e+04
 151.2309543,2.3199221e+04
 151.2513886,2.3199221e+04
 151.2718227,2.3197328e+04
 151.2922570,2.3203627e+04
 151.3126913,2.3195502e+04
 151.3331255,2.3202627e+04
 151.3535597,2.3191328e+04
 151.3739941,2.3192260e+04
 151.3944282,2.3198609e+04
 151.4148625,2.3199484e+04
 151.4352967,2.3187617e+04
 151.4557310,2.3187066e+04
 151.4761652,2.3195004e+04
 151.4965995,2.3194834e+04
 151.5170337,2.3179135e+04
 151.5374680,2.3183170e+04
 151.5579022,2.3197078e+04
 151.5783365,2.3199934e+04
 151.5987708,2.3202949e+04
 151.6192050,2.3190420e+04
 151.6396392,2.3194391e+04
 151.6600735,         null
 151.6805077,2.3200447e+04
 151.7009420,2.3183021e+04
 151.7213762,2.3201719e+04
 151.7418105,2.3189945e+04
 151.7622447,2.3195756e+04
 151.7826790,2.3196924e+04
 151.8031131,2.3195516e+04
 151.8235475,2.3202730e+04
 151.8439817,2.3195402e+04
 151.8644159,2.3179961e+04
 151.8848502,2.3210426e+04
 151.9052845,2.3194029e+04
 151.9257186,2.3185123e+04
 151.9461529,2.3201109e+04
 151.9665872,2.3185020e+04
 151.9870215,2.3191635e+04
 152.0074556,2.3195430e+04
 152.0278899,2.3200455e+04
 152.0483242,2.3190455e+04
 152.0687583,2.3184725e+04
 152.0891926,2.3191334e+04
 152.1096269,2.3189982e+04
 152.1300611,2.3191711e+04
 152.1504953,2.3193830e+04
 152.1709296,2.3190822e+04
 152.1913638,2.3197781e+04
 152.2117981,2.3206035e+04
 152.2322323,2.3191307e+04
 152.2526667,2.3189432e+04
 152.2731008,2.3196600e+04
 152.2935351,         null
 152.3139692,2.3196461e+04
 152.3344036,2.3187529e+04
 152.3548378,2.3188541e+04
 152.3752719,2.3194957e+04
 152.3957063,2.3200062e+04
 152.4161405,2.3191338e+04
 152.4365748,2.3188754e+04
 152.4570089,2.3196508e+04
 152.4774433,2.3192547e+04
 152.4978775,2.3195311e+04
 152.5183117,2.3196020e+04
 152.5387460,2.3189816e+04
 152.5591803,2.3203346e+04
 152.5796144,2.3193020e+04
 152.6000486,2.3201180e+04
 152.6204830,2.3203006e+04
 152.6409171,2.3196107e+04
 152.6613514,         null
 152.6817856,2.3195107e+04
 152.7022199,2.3202059e+04
 152.7226541,2.3196064e+04
 152.7430884,2.3195926e+04
 152.7635227,2.3200143e+04
 152.7839568,2.3194129e+04
 152.8043911,2.3191145e+04
 152.8248252,2.3185814e+04
 152.8452596,2.3206721e+04
 152.8656938,2.3204998e+04
 152.8861280,2.3192971e+04
 152.9065623,2.3202395e+04
 152.9269966,2.3195904e+04
 152.9474308,2.3196189e+04
 152.9678649,2.3197781e+04
 152.9882993,2.3191525e+04
 153.0087335,2.3194219e+04
 153.0291677,2.3187314e+04
 153.0496020,2.3217643e+04
 153.0700363,2.3194965e+04
 153.0904704,2.3200695e+04
 153.1109046,2.3185256e+04
 153.1313390,2.3194854e+04
 153.1517731,2.3211123e+04
 153.1722074,2.3200764e+04
 153.1926416,2.3191529e+04
 153.2130760,2.3186637e+04
 153.2335102,2.3191920e+04
 153.2539443,2.3193318e+04
 153.2743787,2.3205719e+04
 153.2948129,2.3195652e+04
 153.3152471,2.3194123e+04
 153.3356813,2.3203465e+04
 153.3561156,2.3198805e+04
 153.3765498,2.3204932e+04
 153.3969840,2.3205035e+04
 153.4174184,2.3192031e+04
 153.4378526,2.3200949e+04
 153.4582868,2.3200088e+04
 153.4787210,2.3186184e+04
 153.4991553,2.3192156e+04
 153.5195895,2.3189639e+04
 153.5400237,2.3193559e+04
 153.5604581,2.3186650e+04
 153.5808922,2.3200225e+04
 153.6013264,2.3185283e+04
 153.6217607,2.3210477e+04
 153.6421949,2.3197146e+04
 153.6626292,2.3183885e+04
 153.6830634,2.3207355e+04
 153.7034975,2.3198723e+04
 153.7239319,2.3189629e+04
 153.7443661,2.3197910e+04
 153.7648003,2.3205164e+04
 153.7852346,2.3201852e+04
 153.8056688,2.3192979e+04
 153.8261030,2.3195771e+04
 153.8465372,2.3186693e+04
 153.8669716,2.3189549e+04
 153.8874057,2.3196084e+04
 153.9078399,2.3194715e+04
 153.9282743,2.3204658e+04
 153.9487085,2.3211281e+04
 153.9691427,2.3188268e+04
 153.9895769,2.3198072e+04
 154.0100112,2.3202803e+04
 154.0304454,2.3194107e+04
 154.0508796,2.3197725e+04
 154.0713139,2.3196045e+04
 154.0917481,2.3190924e+04
 154.1121823,2.3195133e+04
 154.1326166,2.3193666e+04
 154.1530508,2.3194201e+04
 154.1734850,2.3190396e+04
 154.1939193,2.3185412e+04
 154.2143535,2.3193096e+04
 154.2347878,2.3201092e+04
 154.2552220,2.3191211e+04
 154.2756561,2.3204166e+04
 154.2960905,2.3186471e+04
 154.3165247,2.3188838e+04
 154.3369588,2.3206707e+04
 154.3573931,2.3197295e+04
 154.3778274,2.3190455e+04
 154.3982616,2.3186771e+04
 154.4186958,2.3193152e+04
 154.4391301,2.3199021e+04
 154.4595644,2.3199955e+04
 154.4799985,2.3196902e+04
 154.5004327,2.3191307e+04
 154.5208671,2.3187342e+04
 154.5413012,2.3195365e+04
 154.5617354,2.3179057e+04
 154.5821698,2.3191195e+04
 154.6026039,2.3197213e+04
 154.6230381,2.3189939e+04
 154.6434724,2.3198350e+04
 154.6639066,2.3198064e+04
 154.6843409,2.3190164e+04
 154.7047751,2.3192646e+04
 154.7252094,2.3196844e+04
 154.7456436,2.3190699e+04
 154.7660778,2.3184557e+04
 154.7865120,2.3198770e+04
 154.8069463,2.3198846e+04
 154.8273805,2.3197947e+04
 154.8478146,2.3197389e+04
 154.8682490,2.3192100e+04
 154.8886832,2.3185732e+04
 154.9091174,2.3193891e+04
 154.9295517,2.3205533e+04
 154.9499859,2.3198857e+04
 154.9704201,2.3199139e+04
 154.9908544,2.3186416e+04
 155.0112885,2.3179676e+04
 155.0317228,2.3189602e+04
 155.0521571,2.3192350e+04
 155.0725912,2.3193967e+04
 155.0930255,2.3193266e+04
 155.1134598,2.3188607e+04
 155.1338939,2.3195992e+04
 155.1543281,2.3197068e+04
 155.1747625,2.3198773e+04
 155.1951967,2.3200053e+04
 155.2156308,2.3191588e+04
 155.2360651,2.3198387e+04
 155.2564994,2.3195641e+04
 155.2769335,         null
 155.2973678,2.3189609e+04
 155.3178021,2.3187416e+04
 155.3382362,2.3192373e+04
 155.3586705,2.3204719e+04
 155.3791047,2.3191535e+04
 155.3995389,2.3195031e+04
 155.4199732,2.3184523e+04
 155.4404074,2.3190129e+04
 155.4608417,2.3199154e+04
 155.4812759,2.3197984e+04
 155.5017101,2.3199359e+04
 155.5221442,2.3192457e+04
 155.5425786,2.3190672e+04
 155.5630128,         null
 155.5834469,2.3194252e+04
 155.6038812,2.3196332e+04
 155.6243155,2.3198168e+04
 155.6447497,2.3197182e+04
 155.6651838,2.3194025e+04
 155.6856182,2.3185410e+04
 155.7060524,2.3192734e+04
 155.7264865,2.3186381e+04
 155.7469208,2.3186516e+04
 155.7673551,2.3194600e+04
 155.7877892,2.3200771e+04
 155.8082234,2.3195047e+04
 155.8286578,2.3191324e+04
 155.8490919,2.3188842e+04
 155.8695261,2.3199777e+04
 155.8899604,2.3201832e+04
 155.9103947,2.3196498e+04
 155.9308288,2.3192764e+04
 155.9512631,2.3189459e+04
 155.9716974,2.3195010e+04
 155.9921315,2.3200811e+04
 156.0125657,2.3249578e+04
 156.0329999,2.3201783e+04
 156.0534342,2.3188287e+04
 156.0738684,2.3202846e+04
 156.0943027,2.3186963e+04
 156.1147369,2.3194203e+04
 156.1351711,2.3198908e+04
 156.1556053,2.3187057e+04
 156.1760395,2.3195990e+04
 156.1964738,2.3184598e+04
 156.2169080,2.3192264e+04
 156.2373422,2.3199596e+04
 156.2577764,2.3188250e+04
 156.2782107,2.3200201e+04
 156.2986448,2.3198148e+04
 156.3190791,2.3193396e+04
 156.3395134,2.3189449e+04
 156.3599475,2.3202338e+04
 156.3803817,2.3199992e+04
 156.4008160,2.3191203e+04
 156.4212503,2.3200764e+04
 156.4416844,2.3185305e+04
 156.4621186,2.3197482e+04
 156.4825530,2.3190389e+04
 156.5029871,2.3196723e+04
 156.5234213,2.3184104e+04
 156.5438556,2.3193385e+04
 156.5642898,2.3195637e+04
 156.5847240,2.3193170e+04
 156.6051582,2.3202051e+04
 156.6255925,2.3206871e+04
 156.6460267,2.3193016e+04
 156.6664609,2.3184793e+04
 156.6868951,2.3186078e+04
 156.7073294,2.3192084e+04
 156.7277636,2.3190432e+04
 156.7481978,2.3194863e+04
 156.7686319,2.3186166e+04
 156.7890663,2.3191053e+04
 156.8095005,2.3196037e+04
 156.8299347,2.3187533e+04
 156.8503689,2.3200408e+04
 156.8708032,2.3194047e+04
 156.8912374,2.3199891e+04
 156.9116715,2.3196703e+04
 156.9321058,2.3199557e+04
 156.9525401,2.3201037e+04
 156.9729742,2.3189092e+04
 156.9934085,2.3204936e+04
 157.0138427,2.3216170e+04
 157.0342768,2.3192395e+04
 157.0547111,2.3199564e+04
 157.0751454,2.3213969e+04
 157.0955795,2.3189873e+04
 157.1160137,2.3189471e+04
 157.1364481,2.3195154e+04
 157.1568823,2.3196652e+04
 157.1773164,2.3185693e+04
 157.1977506,2.3187514e+04
 157.2181850,2.3192828e+04
 157.2386191,2.3196129e+04
 157.2590533,2.3205389e+04
 157.2794875,2.3186631e+04
 157.2999217,2.3185592e+04
 157.3203560,2.3191984e+04
 157.3407902,2.3196123e+04
 157.3612244,2.3193277e+04
 157.3816586,2.3200564e+04
 157.4020929,2.3188619e+04
 157.4225270,2.3197695e+04
 157.4429613,2.3190500e+04
 157.4633955,2.3198471e+04
 157.4838296,2.3192416e+04
 157.5042640,2.3190246e+04
 157.5246982,2.3193920e+04
 157.5451323,2.3192027e+04
 157.5655665,2.3199670e+04
 157.5860008,2.3193664e+04
 157.6064350,2.3196559e+04
 157.6268692,2.3189557e+04
 157.6473035,2.3196869e+04
 157.6677377,2.3200996e+04
 157.6881718,2.3200262e+04
 157.7086061,2.3199396e+04
 157.7290404,2.3207658e+04
 157.7494745,2.3203184e+04
 157.7699087,2.3190318e+04
 157.7903430,2.3193264e+04
 157.8107772,2.3197316e+04
 157.8312114,2.3190051e+04
 157.8516456,2.3187287e+04
 157.8720798,2.3197211e+04
 157.8925140,2.3193342e+04
 157.9129483,2.3188752e+04
 157.9333824,2.3190859e+04
 157.9538167,2.3191568e+04
 157.9742509,2.3193811e+04
 157.9946850,2.3191508e+04
 158.0151194,2.3206010e+04
 158.0355536,2.3199953e+04
 158.0559877,2.3191014e+04
 158.0764219,2.3191240e+04
 158.0968562,2.3197271e+04
 158.1172904,2.3193986e+04
 158.1377246,2.3191354e+04
 158.1581589,2.3197219e+04
 158.1785931,2.3195924e+04
 158.1990272,2.3194029e+04
 158.2194614,2.3196443e+04
 158.2398957,2.3187463e+04
 158.2603299,         null
 158.2807641,2.3191043e+04
 158.3011984,2.3191062e+04
 158.3216326,2.3199777e+04
 158.3420667,2.3197635e+04
 158.3625009,2.3196266e+04
 158.3829353,2.3198949e+04
 158.4033695,2.3199770e+04
 158.4238036,2.3197988e+04
 158.4442378,2.3196795e+04
 158.4646721,2.3187947e+04
 158.4851062,2.3199424e+04
 158.5055405,2.3193217e+04
 158.5259748,2.3182258e+04
 158.5464089,2.3195705e+04
 158.5668431,2.3184689e+04
 158.5872773,2.3201354e+04
 158.6077115,2.3196508e+04
 158.6281457,2.3190836e+04
 158.6485800,2.3198975e+04
 158.6690143,2.3195562e+04
 158.6894484,2.3205047e+04
 158.7098826,2.3197629e+04
 158.7303167,2.3192719e+04
 158.7507510,2.3203857e+04
 158.7711853,2.3193494e+04
 158.7916195,2.3199766e+04
 158.8120537,2.3201529e+04
 158.8324879,2.3188426e+04
 158.8529221,2.3194297e+04
 158.8733562,2.3194965e+04
 158.8937905,2.3188068e+04
 158.9142247,2.3201971e+04
 158.9346589,2.3198139e+04
 158.9550932,2.3188182e+04
 158.9755274,2.3183752e+04
 158.9959615,2.3200182e+04
 159.0163957,2.3199494e+04
 159.0368300,2.3197561e+04
 159.0572641,2.3187924e+04
 159.0776984,2.3196387e+04
 159.0981326,2.3198945e+04
 159.1185669,2.3198945e+04
 159.1390010,2.3196984e+04
 159.1594352,2.3192359e+04
 159.1798695,2.3184750e+04
 159.2003036,2.3199229e+04
 159.2207378,2.3190930e+04
 159.2411719,2.3200252e+04
 159.2616063,2.3202723e+04
 159.2820405,2.3193930e+04
 159.3024747,2.3198859e+04
 159.3229089,2.3193152e+04
 159.3433431,2.3202354e+04
 159.3637773,2.3198752e+04
 159.3842114,2.3200674e+04
 159.4046457,2.3202271e+04
 159.4250799,2.3195760e+04
 159.4455141,2.3189080e+04
 159.4659484,2.3197090e+04
 159.4863826,2.3191010e+04
 159.5068167,2.3199672e+04
 159.5272509,2.3200863e+04
 159.5476852,2.3193527e+04
 159.5681193,2.3184986e+04
 159.5885535,2.3190135e+04
 159.6089877,2.3190229e+04
 159.6294220,2.3194979e+04
 159.6498562,2.3193641e+04
 159.6702904,2.3196002e+04
 159.6907247,2.3206801e+04
 159.7111588,2.3193570e+04
 159.7315930,2.3189725e+04
 159.7520272,2.3189195e+04
 159.7724614,2.3194014e+04
 159.7928956,2.3197572e+04
 159.8133298,2.3205094e+04
 159.8337640,2.3195705e+04
 159.8541982,2.3200135e+04
 159.8746325,2.3200023e+04
 159.8950666,2.3194119e+04
 159.9155009,2.3209953e+04
 159.9359351,2.3198949e+04
 159.9563693,2.3204215e+04
 159.9768035,2.3195695e+04
 159.9972377,2.3192180e+04
 160.0176719,2.3192941e+04
 160.0381061,2.3203902e+04
 160.0585403,2.3202547e+04
 160.0789745,2.3185504e+04
 160.0994087,2.3196717e+04
 160.1198428,2.3200932e+04
 160.1402771,2.3200115e+04
 160.1607114,2.3203904e+04
 160.1811455,2.3188732e+04
 160.2015798,2.3196590e+04
 160.2220140,2.3206344e+04
 160.2424481,2.3199008e+04
 160.2628823,2.3183449e+04
 160.2833166,2.3193104e+04
 160.3037507,2.3201055e+04
 160.3241849,2.3198668e+04
 160.3446192,2.3203988e+04
 160.3650534,2.3206180e+04
 160.3854875,2.3194119e+04
 160.4059217,2.3185908e+04
 160.4263560,2.3196475e+04
 160.4467901,2.3197977e+04
 160.4672243,2.3192686e+04
 160.4876586,2.3198189e+04
 160.5080927,2.3197934e+04
 160.5285269,2.3199084e+04
 160.5489611,2.3194072e+04
 160.5693954,2.3208613e+04
 160.5898296,2.3200932e+04
 160.6102638,2.3195195e+04
 160.6306979,2.3201459e+04
 160.6511322,2.3190779e+04
 160.6715664,2.3200418e+04
 160.6920005,2.3200398e+04
 160.7124348,2.3193129e+04
 160.7328690,2.3197158e+04
 160.7533031,2.3190703e+04
 160.7737373,2.3203672e+04
 160.7941716,2.3196277e+04
 160.8146058,2.3196713e+04
 160.8350399,2.3196824e+04
 160.8554742,2.3203975e+04
 160.8759084,2.3200988e+04
 160.8963425,2.3201836e+04
 160.9167767,2.3206182e+04
 160.9372110,2.3188322e+04
 160.9576451,2.3201133e+04
 160.9780793,2.3197324e+04
 160.9985136,2.3195938e+04
 161.0189477,2.3196727e+04
 161.0393819,2.3190773e+04
 161.0598161,2.3188107e+04
 161.0802503,2.3194363e+04
 161.1006845,2.3195557e+04
 161.1211187,2.3200691e+04
 161.1415530,2.3197816e+04
 161.1619871,2.3192340e+04
 161.1824213,2.3196846e+04
 161.2028554,2.3202277e+04
 161.2232897,2.3188984e+04
 161.2437239,         null
 161.2641581,2.3183648e+04
 161.2845922,2.3194184e+04
 161.3050265,2.3232453e+04
 161.3254607,2.3198363e+04
 161.3458948,2.3192887e+04
 161.3663291,2.3197543e+04
 161.3867633,2.3203189e+04
 161.4071974,2.3188418e+04
 161.4276316,2.3196311e+04
 161.4480659,2.3207186e+04
 161.4685000,2.3197809e+04
 161.4889342,2.3189383e+04
 161.5093685,2.3190426e+04
 161.5298026,2.3194701e+04
 161.5502368,2.3192822e+04
 161.5706710,2.3203080e+04
 161.5911053,2.3192535e+04
 161.6115394,2.3204707e+04
 161.6319736,2.3194191e+04
 161.6524079,2.3201252e+04
 161.6728421,2.3202902e+04
 161.6932762,2.3195629e+04
 161.7137104,2.3202984e+04
 161.7341447,2.3195643e+04
 161.7545788,2.3212176e+04
 161.7750130,2.3193758e+04
 161.7954472,2.3199756e+04
 161.8158814,2.3201389e+04
 161.8363156,2.3189805e+04
 161.8567498,2.3193227e+04
 161.8771841,2.3203738e+04
 161.8976182,2.3188533e+04
 161.9180524,2.3199371e+04
 161.9384865,2.3188307e+04
 161.9589207,2.3191535e+04
 161.9793549,2.3202729e+04
 161.9997891,2.3194051e+04
 162.0202233,2.3200143e+04
 162.0406575,2.3190312e+04
 162.0610917,2.3189830e+04
 162.0815258,2.3198662e+04
 162.1019601,2.3192488e+04
 162.1223943,2.3194355e+04
 162.1428284,2.3201330e+04
 162.1632627,2.3196227e+04
 162.1836969,2.3192477e+04
 162.2041310,2.3205557e+04
 162.2245652,2.3188266e+04
 162.2449995,2.3185615e+04
 162.2654336,2.3186184e+04
 162.2858678,2.3199939e+04
 162.3063021,2.3199541e+04
 162.3267363,2.3196709e+04
 162.3471703,2.3198520e+04
 162.3676045,2.3204770e+04
 162.3880388,2.3200449e+04
 162.4084729,2.3207316e+04
 162.4289071,2.3195727e+04
 162.4493412,2.3186273e+04
 162.4697755,2.3199297e+04
 162.4902097,2.3206678e+04
 162.5106433,2.3193900e+04
 162.5310776,2.3191625e+04
 162.5515117,2.3191451e+04
 162.5719459,2.3188836e+04
 162.5923801,2.3193561e+04
 162.6128144,2.3195619e+04
 162.6332484,2.3197516e+04
 162.6536826,2.3182129e+04
 162.6741169,2.3190152e+04
 162.6945510,2.3195396e+04
 162.7149852,2.3197750e+04
 162.7354194,2.3203975e+04
 162.7558536,2.3198650e+04
 162.7762878,2.3203043e+04
 162.7967220,2.3196764e+04
 162.8171562,2.3208125e+04
 162.8375904,2.3192369e+04
 162.8580245,2.3191455e+04
 162.8784586,2.3194758e+04
 162.8988929,2.3190406e+04
 162.9193271,2.3197535e+04
 162.9397612,2.3192514e+04
 162.9601954,2.3196229e+04
 162.9806297,2.3208543e+04
 163.0010638,2.3192215e+04
 163.0214980,2.3198473e+04
 163.0419323,2.3197049e+04
 163.0623664,2.3198781e+04
 163.0828005,2.3195127e+04
 163.1032347,2.3192895e+04
 163.1236690,2.3197580e+04
 163.1441031,2.3195619e+04
 163.1645373,2.3193236e+04
 163.1849716,2.3199453e+04
 163.2054057,2.3197900e+04
 163.2258398,2.3190537e+04
 163.2462740,2.3191934e+04
 163.2667082,2.3185607e+04
 163.2871424,2.3190615e+04
 163.3075766,2.3195023e+04
 163.3280109,2.3201176e+04
 163.3484450,2.3193371e+04
 163.3688792,2.3197676e+04
 163.3893132,2.3199359e+04
 163.4097475,2.3203336e+04
 163.4301817,2.3206518e+04
 163.4506158,2.3202955e+04
 163.4710501,2.3188270e+04
 163.4914843,2.3185305e+04
 163.5119185,2.3199020e+04
 163.5323526,2.3187012e+04
 163.5527868,2.3194951e+04
 163.5732210,2.3191436e+04
 163.5936551,2.3198424e+04
 163.6140893,2.3202305e+04
 163.6345236,2.3189832e+04
 163.6549577,2.3200881e+04
 163.6753919,2.3188957e+04
 163.6958261,2.3199334e+04
 163.7162602,2.3198826e+04
 163.7366944,2.3194166e+04
 163.7571286,2.3189090e+04
 163.7775628,2.3207516e+04
 163.7979970,2.3201439e+04
 163.8184311,2.3195990e+04
 163.8388654,2.3193311e+04
 163.8592995,2.3187539e+04
 163.8797337,2.3192076e+04
 163.9001678,2.3196822e+04
 163.9206021,2.3185564e+04
 163.9410363,2.3202029e+04
 163.9614704,2.3202180e+04
 163.9819046,2.3199215e+04
 164.0023388,2.3206385e+04
 164.0227730,2.3197807e+04
 164.0432071,2.3196283e+04
 164.0636414,2.3183543e+04
 164.0840755,2.3198953e+04
 164.1045097,2.3195582e+04
 164.1249438,2.3190756e+04
 164.1453781,2.3198023e+04
 164.1658122,2.3195615e+04
 164.1862463,2.3195488e+04
 164.2066806,2.3201402e+04
 164.2271148,         null
 164.2475489,2.3194057e+04
 164.2679831,2.3199291e+04
 164.2884173,2.3189416e+04
 164.3088514,2.3196096e+04
 164.3292856,2.3201713e+04
 164.3497199,2.3190432e+04
 164.3701541,2.3205652e+04
 164.3905882,2.3188939e+04
 164.4110223,2.3190986e+04
 164.4314565,2.3193785e+04
 164.4518907,2.3200451e+04
 164.4723249,2.3201859e+04
 164.4927592,2.3205475e+04
 164.5131932,2.3199615e+04
 164.5336274,2.3189334e+04
 164.5540616,2.3192939e+04
 164.5744958,2.3196428e+04
 164.5949300,2.3197668e+04
 164.6153641,2.3200010e+04
 164.6357982,2.3192666e+04
 164.6562325,2.3198471e+04
 164.6766667,2.3191602e+04
 164.6971009,2.3196795e+04
 164.7175350,2.3202559e+04
 164.7379692,2.3193912e+04
 164.7584034,2.3199215e+04
 164.7788375,2.3196902e+04
 164.7992717,2.3194270e+04
 164.8197059,2.3193264e+04
 164.8401400,2.3194664e+04
 164.8605743,2.3199072e+04
 164.8810085,2.3204400e+04
 164.9014425,2.3199900e+04
 164.9218767,2.3187236e+04
 164.9423110,2.3199064e+04
 164.9627451,2.3190570e+04
 164.9831792,2.3190574e+04
