        TIME,  PDCSAP_FLUX
 131.5124231,2.3213832e+04
 131.5328577,2.3202799e+04
 131.5532923,2.3218824e+04
 131.5737268,2.3216955e+04
 131.5941614,2.3202012e+04
 131.6145961,2.3215418e+04
 131.6350306,2.3206062e+04
 131.6554652,2.3216645e+04
 131.6758998,2.3214850e+04
 131.6963344,2.3215402e+04
 131.7167689,2.3207477e+04
 131.7372035,2.3215277e+04
 131.7576382,2.3215678e+04
 131.7780727,2.3213027e+04
 131.7985072,2.3221574e+04
 131.8189419,2.3218873e+04
 131.8393764,2.3215221e+04
 131.8598110,2.3202125e+04
 131.8802456,2.3209568e+04
 131.9006802,2.3213232e+04
 131.9211147,2.3206385e+04
 131.9415493,2.3210139e+04
 131.9619839,2.3200938e+04
 131.9824185,2.3205264e+04
 132.0028531,2.3200627e+04
 132.0232875,2.3214088e+04
 132.0437222,2.3208215e+04
 132.0641568,2.3206828e+04
 132.0845913,2.3216365e+04
 132.1050259,2.3205979e+04
 132.1254606,2.3205891e+04
 132.1458950,2.3206010e+04
 132.1663296,2.3197602e+04
 132.1867643,2.3204385e+04
 132.2071989,2.3215893e+04
 132.2276334,2.3200748e+04
 132.2480680,2.3206758e+04
 132.2685026,2.3210395e+04
 132.2889371,2.3203605e+04
 132.3093717,2.3211926e+04
 132.3298064,2.3210074e+04
 132.3502409,2.3201490e+04
 132.3706754,2.3201682e+04
 132.3911100,2.3195074e+04
 132.4115446,2.3205484e+04
 132.4319792,2.3197941e+04
 132.4524138,2.3190037e+04
 132.4728484,2.3207076e+04
 132.4932829,2.3203695e+04
 132.5137175,2.3229342e+04
 132.5341520,2.3201252e+04
 132.5545867,2.3204824e+04
 132.5750212,2.3192160e+04
 132.5954557,2.3213699e+04
 132.6158904,2.3191389e+04
 132.6363250,2.3210025e+04
 132.6567596,2.3209760e+04
 132.6771940,2.3206664e+04
 132.6976287,2.3205615e+04
 132.7180633,2.3203291e+04
 132.7384978,2.3203346e+04
 132.7589325,2.3194977e+04
 132.7793670,2.3208475e+04
 132.7998015,2.3215998e+04
 132.8202361,2.3208012e+04
 132.8406708,2.3192080e+04
 132.8611053,2.3206969e+04
 132.8815398,2.3205766e+04
 132.9019745,2.3208385e+04
 132.9224090,2.3215199e+04
 132.9428436,2.3207336e+04
 132.9632782,2.3209762e+04
 132.9837128,2.3215686e+04
 133.0041473,2.3203102e+04
 133.0245819,2.3207549e+04
 133.0450165,2.3211135e+04
 133.0654510,2.3215156e+04
 133.0858856,2.3210180e+04
 133.1063202,2.3193959e+04
 133.1267548,2.3210297e+04
 133.1471894,2.3212771e+04
 133.1676239,2.3215512e+04
 133.1880585,2.3205471e+04
 133.2084932,2.3198383e+04
 133.2289277,2.3204070e+04
 133.2493623,2.3220344e+04
 133.2697968,2.3223738e+04
 133.2902314,2.3215834e+04
 133.3106660,2.3212760e+04
 133.3311005,2.3214275e+04
 133.3515351,2.3216812e+04
 133.3719697,2.3207186e+04
 133.3924043,2.3203023e+04
 133.4128389,2.3209527e+04
 133.4332734,2.3209305e+04
 133.4537080,2.3219375e+04
 133.4741425,2.3215988e+04
 133.4945772,2.3202670e+04
 133.5150118,2.3216914e+04
 133.5354462,2.3209986e+04
 133.5558809,2.3206729e+04
 133.5763155,2.3209656e+04
 133.5967500,2.3205451e+04
 133.6171845,2.3202107e+04
 133.6376192,2.3208490e+04
 133.6580538,2.3217418e+04
 133.6784883,2.3206459e+04
 133.6989229,2.3215742e+04
 133.7193575,2.3210414e+04
 133.7397920,2.3218041e+04
 133.7602266,2.3216604e+04
 133.7806612,2.3226736e+04
 133.8010957,2.3213387e+04
 133.8215303,2.3193785e+04
 133.8419649,2.3205434e+04
 133.8623994,2.3222303e+04
 133.8828340,2.3207980e+04
 133.9032686,2.3189713e+04
 133.9237032,2.3209021e+04
 133.9441377,2.3223131e+04
 133.9645723,2.3217967e+04
 133.9850068,2.3205844e+04
 134.0054415,2.3188025e+04
 134.0258760,2.3214018e+04
 134.0463105,2.3207180e+04
 134.0667452,2.3213623e+04
 134.0871798,2.3213199e+04
 134.1076142,2.3211400e+04
 134.1280488,2.3208779e+04
 134.1484835,2.3213615e+04
 134.1689180,2.3218814e+04
 134.1893525,2.3204486e+04
 134.2097872,2.3207713e+04
 134.2302218,2.3211764e+04
 134.2506562,2.3212941e+04
 134.2710908,2.3216004e+04
 134.2915255,2.3215051e+04
 134.3119600,2.3210119e+04
 134.3323945,2.3218637e+04
 134.3528292,2.3216260e+04
 134.3732637,2.3214920e+04
 134.3936982,         null
 134.4141328,2.3204236e+04
 134.4345674,2.3204420e+04
 134.4550020,2.3221752e+04
 134.4754365,2.3196682e+04
 134.4958712,2.3217975e+04
 134.5163057,2.3216004e+04
 134.5367403,2.3210346e+04
 134.5571747,2.3212164e+04
 134.5776094,2.3225408e+04
 134.5980440,2.3197578e+04
 134.6184784,2.3207113e+04
 134.6389130,2.3211154e+04
 134.6593477,2.3208889e+04
 134.6797823,2.3215285e+04
 134.7002168,2.3212840e+04
 134.7206514,2.3219023e+04
 134.7410860,2.3207951e+04
 134.7615204,2.3211312e+04
 134.7819550,2.3219479e+04
 134.8023897,2.3216084e+04
 134.8228243,2.3215727e+04
 134.8432587,2.3209707e+04
 134.8636934,2.3210602e+04
 134.8841280,2.3215189e+04
 134.9045625,2.3202066e+04
 134.9249970,2.3211312e+04
 134.9454317,2.3211217e+04
 134.9658662,2.3204004e+04
 134.9863007,2.3205234e+04
 135.0067354,2.3199143e+04
 135.0271699,2.3192193e+04
 135.0476044,2.3206014e+04
 135.0680390,2.3221881e+04
 135.0884737,2.3208861e+04
 135.1089081,2.3207066e+04
 135.1293427,2.3197938e+04
 135.1497774,2.3209830e+04
 135.1702119,2.3205861e+04
 135.1906464,2.3211672e+04
 135.2110810,2.3207260e+04
 135.2315156,2.3206186e+04
 135.2519501,2.3216715e+04
 135.2723847,2.3206637e+04
 135.2928191,2.3213465e+04
 135.3132538,2.3200236e+04
 135.3336884,2.3209609e+04
 135.3541228,2.3202889e+04
 135.3745575,2.3205719e+04
 135.3949921,2.3203959e+04
 135.4154267,2.3195818e+04
 135.4358611,2.3202094e+04
 135.4562958,2.3218496e+04
 135.4767304,2.3207326e+04
 135.4971648,2.3197857e+04
 135.5175995,2.3207377e+04
 135.5380341,2.3213250e+04
 135.5584685,2.3210912e+04
 135.5789031,2.3205652e+04
 135.5993378,2.3199844e+04
 135.6197722,2.3209730e+04
 135.6402068,2.3204488e+04
 135.6606415,2.3203641e+04
 135.6810760,2.3209816e+04
 135.7015105,2.3204859e+04
 135.7219451,2.3208945e+04
 135.7423797,2.3197539e+04
 135.7628142,2.3202656e+04
 135.7832488,2.3209398e+04
 135.8036834,2.3214307e+04
 135.8241179,2.3206326e+04
 135.8445525,2.3198211e+04
 135.8649870,2.3219166e+04
 135.8854216,2.3213070e+04
 135.9058561,2.3199020e+04
 135.9262907,2.3199492e+04
 135.9467252,2.3210568e+04
 135.9671598,2.3218260e+04
 135.9875944,2.3215928e+04
 136.0080289,2.3209533e+04
 136.0284635,2.3206086e+04
 136.0488981,2.3209617e+04
 136.0693326,2.3220816e+04
 136.0897671,2.3200641e+04
 136.1102018,2.3218098e+04
 136.1306364,2.3201695e+04
 136.1510708,2.3199586e+04
 136.1715055,2.3207803e+04
 136.1919401,2.3208680e+04
 136.2123745,2.3207643e+04
 136.2328091,2.3205262e+04
 136.2532437,2.3210469e+04
 136.2736782,2.3215336e+04
 136.2941128,2.3217477e+04
 136.3145474,2.3215445e+04
 136.3349819,2.3212123e+04
 136.3554165,2.3202271e+04
 136.3758510,2.3212166e+04
 136.3962856,2.3205684e+04
 136.4167201,2.3195637e+04
 136.4371547,2.3215162e+04
 136.4575894,2.3209797e+04
 136.4780238,2.3202457e+04
 136.4984584,2.3205600e+04
 136.5188930,2.3198459e+04
 136.5393275,2.3207875e+04
 136.5597621,2.3218607e+04
 136.5801966,2.3199207e+04
 136.6006312,2.3199912e+04
 136.6210658,2.3218006e+04
 136.6415003,2.3208217e+04
 136.6619349,2.3202775e+04
 136.6823695,2.3196240e+04
 136.7028040,2.3205805e+04
 136.7232386,2.3203920e+04
 136.7436730,2.3213379e+04
 136.7641077,2.3201236e+04
 136.7845423,2.3205693e+04
 136.8049767,2.3214605e+04
 136.8254114,2.3206402e+04
 136.8458459,2.3210271e+04
 136.8662805,2.3217105e+04
 136.8867150,2.3200383e+04
 136.9071496,2.3209943e+04
 136.9275842,2.3208830e+04
 136.9480186,2.3207865e+04
 136.9684533,2.3203137e+04
 136.9888879,2.3209164e+04
 137.0093223,2.3208482e+04
 137.0297569,2.3204076e+04
 137.0501915,2.3198547e+04
 137.0706260,2.3214910e+04
 137.0910606,2.3222232e+04
 137.1114952,2.3205158e+04
 137.1319297,2.3198213e+04
 137.1523642,2.3201609e+04
 137.1727988,2.3209322e+04
 137.1932335,2.3217057e+04
 137.2136679,2.3205805e+04
 137.2341025,2.3207127e+04
 137.2545369,2.3208969e+04
 137.2749716,2.3211049e+04
 137.2954061,2.3207676e+04
 137.3158406,2.3198016e+04
 137.3362753,2.3211447e+04
 137.3567098,2.3196059e+04
 137.3771444,         null
 137.3975788,2.3200258e+04
 137.4180135,2.3201814e+04
 137.4384481,2.3208102e+04
 137.4588825,2.3204250e+04
 137.4793172,2.3210127e+04
 137.4997517,2.3214518e+04
 137.5201862,2.3206816e+04
 137.5406207,2.3207670e+04
 137.5610554,2.3203645e+04
 137.5814899,2.3220953e+04
 137.6019244,2.3206033e+04
 137.6223591,2.3205414e+04
 137.6427936,2.3207508e+04
 137.6632281,2.3211332e+04
 137.6836626,2.3206166e+04
 137.7040973,2.3198066e+04
 137.7245317,2.3205359e+04
 137.7449663,2.3215229e+04
 137.7654010,2.3204971e+04
 137.7858354,2.3209887e+04
 137.8062700,2.3211025e+04
 137.8267044,2.3208000e+04
 137.8471391,2.3211143e+04
 137.8675736,2.3207586e+04
 137.8880082,2.3217729e+04
 137.9084426,2.3218414e+04
 137.9288773,2.3212502e+04
 137.9493119,2.3223295e+04
 137.9697463,2.3200080e+04
 137.9901810,2.3202344e+04
 138.0106155,2.3211428e+04
 138.0310500,2.3204824e+04
 138.0514845,2.3209191e+04
 138.0719192,2.3211385e+04
 138.0923537,2.3205352e+04
 138.1127882,2.3215201e+04
 138.1332228,2.3212871e+04
 138.1536574,2.3213443e+04
 138.1740918,2.3210584e+04
 138.1945264,2.3211641e+04
 138.2149611,2.3220387e+04
 138.2353956,2.3208031e+04
 138.2558301,2.3215229e+04
 138.2762647,2.3226367e+04
 138.2966993,2.3221182e+04
 138.3171337,2.3207404e+04
 138.3375683,2.3209076e+04
 138.3580029,2.3207123e+04
 138.3784375,2.3228479e+04
 138.3988719,2.3213330e+04
 138.4193066,2.3211750e+04
 138.4397411,2.3207629e+04
 138.4601756,2.3203602e+04
 138.4806101,2.3211949e+04
 138.5010448,2.3203465e+04
 138.5214792,2.3210729e+04
 138.5419138,2.3205939e+04
 138.5623483,2.3211912e+04
 138.5827829,2.3218098e+04
 138.6032174,2.3216791e+04
 138.6236520,2.3214445e+04
 138.6440865,2.3214004e+04
 138.6645211,2.3207533e+04
 138.6849556,2.3205682e+04
 138.7053901,2.3209312e+04
 138.7258247,2.3219123e+04
 138.7462593,2.3208121e+04
 138.7666937,2.3210738e+04
 138.7871284,2.3225957e+04
 138.8075629,2.3204889e+04
 138.8279974,2.3208963e+04
 138.8484319,2.3226740e+04
 138.8688666,2.3213836e+04
 138.8893011,2.3207846e+04
 138.9097356,2.3217588e+04
 138.9301702,2.3215609e+04
 138.9506048,2.3211180e+04
 138.9710392,2.3205473e+04
 138.9914738,2.3218721e+04
 139.0119084,2.3233619e+04
 139.0323429,2.3219473e+04
 139.0527774,2.3235490e+04
 139.0732121,2.3220314e+04
 139.0936465,2.3220162e+04
 139.1140811,2.3217973e+04
 139.1345156,2.3210650e+04
 139.1549502,2.3224248e+04
 139.1753847,2.3211553e+04
 139.1958193,2.3209445e+04
 139.2162537,2.3208312e+04
 139.2366884,2.3218863e+04
 139.2571229,2.3217084e+04
 139.2775574,2.3209326e+04
 139.2979920,2.3212871e+04
 139.3184266,2.3213225e+04
 139.3388611,2.3219662e+04
 139.3592956,2.3206895e+04
 139.3797302,2.3215674e+04
 139.4001647,2.3213748e+04
 139.4205992,2.3214330e+04
 139.4410338,2.3205561e+04
 139.4614684,2.3218754e+04
 139.4819028,2.3212299e+04
 139.5023374,2.3206807e+04
 139.5227720,2.3208061e+04
 139.5432065,2.3203100e+04
 139.5636410,2.3209447e+04
 139.5840757,2.3224168e+04
 139.6045101,2.3216377e+04
 139.6249447,2.3222738e+04
 139.6453792,2.3202588e+04
 139.6658138,2.3220133e+04
 139.6862483,2.3214352e+04
 139.7066828,2.3206553e+04
 139.7271174,2.3224541e+04
 139.7475519,2.3211918e+04
 139.7679865,2.3214682e+04
 139.7884210,2.3220326e+04
 139.8088556,2.3206354e+04
 139.8292901,2.3210463e+04
 139.8497246,2.3215035e+04
 139.8701592,2.3224451e+04
 139.8905937,2.3208064e+04
 139.9110283,2.3207955e+04
 139.9314628,2.3215322e+04
 139.9518975,2.3202539e+04
 139.9723319,2.3212213e+04
 139.9927664,2.3221404e+04
 140.0132009,2.3205742e+04
 140.0336355,2.3213205e+04
 140.0540701,2.3212092e+04
 140.0745046,2.3219549e+04
 140.0949392,2.3206631e+04
 140.1153737,2.3201623e+04
 140.1358082,2.3215635e+04
 140.1562427,2.3216393e+04
 140.1766773,2.3203635e+04
 140.1971119,2.3208873e+04
 140.2175463,2.3217055e+04
 140.2379810,2.3205967e+04
 140.2584155,2.3211973e+04
 140.2788499,2.3212781e+04
 140.2992845,2.3211600e+04
 140.3197191,2.3203871e+04
 140.3401536,2.3219537e+04
 140.3605881,         null
 140.3810226,2.3209578e+04
 140.4014573,2.3210016e+04
 140.4218917,2.3200951e+04
 140.4423263,2.3213932e+04
 140.4627609,2.3222725e+04
 140.4831953,2.3212967e+04
 140.5036299,2.3218162e+04
 140.5240643,2.3209559e+04
 140.5444990,2.3213303e+04
 140.5649335,2.3222898e+04
 140.5853680,2.3209371e+04
 140.6058026,2.3204518e+04
 140.6262371,2.3216129e+04
 140.6466717,2.3231613e+04
 140.6671061,2.3216010e+04
 140.6875407,2.3212223e+04
 140.7079753,2.3200789e+04
 140.7284097,2.3217238e+04
 140.7488444,2.3225232e+04
 140.7692789,2.3209762e+04
 140.7897133,2.3214793e+04
 140.8101479,2.3211738e+04
 140.8305825,2.3215205e+04
 140.8510170,2.3215580e+04
 140.8714515,2.3221133e+04
 140.8918860,2.3209256e+04
 140.9123207,2.3203600e+04
 140.9327551,2.3225508e+04
 140.9531896,2.3219027e+04
 140.9736243,2.3212133e+04
 140.9940587,2.3210594e+04
 141.0144932,2.3221398e+04
 141.0349278,2.3224980e+04
 141.0553623,2.3215969e+04
 141.0757969,2.3205742e+04
 141.0962314,2.3212039e+04
 141.1166659,2.3222879e+04
 141.1371005,2.3202066e+04
 141.1575350,2.3229699e+04
 141.1779694,2.3204271e+04
 141.1984041,2.3207576e+04
 141.2188386,2.3209637e+04
 141.2392730,2.3208902e+04
 141.2597077,2.3221072e+04
 141.2801422,2.3212748e+04
 141.3005766,2.3234283e+04
 141.3210112,2.3211619e+04
 141.3414458,2.3212887e+04
 141.3618804,2.3206012e+04
 141.3823148,2.3209844e+04
 141.4027493,2.3206969e+04
 141.4231840,2.3218158e+04
 141.4436185,2.3214629e+04
 141.4640529,2.3198156e+04
 141.4844876,2.3222877e+04
 141.5049221,2.3199129e+04
 141.5253565,2.3210121e+04
 141.5457911,2.3211305e+04
 141.5662256,2.3209303e+04
 141.5866602,2.3216635e+04
 141.6070947,2.3211348e+04
 141.6275293,2.3291211e+04
 141.6479638,2.3212414e+04
 141.6683983,2.3218789e+04
 141.6888328,2.3206820e+04
 141.7092674,2.3213057e+04
 141.7297019,2.3207840e+04
 141.7501364,2.3201051e+04
 141.7705710,2.3212029e+04
 141.7910054,2.3215621e+04
 141.8114400,2.3209553e+04
 141.8318745,2.3201852e+04
 141.8523090,2.3210633e+04
 141.8727436,2.3195508e+04
 141.8931781,2.3208184e+04
 141.9136127,2.3202420e+04
 141.9340472,2.3206938e+04
 141.9544817,2.3206332e+04
 141.9749161,2.3208332e+04
 141.9953508,2.3193543e+04
 142.0157853,2.3210156e+04
 142.0362197,2.3203076e+04
 142.0566543,2.3204293e+04
 142.0770889,2.3210631e+04
 142.0975234,2.3199504e+04
 142.1179578,2.3205873e+04
 142.1383925,2.3208463e+04
 142.1588270,2.3203957e+04
 142.1792614,2.3201273e+04
 142.1996960,2.3208795e+04
 142.2201306,2.3207791e+04
 142.2405650,2.3220604e+04
 142.2609995,2.3215559e+04
 142.2814342,2.3201752e+04
 142.3018686,2.3198703e+04
 142.3223031,2.3201510e+04
 142.3427377,2.3215031e+04
 142.3631723,2.3213676e+04
 142.3836067,2.3202955e+04
 142.4040412,2.3213525e+04
 142.4244759,2.3211406e+04
 142.4449103,2.3208529e+04
 142.4653448,2.3201244e+04
 142.4857793,2.3207445e+04
 142.5062139,2.3208396e+04
 142.5266484,2.3203695e+04
 142.5470829,2.3210596e+04
 142.5675174,2.3209391e+04
 142.5879520,2.3207221e+04
 142.6083865,2.3216404e+04
 142.6288209,2.3201164e+04
 142.6492556,2.3205328e+04
 142.6696901,2.3195975e+04
 142.6901245,2.3208051e+04
 142.7105591,2.3216658e+04
 142.7309937,2.3208359e+04
 142.7514281,2.3199500e+04
 142.7718626,2.3207053e+04
 142.7922973,2.3207055e+04
 142.8127317,2.3213363e+04
 142.8331662,2.3212611e+04
 142.8536007,2.3221707e+04
 142.8740354,2.3217625e+04
 142.8944698,2.3211635e+04
 142.9149043,2.3203348e+04
 142.9353389,2.3213330e+04
 142.9557734,2.3208051e+04
 142.9762079,2.3204832e+04
 142.9966423,2.3209727e+04
 143.0170769,2.3195508e+04
 143.0375115,2.3205395e+04
 143.0579460,2.3199277e+04
 143.0783805,2.3198451e+04
 143.0988150,2.3209549e+04
 143.1192495,2.3198104e+04
 143.1396841,2.3216188e+04
 143.1601186,2.3215631e+04
 143.1805531,2.3200781e+04
 143.2009875,2.3197143e+04
 143.2214221,2.3203875e+04
 143.2418567,2.3196912e+04
 143.2622912,2.3208992e+04
 143.2827257,2.3210131e+04
 143.3031602,2.3198076e+04
 143.3235948,2.3208514e+04
 143.3440293,         null
 143.3644637,2.3206828e+04
 143.3848983,2.3202701e+04
 143.4053329,2.3210283e+04
 143.4257673,2.3197482e+04
 143.4462019,2.3199652e+04
 143.4666364,2.3203807e+04
 143.4870708,2.3213377e+04
 143.5075054,2.3198613e+04
 143.5279400,2.3198814e+04
 143.5483745,2.3208113e+04
 143.5688089,2.3204830e+04
 143.5892435,2.3213025e+04
 143.6096781,2.3204613e+04
 143.6301125,2.3216756e+04
 143.6505470,2.3214150e+04
 143.6709816,2.3200541e+04
 143.6914160,2.3201168e+04
 143.7118506,2.3203467e+04
 143.7322851,2.3192336e+04
 143.7527196,2.3223863e+04
 143.7731541,2.3201088e+04
 143.7935886,2.3206002e+04
 143.8140232,2.3200527e+04
 143.8344577,2.3204131e+04
 143.8548922,2.3208832e+04
 143.8753266,2.3197203e+04
 143.8957612,2.3188314e+04
 143.9161957,2.3204578e+04
 143.9366302,2.3211816e+04
 143.9570648,2.3198420e+04
 143.9774993,2.3190387e+04
 143.9979337,2.3207992e+04
 144.0183682,2.3203949e+04
 144.0388029,2.3195887e+04
 144.0592374,2.3206637e+04
 144.0796718,2.3200172e+04
 144.1001064,2.3203225e+04
 144.1205409,2.3213768e+04
 144.1409753,2.3189271e+04
 144.1614099,2.3216891e+04
 144.1818445,2.3202613e+04
 144.2022789,2.3207119e+04
 144.2227134,2.3202568e+04
 144.2431480,2.3207195e+04
 144.2635824,2.3204482e+04
 144.2840169,2.3212014e+04
 144.3044515,2.3204064e+04
 144.3248860,2.3196869e+04
 144.3453205,2.3205736e+04
 144.3657550,2.3200412e+04
 144.3861894,2.3187314e+04
 144.4066240,2.3198211e+04
 144.4270585,2.3206541e+04
 144.4474930,2.3205209e+04
 144.4679276,2.3198809e+04
 144.4883621,2.3192186e+04
 144.5087965,2.3187594e+04
 144.5292310,2.3200324e+04
 144.5496656,2.3223221e+04
 144.5701001,2.3213006e+04
 144.5905346,2.3219432e+04
 144.6109692,2.3204412e+04
 144.6314037,2.3211127e+04
 144.6518381,2.3201764e+04
 144.6722726,2.3205240e+04
 144.6927072,2.3198805e+04
 144.7131416,2.3211188e+04
 144.7335761,2.3205115e+04
 144.7540108,2.3212285e+04
 144.7744452,2.3207871e+04
 144.7948797,2.3198590e+04
 144.8153142,2.3214865e+04
 144.8357488,2.3195602e+04
 144.8561832,2.3200693e+04
 144.8766177,2.3217900e+04
 144.8970522,2.3206338e+04
 144.9174868,2.3227307e+04
 144.9379213,2.3215674e+04
 144.9583558,2.3206637e+04
 144.9787904,2.3204102e+04
 144.9992248,2.3201857e+04
 145.0196593,2.3197826e+04
 145.0400938,2.3210840e+04
 145.0605283,2.3200184e+04
 145.0809628,2.3201180e+04
 145.1013973,2.3214426e+04
 145.1218320,2.3200430e+04
 145.1422664,2.3214557e+04
 145.1627009,2.3200496e+04
 145.1831353,2.3213453e+04
 145.2035699,2.3208221e+04
 145.2240044,2.3197312e+04
 145.2444388,2.3199477e+04
 145.2648734,2.3215619e+04
 145.2853079,2.3205850e+04
 145.3057424,2.3219699e+04
 145.3261768,2.3209057e+04
 145.3466114,2.3210197e+04
 145.3670460,2.3200740e+04
 145.3874804,2.3213611e+04
 145.4079150,2.3217641e+04
 145.4283495,2.3195242e+04
 145.4487839,2.3210113e+04
 145.4692184,2.3202396e+04
 145.4896530,2.3197242e+04
 145.5100874,2.3198365e+04
 145.5305219,2.3209275e+04
 145.5509564,2.3210707e+04
 145.5713910,2.3205418e+04
 145.5918254,2.3199807e+04
 145.6122599,2.3216658e+04
 145.6326945,2.3205910e+04
 145.6531289,2.3197154e+04
 145.6735635,2.3208789e+04
 145.6939979,2.3218830e+04
 145.7144325,2.3213961e+04
 145.7348670,2.3197994e+04
 145.7553015,2.3202891e+04
 145.7757360,2.3205281e+04
 145.7961705,2.3218602e+04
 145.8166050,2.3205754e+04
 145.8370394,2.3218676e+04
 145.8574740,2.3210830e+04
 145.8779085,2.3195822e+04
 145.8983429,2.3205271e+04
 145.9187775,2.3222301e+04
 145.9392120,2.3208332e+04
 145.9596464,2.3207406e+04
 145.9800809,2.3197787e+04
 146.0005155,2.3218627e+04
 146.0209500,2.3203426e+04
 146.0413844,2.3204406e+04
 146.0618190,2.3221412e+04
 146.0822535,2.3203105e+04
 146.1026879,2.3204389e+04
 146.1231224,2.3214395e+04
 146.1435570,2.3192992e+04
 146.1639914,2.3220031e+04
 146.1844259,2.3213545e+04
 146.2048604,2.3203820e+04
 146.2252949,2.3211219e+04
 146.2457294,2.3208420e+04
 146.2661639,2.3211131e+04
 146.2865984,2.3206436e+04
 146.3070329,2.3210186e+04
 146.3274674,         null
 146.3479018,2.3228828e+04
 146.3683364,2.3199650e+04
 146.3887709,2.3214447e+04
 146.4092053,2.3216451e+04
 146.4296399,2.3200914e+04
 146.4500744,2.3199273e+04
 146.4705088,2.3213328e+04
 146.4909434,2.3207197e+04
 146.5113779,2.3214363e+04
 146.5318124,2.3205445e+04
 146.5522468,2.3204205e+04
 146.5726814,2.3204932e+04
 146.5931159,2.3214199e+04
 146.6135504,2.3215287e+04
 146.6339848,2.3218111e+04
 146.6544194,2.3211711e+04
 146.6748539,2.3203551e+04
 146.6952883,2.3212242e+04
 146.7157229,2.3192770e+04
 146.7361574,2.3212543e+04
 146.7565919,2.3216223e+04
 146.7770263,2.3213582e+04
 146.7974609,2.3219404e+04
 146.8178954,2.3212334e+04
 146.8383298,2.3212414e+04
 146.8587643,2.3208723e+04
 146.8791989,2.3208008e+04
 146.8996333,2.3216424e+04
 146.9200678,2.3203078e+04
 146.9405024,2.3209645e+04
 146.9609368,2.3217215e+04
 146.9813713,2.3219402e+04
 147.0018058,2.3207377e+04
 147.0222403,2.3215518e+04
 147.0426748,2.3194285e+04
 147.0631093,2.3205125e+04
 147.0835439,2.3218457e+04
 147.1039783,2.3214627e+04
 147.1244128,2.3218783e+04
 147.1448471,2.3217098e+04
 147.1652817,2.3221078e+04
 147.1857162,2.3216941e+04
 147.2061506,2.3200686e+04
 147.2265852,2.3209568e+04
 147.2470197,2.3197627e+04
 147.2674542,2.3207199e+04
 147.2878886,2.3221840e+04
 147.3083232,2.3209252e+04
 147.3287577,2.3207350e+04
 147.3491921,2.3206537e+04
 147.3696266,2.3209502e+04
 147.3900612,2.3199328e+04
 147.4104956,2.3207203e+04
 147.4309301,2.3207842e+04
 147.4513646,2.3203998e+04
 147.4717990,2.3209727e+04
 147.4922335,2.3199770e+04
 147.5126680,2.3210281e+04
 147.5331026,2.3211057e+04
 147.5535370,2.3205461e+04
 147.5739715,2.3206797e+04
 147.5944061,2.3202004e+04
 147.6148405,2.3209588e+04
 147.6352750,2.3207496e+04
 147.6557094,2.3212143e+04
 147.6761439,2.3211152e+04
 147.6965784,2.3210621e+04
 147.7170128,2.3222207e+04
 147.7374474,2.3206615e+04
 147.7578819,2.3215361e+04
 147.7783164,2.3204562e+04
 147.7987508,2.3204020e+04
 147.8191854,2.3205008e+04
 147.8396199,2.3208797e+04
 147.8600543,2.3219689e+04
 147.8804887,2.3204688e+04
 147.9009233,         null
 147.9213577,2.3208115e+04
 147.9417922,2.3209400e+04
 147.9622268,2.3215650e+04
 147.9826612,2.3203758e+04
 148.0030957,2.3205123e+04
 148.0235302,2.3209887e+04
 148.0439647,2.3205078e+04
 148.0643991,2.3206186e+04
 148.0848336,2.3195869e+04
 148.1052682,2.3197605e+04
 148.1257026,2.3209707e+04
 148.1461371,2.3205930e+04
 148.1665716,2.3207734e+04
 148.1870061,2.3206941e+04
 148.2074405,2.3213242e+04
 148.2278750,2.3212172e+04
 148.2483096,2.3205963e+04
 148.2687440,2.3213104e+04
 148.2891785,2.3207006e+04
 148.3096130,2.3214605e+04
 148.3300475,2.3205195e+04
 148.3504819,2.3207426e+04
 148.3709164,2.3204809e+04
 148.3913508,2.3212494e+04
 148.4117854,2.3209143e+04
 148.4322199,2.3210859e+04
 148.4526544,2.3224115e+04
 148.4730888,2.3201994e+04
 148.4935233,2.3203674e+04
 148.5139578,2.3201559e+04
 148.5343922,2.3207811e+04
 148.5548268,2.3210264e+04
 148.5752613,2.3195180e+04
 148.5956956,2.3213545e+04
 148.6161302,2.3197678e+04
 148.6365647,2.3194902e+04
 148.6569991,2.3202205e+04
 148.6774336,2.3191865e+04
 148.6978682,2.3211426e+04
 148.7183025,2.3213545e+04
 148.7387370,2.3206391e+04
 148.7591716,2.3196977e+04
 148.7796061,2.3216742e+04
 148.8000405,2.3212672e+04
 148.8204750,2.3212791e+04
 148.8409095,2.3220875e+04
 148.8613439,2.3206111e+04
 148.8817784,2.3211850e+04
 148.9022130,2.3199842e+04
 148.9226474,2.3217721e+04
 148.9430818,2.3209861e+04
 148.9635163,2.3223094e+04
 148.9839508,2.3204881e+04
 149.0043853,2.3211824e+04
 149.0248198,2.3210498e+04
 149.0452541,2.3207705e+04
 149.0656887,2.3221080e+04
 149.0861232,2.3218506e+04
 149.1065576,2.3212578e+04
 149.1269922,2.3197246e+04
 149.1474266,2.3211508e+04
 149.1678610,2.3220738e+04
 149.1882955,2.3209951e+04
 149.2087301,2.3209469e+04
 149.2291645,2.3213146e+04
 149.2495989,2.3219406e+04
 149.2700335,2.3215971e+04
 149.2904680,2.3221818e+04
 149.3109024,         null
 149.3313368,2.3210508e+04
 149.3517714,2.3215980e+04
 149.3722058,2.3219736e+04
 149.3926403,2.3208666e+04
 149.4130748,2.3221182e+04
 149.4335092,2.3213279e+04
 149.4539437,2.3221188e+04
 149.4743782,2.3209535e+04
 149.4948126,2.3210260e+04
 149.5152471,2.3211031e+04
 149.5356816,2.3230203e+04
 149.5561162,2.3215684e+04
 149.5765505,2.3209582e+04
 149.5969850,2.3210445e+04
 149.6174194,2.3214982e+04
 149.6378540,2.3205975e+04
 149.6582884,2.3208576e+04
 149.6787228,2.3208982e+04
 149.6991573,2.3209986e+04
 149.7195919,2.3224512e+04
 149.7400263,2.3206240e+04
 149.7604607,2.3211447e+04
 149.7808953,2.3205037e+04
 149.8013298,2.3213801e+04
 149.8217641,2.3209816e+04
 149.8421986,2.3213170e+04
 149.8626332,2.3212461e+04
 149.8830677,2.3213543e+04
 149.9035020,2.3204764e+04
 149.9239366,2.3203461e+04
 149.9443711,2.3197461e+04
 149.9648055,2.3210273e+04
 149.9852399,2.3208957e+04
 150.0056745,2.3197951e+04
 150.0261090,2.3208570e+04
 150.0465433,2.3195600e+04
 150.0669779,2.3211207e+04
 150.0874124,2.3210131e+04
 150.1078467,2.3204670e+04
 150.1282812,2.3195852e+04
 150.1487158,2.3205303e+04
 150.1691502,2.3185564e+04
 150.1895846,2.3204279e+04
 150.2100192,2.3209326e+04
 150.2304536,2.3210793e+04
 150.2508880,2.3197479e+04
 150.2713225,2.3200635e+04
 150.2917571,2.3200539e+04
 150.3121914,2.3218777e+04
 150.3326259,2.3205219e+04
 150.3530603,2.3200742e+04
 150.3734948,2.3203398e+04
 150.3939293,2.3202578e+04
 150.4143637,2.3220391e+04
 150.4347983,2.3200521e+04
 150.4552327,2.3205061e+04
 150.4756672,2.3205871e+04
 150.4961016,2.3211301e+04
 150.5165361,2.3208436e+04
 150.5369706,2.3213008e+04
 150.5574050,2.3200836e+04
 150.5778395,2.3210432e+04
 150.5982740,2.3208508e+04
 150.6187084,2.3205568e+04
 150.6391428,2.3201871e+04
 150.6595774,2.3204406e+04
 150.6800118,2.3209516e+04
 150.7004462,2.3202529e+04
 150.7208808,2.3197953e+04
 150.7413153,2.3196521e+04
 150.7617496,2.3212010e+04
 150.7821841,2.3196775e+04
 150.8026186,2.3206039e+04
 150.8230530,2.3214268e+04
 150.8434875,2.3212389e+04
 150.8639220,2.3212039e+04
 150.8843564,2.3208574e+04
 150.9047909,2.3210195e+04
 150.9252253,2.3213650e+04
 150.9456598,2.3196484e+04
 150.9660943,2.3216848e+04
 150.9865287,2.3201611e+04
 151.0069631,2.3196059e+04
 151.0273977,2.3205131e+04
 151.0478321,2.3212062e+04
 151.0682665,2.3206439e+04
 151.0887010,2.3202984e+04
 151.1091355,2.3208008e+04
 151.1295699,2.3209033e+04
 151.1500043,2.3208768e+04
 151.1704389,2.3209277e+04
 151.1908733,2.3201695e+04
 151.2113077,2.3216895e+04
 151.2317423,2.3208105e+04
 151.2521767,2.3205814e+04
 151.2726111,2.3211553e+04
 151.2930456,2.3203641e+04
 151.3134801,2.3195240e+04
 151.3339145,2.3209525e+04
 151.3543489,2.3206086e+04
 151.3747835,2.3208373e+04
 151.3952179,2.3209363e+04
 151.4156523,2.3217748e+04
 151.4360868,2.3207980e+04
 151.4565212,2.3218012e+04
 151.4769557,2.3196627e+04
 151.4973902,2.3216010e+04
 151.5178246,2.3207217e+04
 151.5382591,2.3210246e+04
 151.5586935,2.3211609e+04
 151.5791280,2.3213799e+04
 151.5995625,2.3202414e+04
 151.6199969,2.3204559e+04
 151.6404314,2.3207346e+04
 151.6608658,         null
 151.6813003,2.3203395e+04
 151.7017347,2.3206877e+04
 151.7221692,2.3209732e+04
 151.7426036,2.3216734e+04
 151.7630381,2.3207791e+04
 151.7834726,2.3194533e+04
 151.8039069,2.3199375e+04
 151.8243415,2.3207479e+04
 151.8447759,2.3213459e+04
 151.8652103,2.3212648e+04
 151.8856448,2.3213336e+04
 151.9060793,2.3219918e+04
 151.9265137,2.3202670e+04
 151.9469481,2.3226467e+04
 151.9673827,2.3194590e+04
 151.9878171,2.3203871e+04
 152.0082515,2.3202646e+04
 152.0286860,2.3210195e+04
 152.0491205,2.3211273e+04
 152.0695548,2.3201898e+04
 152.0899893,2.3200650e+04
 152.1104238,2.3200617e+04
 152.1308582,2.3210979e+04
 152.1512927,2.3215902e+04
 152.1717271,2.3216979e+04
 152.1921616,2.3213521e+04
 152.2125960,2.3205320e+04
 152.2330305,2.3200639e+04
 152.2534650,2.3200514e+04
 152.2738994,2.3211609e+04
 152.2943338,         null
 152.3147682,2.3207867e+04
 152.3352027,2.3206863e+04
 152.3556372,2.3208492e+04
 152.3760715,2.3213004e+04
 152.3965061,2.3202514e+04
 152.4169405,2.3201109e+04
 152.4373750,2.3220713e+04
 152.4578093,2.3216264e+04
 152.4782439,2.3210029e+04
 152.4986783,2.3212664e+04
 152.5191127,2.3212607e+04
 152.5395472,2.3216789e+04
 152.5599817,2.3213707e+04
 152.5804160,2.3219338e+04
 152.6008505,2.3204000e+04
 152.6212850,2.3203852e+04
 152.6417194,2.3195254e+04
 152.6621538,         null
 152.6825883,2.3210033e+04
 152.7030227,2.3212721e+04
 152.7234572,2.3207955e+04
 152.7438916,2.3205688e+04
 152.7643262,2.3217125e+04
 152.7847605,2.3209744e+04
 152.8051950,2.3218195e+04
 152.8256293,2.3204234e+04
 152.8460639,2.3203910e+04
 152.8664983,2.3203078e+04
 152.8869327,2.3209338e+04
 152.9073672,2.3194799e+04
 152.9278016,2.3216463e+04
 152.9482361,2.3217730e+04
 152.9686704,2.3216443e+04
 152.9891050,2.3215553e+04
 153.0095394,2.3208041e+04
 153.0299738,2.3212758e+04
 153.0504083,2.3209391e+04
 153.0708428,2.3220738e+04
 153.0912771,2.3199396e+04
 153.1117116,2.3222578e+04
 153.1321461,2.3209967e+04
 153.1525804,2.3220750e+04
 153.1730149,2.3213471e+04
 153.1934493,2.3203771e+04
 153.2138839,2.3210512e+04
 153.2343183,2.3214707e+04
 153.2547527,2.3210562e+04
 153.2751872,2.3215035e+04
 153.2956217,2.3225074e+04
 153.3160560,2.3210416e+04
 153.3364904,2.3215164e+04
 153.3569249,2.3202092e+04
 153.3773593,2.3209219e+04
 153.3977938,2.3212221e+04
 153.4182283,2.3214740e+04
 153.4386628,2.3209941e+04
 153.4590971,2.3202145e+04
 153.4795315,2.3217795e+04
 153.4999661,2.3203881e+04
 153.5204004,2.3208338e+04
 153.5408349,2.3206287e+04
 153.5612694,2.3223875e+04
 153.5817037,2.3221506e+04
 153.6021382,2.3209193e+04
 153.6225726,2.3201557e+04
 153.6430071,2.3214406e+04
 153.6634415,2.3220027e+04
 153.6838759,2.3216729e+04
 153.7043103,2.3218951e+04
 153.7247448,2.3220869e+04
 153.7451793,2.3221768e+04
 153.7656136,2.3218184e+04
 153.7860481,2.3210367e+04
 153.8064826,2.3210979e+04
 153.8269169,2.3224846e+04
 153.8473514,2.3212143e+04
 153.8677859,2.3216619e+04
 153.8882202,2.3213082e+04
 153.9086547,2.3214404e+04
 153.9290892,2.3207889e+04
 153.9495236,2.3203934e+04
 153.9699580,2.3211574e+04
 153.9903924,2.3215855e+04
 154.0108269,2.3212260e+04
 154.0312613,2.3204773e+04
 154.0516957,2.3198111e+04
 154.0721303,2.3219100e+04
 154.0925646,2.3217148e+04
 154.1129990,2.3216564e+04
 154.1334335,2.3214275e+04
 154.1538679,2.3209031e+04
 154.1743023,2.3219574e+04
 154.1947368,2.3222879e+04
 154.2151712,2.3218877e+04
 154.2356056,2.3213879e+04
 154.2560401,2.3215740e+04
 154.2764744,2.3207959e+04
 154.2969089,2.3221611e+04
 154.3173434,2.3218514e+04
 154.3377777,2.3206895e+04
 154.3582121,2.3225619e+04
 154.3786467,2.3217121e+04
 154.3990810,2.3213203e+04
 154.4195154,2.3221090e+04
 154.4399500,2.3214799e+04
 154.4603844,2.3213756e+04
 154.4808187,2.3215570e+04
 154.5012532,2.3224525e+04
 154.5216877,2.3218121e+04
 154.5421220,2.3208471e+04
 154.5625565,2.3221467e+04
 154.5829910,2.3217316e+04
 154.6034253,2.3216688e+04
 154.6238598,2.3203256e+04
 154.6442942,2.3214879e+04
 154.6647286,2.3206451e+04
 154.6851631,2.3220391e+04
 154.7055975,2.3216131e+04
 154.7260320,2.3219914e+04
 154.7464663,2.3220428e+04
 154.7669008,2.3213535e+04
 154.7873352,2.3220869e+04
 154.8077696,2.3211221e+04
 154.8282041,2.3212410e+04
 154.8486384,2.3214377e+04
 154.8690729,2.3208367e+04
 154.8895074,2.3211234e+04
 154.9099418,2.3212324e+04
 154.9303762,2.3217049e+04
 154.9508106,2.3207742e+04
 154.9712451,2.3216594e+04
 154.9916795,2.3215738e+04
 155.0121138,2.3209242e+04
 155.0325483,2.3204426e+04
 155.0529828,2.3221613e+04
 155.0734171,2.3208031e+04
 155.0938516,2.3210363e+04
 155.1142861,2.3220812e+04
 155.1347204,2.3218896e+04
 155.1551548,2.3215031e+04
 155.1755893,2.3221830e+04
 155.1960238,2.3222699e+04
 155.2164581,2.3218592e+04
 155.2368925,2.3213508e+04
 155.2573270,2.3210850e+04
 155.2777614,         null
 155.2981958,2.3218199e+04
 155.3186303,2.3218176e+04
 155.3390646,2.3424086e+04
 155.3594991,2.3210533e+04
 155.3799335,2.3219443e+04
 155.4003679,2.3213355e+04
 155.4208023,2.3210025e+04
 155.4412367,2.3213732e+04
 155.4616713,2.3274283e+04
 155.4821056,2.3218477e+04
 155.5025400,2.3216254e+04
 155.5229743,2.3208842e+04
 155.5434089,2.3211850e+04
 155.5638433,         null
 155.5842776,2.3207490e+04
 155.6047121,2.3225197e+04
 155.6251466,2.3198480e+04
 155.6455810,2.3219666e+04
 155.6660153,2.3212986e+04
 155.6864498,2.3215109e+04
 155.7068842,2.3229002e+04
 155.7273186,2.3202957e+04
 155.7477530,2.3226604e+04
 155.7681875,2.3214998e+04
 155.7886218,2.3223672e+04
 155.8090562,2.3208443e+04
 155.8294908,2.3222000e+04
 155.8499251,2.3214764e+04
 155.8703595,2.3219303e+04
 155.8907939,2.3213781e+04
 155.9112284,2.3215715e+04
 155.9316628,2.3216506e+04
 155.9520972,2.3204168e+04
 155.9725317,2.3226264e+04
 155.9929660,2.3218238e+04
 156.0134004,2.3215953e+04
 156.0338347,2.3208797e+04
 156.0542693,2.3211258e+04
 156.0747037,2.3212295e+04
 156.0951381,2.3206713e+04
 156.1155725,2.3220764e+04
 156.1360069,2.3220633e+04
 156.1564413,2.3211650e+04
 156.1768757,2.3218521e+04
 156.1973102,2.3211426e+04
 156.2177446,2.3217871e+04
 156.2381789,2.3214430e+04
 156.2586133,2.3224561e+04
 156.2790478,2.3210832e+04
 156.2994822,2.3209715e+04
 156.3199166,2.3219387e+04
 156.3403511,2.3217809e+04
 156.3607854,2.3207527e+04
 156.3812198,2.3221545e+04
 156.4016542,2.3217439e+04
 156.4220887,2.3208463e+04
 156.4425231,2.3216266e+04
 156.4629575,2.3204959e+04
 156.4833920,2.3199920e+04
 156.5038263,2.3219014e+04
 156.5242607,2.3214527e+04
 156.5446951,2.3217439e+04
 156.5651295,2.3213367e+04
 156.5855639,2.3219662e+04
 156.6059984,2.3214354e+04
 156.6264328,2.3204785e+04
 156.6468672,2.3216789e+04
 156.6673016,2.3204969e+04
 156.6877360,2.3212988e+04
 156.7081704,2.3220566e+04
 156.7286048,2.3213793e+04
 156.7490392,2.3210941e+04
 156.7694736,2.3212986e+04
 156.7899081,2.3208229e+04
 156.8103425,2.3214064e+04
 156.8307769,2.3207188e+04
 156.8512113,2.3215268e+04
 156.8716457,2.3207387e+04
 156.8920801,2.3211391e+04
 156.9125144,2.3208566e+04
 156.9329489,2.3211957e+04
 156.9533833,2.3214447e+04
 156.9738176,2.3221701e+04
 156.9942522,2.3210199e+04
 157.0146866,2.3204316e+04
 157.0351209,2.3210266e+04
 157.0555553,2.3225252e+04
 157.0759898,2.3204242e+04
 157.0964241,2.3221752e+04
 157.1168585,2.3211537e+04
 157.1372930,2.3207553e+04
 157.1577274,2.3214615e+04
 157.1781617,2.3217809e+04
 157.1985961,2.3210246e+04
 157.2190306,2.3206531e+04
 157.2394649,2.3210539e+04
 157.2598993,2.3205025e+04
 157.2803338,2.3208248e+04
 157.3007682,2.3210232e+04
 157.3212026,2.3208447e+04
 157.3416370,2.3198715e+04
 157.3620714,2.3211594e+04
 157.3825058,2.3202031e+04
 157.4029402,2.3210225e+04
 157.4233745,2.3208539e+04
 157.4438090,2.3226416e+04
 157.4642434,2.3199850e+04
 157.4846777,2.3200707e+04
 157.5051122,2.3202385e+04
 157.5255466,2.3224111e+04
 157.5459809,2.3210865e+04
 157.5664153,2.3236461e+04
 157.5868498,2.3211760e+04
 157.6072841,2.3208303e+04
 157.6277185,2.3188912e+04
 157.6481530,2.3208445e+04
 157.6685874,2.3212203e+04
 157.6890217,2.3197361e+04
 157.7094561,2.3205836e+04
 157.7298906,2.3213383e+04
 157.7503249,2.3204143e+04
 157.7707593,2.3203967e+04
 157.7911938,2.3213988e+04
 157.8116281,2.3205564e+04
 157.8320625,2.3197021e+04
 157.8524969,2.3207783e+04
 157.8729313,2.3209465e+04
 157.8933657,2.3217740e+04
 157.9138001,2.3211693e+04
 157.9342344,2.3219252e+04
 157.9546689,2.3203549e+04
 157.9751033,2.3205596e+04
 157.9955376,2.3197648e+04
 158.0159721,2.3205475e+04
 158.0364065,2.3222701e+04
 158.0568408,2.3216451e+04
 158.0772752,2.3209809e+04
 158.0977097,2.3206457e+04
 158.1181441,2.3208271e+04
 158.1385784,2.3203189e+04
 158.1590129,2.3225242e+04
 158.1794473,2.3209418e+04
 158.1998816,2.3200172e+04
 158.2203160,2.3209043e+04
 158.2407505,2.3210650e+04
 158.2611848,         null
 158.2816192,2.3210613e+04
 158.3020537,2.3207330e+04
 158.3224881,2.3208240e+04
 158.3429224,2.3211850e+04
 158.3633568,2.3212270e+04
 158.3837913,2.3225805e+04
 158.4042257,2.3210098e+04
 158.4246599,2.3200578e+04
 158.4450943,2.3194162e+04
 158.4655288,2.3200668e+04
 158.4859631,2.3207301e+04
 158.5063975,2.3215318e+04
 158.5268320,2.3405990e+04
 158.5472663,2.3210107e+04
 158.5677007,2.3202348e+04
 158.5881351,2.3206893e+04
 158.6085695,2.3207758e+04
 158.6290039,2.3201789e+04
 158.6494383,2.3209369e+04
 158.6698728,2.3210064e+04
 158.6903071,2.3207605e+04
 158.7107414,2.3211385e+04
 158.7311757,2.3203754e+04
 158.7516102,2.3199061e+04
 158.7720446,2.3202375e+04
 158.7924790,2.3219982e+04
 158.8129134,2.3206375e+04
 158.8333478,2.3208287e+04
 158.8537822,2.3210230e+04
 158.8742165,2.3203168e+04
 158.8946510,2.3208633e+04
 158.9150853,2.3209266e+04
 158.9355196,2.3203252e+04
 158.9559541,2.3209654e+04
 158.9763885,2.3206625e+04
 158.9968228,2.3204545e+04
 159.0172572,2.3204516e+04
 159.0376917,2.3204480e+04
 159.0581260,2.3202953e+04
 159.0785604,2.3215066e+04
 159.0989947,2.3203184e+04
 159.1194292,2.3210053e+04
 159.1398635,2.3191025e+04
 159.1602979,2.3203428e+04
 159.1807324,2.3199775e+04
 159.2011667,2.3193467e+04
 159.2216011,2.3216711e+04
 159.2420353,2.3203164e+04
 159.2624698,2.3208863e+04
 159.2829042,2.3197938e+04
 159.3033386,2.3194088e+04
 159.3237730,2.3214512e+04
 159.3442074,2.3215592e+04
 159.3646418,2.3196291e+04
 159.3850760,2.3215051e+04
 159.4055105,2.3212725e+04
 159.4259449,2.3208451e+04
 159.4463792,2.3205139e+04
 159.4668137,2.3206717e+04
 159.4872481,2.3211891e+04
 159.5076823,2.3217580e+04
 159.5281167,2.3199795e+04
 159.5485512,2.3200781e+04
 159.5689855,2.3207523e+04
 159.5894199,2.3197998e+04
 159.6098543,2.3201695e+04
 159.6302887,2.3209195e+04
 159.6507230,2.3206666e+04
 159.6711574,2.3207953e+04
 159.6915919,2.3209867e+04
 159.7120262,2.3209441e+04
 159.7324605,2.3221545e+04
 159.7528949,2.3206750e+04
 159.7733293,2.3205832e+04
 159.7937637,2.3207830e+04
 159.8141981,2.3200939e+04
 159.8346324,2.3206984e+04
 159.8550668,2.3217742e+04
 159.8755012,2.3203439e+04
 159.8959355,2.3209740e+04
 159.9163700,2.3205955e+04
 159.9368043,2.3223275e+04
 159.9572387,2.3204123e+04
 159.9776731,2.3215070e+04
 159.9981075,2.3206654e+04
 160.0185419,2.3210924e+04
 160.0389762,2.3219840e+04
 160.0594106,2.3202291e+04
 160.0798450,2.3220348e+04
 160.1002794,2.3221240e+04
 160.1207136,2.3215096e+04
 160.1411481,2.3220180e+04
 160.1615825,2.3208305e+04
 160.1820168,2.3224451e+04
 160.2024512,2.3215281e+04
 160.2228856,2.3208457e+04
 160.2433199,2.3215697e+04
 160.2637543,2.3209961e+04
 160.2841887,2.3213691e+04
 160.3046230,2.3213287e+04
 160.3250574,2.3207322e+04
 160.3454919,2.3226854e+04
 160.3659262,2.3207354e+04
 160.3863605,2.3206975e+04
 160.4067949,2.3215365e+04
 160.4272294,2.3218195e+04
 160.4476636,2.3209629e+04
 160.4680980,2.3212125e+04
 160.4885325,2.3199330e+04
 160.5089668,2.3214221e+04
 160.5294011,2.3211045e+04
 160.5498355,2.3212637e+04
 160.5702699,2.3211586e+04
 160.5907042,2.3215287e+04
 160.6111386,2.3210908e+04
 160.6315729,2.3213480e+04
 160.6520074,2.3205883e+04
 160.6724417,2.3216166e+04
 160.6928760,2.3203582e+04
 160.7133105,2.3214322e+04
 160.7337448,2.3215570e+04
 160.7541791,2.3213602e+04
 160.7746135,2.3207594e+04
 160.7950480,2.3209604e+04
 160.8154823,2.3208604e+04
 160.8359166,2.3205217e+04
 160.8563511,2.3214424e+04
 160.8767854,2.3202264e+04
 160.8972197,2.3212051e+04
 160.9176541,2.3207707e+04
 160.9380885,2.3214256e+04
 160.9585228,2.3201508e+04
 160.9789572,2.3198773e+04
 160.9993916,2.3211699e+04
 161.0198259,2.3218238e+04
 161.0402603,2.3221404e+04
 161.0606946,2.3214633e+04
 161.0811290,2.3196805e+04
 161.1015634,2.3199104e+04
 161.1219977,2.3210174e+04
 161.1424322,2.3212016e+04
 161.1628665,2.3215705e+04
 161.1833008,2.3212678e+04
 161.2037351,2.3209809e+04
 161.2241696,2.3210260e+04
 161.2446039,         null
 161.2650383,2.3199973e+04
 161.2854726,2.3216998e+04
 161.3059070,2.3207592e+04
 161.3263414,2.3203715e+04
 161.3467757,2.3201648e+04
 161.3672101,2.3204857e+04
 161.3876445,2.3213176e+04
 161.4080787,2.3208896e+04
 161.4285131,2.3213928e+04
 161.4489476,2.3202398e+04
 161.4693818,2.3200883e+04
 161.4898162,2.3207701e+04
 161.5102507,2.3201127e+04
 161.5306849,2.3203467e+04
 161.5511193,2.3207109e+04
 161.5715536,2.3212357e+04
 161.5919881,2.3206922e+04
 161.6124224,2.3209744e+04
 161.6328567,2.3197807e+04
 161.6532912,2.3207432e+04
 161.6737256,2.3200486e+04
 161.6941598,2.3208492e+04
 161.7145942,2.3211324e+04
 161.7350286,2.3216791e+04
 161.7554629,2.3205541e+04
 161.7758972,2.3203930e+04
 161.7963316,2.3209256e+04
 161.8167660,2.3206338e+04
 161.8372003,2.3205416e+04
 161.8576347,2.3206408e+04
 161.8780691,2.3207400e+04
 161.8985034,2.3207232e+04
 161.9189378,2.3210107e+04
 161.9393720,2.3208574e+04
 161.9598065,2.3208557e+04
 161.9802408,2.3217332e+04
 162.0006752,2.3208430e+04
 162.0211095,2.3199596e+04
 162.0415439,2.3213234e+04
 162.0619783,2.3209471e+04
 162.0824125,2.3206867e+04
 162.1028470,2.3198348e+04
 162.1232813,2.3200482e+04
 162.1437156,2.3204643e+04
 162.1641500,2.3198941e+04
 162.1845844,2.3196643e+04
 162.2050186,2.3203471e+04
 162.2254530,2.3212010e+04
 162.2458875,2.3217324e+04
 162.2663217,2.3203307e+04
 162.2867561,2.3211092e+04
 162.3071905,2.3209703e+04
 162.3276249,2.3219855e+04
 162.3480591,2.3209361e+04
 162.3684935,2.3211430e+04
 162.3889279,2.3206947e+04
 162.4093622,2.3218787e+04
 162.4297965,2.3210178e+04
 162.4502308,2.3217152e+04
 162.4706652,2.3214260e+04
 162.4910996,2.3213449e+04
 162.5115333,2.3217127e+04
 162.5319678,2.3198883e+04
 162.5524020,2.3214088e+04
 162.5728364,2.3210938e+04
 162.5932707,2.3210143e+04
 162.6137052,2.3206777e+04
 162.6341394,2.3208215e+04
 162.6545738,2.3209688e+04
 162.6750082,2.3215051e+04
 162.6954425,2.3203852e+04
 162.7158768,2.3214416e+04
 162.7363112,2.3211543e+04
 162.7567455,2.3209469e+04
 162.7771799,2.3217922e+04
 162.7976142,2.3210160e+04
 162.8180486,2.3217357e+04
 162.8384829,2.3213072e+04
 162.8589173,2.3209475e+04
 162.8793515,2.3210633e+04
 162.8997860,2.3203648e+04
 162.9202203,2.3217832e+04
 162.9406546,2.3208594e+04
 162.9610889,2.3216342e+04
 162.9815234,2.3218645e+04
 163.0019576,2.3220588e+04
 163.0223919,2.3211416e+04
 163.0428264,2.3224174e+04
 163.0632607,2.3217008e+04
 163.0836950,2.3208646e+04
 163.1041293,2.3206771e+04
 163.1245638,2.3213111e+04
 163.1449980,2.3215564e+04
 163.1654324,2.3201416e+04
 163.1858668,2.3206934e+04
 163.2063011,2.3215496e+04
 163.2267354,2.3211246e+04
 163.2471697,2.3218146e+04
 163.2676041,2.3204512e+04
 163.2880384,2.3209004e+04
 163.3084728,2.3208217e+04
 163.3289072,2.3207686e+04
 163.3493415,2.3225102e+04
 163.3697758,2.3211645e+04
 163.3902100,2.3220291e+04
 163.4106445,2.3218100e+04
 163.4310788,2.3212857e+04
 163.4515131,2.3213566e+04
 163.4719475,2.3231762e+04
 163.4923818,2.3224752e+04
 163.5128162,2.3213309e+04
 163.5332504,2.3210184e+04
 163.5536849,2.3213965e+04
 163.5741192,2.3202959e+04
 163.5945534,2.3215787e+04
 163.6149878,2.3220217e+04
 163.6354222,2.3221049e+04
 163.6558565,2.3222025e+04
 163.6762908,2.3223141e+04
 163.6967252,2.3210955e+04
 163.7171595,2.3218734e+04
 163.7375938,2.3212600e+04
 163.7580281,2.3203428e+04
 163.7784625,2.3213441e+04
 163.7988968,2.3194293e+04
 163.8193312,2.3193584e+04
 163.8397656,2.3206059e+04
 163.8601998,2.3213178e+04
 163.8806342,2.3197299e+04
 163.9010684,2.3201357e+04
 163.9215028,2.3202896e+04
 163.9419372,2.3233209e+04
 163.9623715,2.3207035e+04
 163.9828058,2.3194826e+04
 164.0032402,2.3215809e+04
 164.0236745,2.3227836e+04
 164.0441087,2.3207820e+04
 164.0645432,2.3201631e+04
 164.0849775,2.3198457e+04
 164.1054119,2.3193512e+04
 164.1258461,2.3196537e+04
 164.1462805,2.3210650e+04
 164.1667148,2.3208482e+04
 164.1871491,2.3197893e+04
 164.2075835,2.3202266e+04
 164.2280178,         null
 164.2484521,2.3195789e+04
 164.2688864,2.3198406e+04
 164.2893207,2.3207566e+04
 164.3097551,2.3194826e+04
 164.3301894,2.3199982e+04
 164.3506238,2.3205605e+04
 164.3710582,2.3196797e+04
 164.3914924,2.3193186e+04
 164.4119267,2.3203445e+04
 164.4323611,2.3206707e+04
 164.4527954,2.3199348e+04
 164.4732297,2.3194678e+04
 164.4936641,2.3195520e+04
 164.5140984,2.3202760e+04
 164.5345327,2.3192959e+04
 164.5549670,2.3194994e+04
 164.5754014,2.3189486e+04
 164.5958357,2.3197117e+04
 164.6162700,2.3198615e+04
 164.6367042,2.3189732e+04
 164.6571387,2.3204582e+04
 164.6775730,2.3196453e+04
 164.6980073,2.3192268e+04
 164.7184417,2.3196924e+04
 164.7388760,2.3204908e+04
 164.7593103,2.3196568e+04
 164.7797445,2.3199340e+04
 164.8001790,2.3188221e+04
 164.8206133,2.3201270e+04
 164.8410475,2.3199834e+04
 164.8614819,2.3205547e+04
 164.8819163,2.3210160e+04
 164.9023505,2.3201328e+04
 164.9227848,2.3206268e+04
 164.9432192,2.3185598e+04
 164.9636535,2.3186459e+04
 164.9840878,2.3197656e+04
