        TIME,  PDCSAP_FLUX
 131.5126659,2.9814068e+04
 131.5331004,2.9817062e+04
 131.5535348,2.9818373e+04
 131.5739690,2.9819854e+04
 131.5944034,2.9822311e+04
 131.6148379,2.9827186e+04
 131.6352721,2.9823189e+04
 131.6557065,2.9819330e+04
 131.6761410,2.9819082e+04
 131.6965754,2.9814639e+04
 131.7170096,2.9820283e+04
 131.7374440,2.9818818e+04
 131.7578785,2.9822225e+04
 131.7783127,2.9818982e+04
 131.7987471,2.9826402e+04
 131.8191816,2.9810031e+04
 131.8396158,2.9815613e+04
 131.8600502,2.9815070e+04
 131.8804846,2.9819711e+04
 131.9009189,2.9817314e+04
 131.9213533,2.9815170e+04
 131.9417877,2.9807816e+04
 131.9622220,2.9809611e+04
 131.9826564,2.9807684e+04
 132.0030908,2.9800898e+04
 132.0235250,2.9824037e+04
 132.0439595,2.9810180e+04
 132.0643939,2.9800988e+04
 132.0848281,2.9810814e+04
 132.1052625,2.9818697e+04
 132.1256970,2.9816568e+04
 132.1461312,2.9806316e+04
 132.1665656,2.9816555e+04
 132.1870001,2.9809627e+04
 132.2074344,2.9806510e+04
 132.2278687,2.9811146e+04
 132.2483031,2.9814047e+04
 132.2687375,2.9812988e+04
 132.2891718,2.9816918e+04
 132.3096062,2.9819967e+04
 132.3300406,2.9811531e+04
 132.3504749,2.9816840e+04
 132.3709093,2.9807357e+04
 132.3913436,2.9812719e+04
 132.4117780,2.9802826e+04
 132.4322124,2.9813518e+04
 132.4526467,2.9801830e+04
 132.4730812,2.9801623e+04
 132.4935155,2.9813111e+04
 132.5139498,2.9813820e+04
 132.5343841,2.9817146e+04
 132.5548185,2.9813314e+04
 132.5752529,2.9821260e+04
 132.5956872,2.9804971e+04
 132.6161216,2.9808703e+04
 132.6365560,2.9814533e+04
 132.6569904,2.9803951e+04
 132.6774246,2.9804176e+04
 132.6978591,2.9804145e+04
 132.7182935,2.9799619e+04
 132.7387277,2.9806697e+04
 132.7591622,2.9804592e+04
 132.7795965,2.9801176e+04
 132.8000308,2.9804314e+04
 132.8204652,2.9800969e+04
 132.8408996,2.9796266e+04
 132.8613339,2.9802543e+04
 132.8817683,2.9795572e+04
 132.9022027,2.9793312e+04
 132.9226370,2.9794449e+04
 132.9430714,2.9805229e+04
 132.9635057,2.9796680e+04
 132.9839402,2.9704043e+04
 133.0043744,2.9505959e+04
 133.0248088,2.9496039e+04
 133.0452432,2.9549406e+04
 133.0656775,2.9773271e+04
 133.0861119,2.9783469e+04
 133.1065462,2.9792375e+04
 133.1269806,2.9794822e+04
 133.1474150,2.9789365e+04
 133.1678493,2.9802488e+04
 133.1882837,2.9789572e+04
 133.2087182,2.9800789e+04
 133.2291524,2.9803008e+04
 133.2495868,2.9798584e+04
 133.2700211,2.9805021e+04
 133.2904555,2.9799068e+04
 133.3108899,2.9790223e+04
 133.3313241,2.9787797e+04
 133.3517586,2.9807303e+04
 133.3721929,2.9793855e+04
 133.3926273,2.9798123e+04
 133.4130617,2.9801781e+04
 133.4334960,2.9803176e+04
 133.4539304,2.9792131e+04
 133.4743646,2.9792359e+04
 133.4947991,2.9801170e+04
 133.5152334,2.9796676e+04
 133.5356677,2.9797424e+04
 133.5561022,2.9789998e+04
 133.5765365,2.9796846e+04
 133.5969708,2.9789561e+04
 133.6174051,2.9798084e+04
 133.6378396,2.9799889e+04
 133.6582740,2.9789664e+04
 133.6787082,2.9789695e+04
 133.6991427,2.9792596e+04
 133.7195770,2.9799428e+04
 133.7400113,2.9787729e+04
 133.7604457,2.9785803e+04
 133.7808801,2.9790711e+04
 133.8013144,2.9789596e+04
 133.8217487,2.9777064e+04
 133.8421831,2.9778465e+04
 133.8626174,2.9784039e+04
 133.8830518,2.9789215e+04
 133.9034862,2.9796770e+04
 133.9239205,2.9795094e+04
 133.9443549,2.9788695e+04
 133.9647892,2.9788281e+04
 133.9852235,2.9786654e+04
 134.0056579,2.9786146e+04
 134.0260923,2.9788125e+04
 134.0465265,2.9783443e+04
 134.0669610,2.9782365e+04
 134.0873954,2.9789740e+04
 134.1078296,2.9790891e+04
 134.1282640,2.9779561e+04
 134.1486984,2.9785639e+04
 134.1691328,2.9789740e+04
 134.1895670,2.9787986e+04
 134.2100015,2.9784982e+04
 134.2304358,2.9777039e+04
 134.2508701,2.9776469e+04
 134.2713045,2.9784059e+04
 134.2917389,2.9778922e+04
 134.3121732,2.9781123e+04
 134.3326075,2.9781883e+04
 134.3530420,2.9778049e+04
 134.3734762,2.9769875e+04
 134.3939106,         null
 134.4143449,2.9789932e+04
 134.4347793,2.9777695e+04
 134.4552136,2.9767477e+04
 134.4756480,2.9784246e+04
 134.4960825,2.9772420e+04
 134.5165167,2.9781629e+04
 134.5369511,2.9773270e+04
 134.5573853,2.9767844e+04
 134.5778198,2.9778316e+04
 134.5982541,2.9769080e+04
 134.6186884,2.9769588e+04
 134.6391227,2.9787406e+04
 134.6595572,2.9780346e+04
 134.6799915,2.9768707e+04
 134.7004259,2.9731129e+04
 134.7208602,2.9521094e+04
 134.7412946,2.9467186e+04
 134.7617288,2.9498381e+04
 134.7821632,2.9722656e+04
 134.8025976,2.9763918e+04
 134.8230320,2.9777707e+04
 134.8434662,2.9756814e+04
 134.8639007,2.9762600e+04
 134.8843350,2.9776836e+04
 134.9047694,2.9779449e+04
 134.9252037,2.9777857e+04
 134.9456381,2.9781570e+04
 134.9660725,2.9771934e+04
 134.9865067,2.9776186e+04
 135.0069412,2.9771178e+04
 135.0273755,2.9782797e+04
 135.0478098,2.9775074e+04
 135.0682441,2.9785127e+04
 135.0886786,2.9790797e+04
 135.1091128,2.9775525e+04
 135.1295472,2.9775428e+04
 135.1499816,2.9776115e+04
 135.1704160,2.9785961e+04
 135.1908502,2.9772945e+04
 135.2112846,2.9783246e+04
 135.2317190,2.9776221e+04
 135.2521533,2.9771475e+04
 135.2725876,2.9776594e+04
 135.2930219,2.9770771e+04
 135.3134563,2.9774348e+04
 135.3338907,2.9783492e+04
 135.3543249,2.9774709e+04
 135.3747593,2.9785186e+04
 135.3951937,2.9781846e+04
 135.4156280,2.9787229e+04
 135.4360623,2.9799516e+04
 135.4564967,2.9786270e+04
 135.4769311,2.9772730e+04
 135.4973653,2.9776848e+04
 135.5177998,2.9776490e+04
 135.5382341,2.9772625e+04
 135.5586684,2.9770996e+04
 135.5791027,2.9767910e+04
 135.5995372,2.9780111e+04
 135.6199714,2.9771596e+04
 135.6404058,2.9776096e+04
 135.6608402,2.9794490e+04
 135.6812746,2.9770773e+04
 135.7017088,2.9779033e+04
 135.7221432,2.9775287e+04
 135.7425776,2.9783828e+04
 135.7630118,2.9785131e+04
 135.7834462,2.9802445e+04
 135.8038806,2.9766912e+04
 135.8243149,2.9785590e+04
 135.8447492,2.9777564e+04
 135.8651836,2.9781680e+04
 135.8856179,2.9774707e+04
 135.9060523,2.9775502e+04
 135.9264866,2.9787539e+04
 135.9469209,2.9759133e+04
 135.9673553,2.9779867e+04
 135.9877896,2.9788277e+04
 136.0082239,2.9783672e+04
 136.0286583,2.9792020e+04
 136.0490927,2.9772682e+04
 136.0695269,2.9772766e+04
 136.0899613,2.9784672e+04
 136.1103957,2.9788184e+04
 136.1308301,2.9785781e+04
 136.1512643,2.9772125e+04
 136.1716987,2.9778541e+04
 136.1921331,2.9775377e+04
 136.2125673,2.9774213e+04
 136.2330017,2.9775994e+04
 136.2534361,2.9777047e+04
 136.2738704,2.9779764e+04
 136.2943047,2.9781566e+04
 136.3147391,2.9777062e+04
 136.3351734,2.9769357e+04
 136.3556077,2.9782135e+04
 136.3760421,2.9770953e+04
 136.3964764,2.9773592e+04
 136.4169108,2.9762080e+04
 136.4373451,2.9554004e+04
 136.4577795,2.9471266e+04
 136.4782138,2.9492756e+04
 136.4986481,2.9673752e+04
 136.5190825,2.9773963e+04
 136.5395168,2.9776877e+04
 136.5599512,2.9782684e+04
 136.5803855,2.9787689e+04
 136.6008198,2.9778377e+04
 136.6212542,2.9775127e+04
 136.6416885,2.9784605e+04
 136.6621229,2.9782783e+04
 136.6825572,2.9778273e+04
 136.7029915,2.9787852e+04
 136.7234259,2.9780990e+04
 136.7438601,2.9791658e+04
 136.7642946,2.9772221e+04
 136.7847289,2.9777496e+04
 136.8051631,2.9780057e+04
 136.8255976,2.9782697e+04
 136.8460319,2.9786193e+04
 136.8664663,2.9799695e+04
 136.8869005,2.9795326e+04
 136.9073349,2.9784539e+04
 136.9277693,2.9772832e+04
 136.9482035,2.9771727e+04
 136.9686380,2.9783412e+04
 136.9890723,2.9794191e+04
 137.0095065,2.9777402e+04
 137.0299409,2.9792947e+04
 137.0503753,2.9792633e+04
 137.0708095,2.9779604e+04
 137.0912439,2.9775674e+04
 137.1116783,2.9778162e+04
 137.1321126,2.9783582e+04
 137.1525469,2.9780094e+04
 137.1729812,2.9779469e+04
 137.1934157,2.9802059e+04
 137.2138499,2.9789355e+04
 137.2342843,2.9783697e+04
 137.2547185,2.9786559e+04
 137.2751529,2.9781875e+04
 137.2955873,2.9778486e+04
 137.3160215,2.9786957e+04
 137.3364559,2.9796463e+04
 137.3568903,2.9790568e+04
 137.3773246,         null
 137.3977588,2.9789416e+04
 137.4181933,2.9785932e+04
 137.4386276,2.9797139e+04
 137.4590619,2.9787902e+04
 137.4794963,2.9784051e+04
 137.4999306,2.9787916e+04
 137.5203649,2.9781654e+04
 137.5407992,2.9783092e+04
 137.5612336,2.9790539e+04
 137.5816679,2.9796369e+04
 137.6021022,2.9792314e+04
 137.6225366,2.9789166e+04
 137.6429710,2.9782693e+04
 137.6634052,2.9787316e+04
 137.6838395,2.9782818e+04
 137.7042740,2.9789357e+04
 137.7247082,2.9785443e+04
 137.7451425,2.9780025e+04
 137.7655770,2.9783062e+04
 137.7860112,2.9786660e+04
 137.8064455,2.9785318e+04
 137.8268798,2.9782566e+04
 137.8473142,2.9780369e+04
 137.8677485,2.9790260e+04
 137.8881829,2.9787770e+04
 137.9086171,2.9784871e+04
 137.9290515,2.9787443e+04
 137.9494859,2.9781695e+04
 137.9699201,2.9787672e+04
 137.9903545,2.9781123e+04
 138.0107889,2.9778541e+04
 138.0312231,2.9775357e+04
 138.0516574,2.9794031e+04
 138.0720919,2.9782398e+04
 138.0925262,2.9782807e+04
 138.1129604,2.9782193e+04
 138.1333949,2.9788051e+04
 138.1538292,2.9605561e+04
 138.1742634,2.9498541e+04
 138.1946978,2.9497326e+04
 138.2151322,2.9619277e+04
 138.2355665,2.9795029e+04
 138.2560007,2.9780555e+04
 138.2764352,2.9778639e+04
 138.2968695,2.9791746e+04
 138.3173037,2.9780840e+04
 138.3377381,2.9784562e+04
 138.3581725,2.9791703e+04
 138.3786068,2.9791354e+04
 138.3990411,2.9799893e+04
 138.4194755,2.9784172e+04
 138.4399098,2.9796633e+04
 138.4603441,2.9785363e+04
 138.4807784,2.9797186e+04
 138.5012128,2.9778201e+04
 138.5216470,2.9786465e+04
 138.5420814,2.9790615e+04
 138.5625157,2.9795404e+04
 138.5829500,2.9786412e+04
 138.6033844,2.9790076e+04
 138.6238187,2.9786203e+04
 138.6442530,2.9788100e+04
 138.6646873,2.9789807e+04
 138.6851217,2.9794195e+04
 138.7055559,2.9782182e+04
 138.7259903,2.9788699e+04
 138.7464246,2.9784412e+04
 138.7668589,2.9795729e+04
 138.7872933,2.9793602e+04
 138.8077276,2.9793109e+04
 138.8281619,2.9788477e+04
 138.8485962,2.9784736e+04
 138.8690306,2.9782543e+04
 138.8894649,2.9797717e+04
 138.9098992,2.9791697e+04
 138.9303336,2.9802865e+04
 138.9507679,2.9798180e+04
 138.9712021,2.9791250e+04
 138.9916365,2.9791242e+04
 139.0120709,2.9799340e+04
 139.0325051,2.9797127e+04
 139.0529394,2.9796969e+04
 139.0733739,2.9781590e+04
 139.0938081,2.9790244e+04
 139.1142424,2.9782518e+04
 139.1346767,2.9795037e+04
 139.1551111,2.9790117e+04
 139.1755454,2.9793078e+04
 139.1959797,2.9806264e+04
 139.2164139,2.9794623e+04
 139.2368484,2.9800023e+04
 139.2572827,2.9791240e+04
 139.2777169,2.9788264e+04
 139.2981513,2.9796562e+04
 139.3185857,2.9790789e+04
 139.3390200,2.9801002e+04
 139.3594542,2.9800467e+04
 139.3798886,2.9793496e+04
 139.4003230,2.9797201e+04
 139.4207572,2.9793578e+04
 139.4411916,2.9793131e+04
 139.4616259,2.9790094e+04
 139.4820602,2.9807057e+04
 139.5024945,2.9810254e+04
 139.5229289,2.9800201e+04
 139.5433631,2.9796217e+04
 139.5637974,2.9795463e+04
 139.5842319,2.9791637e+04
 139.6046661,2.9799861e+04
 139.6251004,2.9781193e+04
 139.6455347,2.9803555e+04
 139.6659692,2.9791035e+04
 139.6864034,2.9789438e+04
 139.7068377,2.9789359e+04
 139.7272720,2.9799627e+04
 139.7477063,2.9800016e+04
 139.7681407,2.9801598e+04
 139.7885750,2.9787369e+04
 139.8090093,2.9783547e+04
 139.8294436,2.9807248e+04
 139.8498779,2.9795326e+04
 139.8703123,2.9666318e+04
 139.8907466,2.9516188e+04
 139.9111809,2.9492885e+04
 139.9316152,2.9580557e+04
 139.9520496,2.9793020e+04
 139.9724839,2.9794404e+04
 139.9929182,2.9785031e+04
 140.0133524,2.9794201e+04
 140.0337868,2.9799748e+04
 140.0542211,2.9789377e+04
 140.0746555,2.9798625e+04
 140.0950898,2.9800217e+04
 140.1155241,2.9798793e+04
 140.1359584,2.9786688e+04
 140.1563926,2.9791449e+04
 140.1768270,2.9792367e+04
 140.1972614,2.9803604e+04
 140.2176956,2.9791654e+04
 140.2381300,2.9786463e+04
 140.2585643,2.9785307e+04
 140.2789985,2.9791193e+04
 140.2994329,2.9791727e+04
 140.3198673,2.9789941e+04
 140.3403015,2.9790436e+04
 140.3607358,         null
 140.3811701,2.9788977e+04
 140.4016045,2.9783152e+04
 140.4220388,2.9776105e+04
 140.4424731,2.9790670e+04
 140.4629075,2.9793834e+04
 140.4833417,2.9773691e+04
 140.5037760,2.9790959e+04
 140.5242102,2.9791244e+04
 140.5446446,2.9779932e+04
 140.5650790,2.9775680e+04
 140.5855133,2.9784502e+04
 140.6059476,2.9789215e+04
 140.6263819,2.9780445e+04
 140.6468162,2.9782262e+04
 140.6672504,2.9773859e+04
 140.6876849,2.9771852e+04
 140.7081192,2.9789814e+04
 140.7285534,2.9773326e+04
 140.7489878,2.9780238e+04
 140.7694221,2.9770383e+04
 140.7898563,2.9772814e+04
 140.8102906,2.9781592e+04
 140.8307251,2.9783199e+04
 140.8511594,2.9772883e+04
 140.8715936,2.9779588e+04
 140.8920279,2.9784992e+04
 140.9124623,2.9777484e+04
 140.9328965,2.9782107e+04
 140.9533308,2.9780199e+04
 140.9737652,2.9773295e+04
 140.9941995,2.9772547e+04
 141.0146338,2.9771426e+04
 141.0350681,2.9767414e+04
 141.0555024,2.9761979e+04
 141.0759367,2.9767055e+04
 141.0963710,2.9770916e+04
 141.1168053,2.9760871e+04
 141.1372396,2.9768291e+04
 141.1576740,2.9763457e+04
 141.1781082,2.9761137e+04
 141.1985426,2.9773584e+04
 141.2189769,2.9768242e+04
 141.2394111,2.9777688e+04
 141.2598455,2.9765197e+04
 141.2802798,2.9765812e+04
 141.3007140,2.9770092e+04
 141.3211483,2.9766566e+04
 141.3415827,2.9762102e+04
 141.3620171,2.9757221e+04
 141.3824513,2.9756104e+04
 141.4028856,2.9767754e+04
 141.4233200,2.9750631e+04
 141.4437543,2.9770582e+04
 141.4641885,2.9752020e+04
 141.4846229,2.9761934e+04
 141.5050572,2.9760609e+04
 141.5254914,2.9761938e+04
 141.5459257,2.9764352e+04
 141.5663600,2.9765043e+04
 141.5867945,2.9686113e+04
 141.6072287,2.9484529e+04
 141.6276631,2.9455826e+04
 141.6480974,2.9517162e+04
 141.6685316,2.9732820e+04
 141.6889659,2.9756566e+04
 141.7094003,2.9764422e+04
 141.7298345,2.9748152e+04
 141.7502688,2.9763008e+04
 141.7707032,2.9764477e+04
 141.7911374,2.9757189e+04
 141.8115717,2.9758877e+04
 141.8320060,2.9761641e+04
 141.8524404,2.9752678e+04
 141.8728747,2.9756223e+04
 141.8933090,2.9759168e+04
 141.9137434,2.9752691e+04
 141.9341776,2.9751604e+04
 141.9546119,2.9757457e+04
 141.9750461,2.9751834e+04
 141.9954805,2.9754955e+04
 142.0159148,2.9741814e+04
 142.0363490,2.9743881e+04
 142.0567833,2.9748979e+04
 142.0772177,2.9754438e+04
 142.0976520,2.9754785e+04
 142.1180862,2.9744781e+04
 142.1385206,2.9756359e+04
 142.1589549,2.9743402e+04
 142.1793891,2.9750701e+04
 142.1998234,2.9745344e+04
 142.2202578,2.9744846e+04
 142.2406920,2.9750369e+04
 142.2611264,2.9738908e+04
 142.2815608,2.9749145e+04
 142.3019950,2.9751512e+04
 142.3224293,2.9750164e+04
 142.3428636,2.9740219e+04
 142.3632980,2.9750980e+04
 142.3837322,2.9744158e+04
 142.4041665,2.9747139e+04
 142.4246009,2.9737842e+04
 142.4450351,2.9745953e+04
 142.4654694,2.9746436e+04
 142.4859036,2.9743785e+04
 142.5063380,2.9747332e+04
 142.5267723,2.9738473e+04
 142.5472066,2.9743607e+04
 142.5676408,2.9746379e+04
 142.5880752,2.9746232e+04
 142.6085095,2.9740934e+04
 142.6289437,2.9758059e+04
 142.6493781,2.9745105e+04
 142.6698124,2.9748428e+04
 142.6902466,2.9738400e+04
 142.7106809,2.9743658e+04
 142.7311153,2.9741756e+04
 142.7515495,2.9751305e+04
 142.7719838,2.9740385e+04
 142.7924182,2.9737977e+04
 142.8128524,2.9738102e+04
 142.8332867,2.9746676e+04
 142.8537210,2.9734498e+04
 142.8741554,2.9736920e+04
 142.8945896,2.9739367e+04
 142.9150239,2.9746189e+04
 142.9354583,2.9732705e+04
 142.9558925,2.9728959e+04
 142.9763268,2.9731416e+04
 142.9967610,2.9738945e+04
 143.0171954,2.9729107e+04
 143.0376297,2.9734170e+04
 143.0580640,2.9726902e+04
 143.0784983,2.9725498e+04
 143.0989326,2.9737438e+04
 143.1193669,2.9721176e+04
 143.1398012,2.9729951e+04
 143.1602355,2.9713648e+04
 143.1806698,2.9729330e+04
 143.2011040,2.9721154e+04
 143.2215383,2.9721646e+04
 143.2419726,2.9727887e+04
 143.2624069,2.9727211e+04
 143.2828412,2.9731354e+04
 143.3032755,2.9706531e+04
 143.3237098,2.9485314e+04
 143.3441441,         null
 143.3645783,2.9457863e+04
 143.3850127,2.9653590e+04
 143.4054470,2.9736596e+04
 143.4258812,2.9723504e+04
 143.4463156,2.9736049e+04
 143.4667499,2.9726857e+04
 143.4871841,2.9719041e+04
 143.5076184,2.9721906e+04
 143.5280528,2.9737209e+04
 143.5484871,2.9744543e+04
 143.5689213,2.9728676e+04
 143.5893557,2.9731029e+04
 143.6097900,2.9721635e+04
 143.6302242,2.9721432e+04
 143.6506584,2.9743641e+04
 143.6710928,2.9731219e+04
 143.6915270,2.9738875e+04
 143.7119613,2.9735629e+04
 143.7323956,2.9723391e+04
 143.7528299,2.9720688e+04
 143.7732642,2.9732318e+04
 143.7936985,2.9729555e+04
 143.8141328,2.9725848e+04
 143.8345671,2.9733561e+04
 143.8550014,2.9736625e+04
 143.8754356,2.9732113e+04
 143.8958700,2.9722123e+04
 143.9163042,2.9728898e+04
 143.9367384,2.9722186e+04
 143.9571728,2.9730713e+04
 143.9776071,2.9735516e+04
 143.9980413,2.9733746e+04
 144.0184756,2.9722117e+04
 144.0389100,2.9727660e+04
 144.0593443,2.9725090e+04
 144.0797785,2.9733822e+04
 144.1002129,2.9721982e+04
 144.1206472,2.9733094e+04
 144.1410813,2.9727049e+04
 144.1615156,2.9724854e+04
 144.1819500,2.9727182e+04
 144.2023842,2.9725908e+04
 144.2228185,2.9721391e+04
 144.2432529,2.9731441e+04
 144.2636871,2.9720221e+04
 144.2841214,2.9724670e+04
 144.3045557,2.9728137e+04
 144.3249899,2.9734953e+04
 144.3454242,2.9726627e+04
 144.3658585,2.9722463e+04
 144.3862927,2.9722836e+04
 144.4067271,2.9738904e+04
 144.4271614,2.9730832e+04
 144.4475956,2.9727598e+04
 144.4680300,2.9721910e+04
 144.4884642,2.9736301e+04
 144.5088984,2.9731846e+04
 144.5293327,2.9725242e+04
 144.5497671,2.9724797e+04
 144.5702014,2.9720486e+04
 144.5906356,2.9732752e+04
 144.6110700,2.9727914e+04
 144.6315043,2.9732537e+04
 144.6519384,2.9727824e+04
 144.6723727,2.9712635e+04
 144.6928071,2.9720045e+04
 144.7132413,2.9725240e+04
 144.7336756,2.9728145e+04
 144.7541100,2.9728748e+04
 144.7745441,2.9724152e+04
 144.7949784,2.9719918e+04
 144.8154127,2.9728098e+04
 144.8358471,2.9726459e+04
 144.8562813,2.9726736e+04
 144.8767156,2.9733850e+04
 144.8971499,2.9720191e+04
 144.9175841,2.9737402e+04
 144.9380184,2.9735369e+04
 144.9584527,2.9724758e+04
 144.9788871,2.9729795e+04
 144.9993213,2.9730959e+04
 145.0197556,2.9715744e+04
 145.0401898,2.9523789e+04
 145.0606241,2.9445812e+04
 145.0810584,2.9436217e+04
 145.1014927,2.9625816e+04
 145.1219271,2.9744260e+04
 145.1423613,2.9726396e+04
 145.1627955,2.9737449e+04
 145.1832297,2.9731611e+04
 145.2036641,2.9748424e+04
 145.2240984,2.9736162e+04
 145.2445326,2.9735830e+04
 145.2649669,2.9727510e+04
 145.2854012,2.9734270e+04
 145.3058355,2.9733408e+04
 145.3262697,2.9737930e+04
 145.3467041,2.9740418e+04
 145.3671383,2.9741641e+04
 145.3875725,2.9748541e+04
 145.4080069,2.9737193e+04
 145.4284412,2.9749414e+04
 145.4488754,2.9742467e+04
 145.4693096,2.9732502e+04
 145.4897440,2.9741826e+04
 145.5101782,2.9748850e+04
 145.5306125,2.9744830e+04
 145.5510468,2.9739584e+04
 145.5714811,2.9744861e+04
 145.5919153,2.9751426e+04
 145.6123496,2.9757031e+04
 145.6327840,2.9756176e+04
 145.6532182,2.9751953e+04
 145.6736524,2.9755203e+04
 145.6940866,2.9748057e+04
 145.7145210,2.9747535e+04
 145.7349553,2.9751691e+04
 145.7553895,2.9748484e+04
 145.7758238,2.9746252e+04
 145.7962581,2.9748811e+04
 145.8166924,2.9749754e+04
 145.8371266,2.9750203e+04
 145.8575609,2.9755676e+04
 145.8779952,2.9753432e+04
 145.8984294,2.9750439e+04
 145.9188638,2.9751887e+04
 145.9392980,2.9754900e+04
 145.9597322,2.9744377e+04
 145.9801665,2.9750037e+04
 146.0006009,2.9756732e+04
 146.0210351,2.9750680e+04
 146.0414693,2.9752072e+04
 146.0619037,2.9763092e+04
 146.0823380,2.9749998e+04
 146.1027721,2.9761164e+04
 146.1232064,2.9751016e+04
 146.1436408,2.9752287e+04
 146.1640750,2.9746924e+04
 146.1845092,2.9753320e+04
 146.2049435,2.9747732e+04
 146.2253778,2.9753291e+04
 146.2458121,2.9758570e+04
 146.2662463,2.9751758e+04
 146.2866806,2.9762137e+04
 146.3071149,2.9760814e+04
 146.3275491,         null
 146.3479833,2.9755479e+04
 146.3684177,2.9757656e+04
 146.3888520,2.9764773e+04
 146.4092861,2.9753672e+04
 146.4297205,2.9762123e+04
 146.4501548,2.9765117e+04
 146.4705890,2.9758404e+04
 146.4910233,2.9758213e+04
 146.5114576,2.9752154e+04
 146.5318919,2.9752627e+04
 146.5523260,2.9752193e+04
 146.5727604,2.9761998e+04
 146.5931947,2.9761611e+04
 146.6136290,2.9757967e+04
 146.6340631,2.9766889e+04
 146.6544975,2.9766461e+04
 146.6749318,2.9767506e+04
 146.6953659,2.9766312e+04
 146.7158003,2.9767154e+04
 146.7362346,2.9762420e+04
 146.7566688,2.9615014e+04
 146.7771030,2.9481012e+04
 146.7975374,2.9471834e+04
 146.8179716,2.9590527e+04
 146.8384058,2.9765781e+04
 146.8588401,2.9772086e+04
 146.8792745,2.9774746e+04
 146.8997086,2.9769963e+04
 146.9201429,2.9766805e+04
 146.9405773,2.9769625e+04
 146.9610114,2.9764783e+04
 146.9814457,2.9767977e+04
 147.0018800,2.9774365e+04
 147.0223142,2.9760932e+04
 147.0427485,2.9777818e+04
 147.0631828,2.9769090e+04
 147.0836171,2.9776318e+04
 147.1040513,2.9771914e+04
 147.1244856,2.9764250e+04
 147.1449197,2.9765543e+04
 147.1653541,2.9770041e+04
 147.1857884,2.9779641e+04
 147.2062225,2.9775539e+04
 147.2266569,2.9764545e+04
 147.2470912,2.9769287e+04
 147.2675254,2.9773986e+04
 147.2879596,2.9771018e+04
 147.3083940,2.9766381e+04
 147.3288282,2.9775268e+04
 147.3492624,2.9770289e+04
 147.3696967,2.9782936e+04
 147.3901310,2.9781268e+04
 147.4105652,2.9779105e+04
 147.4309994,2.9781908e+04
 147.4514338,2.9776053e+04
 147.4718680,2.9779443e+04
 147.4923022,2.9792258e+04
 147.5127365,2.9779900e+04
 147.5331709,2.9780439e+04
 147.5536050,2.9782961e+04
 147.5740393,2.9792102e+04
 147.5944737,2.9787826e+04
 147.6149078,2.9774168e+04
 147.6353421,2.9784959e+04
 147.6557762,2.9785617e+04
 147.6762106,2.9780455e+04
 147.6966449,2.9768758e+04
 147.7170790,2.9769078e+04
 147.7375134,2.9778164e+04
 147.7579477,2.9778551e+04
 147.7783819,2.9777629e+04
 147.7988161,2.9785977e+04
 147.8192504,2.9787064e+04
 147.8396847,2.9774812e+04
 147.8601189,2.9778207e+04
 147.8805531,2.9789238e+04
 147.9009875,         null
 147.9214216,2.9784201e+04
 147.9418559,2.9782926e+04
 147.9622903,2.9772994e+04
 147.9827244,2.9776262e+04
 148.0031587,2.9775482e+04
 148.0235929,2.9785854e+04
 148.0440273,2.9774496e+04
 148.0644615,2.9782631e+04
 148.0848957,2.9778520e+04
 148.1053301,2.9782262e+04
 148.1257642,2.9777148e+04
 148.1461985,2.9800355e+04
 148.1666327,2.9787104e+04
 148.1870670,2.9784732e+04
 148.2075013,2.9790648e+04
 148.2279355,2.9770119e+04
 148.2483699,2.9785688e+04
 148.2688040,2.9775578e+04
 148.2892383,2.9794004e+04
 148.3096725,2.9778951e+04
 148.3301068,2.9779072e+04
 148.3505411,2.9779285e+04
 148.3709753,2.9774119e+04
 148.3914095,2.9782311e+04
 148.4118438,2.9780383e+04
 148.4322781,2.9782941e+04
 148.4527123,2.9774236e+04
 148.4731466,2.9689268e+04
 148.4935809,2.9495736e+04
 148.5140151,2.9486402e+04
 148.5344493,2.9554584e+04
 148.5548836,2.9760682e+04
 148.5753179,2.9775285e+04
 148.5957520,2.9775293e+04
 148.6161864,2.9773977e+04
 148.6366206,2.9779219e+04
 148.6570548,2.9781297e+04
 148.6774890,2.9769480e+04
 148.6979234,2.9774621e+04
 148.7183576,2.9764721e+04
 148.7387918,2.9771623e+04
 148.7592262,2.9775113e+04
 148.7796604,2.9773670e+04
 148.8000946,2.9772656e+04
 148.8205288,2.9766693e+04
 148.8409632,2.9768572e+04
 148.8613973,2.9767754e+04
 148.8818316,2.9769248e+04
 148.9022659,2.9773402e+04
 148.9227001,2.9767693e+04
 148.9431343,2.9789775e+04
 148.9635686,2.9779580e+04
 148.9840028,2.9763949e+04
 149.0044371,2.9770385e+04
 149.0248713,2.9760211e+04
 149.0453055,2.9768352e+04
 149.0657398,2.9765189e+04
 149.0861741,2.9759865e+04
 149.1066082,2.9751291e+04
 149.1270426,2.9762289e+04
 149.1474768,2.9764014e+04
 149.1679110,2.9750713e+04
 149.1883452,2.9768047e+04
 149.2087796,2.9761930e+04
 149.2292138,2.9760945e+04
 149.2496480,2.9757855e+04
 149.2700823,2.9777219e+04
 149.2905166,2.9749305e+04
 149.3109507,         null
 149.3313850,2.9761053e+04
 149.3518193,2.9755266e+04
 149.3722535,2.9753850e+04
 149.3926877,2.9759779e+04
 149.4131221,2.9765121e+04
 149.4335562,2.9762016e+04
 149.4539905,2.9768938e+04
 149.4744247,2.9757035e+04
 149.4948590,2.9759047e+04
 149.5152932,2.9748246e+04
 149.5357275,2.9751908e+04
 149.5561618,2.9751674e+04
 149.5765960,2.9758594e+04
 149.5970302,2.9748443e+04
 149.6174643,2.9753668e+04
 149.6378987,2.9749240e+04
 149.6583329,2.9748441e+04
 149.6787671,2.9757752e+04
 149.6992013,2.9745965e+04
 149.7196357,2.9745982e+04
 149.7400699,2.9745967e+04
 149.7605041,2.9748584e+04
 149.7809384,2.9746521e+04
 149.8013727,2.9748258e+04
 149.8218068,2.9750918e+04
 149.8422410,2.9738150e+04
 149.8626754,2.9742215e+04
 149.8831096,2.9744311e+04
 149.9035438,2.9750254e+04
 149.9239781,2.9742549e+04
 149.9444124,2.9751594e+04
 149.9648466,2.9746900e+04
 149.9852807,2.9747133e+04
 150.0057151,2.9746555e+04
 150.0261493,2.9749180e+04
 150.0465835,2.9743951e+04
 150.0670178,2.9746873e+04
 150.0874521,2.9744080e+04
 150.1078862,2.9735637e+04
 150.1283204,2.9741738e+04
 150.1487548,2.9747838e+04
 150.1691889,2.9730523e+04
 150.1896232,2.9683643e+04
 150.2100575,2.9469453e+04
 150.2304916,2.9437236e+04
 150.2509259,2.9482506e+04
 150.2713601,2.9693828e+04
 150.2917945,2.9737686e+04
 150.3122286,2.9748373e+04
 150.3326629,2.9733076e+04
 150.3530970,2.9738488e+04
 150.3735313,2.9743076e+04
 150.3939656,2.9732941e+04
 150.4143997,2.9749334e+04
 150.4348340,2.9743020e+04
 150.4552683,2.9741178e+04
 150.4757025,2.9743799e+04
 150.4961367,2.9741746e+04
 150.5165710,2.9737289e+04
 150.5370052,2.9738137e+04
 150.5574394,2.9728570e+04
 150.5778737,2.9734383e+04
 150.5983080,2.9735471e+04
 150.6187421,2.9740666e+04
 150.6391763,2.9730689e+04
 150.6596107,2.9734469e+04
 150.6800448,2.9734809e+04
 150.7004790,2.9739164e+04
 150.7209134,2.9733010e+04
 150.7413476,2.9748707e+04
 150.7617818,2.9730088e+04
 150.7822160,2.9731350e+04
 150.8026503,2.9731834e+04
 150.8230845,2.9737236e+04
 150.8435187,2.9743715e+04
 150.8639530,2.9745029e+04
 150.8843872,2.9735723e+04
 150.9048214,2.9739045e+04
 150.9252556,2.9736094e+04
 150.9456899,2.9744184e+04
 150.9661241,2.9748078e+04
 150.9865583,2.9742957e+04
 151.0069925,2.9727322e+04
 151.0274268,2.9734242e+04
 151.0478610,2.9733559e+04
 151.0682952,2.9735715e+04
 151.0887295,2.9734902e+04
 151.1091637,2.9741553e+04
 151.1295979,2.9735131e+04
 151.1500321,2.9741273e+04
 151.1704664,2.9732795e+04
 151.1909006,2.9741393e+04
 151.2113348,2.9744066e+04
 151.2317691,2.9738359e+04
 151.2522034,2.9733996e+04
 151.2726375,2.9747691e+04
 151.2930717,2.9748982e+04
 151.3135061,2.9735123e+04
 151.3339402,2.9737904e+04
 151.3543744,2.9740236e+04
 151.3748088,2.9740270e+04
 151.3952429,2.9739727e+04
 151.4156771,2.9734229e+04
 151.4361114,2.9733314e+04
 151.4565456,2.9733301e+04
 151.4769798,2.9735818e+04
 151.4974140,2.9736691e+04
 151.5178483,2.9738936e+04
 151.5382825,2.9740398e+04
 151.5587167,2.9726836e+04
 151.5791510,2.9736215e+04
 151.5995853,2.9734416e+04
 151.6200194,2.9724791e+04
 151.6404536,2.9724736e+04
 151.6608879,         null
 151.6813221,2.9739268e+04
 151.7017563,2.9736082e+04
 151.7221906,2.9745229e+04
 151.7426248,2.9727406e+04
 151.7630590,2.9736537e+04
 151.7834932,2.9724938e+04
 151.8039274,2.9744867e+04
 151.8243617,2.9743156e+04
 151.8447959,2.9742918e+04
 151.8652301,2.9742564e+04
 151.8856644,2.9734797e+04
 151.9060986,2.9715453e+04
 151.9265327,2.9503410e+04
 151.9469670,2.9442549e+04
 151.9674013,2.9460117e+04
 151.9878355,2.9643857e+04
 152.0082696,2.9734287e+04
 152.0287040,2.9740582e+04
 152.0491382,2.9741932e+04
 152.0695723,2.9751164e+04
 152.0900065,2.9748207e+04
 152.1104409,2.9738160e+04
 152.1308750,2.9744762e+04
 152.1513092,2.9751135e+04
 152.1717434,2.9743090e+04
 152.1921777,2.9741867e+04
 152.2126119,2.9743352e+04
 152.2330461,2.9744672e+04
 152.2534804,2.9742178e+04
 152.2739146,2.9744148e+04
 152.2943488,         null
 152.3147829,2.9746291e+04
 152.3352172,2.9747715e+04
 152.3556514,2.9738775e+04
 152.3760856,2.9743324e+04
 152.3965199,2.9737779e+04
 152.4169541,2.9746043e+04
 152.4373883,2.9735764e+04
 152.4578225,2.9743914e+04
 152.4782568,2.9736486e+04
 152.4986910,2.9735520e+04
 152.5191251,2.9754316e+04
 152.5395594,2.9740949e+04
 152.5599937,2.9742709e+04
 152.5804278,2.9734688e+04
 152.6008620,2.9741004e+04
 152.6212963,2.9740143e+04
 152.6417304,2.9743221e+04
 152.6621647,         null
 152.6825989,2.9740252e+04
 152.7030331,2.9745225e+04
 152.7234673,2.9740865e+04
 152.7439015,2.9742859e+04
 152.7643359,2.9737590e+04
 152.7847700,2.9732535e+04
 152.8052042,2.9748307e+04
 152.8256383,2.9738969e+04
 152.8460726,2.9737795e+04
 152.8665068,2.9736201e+04
 152.8869410,2.9732148e+04
 152.9073753,2.9746375e+04
 152.9278095,2.9749115e+04
 152.9482437,2.9736385e+04
 152.9686778,2.9742379e+04
 152.9891121,2.9739201e+04
 153.0095464,2.9741691e+04
 153.0299805,2.9737672e+04
 153.0504148,2.9747746e+04
 153.0708490,2.9736182e+04
 153.0912831,2.9742275e+04
 153.1117173,2.9730949e+04
 153.1321517,2.9728605e+04
 153.1525858,2.9734342e+04
 153.1730200,2.9730201e+04
 153.1934542,2.9741969e+04
 153.2138885,2.9734314e+04
 153.2343227,2.9732516e+04
 153.2547568,2.9733443e+04
 153.2751912,2.9729855e+04
 153.2956254,2.9744385e+04
 153.3160595,2.9732051e+04
 153.3364937,2.9739096e+04
 153.3569279,2.9759975e+04
 153.3773621,2.9742006e+04
 153.3977963,2.9741775e+04
 153.4182307,2.9744928e+04
 153.4386649,2.9741240e+04
 153.4590990,2.9741564e+04
 153.4795332,2.9744344e+04
 153.4999675,2.9742812e+04
 153.5204016,2.9739586e+04
 153.5408358,2.9747992e+04
 153.5612701,2.9732562e+04
 153.5817043,2.9736443e+04
 153.6021385,2.9747023e+04
 153.6225727,2.9737857e+04
 153.6430069,2.9545312e+04
 153.6634411,2.9445180e+04
 153.6838753,2.9448881e+04
 153.7043094,2.9597738e+04
 153.7247437,2.9745234e+04
 153.7451779,2.9742248e+04
 153.7656120,2.9732346e+04
 153.7860464,2.9733750e+04
 153.8064806,2.9742377e+04
 153.8269147,2.9738650e+04
 153.8473489,2.9733521e+04
 153.8677832,2.9746574e+04
 153.8882173,2.9743395e+04
 153.9086515,2.9749373e+04
 153.9290858,2.9743779e+04
 153.9495200,2.9745779e+04
 153.9699541,2.9740865e+04
 153.9903883,2.9726996e+04
 154.0108227,2.9744393e+04
 154.0312568,2.9738180e+04
 154.0516910,2.9737863e+04
 154.0721253,2.9737910e+04
 154.0925594,2.9754137e+04
 154.1129936,2.9742012e+04
 154.1334278,2.9737158e+04
 154.1538620,2.9742379e+04
 154.1742962,2.9732795e+04
 154.1947304,2.9737846e+04
 154.2151646,2.9736631e+04
 154.2355988,2.9745396e+04
 154.2560330,2.9737814e+04
 154.2764671,2.9747969e+04
 154.2969014,2.9739410e+04
 154.3173356,2.9743447e+04
 154.3377697,2.9749674e+04
 154.3582040,2.9738301e+04
 154.3786383,2.9739457e+04
 154.3990724,2.9745744e+04
 154.4195066,2.9741611e+04
 154.4399409,2.9738766e+04
 154.4603751,2.9735809e+04
 154.4808092,2.9752172e+04
 154.5012434,2.9735287e+04
 154.5216777,2.9743305e+04
 154.5421118,2.9742141e+04
 154.5625460,2.9745168e+04
 154.5829803,2.9740334e+04
 154.6034144,2.9738184e+04
 154.6238486,2.9750689e+04
 154.6442828,2.9737199e+04
 154.6647170,2.9737857e+04
 154.6851512,2.9740564e+04
 154.7055854,2.9751492e+04
 154.7260197,2.9751830e+04
 154.7464538,2.9745795e+04
 154.7668880,2.9742254e+04
 154.7873222,2.9746729e+04
 154.8077564,2.9747479e+04
 154.8281906,2.9738131e+04
 154.8486247,2.9754111e+04
 154.8690590,2.9748580e+04
 154.8894932,2.9751787e+04
 154.9099274,2.9751693e+04
 154.9303616,2.9756369e+04
 154.9507958,2.9747643e+04
 154.9712300,2.9755559e+04
 154.9916642,2.9750398e+04
 155.0120983,2.9755234e+04
 155.0325326,2.9754713e+04
 155.0529668,2.9754777e+04
 155.0734009,2.9759227e+04
 155.0938352,2.9765408e+04
 155.1142694,2.9761219e+04
 155.1347035,2.9766154e+04
 155.1551377,2.9763098e+04
 155.1755720,2.9760672e+04
 155.1960062,2.9750906e+04
 155.2164403,2.9764410e+04
 155.2368745,2.9769750e+04
 155.2573088,2.9776912e+04
 155.2777429,         null
 155.2981770,2.9769068e+04
 155.3186113,2.9767496e+04
 155.3390454,2.9765492e+04
 155.3594796,2.9634816e+04
 155.3799138,2.9474525e+04
 155.4003480,2.9468936e+04
 155.4207822,2.9571477e+04
 155.4412164,2.9763930e+04
 155.4616507,2.9755986e+04
 155.4820848,2.9772391e+04
 155.5025190,2.9767379e+04
 155.5229531,2.9774496e+04
 155.5433874,2.9775133e+04
 155.5638216,         null
 155.5842557,2.9782666e+04
 155.6046900,2.9785666e+04
 155.6251242,2.9773332e+04
 155.6455583,2.9784436e+04
 155.6659924,2.9764914e+04
 155.6864267,2.9784531e+04
 155.7068609,2.9776086e+04
 155.7272950,2.9771486e+04
 155.7477292,2.9785557e+04
 155.7681635,2.9783092e+04
 155.7885976,2.9785723e+04
 155.8090318,2.9795094e+04
 155.8294661,2.9783158e+04
 155.8499002,2.9786857e+04
 155.8703343,2.9780121e+04
 155.8907685,2.9786738e+04
 155.9112028,2.9790588e+04
 155.9316369,2.9787893e+04
 155.9520711,2.9786854e+04
 155.9725054,2.9781748e+04
 155.9929395,2.9793289e+04
 156.0133737,2.9794619e+04
 156.0338078,2.9783512e+04
 156.0542421,2.9799996e+04
 156.0746762,2.9787703e+04
 156.0951104,2.9787256e+04
 156.1155446,2.9799105e+04
 156.1359788,2.9795133e+04
 156.1564130,2.9793719e+04
 156.1768471,2.9790529e+04
 156.1972814,2.9799152e+04
 156.2177156,2.9808703e+04
 156.2381496,2.9797197e+04
 156.2585838,2.9803893e+04
 156.2790181,2.9793207e+04
 156.2994522,2.9797869e+04
 156.3198864,2.9806377e+04
 156.3403207,2.9806869e+04
 156.3607548,2.9802496e+04
 156.3811889,2.9788291e+04
 156.4016231,2.9793812e+04
 156.4220574,2.9789629e+04
 156.4424915,2.9790373e+04
 156.4629257,2.9806719e+04
 156.4833600,2.9786607e+04
 156.5037941,2.9798719e+04
 156.5242282,2.9811031e+04
 156.5446624,2.9799730e+04
 156.5650966,2.9795895e+04
 156.5855308,2.9800027e+04
 156.6059650,2.9806580e+04
 156.6263992,2.9789758e+04
 156.6468333,2.9793051e+04
 156.6672675,2.9807768e+04
 156.6877017,2.9785896e+04
 156.7081359,2.9813850e+04
 156.7285701,2.9798963e+04
 156.7490043,2.9799029e+04
 156.7694383,2.9788145e+04
 156.7898726,2.9802074e+04
 156.8103068,2.9804557e+04
 156.8307410,2.9803117e+04
 156.8511752,2.9791125e+04
 156.8716093,2.9803793e+04
 156.8920435,2.9802986e+04
 156.9124776,2.9803912e+04
 156.9329119,2.9788084e+04
 156.9533461,2.9794281e+04
 156.9737801,2.9799416e+04
 156.9942144,2.9791219e+04
 157.0146486,2.9801197e+04
 157.0350827,2.9801438e+04
 157.0555169,2.9787178e+04
 157.0759511,2.9713086e+04
 157.0963852,2.9518092e+04
 157.1168194,2.9500912e+04
 157.1372537,2.9566301e+04
 157.1576878,2.9777574e+04
 157.1781219,2.9787625e+04
 157.1985561,2.9804699e+04
 157.2189904,2.9795918e+04
 157.2394245,2.9788068e+04
 157.2598586,2.9795283e+04
 157.2802928,2.9800619e+04
 157.3007270,2.9791508e+04
 157.3211612,2.9799043e+04
 157.3415953,2.9796557e+04
 157.3620295,2.9811900e+04
 157.3824637,2.9790848e+04
 157.4028979,2.9794025e+04
 157.4233319,2.9780016e+04
 157.4437662,2.9798977e+04
 157.4642004,2.9791570e+04
 157.4846345,2.9792977e+04
 157.5050687,2.9789434e+04
 157.5255029,2.9792545e+04
 157.5459370,2.9799709e+04
 157.5663712,2.9791062e+04
 157.5868054,2.9793086e+04
 157.6072395,2.9791990e+04
 157.6276737,2.9786834e+04
 157.6481080,2.9788270e+04
 157.6685421,2.9774424e+04
 157.6889762,2.9790227e+04
 157.7094104,2.9786809e+04
 157.7298447,2.9787420e+04
 157.7502787,2.9784406e+04
 157.7707129,2.9777715e+04
 157.7911472,2.9781646e+04
 157.8115812,2.9764414e+04
 157.8320154,2.9787566e+04
 157.8524496,2.9779342e+04
 157.8728838,2.9782225e+04
 157.8933179,2.9773650e+04
 157.9137521,2.9780451e+04
 157.9341862,2.9781855e+04
 157.9546204,2.9774809e+04
 157.9750546,2.9781947e+04
 157.9954887,2.9774953e+04
 158.0159229,2.9780596e+04
 158.0363571,2.9777910e+04
 158.0567912,2.9780369e+04
 158.0772254,2.9777180e+04
 158.0976596,2.9769344e+04
 158.1180938,2.9769512e+04
 158.1385279,2.9775305e+04
 158.1589621,2.9776469e+04
 158.1793963,2.9775154e+04
 158.1998304,2.9765969e+04
 158.2202645,2.9761727e+04
 158.2406988,2.9766596e+04
 158.2611329,         null
 158.2815670,2.9767588e+04
 158.3020013,2.9757111e+04
 158.3224355,2.9763930e+04
 158.3428695,2.9759539e+04
 158.3633037,2.9766117e+04
 158.3837380,2.9773484e+04
 158.4041721,2.9760859e+04
 158.4246062,2.9764449e+04
 158.4450404,2.9767799e+04
 158.4654746,2.9779301e+04
 158.4859087,2.9762354e+04
 158.5063429,2.9763137e+04
 158.5267771,2.9760473e+04
 158.5472112,2.9754268e+04
 158.5676454,2.9762139e+04
 158.5880795,2.9758723e+04
 158.6085137,2.9757051e+04
 158.6289479,2.9758781e+04
 158.6493820,2.9761799e+04
 158.6698163,2.9759076e+04
 158.6902503,2.9750053e+04
 158.7106845,2.9754598e+04
 158.7311186,2.9751271e+04
 158.7515528,2.9756832e+04
 158.7719870,2.9763443e+04
 158.7924212,2.9716426e+04
 158.8128553,2.9489096e+04
 158.8332895,2.9456293e+04
 158.8537236,2.9493523e+04
 158.8741577,2.9690590e+04
 158.8945920,2.9754816e+04
 158.9150261,2.9762262e+04
 158.9354602,2.9756209e+04
 158.9558944,2.9753113e+04
 158.9763286,2.9761232e+04
 158.9967627,2.9754234e+04
 159.0171968,2.9756562e+04
 159.0376311,2.9752773e+04
 159.0580651,2.9753885e+04
 159.0784993,2.9754367e+04
 159.0989335,2.9758182e+04
 159.1193677,2.9750697e+04
 159.1398018,2.9756045e+04
 159.1602359,2.9757387e+04
 159.1806702,2.9758506e+04
 159.2011043,2.9760014e+04
 159.2215384,2.9759680e+04
 159.2419725,2.9752352e+04
 159.2624067,2.9754180e+04
 159.2828409,2.9760443e+04
 159.3032750,2.9761559e+04
 159.3237092,2.9763369e+04
 159.3441434,2.9750027e+04
 159.3645775,2.9740635e+04
 159.3850116,2.9749168e+04
 159.4054458,2.9752154e+04
 159.4258800,2.9745111e+04
 159.4463140,2.9752607e+04
 159.4667483,2.9746482e+04
 159.4871824,2.9754430e+04
 159.5076165,2.9741250e+04
 159.5280507,2.9749209e+04
 159.5484849,2.9758676e+04
 159.5689190,2.9742855e+04
 159.5893531,2.9748934e+04
 159.6097873,2.9744826e+04
 159.6302215,2.9743959e+04
 159.6506556,2.9747578e+04
 159.6710897,2.9750250e+04
 159.6915240,2.9742273e+04
 159.7119580,2.9752129e+04
 159.7323922,2.9743910e+04
 159.7528263,2.9745918e+04
 159.7732605,2.9752963e+04
 159.7936947,2.9747379e+04
 159.8141288,2.9745197e+04
 159.8345630,2.9743314e+04
 159.8549971,2.9732557e+04
 159.8754313,2.9737568e+04
 159.8958653,2.9741092e+04
 159.9162996,2.9739047e+04
 159.9367337,2.9744621e+04
 159.9571679,2.9733400e+04
 159.9776020,2.9742672e+04
 159.9980362,2.9748125e+04
 160.0184703,2.9740031e+04
 160.0389045,2.9743885e+04
 160.0593386,2.9742465e+04
 160.0797728,2.9746035e+04
 160.1002069,2.9740631e+04
 160.1206410,2.9734066e+04
 160.1410752,2.9736477e+04
 160.1615094,2.9742576e+04
 160.1819434,2.9741980e+04
 160.2023777,2.9754701e+04
 160.2228118,2.9746211e+04
 160.2432459,2.9745660e+04
 160.2636800,2.9744264e+04
 160.2841142,2.9813916e+04
 160.3045483,2.9745936e+04
 160.3249824,2.9739354e+04
 160.3454167,2.9745377e+04
 160.3658508,2.9744838e+04
 160.3862849,2.9746129e+04
 160.4067190,2.9745045e+04
 160.4271533,2.9751746e+04
 160.4475873,2.9752740e+04
 160.4680215,2.9750943e+04
 160.4884557,2.9750443e+04
 160.5088898,2.9722801e+04
 160.5293239,2.9527340e+04
 160.5497580,2.9435242e+04
 160.5701922,2.9462994e+04
 160.5906263,2.9645172e+04
 160.6110605,2.9746572e+04
 160.6314945,2.9758492e+04
 160.6519288,2.9753047e+04
 160.6723629,2.9756139e+04
 160.6927969,2.9748830e+04
 160.7132312,2.9743762e+04
 160.7336653,2.9747154e+04
 160.7540994,2.9759785e+04
 160.7745335,2.9755025e+04
 160.7949678,2.9767090e+04
 160.8154019,2.9765988e+04
 160.8358359,2.9765559e+04
 160.8562702,2.9759492e+04
 160.8767043,2.9759252e+04
 160.8971384,2.9760625e+04
 160.9175725,2.9769527e+04
 160.9380068,2.9764238e+04
 160.9584408,2.9768844e+04
 160.9788749,2.9760439e+04
 160.9993092,2.9771074e+04
 161.0197432,2.9764559e+04
 161.0401774,2.9757285e+04
 161.0606115,2.9763666e+04
 161.0810456,2.9781111e+04
 161.1014798,2.9763770e+04
 161.1219139,2.9784477e+04
 161.1423481,2.9782904e+04
 161.1627822,2.9778430e+04
 161.1832163,2.9779834e+04
 161.2036504,2.9777748e+04
 161.2240846,2.9785357e+04
 161.2445187,         null
 161.2649529,2.9774023e+04
 161.2853869,2.9771311e+04
 161.3058211,2.9771898e+04
 161.3262553,2.9774588e+04
 161.3466893,2.9770307e+04
 161.3671236,2.9788674e+04
 161.3875577,2.9777262e+04
 161.4079917,2.9781916e+04
 161.4284259,2.9773654e+04
 161.4488601,2.9779162e+04
 161.4692941,2.9779324e+04
 161.4897283,2.9768861e+04
 161.5101625,2.9780545e+04
 161.5305965,2.9785287e+04
 161.5510307,2.9791004e+04
 161.5714648,2.9791553e+04
 161.5918990,2.9789199e+04
 161.6123331,2.9787686e+04
 161.6327672,2.9788617e+04
 161.6532014,2.9782248e+04
 161.6736356,2.9795076e+04
 161.6940696,2.9785527e+04
 161.7145037,2.9786531e+04
 161.7349380,2.9783408e+04
 161.7553720,2.9788080e+04
 161.7758061,2.9785449e+04
 161.7962403,2.9792529e+04
 161.8166744,2.9800178e+04
 161.8371085,2.9799156e+04
 161.8575427,2.9793826e+04
 161.8779769,2.9796033e+04
 161.8984109,2.9799824e+04
 161.9188451,2.9798516e+04
 161.9392791,2.9792016e+04
 161.9597133,2.9788957e+04
 161.9801475,2.9800365e+04
 162.0005816,2.9790264e+04
 162.0210157,2.9795293e+04
 162.0414498,2.9795516e+04
 162.0618840,2.9800279e+04
 162.0823180,2.9798494e+04
 162.1027522,2.9807615e+04
 162.1231864,2.9797451e+04
 162.1436204,2.9805686e+04
 162.1640546,2.9808861e+04
 162.1844887,2.9803863e+04
 162.2049228,2.9804908e+04
 162.2253569,2.9808873e+04
 162.2457911,2.9622576e+04
 162.2662252,2.9495795e+04
 162.2866593,2.9507926e+04
 162.3070935,2.9645504e+04
 162.3275276,2.9799945e+04
 162.3479617,2.9798602e+04
 162.3683958,2.9798975e+04
 162.3888300,2.9800277e+04
 162.4092640,2.9806137e+04
 162.4296982,2.9779791e+04
 162.4501322,2.9799426e+04
 162.4705664,2.9804305e+04
 162.4910005,2.9797609e+04
 162.5114341,2.9809850e+04
 162.5318683,2.9800980e+04
 162.5523023,2.9810010e+04
 162.5727364,2.9798584e+04
 162.5931706,2.9802721e+04
 162.6136048,2.9803283e+04
 162.6340388,2.9784473e+04
 162.6544729,2.9809555e+04
 162.6749072,2.9797789e+04
 162.6953412,2.9810025e+04
 162.7157753,2.9805143e+04
 162.7362094,2.9804355e+04
 162.7566435,2.9799475e+04
 162.7770777,2.9802473e+04
 162.7975118,2.9812754e+04
 162.8179459,2.9804455e+04
 162.8383800,2.9814381e+04
 162.8588141,2.9810125e+04
 162.8792482,2.9807660e+04
 162.8996824,2.9795982e+04
 162.9201165,2.9808273e+04
 162.9405505,2.9802238e+04
 162.9609847,2.9802398e+04
 162.9814189,2.9801688e+04
 163.0018529,2.9795807e+04
 163.0222870,2.9810854e+04
 163.0427212,2.9806732e+04
 163.0631553,2.9809643e+04
 163.0835894,2.9807131e+04
 163.1040235,2.9796256e+04
 163.1244577,2.9793383e+04
 163.1448917,2.9817043e+04
 163.1653258,2.9800680e+04
 163.1857601,2.9803252e+04
 163.2061941,2.9794977e+04
 163.2266282,2.9802400e+04
 163.2470623,2.9797504e+04
 163.2674964,2.9797564e+04
 163.2879305,2.9796342e+04
 163.3083647,2.9799094e+04
 163.3287989,2.9793086e+04
 163.3492329,2.9794537e+04
 163.3696670,2.9798984e+04
 163.3901010,2.9803936e+04
 163.4105352,2.9796721e+04
 163.4309694,2.9784752e+04
 163.4514034,2.9804547e+04
 163.4718376,2.9795508e+04
 163.4922717,2.9797084e+04
 163.5127058,2.9795010e+04
 163.5331398,2.9805930e+04
 163.5535740,2.9805260e+04
 163.5740081,2.9802709e+04
 163.5944422,2.9797889e+04
 163.6148763,2.9798559e+04
 163.6353105,2.9800080e+04
 163.6557445,2.9803504e+04
 163.6761786,2.9796682e+04
 163.6966128,2.9804947e+04
 163.7170468,2.9812791e+04
 163.7374810,2.9816699e+04
 163.7579151,2.9798301e+04
 163.7783492,2.9807008e+04
 163.7987833,2.9812016e+04
 163.8192174,2.9806396e+04
 163.8396516,2.9800258e+04
 163.8600856,2.9801068e+04
 163.8805197,2.9799141e+04
 163.9009537,2.9816561e+04
 163.9213879,2.9807387e+04
 163.9418221,2.9799068e+04
 163.9622562,2.9675848e+04
 163.9826903,2.9515197e+04
 164.0031244,2.9516414e+04
 164.0235585,2.9598656e+04
 164.0439925,2.9789102e+04
 164.0644267,2.9813295e+04
 164.0848608,2.9814873e+04
 164.1052949,2.9807795e+04
 164.1257289,2.9812762e+04
 164.1461631,2.9795734e+04
 164.1665971,2.9817156e+04
 164.1870313,2.9815387e+04
 164.2074655,2.9806709e+04
 164.2278996,         null
 164.2483336,2.9812350e+04
 164.2687677,2.9806365e+04
 164.2892018,2.9814719e+04
 164.3096359,2.9816514e+04
 164.3300700,2.9819432e+04
 164.3505042,2.9802447e+04
 164.3709383,2.9808492e+04
 164.3913723,2.9810807e+04
 164.4118064,2.9802109e+04
 164.4322405,2.9806461e+04
 164.4526746,2.9793031e+04
 164.4731087,2.9813385e+04
 164.4935429,2.9816094e+04
 164.5139769,2.9801180e+04
 164.5344110,2.9805568e+04
 164.5548451,2.9800961e+04
 164.5752792,2.9803135e+04
 164.5957134,2.9833211e+04
 164.6161475,2.9806102e+04
 164.6365815,2.9811898e+04
 164.6570157,2.9804625e+04
 164.6774498,2.9796207e+04
 164.6978839,2.9813494e+04
 164.7183180,2.9814086e+04
 164.7387521,2.9818949e+04
 164.7591862,2.9810162e+04
 164.7796202,2.9802062e+04
 164.8000544,2.9806525e+04
 164.8204885,2.9803793e+04
 164.8409225,2.9808119e+04
 164.8613567,2.9803719e+04
 164.8817908,2.9808689e+04
 164.9022248,2.9794674e+04
 164.9226589,2.9815102e+04
 164.9430931,2.9805762e+04
 164.9635271,2.9805777e+04
 164.9839612,2.9798398e+04
