        TIME,  PDCSAP_FLUX
 131.5121194,3.5800699e+04
 131.5325539,3.5797965e+04
 131.5529883,3.5806969e+04
 131.5734226,3.5796301e+04
 131.5938570,3.5791004e+04
 131.6142915,3.5794895e+04
 131.6347259,3.5802508e+04
 131.6551603,3.5795578e+04
 131.6755948,3.5785191e+04
 131.6960292,3.5793750e+04
 131.7164635,3.5795895e+04
 131.7368979,3.5801180e+04
 131.7573325,3.5791934e+04
 131.7777668,3.5792145e+04
 131.7982012,3.5804926e+04
 131.8186357,3.5785965e+04
 131.8390700,3.5799094e+04
 131.8595044,3.5795547e+04
 131.8799389,3.5790688e+04
 131.9003733,3.5801070e+04
 131.9208077,3.5802473e+04
 131.9412421,3.5809469e+04
 131.9616765,3.5803066e+04
 131.9821109,3.5801082e+04
 132.0025454,3.5788301e+04
 132.0229797,3.5803184e+04
 132.0434142,3.5797855e+04
 132.0638486,3.5800797e+04
 132.0842829,3.5784391e+04
 132.1047173,3.5802992e+04
 132.1251519,3.5798051e+04
 132.1455862,3.5795680e+04
 132.1660206,3.5806156e+04
 132.1864551,3.5804270e+04
 132.2068895,3.5797918e+04
 132.2273238,3.5793621e+04
 132.2477582,3.5798781e+04
 132.2681928,3.5810227e+04
 132.2886271,3.5794426e+04
 132.3090615,3.5800164e+04
 132.3294960,3.5802055e+04
 132.3499303,3.5805762e+04
 132.3703647,3.5810562e+04
 132.3907992,3.5789590e+04
 132.4112336,3.5798613e+04
 132.4316680,3.5789879e+04
 132.4521024,3.5793641e+04
 132.4725369,3.5798285e+04
 132.4929712,3.5798102e+04
 132.5134056,3.5800910e+04
 132.5338400,3.5803043e+04
 132.5542745,3.5805949e+04
 132.5747089,3.5803328e+04
 132.5951432,3.5795262e+04
 132.6155777,3.5789203e+04
 132.6360121,3.5801770e+04
 132.6564465,3.5793832e+04
 132.6768809,3.5804457e+04
 132.6973154,3.5802316e+04
 132.7177498,3.5799918e+04
 132.7381841,3.5810348e+04
 132.7586186,3.5798402e+04
 132.7790530,3.5795340e+04
 132.7994874,3.5796133e+04
 132.8199218,3.5796180e+04
 132.8403563,3.5815086e+04
 132.8607906,3.5808188e+04
 132.8812250,3.5822891e+04
 132.9016595,3.5806984e+04
 132.9220938,3.5807320e+04
 132.9425283,3.5794098e+04
 132.9629627,3.5795676e+04
 132.9833972,3.5812617e+04
 133.0038315,3.5807746e+04
 133.0242659,3.5804215e+04
 133.0447003,3.5809613e+04
 133.0651347,3.5810621e+04
 133.0855691,3.5811637e+04
 133.1060036,3.5807801e+04
 133.1264380,3.5825965e+04
 133.1468724,3.5810895e+04
 133.1673068,3.5801184e+04
 133.1877412,3.5798504e+04
 133.2081757,3.5798625e+04
 133.2286100,3.5798324e+04
 133.2490445,3.5813719e+04
 133.2694789,3.5790863e+04
 133.2899133,3.5822660e+04
 133.3103477,3.5810070e+04
 133.3307820,3.5807754e+04
 133.3512165,3.5799262e+04
 133.3716509,3.5812891e+04
 133.3920853,3.5812730e+04
 133.4125198,3.5806594e+04
 133.4329542,3.5815816e+04
 133.4533886,3.5797648e+04
 133.4738229,3.5802777e+04
 133.4942574,3.5814895e+04
 133.5146918,3.5810410e+04
 133.5351261,3.5797379e+04
 133.5555607,3.5800648e+04
 133.5759951,3.5802824e+04
 133.5964294,3.5813031e+04
 133.6168638,3.5794477e+04
 133.6372983,3.5807414e+04
 133.6577327,3.5802949e+04
 133.6781670,3.5802992e+04
 133.6986015,3.5801273e+04
 133.7190359,3.5801547e+04
 133.7394703,3.5808863e+04
 133.7599047,3.5798176e+04
 133.7803392,3.5797684e+04
 133.8007735,3.5796074e+04
 133.8212079,3.5797832e+04
 133.8416423,3.5790660e+04
 133.8620767,3.5800250e+04
 133.8825111,3.5791570e+04
 133.9029456,3.5798145e+04
 133.9233800,3.5804848e+04
 133.9438144,3.5795164e+04
 133.9642488,3.5804234e+04
 133.9846831,3.5796566e+04
 134.0051176,3.5797152e+04
 134.0255520,3.5793766e+04
 134.0459863,3.5793078e+04
 134.0664208,3.5808586e+04
 134.0868553,3.5808715e+04
 134.1072896,3.5791785e+04
 134.1277240,3.5805902e+04
 134.1481585,3.5802867e+04
 134.1685929,3.5798836e+04
 134.1890272,3.5791957e+04
 134.2094617,3.5788188e+04
 134.2298961,3.5795289e+04
 134.2503304,3.5795887e+04
 134.2707649,3.5795355e+04
 134.2911994,3.5793309e+04
 134.3116337,3.5803449e+04
 134.3320681,3.5793621e+04
 134.3525026,3.5794270e+04
 134.3729369,3.5798465e+04
 134.3933713,         null
 134.4138057,3.5807027e+04
 134.4342401,3.5797316e+04
 134.4546746,3.5797379e+04
 134.4751090,3.5802543e+04
 134.4955435,3.5793801e+04
 134.5159778,3.5793008e+04
 134.5364122,3.5794344e+04
 134.5568465,3.5798879e+04
 134.5772810,3.5803090e+04
 134.5977154,3.5798480e+04
 134.6181497,3.5793562e+04
 134.6385841,3.5797133e+04
 134.6590187,3.5807809e+04
 134.6794531,3.5803961e+04
 134.6998875,3.5789195e+04
 134.7203219,3.5799441e+04
 134.7407563,3.5805273e+04
 134.7611906,3.5796539e+04
 134.7816250,3.5800555e+04
 134.8020595,3.5800805e+04
 134.8224939,3.5800980e+04
 134.8429282,3.5798715e+04
 134.8633627,3.5802891e+04
 134.8837972,3.5798984e+04
 134.9042316,3.5792262e+04
 134.9246659,3.5794500e+04
 134.9451004,3.5787754e+04
 134.9655348,3.5807629e+04
 134.9859691,3.5799953e+04
 135.0064036,3.5798531e+04
 135.0268380,3.5797148e+04
 135.0472723,3.5791441e+04
 135.0677067,3.5788492e+04
 135.0881412,3.5795398e+04
 135.1085756,3.5791340e+04
 135.1290100,3.5785562e+04
 135.1494445,3.5792441e+04
 135.1698789,3.5796758e+04
 135.1903132,3.5789914e+04
 135.2107476,3.5792484e+04
 135.2311821,3.5795016e+04
 135.2516164,3.5802434e+04
 135.2720508,3.5794383e+04
 135.2924851,3.5789945e+04
 135.3129196,3.5801898e+04
 135.3333540,3.5790934e+04
 135.3537883,3.5798488e+04
 135.3742229,3.5800852e+04
 135.3946573,3.5790352e+04
 135.4150917,3.5800145e+04
 135.4355260,3.5797668e+04
 135.4559605,3.5782547e+04
 135.4763949,3.5797977e+04
 135.4968292,3.5791875e+04
 135.5172637,3.5792723e+04
 135.5376981,3.5782277e+04
 135.5581324,3.5800020e+04
 135.5785668,3.5798676e+04
 135.5990013,3.5807168e+04
 135.6194356,3.5790762e+04
 135.6398700,3.5807125e+04
 135.6603046,3.5795695e+04
 135.6807390,3.5795469e+04
 135.7011733,3.5805410e+04
 135.7216077,3.5790391e+04
 135.7420422,3.5793664e+04
 135.7624765,3.5794027e+04
 135.7829109,3.5798078e+04
 135.8033454,3.5786715e+04
 135.8237797,3.5790746e+04
 135.8442141,3.5798359e+04
 135.8646485,3.5798012e+04
 135.8850829,3.5806715e+04
 135.9055173,3.5792012e+04
 135.9259517,3.5788984e+04
 135.9463860,3.5792902e+04
 135.9668206,3.5795059e+04
 135.9872550,3.5794070e+04
 136.0076893,3.5798008e+04
 136.0281238,3.5787582e+04
 136.0485582,3.5793359e+04
 136.0689925,3.5782387e+04
 136.0894269,3.5798516e+04
 136.1098614,3.5794379e+04
 136.1302958,3.5798086e+04
 136.1507301,3.5792449e+04
 136.1711646,3.5784918e+04
 136.1915990,3.5794086e+04
 136.2120333,3.5787902e+04
 136.2324677,3.5792309e+04
 136.2529022,3.5795930e+04
 136.2733365,3.5801746e+04
 136.2937709,3.5807949e+04
 136.3142054,3.5804797e+04
 136.3346397,3.5805320e+04
 136.3550742,3.5813594e+04
 136.3755086,3.5798277e+04
 136.3959430,3.5799586e+04
 136.4163774,3.5797852e+04
 136.4368118,3.5795008e+04
 136.4572463,3.5796992e+04
 136.4776806,3.5794297e+04
 136.4981150,3.5799633e+04
 136.5185494,3.5790867e+04
 136.5389838,3.5781266e+04
 136.5594182,3.5801148e+04
 136.5798526,3.5800484e+04
 136.6002870,3.5788570e+04
 136.6207214,3.5794266e+04
 136.6411558,3.5803984e+04
 136.6615902,3.5792398e+04
 136.6820246,3.5801207e+04
 136.7024590,3.5800820e+04
 136.7228934,3.5792180e+04
 136.7433277,3.5805227e+04
 136.7637622,3.5801688e+04
 136.7841966,3.5798656e+04
 136.8046309,3.5812035e+04
 136.8250654,3.5789527e+04
 136.8454998,3.5791312e+04
 136.8659343,3.5802832e+04
 136.8863686,3.5796230e+04
 136.9068031,3.5799746e+04
 136.9272375,3.5800484e+04
 136.9476718,3.5794539e+04
 136.9681063,3.5793586e+04
 136.9885407,3.5805434e+04
 137.0089750,3.5801250e+04
 137.0294094,3.5800305e+04
 137.0498439,3.5803734e+04
 137.0702782,3.5795688e+04
 137.0907126,3.5795184e+04
 137.1111471,3.5786715e+04
 137.1315814,3.5793598e+04
 137.1520158,3.5804590e+04
 137.1724502,3.5799512e+04
 137.1928847,3.5792469e+04
 137.2133190,3.5781023e+04
 137.2337534,3.5795910e+04
 137.2541877,3.5800148e+04
 137.2746222,3.5800098e+04
 137.2950566,3.5802574e+04
 137.3154909,3.5812430e+04
 137.3359254,3.5807926e+04
 137.3563598,3.5798227e+04
 137.3767942,         null
 137.3972285,3.5796848e+04
 137.4176630,3.5793055e+04
 137.4380974,3.5806059e+04
 137.4585317,3.5829629e+04
 137.4789662,3.5793637e+04
 137.4994006,3.5794805e+04
 137.5198349,3.5803750e+04
 137.5402693,3.5794121e+04
 137.5607038,3.5790645e+04
 137.5811381,3.5796508e+04
 137.6015725,3.5791902e+04
 137.6220070,3.5790254e+04
 137.6424414,3.5789988e+04
 137.6628757,3.5797887e+04
 137.6833101,3.5790176e+04
 137.7037446,3.5802277e+04
 137.7241789,3.5787055e+04
 137.7446133,3.5806543e+04
 137.7650478,3.5789336e+04
 137.7854821,3.5792062e+04
 137.8059165,3.5791543e+04
 137.8263508,3.5799863e+04
 137.8467853,3.5808141e+04
 137.8672197,3.5803758e+04
 137.8876541,3.5801844e+04
 137.9080884,3.5792230e+04
 137.9285229,3.5789656e+04
 137.9489573,3.5797910e+04
 137.9693916,3.5787660e+04
 137.9898261,3.5793949e+04
 138.0102605,3.5797023e+04
 138.0306948,3.5797164e+04
 138.0511292,3.5796980e+04
 138.0715637,3.5787133e+04
 138.0919981,3.5788652e+04
 138.1124324,3.5797734e+04
 138.1328669,3.5797363e+04
 138.1533013,3.5803883e+04
 138.1737356,3.5791070e+04
 138.1941700,3.5785383e+04
 138.2146045,3.5797930e+04
 138.2350389,3.5800656e+04
 138.2554732,3.5797672e+04
 138.2759077,3.5789191e+04
 138.2963421,3.5805051e+04
 138.3167764,3.5793828e+04
 138.3372108,3.5794809e+04
 138.3576453,3.5804637e+04
 138.3780797,3.5809844e+04
 138.3985140,3.5796727e+04
 138.4189485,3.5783820e+04
 138.4393829,3.5793844e+04
 138.4598172,3.5785324e+04
 138.4802516,3.5795984e+04
 138.5006861,3.5786672e+04
 138.5211204,3.5794719e+04
 138.5415548,3.5790984e+04
 138.5619892,3.5795273e+04
 138.5824236,3.5792039e+04
 138.6028580,3.5789035e+04
 138.6232924,3.5792773e+04
 138.6437268,3.5795406e+04
 138.6641612,3.5787145e+04
 138.6845956,3.5798277e+04
 138.7050299,3.5787055e+04
 138.7254644,3.5797453e+04
 138.7458987,3.5784312e+04
 138.7663330,3.5786930e+04
 138.7867675,3.5787215e+04
 138.8072019,3.5787008e+04
 138.8276362,3.5799000e+04
 138.8480706,3.5796609e+04
 138.8685051,3.5787359e+04
 138.8889395,3.5781215e+04
 138.9093738,3.5792211e+04
 138.9298083,3.5794582e+04
 138.9502427,3.5797586e+04
 138.9706770,3.5785719e+04
 138.9911114,3.5787453e+04
 139.0115459,3.5810516e+04
 139.0319802,3.5794551e+04
 139.0524146,3.5791379e+04
 139.0728491,3.5789734e+04
 139.0932834,3.5794723e+04
 139.1137178,3.5781008e+04
 139.1341522,3.5796383e+04
 139.1545866,3.5795238e+04
 139.1750210,3.5788062e+04
 139.1954554,3.5784535e+04
 139.2158897,3.5788375e+04
 139.2363241,3.5791938e+04
 139.2567585,3.5802969e+04
 139.2771928,3.5789023e+04
 139.2976273,3.5789516e+04
 139.3180617,3.5792223e+04
 139.3384961,3.5798641e+04
 139.3589304,3.5788594e+04
 139.3793649,3.5802672e+04
 139.3997993,3.5789375e+04
 139.4202336,3.5794570e+04
 139.4406681,3.5796879e+04
 139.4611025,3.5788684e+04
 139.4815368,3.5791266e+04
 139.5019712,3.5785613e+04
 139.5224057,3.5795875e+04
 139.5428400,3.5791297e+04
 139.5632744,3.5788324e+04
 139.5837088,3.5798805e+04
 139.6041431,3.5794574e+04
 139.6245775,3.5788621e+04
 139.6450119,3.5789488e+04
 139.6654464,3.5792887e+04
 139.6858807,3.5785477e+04
 139.7063151,3.5801602e+04
 139.7267495,3.5797367e+04
 139.7471839,3.5786941e+04
 139.7676183,3.5789652e+04
 139.7880527,3.5797227e+04
 139.8084871,3.5785266e+04
 139.8289215,3.5804703e+04
 139.8493559,3.5793746e+04
 139.8697903,3.5801148e+04
 139.8902246,3.5793645e+04
 139.9106590,3.5787152e+04
 139.9310934,3.5799492e+04
 139.9515279,3.5789457e+04
 139.9719622,3.5803996e+04
 139.9923966,3.5794684e+04
 140.0128309,3.5800070e+04
 140.0332654,3.5798699e+04
 140.0536998,3.5800844e+04
 140.0741342,3.5803418e+04
 140.0945686,3.5787422e+04
 140.1150030,3.5783125e+04
 140.1354373,3.5790176e+04
 140.1558716,3.5797473e+04
 140.1763061,3.5794973e+04
 140.1967405,3.5798090e+04
 140.2171748,3.5795195e+04
 140.2376093,3.5806309e+04
 140.2580437,3.5804148e+04
 140.2784780,3.5795211e+04
 140.2989124,3.5798414e+04
 140.3193469,3.5787898e+04
 140.3397812,3.5792984e+04
 140.3602155,         null
 140.3806499,3.5789863e+04
 140.4010844,3.5792934e+04
 140.4215187,3.5804336e+04
 140.4419531,3.5789277e+04
 140.4623876,3.5795648e+04
 140.4828219,3.5787871e+04
 140.5032563,3.5788297e+04
 140.5236906,3.5793215e+04
 140.5441251,3.5795379e+04
 140.5645595,3.5797020e+04
 140.5849938,3.5791742e+04
 140.6054282,3.5806582e+04
 140.6258626,3.5779273e+04
 140.6462970,3.5800734e+04
 140.6667313,3.5788379e+04
 140.6871658,3.5793242e+04
 140.7076002,3.5785020e+04
 140.7280345,3.5789840e+04
 140.7484690,3.5786754e+04
 140.7689033,3.5783594e+04
 140.7893376,3.5809727e+04
 140.8097720,3.5780980e+04
 140.8302065,3.5786926e+04
 140.8506409,3.5788809e+04
 140.8710752,3.5779414e+04
 140.8915096,3.5789676e+04
 140.9119441,3.5787355e+04
 140.9323784,3.5784160e+04
 140.9528127,3.5778973e+04
 140.9732472,3.5789383e+04
 140.9936815,3.5787781e+04
 141.0141159,3.5776000e+04
 141.0345503,3.5784859e+04
 141.0549847,3.5793094e+04
 141.0754191,3.5779250e+04
 141.0958535,3.5786754e+04
 141.1162878,3.5786164e+04
 141.1367222,3.5796543e+04
 141.1571566,3.5783641e+04
 141.1775909,3.5791848e+04
 141.1980254,3.5796707e+04
 141.2184598,3.5798965e+04
 141.2388941,3.5802191e+04
 141.2593286,3.5800016e+04
 141.2797629,3.5790531e+04
 141.3001972,3.5787539e+04
 141.3206316,3.5784719e+04
 141.3410661,3.5787016e+04
 141.3615005,3.5788285e+04
 141.3819348,3.5785523e+04
 141.4023692,3.5791559e+04
 141.4228037,3.5791273e+04
 141.4432380,3.5787086e+04
 141.4636723,3.5785664e+04
 141.4841068,3.5787824e+04
 141.5045412,3.5792398e+04
 141.5249755,3.5790473e+04
 141.5454099,3.5793082e+04
 141.5658443,3.5797055e+04
 141.5862787,3.5783227e+04
 141.6067130,3.5795590e+04
 141.6271475,3.5790980e+04
 141.6475819,3.5781820e+04
 141.6680162,3.5799945e+04
 141.6884506,3.5799402e+04
 141.7088851,3.5793508e+04
 141.7293193,3.5786750e+04
 141.7497537,3.5785203e+04
 141.7701882,3.5773957e+04
 141.7906225,3.5796922e+04
 141.8110569,3.5798363e+04
 141.8314913,3.5792164e+04
 141.8519256,3.5790133e+04
 141.8723600,3.5785824e+04
 141.8927944,3.5783898e+04
 141.9132289,3.5779523e+04
 141.9336632,3.5799480e+04
 141.9540976,3.5787422e+04
 141.9745319,3.5787949e+04
 141.9949663,3.5783262e+04
 142.0154007,3.5806395e+04
 142.0358350,3.5781402e+04
 142.0562694,3.5786684e+04
 142.0767039,3.5790023e+04
 142.0971383,3.5788672e+04
 142.1175725,3.5792477e+04
 142.1380070,3.5789129e+04
 142.1584414,3.5784516e+04
 142.1788757,3.5779973e+04
 142.1993101,3.5791332e+04
 142.2197446,3.5808898e+04
 142.2401788,3.5776922e+04
 142.2606132,3.5795367e+04
 142.2810477,3.5775812e+04
 142.3014820,3.5794172e+04
 142.3219164,3.5785035e+04
 142.3423507,3.5789520e+04
 142.3627852,3.5801301e+04
 142.3832195,3.5787512e+04
 142.4036539,3.5791945e+04
 142.4240884,3.5794465e+04
 142.4445227,3.5787641e+04
 142.4649570,3.5777262e+04
 142.4853913,3.5797656e+04
 142.5058258,3.5782812e+04
 142.5262602,3.5787035e+04
 142.5466946,3.5787219e+04
 142.5671288,3.5783883e+04
 142.5875633,3.5793727e+04
 142.6079977,3.5795043e+04
 142.6284320,3.5775793e+04
 142.6488665,3.5784176e+04
 142.6693009,3.5776312e+04
 142.6897351,3.5796371e+04
 142.7101695,3.5795660e+04
 142.7306040,3.5792004e+04
 142.7510383,3.5788023e+04
 142.7714727,3.5788164e+04
 142.7919071,3.5792801e+04
 142.8123414,3.5795898e+04
 142.8327758,3.5804859e+04
 142.8532102,3.5793938e+04
 142.8736447,3.5794227e+04
 142.8940789,3.5804090e+04
 142.9145133,3.5785371e+04
 142.9349478,3.5795801e+04
 142.9553821,3.5793824e+04
 142.9758165,3.5779324e+04
 142.9962507,3.5792500e+04
 143.0166852,3.5790648e+04
 143.0371196,3.5794875e+04
 143.0575540,3.5801875e+04
 143.0779884,3.5787836e+04
 143.0984227,3.5787195e+04
 143.1188571,3.5786297e+04
 143.1392915,3.5792375e+04
 143.1597259,3.5780750e+04
 143.1801603,3.5803523e+04
 143.2005945,3.5797570e+04
 143.2210289,3.5799332e+04
 143.2414634,3.5795219e+04
 143.2618978,3.5797285e+04
 143.2823321,3.5787582e+04
 143.3027665,3.5792094e+04
 143.3232009,3.5781641e+04
 143.3436353,         null
 143.3640696,3.5789812e+04
 143.3845040,3.5788773e+04
 143.4049384,3.5804461e+04
 143.4253727,3.5790996e+04
 143.4458072,3.5788957e+04
 143.4662415,3.5797523e+04
 143.4866758,3.5790402e+04
 143.5071102,3.5796070e+04
 143.5275447,3.5805000e+04
 143.5479791,3.5785113e+04
 143.5684133,3.5789477e+04
 143.5888478,3.5784082e+04
 143.6092822,3.5793930e+04
 143.6297165,3.5780164e+04
 143.6501508,3.5791137e+04
 143.6705853,3.5783285e+04
 143.6910196,3.5789672e+04
 143.7114540,3.5793008e+04
 143.7318883,3.5791793e+04
 143.7523227,3.5776930e+04
 143.7727571,3.5787398e+04
 143.7931915,3.5785859e+04
 143.8136258,3.5793641e+04
 143.8340602,3.5794113e+04
 143.8544946,3.5788879e+04
 143.8749289,3.5798727e+04
 143.8953634,3.5776656e+04
 143.9157977,3.5789129e+04
 143.9362320,3.5794836e+04
 143.9566665,3.5799703e+04
 143.9771009,3.5795703e+04
 143.9975351,3.5777141e+04
 144.0179695,3.5781766e+04
 144.0384040,3.5795789e+04
 144.0588384,3.5790688e+04
 144.0792726,3.5799098e+04
 144.0997071,3.5793309e+04
 144.1201415,3.5784043e+04
 144.1405757,3.5790105e+04
 144.1610101,3.5788676e+04
 144.1814446,3.5785293e+04
 144.2018789,3.5777234e+04
 144.2223132,3.5777406e+04
 144.2427477,3.5793895e+04
 144.2631820,3.5788125e+04
 144.2836164,3.5774773e+04
 144.3040507,3.5780191e+04
 144.3244851,3.5788148e+04
 144.3449195,3.5783934e+04
 144.3653539,3.5797707e+04
 144.3857881,3.5780305e+04
 144.4062226,3.5793336e+04
 144.4266570,3.5785555e+04
 144.4470913,3.5776820e+04
 144.4675257,3.5787445e+04
 144.4879601,3.5785160e+04
 144.5083944,3.5775891e+04
 144.5288287,3.5786688e+04
 144.5492632,3.5784664e+04
 144.5696976,3.5796844e+04
 144.5901319,3.5783648e+04
 144.6105663,3.5778242e+04
 144.6310007,3.5796715e+04
 144.6514350,3.5793430e+04
 144.6718693,3.5787938e+04
 144.6923038,3.5779984e+04
 144.7127381,3.5789957e+04
 144.7331725,3.5787422e+04
 144.7536069,3.5793285e+04
 144.7740412,3.5794652e+04
 144.7944756,3.5790262e+04
 144.8149099,3.5786504e+04
 144.8353444,3.5794379e+04
 144.8557787,3.5779207e+04
 144.8762131,3.5794926e+04
 144.8966474,3.5796328e+04
 144.9170818,3.5769688e+04
 144.9375162,3.5790105e+04
 144.9579505,3.5787891e+04
 144.9783850,3.5788891e+04
 144.9988193,3.5785875e+04
 145.0192537,3.5794508e+04
 145.0396880,3.5779426e+04
 145.0601224,3.5783754e+04
 145.0805568,3.5781453e+04
 145.1009911,3.5774609e+04
 145.1214256,3.5781805e+04
 145.1418599,3.5773520e+04
 145.1622942,3.5782582e+04
 145.1827285,3.5778133e+04
 145.2031630,3.5795344e+04
 145.2235973,3.5788891e+04
 145.2440316,3.5787445e+04
 145.2644661,3.5793352e+04
 145.2849005,3.5787680e+04
 145.3053348,3.5788320e+04
 145.3257691,3.5790727e+04
 145.3462036,3.5778043e+04
 145.3666379,3.5783949e+04
 145.3870722,3.5798715e+04
 145.4075067,3.5792473e+04
 145.4279410,3.5793586e+04
 145.4483753,3.5771703e+04
 145.4688097,3.5773766e+04
 145.4892441,3.5777297e+04
 145.5096784,3.5784094e+04
 145.5301128,3.5775918e+04
 145.5505471,3.5788137e+04
 145.5709816,3.5780973e+04
 145.5914159,3.5800777e+04
 145.6118502,3.5776605e+04
 145.6322847,3.5780516e+04
 145.6527190,3.5776797e+04
 145.6731533,3.5783250e+04
 145.6935876,3.5782453e+04
 145.7140221,3.5783270e+04
 145.7344564,3.5786992e+04
 145.7548908,3.5778602e+04
 145.7753252,3.5778531e+04
 145.7957595,3.5779348e+04
 145.8161939,3.5784816e+04
 145.8366282,3.5793207e+04
 145.8570626,3.5768914e+04
 145.8774970,3.5777477e+04
 145.8979313,3.5781227e+04
 145.9183657,3.5793734e+04
 145.9388001,3.5777184e+04
 145.9592344,3.5770746e+04
 145.9796687,3.5782332e+04
 146.0001032,3.5781766e+04
 146.0205376,3.5776512e+04
 146.0409718,3.5782242e+04
 146.0614063,3.5787062e+04
 146.0818407,3.5784527e+04
 146.1022749,3.5782332e+04
 146.1227093,3.5772582e+04
 146.1431438,3.5782754e+04
 146.1635780,3.5788277e+04
 146.1840124,3.5778914e+04
 146.2044467,3.5791203e+04
 146.2248811,3.5785594e+04
 146.2453155,3.5788879e+04
 146.2657498,3.5781645e+04
 146.2861842,3.5778312e+04
 146.3066186,3.5785762e+04
 146.3270529,         null
 146.3474872,3.5788871e+04
 146.3679217,3.5786383e+04
 146.3883560,3.5784070e+04
 146.4087903,3.5791078e+04
 146.4292247,3.5787520e+04
 146.4496591,3.5788832e+04
 146.4700934,3.5779863e+04
 146.4905278,3.5785059e+04
 146.5109622,3.5780121e+04
 146.5313966,3.5798051e+04
 146.5518308,3.5784172e+04
 146.5722653,3.5775781e+04
 146.5926996,3.5790066e+04
 146.6131340,3.5787859e+04
 146.6335683,3.5789543e+04
 146.6540027,3.5790566e+04
 146.6744371,3.5787242e+04
 146.6948714,3.5772266e+04
 146.7153058,3.5795238e+04
 146.7357402,3.5786629e+04
 146.7561745,3.5774891e+04
 146.7766088,3.5773684e+04
 146.7970433,3.5780293e+04
 146.8174776,3.5769961e+04
 146.8379119,3.5780863e+04
 146.8583462,3.5780836e+04
 146.8787807,3.5780906e+04
 146.8992150,3.5783816e+04
 146.9196493,3.5775391e+04
 146.9400838,3.5783734e+04
 146.9605180,3.5780379e+04
 146.9809524,3.5782273e+04
 147.0013868,3.5777828e+04
 147.0218211,3.5778129e+04
 147.0422555,3.5778062e+04
 147.0626898,3.5786836e+04
 147.0831243,3.5777801e+04
 147.1035586,3.5788410e+04
 147.1239929,3.5782219e+04
 147.1444272,3.5786340e+04
 147.1648616,3.5785934e+04
 147.1852960,3.5779730e+04
 147.2057303,3.5780293e+04
 147.2261647,3.5779266e+04
 147.2465991,3.5788004e+04
 147.2670334,3.5770852e+04
 147.2874677,3.5784703e+04
 147.3079022,3.5772547e+04
 147.3283365,3.5776812e+04
 147.3487708,3.5786480e+04
 147.3692051,3.5776898e+04
 147.3896396,3.5790414e+04
 147.4100738,3.5784473e+04
 147.4305082,3.5779977e+04
 147.4509427,3.5774969e+04
 147.4713769,3.5780828e+04
 147.4918113,3.5784184e+04
 147.5122456,3.5785988e+04
 147.5326801,3.5772465e+04
 147.5531144,3.5777613e+04
 147.5735487,3.5776047e+04
 147.5939832,3.5780434e+04
 147.6144174,3.5781801e+04
 147.6348518,3.5788324e+04
 147.6552860,3.5782316e+04
 147.6757205,3.5788863e+04
 147.6961548,3.5791676e+04
 147.7165891,3.5787344e+04
 147.7370236,3.5775320e+04
 147.7574579,3.5792633e+04
 147.7778923,3.5785445e+04
 147.7983265,3.5787059e+04
 147.8187610,3.5788770e+04
 147.8391953,3.5795020e+04
 147.8596296,3.5785363e+04
 147.8800640,3.5789668e+04
 147.9004984,         null
 147.9209327,3.5797477e+04
 147.9413670,3.5778988e+04
 147.9618015,3.5787172e+04
 147.9822357,3.5784559e+04
 148.0026701,3.5784422e+04
 148.0231044,3.5781668e+04
 148.0435389,3.5792699e+04
 148.0639731,3.5786414e+04
 148.0844075,3.5776719e+04
 148.1048420,3.5796340e+04
 148.1252762,3.5784453e+04
 148.1457106,3.5788688e+04
 148.1661449,3.5798363e+04
 148.1865793,3.5784840e+04
 148.2070136,3.5792281e+04
 148.2274480,3.5786961e+04
 148.2478824,3.5795770e+04
 148.2683167,3.5785512e+04
 148.2887510,3.5788320e+04
 148.3091854,3.5785477e+04
 148.3296197,3.5787188e+04
 148.3500541,3.5802793e+04
 148.3704884,3.5793652e+04
 148.3909227,3.5794801e+04
 148.4113572,3.5793805e+04
 148.4317915,3.5780273e+04
 148.4522259,3.5787199e+04
 148.4726602,3.5782152e+04
 148.4930946,3.5779238e+04
 148.5135289,3.5787770e+04
 148.5339632,3.5790754e+04
 148.5543976,3.5782781e+04
 148.5748320,3.5798406e+04
 148.5952662,3.5779777e+04
 148.6157007,3.5802059e+04
 148.6361350,3.5795316e+04
 148.6565693,3.5785652e+04
 148.6770036,3.5787379e+04
 148.6974381,3.5788133e+04
 148.7178723,3.5782266e+04
 148.7383067,3.5792656e+04
 148.7587411,3.5796273e+04
 148.7791755,3.5783078e+04
 148.7996097,3.5783668e+04
 148.8200441,3.5780023e+04
 148.8404785,3.5784941e+04
 148.8609128,3.5787090e+04
 148.8813471,3.5794605e+04
 148.9017816,3.5793773e+04
 148.9222158,3.5779180e+04
 148.9426502,3.5776340e+04
 148.9630845,3.5782863e+04
 148.9835189,3.5787008e+04
 149.0039532,3.5781488e+04
 149.0243876,3.5789676e+04
 149.0448218,3.5785754e+04
 149.0652563,3.5788176e+04
 149.0856906,3.5783090e+04
 149.1061249,3.5792223e+04
 149.1265593,3.5783953e+04
 149.1469937,3.5788152e+04
 149.1674279,3.5793434e+04
 149.1878623,3.5798848e+04
 149.2082967,3.5796660e+04
 149.2287311,3.5799730e+04
 149.2491653,3.5792906e+04
 149.2695998,3.5782363e+04
 149.2900341,3.5790953e+04
 149.3104683,         null
 149.3309027,3.5794898e+04
 149.3513371,3.5780234e+04
 149.3717714,3.5789293e+04
 149.3922057,3.5793043e+04
 149.4126402,3.5790566e+04
 149.4330744,3.5781742e+04
 149.4535088,3.5786824e+04
 149.4739431,3.5788461e+04
 149.4943775,3.5789941e+04
 149.5148118,3.5789984e+04
 149.5352462,3.5787477e+04
 149.5556806,3.5787984e+04
 149.5761149,3.5788406e+04
 149.5965492,3.5791766e+04
 149.6169834,3.5785363e+04
 149.6374179,3.5780090e+04
 149.6578522,3.5778473e+04
 149.6782865,3.5804957e+04
 149.6987208,3.5797953e+04
 149.7191553,3.5786484e+04
 149.7395896,3.5789137e+04
 149.7600239,3.5798086e+04
 149.7804583,3.5784141e+04
 149.8008926,3.5803816e+04
 149.8213269,3.5792906e+04
 149.8417612,3.5783637e+04
 149.8621957,3.5790410e+04
 149.8826300,3.5792012e+04
 149.9030643,3.5798496e+04
 149.9234987,3.5789094e+04
 149.9439331,3.5794762e+04
 149.9643674,3.5794320e+04
 149.9848016,3.5785293e+04
 150.0052361,3.5787820e+04
 150.0256704,3.5780914e+04
 150.0461047,3.5790812e+04
 150.0665391,3.5792945e+04
 150.0869735,3.5796891e+04
 150.1074077,3.5785734e+04
 150.1278420,3.5799320e+04
 150.1482765,3.5791801e+04
 150.1687107,3.5790621e+04
 150.1891451,3.5793188e+04
 150.2095795,3.5786762e+04
 150.2300138,3.5792230e+04
 150.2504481,3.5796930e+04
 150.2708824,3.5800105e+04
 150.2913169,3.5795434e+04
 150.3117511,3.5799984e+04
 150.3321855,3.5790684e+04
 150.3526197,3.5802418e+04
 150.3730541,3.5780242e+04
 150.3934885,3.5793703e+04
 150.4139227,3.5796449e+04
 150.4343572,3.5798230e+04
 150.4547915,3.5794355e+04
 150.4752259,3.5790891e+04
 150.4956601,3.5781480e+04
 150.5160945,3.5797949e+04
 150.5365289,3.5791449e+04
 150.5569631,3.5775727e+04
 150.5773976,3.5793367e+04
 150.5978319,3.5787035e+04
 150.6182661,3.5791875e+04
 150.6387005,3.5784035e+04
 150.6591349,3.5792582e+04
 150.6795692,3.5787156e+04
 150.7000035,3.5799156e+04
 150.7204379,3.5806680e+04
 150.7408723,3.5790539e+04
 150.7613065,3.5777070e+04
 150.7817408,3.5782273e+04
 150.8021753,3.5781512e+04
 150.8226095,3.5793523e+04
 150.8430439,3.5783066e+04
 150.8634783,3.5783637e+04
 150.8839125,3.5787465e+04
 150.9043469,3.5791387e+04
 150.9247812,3.5780809e+04
 150.9452156,3.5787066e+04
 150.9656499,3.5787730e+04
 150.9860842,3.5788391e+04
 151.0065185,3.5791141e+04
 151.0269529,3.5785426e+04
 151.0473872,3.5782895e+04
 151.0678215,3.5792992e+04
 151.0882559,3.5796539e+04
 151.1086903,3.5787547e+04
 151.1291245,3.5790258e+04
 151.1495588,3.5802008e+04
 151.1699933,3.5788574e+04
 151.1904275,3.5794137e+04
 151.2108618,3.5792031e+04
 151.2312963,3.5783797e+04
 151.2517306,3.5783023e+04
 151.2721648,3.5796832e+04
 151.2925992,3.5784602e+04
 151.3130336,3.5789766e+04
 151.3334678,3.5804070e+04
 151.3539022,3.5787273e+04
 151.3743366,3.5771902e+04
 151.3947709,3.5784086e+04
 151.4152052,3.5787555e+04
 151.4356395,3.5787059e+04
 151.4560739,3.5795469e+04
 151.4765082,3.5792801e+04
 151.4969425,3.5793797e+04
 151.5173769,3.5799246e+04
 151.5378112,3.5793164e+04
 151.5582455,3.5795066e+04
 151.5786799,3.5783695e+04
 151.5991143,3.5788637e+04
 151.6195485,3.5778906e+04
 151.6399829,3.5782410e+04
 151.6604172,         null
 151.6808515,3.5786848e+04
 151.7012859,3.5786375e+04
 151.7217202,3.5783793e+04
 151.7421545,3.5781473e+04
 151.7625889,3.5788848e+04
 151.7830232,3.5790176e+04
 151.8034574,3.5785898e+04
 151.8238919,3.5789844e+04
 151.8443262,3.5789906e+04
 151.8647604,3.5792121e+04
 151.8851949,3.5794074e+04
 151.9056292,3.5786090e+04
 151.9260634,3.5795797e+04
 151.9464978,3.5783855e+04
 151.9669322,3.5786031e+04
 151.9873665,3.5786258e+04
 152.0078007,3.5780633e+04
 152.0282352,3.5788871e+04
 152.0486695,3.5781512e+04
 152.0691037,3.5779711e+04
 152.0895381,3.5786727e+04
 152.1099725,3.5785340e+04
 152.1304067,3.5787414e+04
 152.1508411,3.5778812e+04
 152.1712754,3.5764949e+04
 152.1917097,3.5782504e+04
 152.2121441,3.5780895e+04
 152.2325784,3.5772277e+04
 152.2530128,3.5794328e+04
 152.2734470,3.5775742e+04
 152.2938814,         null
 152.3143156,3.5794121e+04
 152.3347500,3.5780520e+04
 152.3551844,3.5787723e+04
 152.3756186,3.5794539e+04
 152.3960530,3.5795215e+04
 152.4164873,3.5774109e+04
 152.4369217,3.5784199e+04
 152.4573559,3.5783660e+04
 152.4777903,3.5781434e+04
 152.4982247,3.5774625e+04
 152.5186589,3.5783789e+04
 152.5390933,3.5785387e+04
 152.5595276,3.5782402e+04
 152.5799619,3.5783734e+04
 152.6003962,3.5790113e+04
 152.6208306,3.5784289e+04
 152.6412649,3.5796645e+04
 152.6616992,         null
 152.6821335,3.5778801e+04
 152.7025678,3.5780551e+04
 152.7230022,3.5776844e+04
 152.7434365,3.5777484e+04
 152.7638709,3.5782273e+04
 152.7843051,3.5779094e+04
 152.8047395,3.5785371e+04
 152.8251737,3.5779969e+04
 152.8456081,3.5784953e+04
 152.8660424,3.5769797e+04
 152.8864767,3.5779391e+04
 152.9069111,3.5790715e+04
 152.9273454,3.5774258e+04
 152.9477797,3.5775609e+04
 152.9682140,3.5783996e+04
 152.9886484,3.5784945e+04
 153.0090827,3.5783035e+04
 153.0295169,3.5788859e+04
 153.0499514,3.5789988e+04
 153.0703857,3.5786715e+04
 153.0908199,3.5789516e+04
 153.1112542,3.5785625e+04
 153.1316887,3.5790020e+04
 153.1521229,3.5783156e+04
 153.1725572,3.5781168e+04
 153.1929915,3.5783703e+04
 153.2134260,3.5782504e+04
 153.2338603,3.5784473e+04
 153.2542945,3.5800660e+04
 153.2747289,3.5779141e+04
 153.2951633,3.5773555e+04
 153.3155975,3.5800027e+04
 153.3360318,3.5785559e+04
 153.3564661,3.5795867e+04
 153.3769005,3.5787031e+04
 153.3973348,3.5781812e+04
 153.4177692,3.5786203e+04
 153.4382035,3.5792836e+04
 153.4586377,3.5777527e+04
 153.4790721,3.5785953e+04
 153.4995065,3.5796586e+04
 153.5199407,3.5796508e+04
 153.5403750,3.5794355e+04
 153.5608094,3.5789336e+04
 153.5812437,3.5781379e+04
 153.6016780,3.5784230e+04
 153.6221123,3.5792082e+04
 153.6425466,3.5779488e+04
 153.6629810,3.5785605e+04
 153.6834153,3.5780840e+04
 153.7038495,3.5782406e+04
 153.7242839,3.5772312e+04
 153.7447182,3.5788508e+04
 153.7651525,3.5783867e+04
 153.7855869,3.5780762e+04
 153.8060212,3.5781180e+04
 153.8264554,3.5786227e+04
 153.8468897,3.5785039e+04
 153.8673242,3.5778637e+04
 153.8877584,3.5785645e+04
 153.9081927,3.5789703e+04
 153.9286271,3.5786059e+04
 153.9490614,3.5784766e+04
 153.9694956,3.5790066e+04
 153.9899300,3.5794902e+04
 154.0103644,3.5785078e+04
 154.0307986,3.5783656e+04
 154.0512329,3.5779297e+04
 154.0716673,3.5785355e+04
 154.0921016,3.5802699e+04
 154.1125359,3.5791031e+04
 154.1329702,3.5810164e+04
 154.1534045,3.5784680e+04
 154.1738388,3.5784500e+04
 154.1942731,3.5790152e+04
 154.2147075,3.5786281e+04
 154.2351418,3.5780809e+04
 154.2555761,3.5804559e+04
 154.2760103,3.5784055e+04
 154.2964447,3.5782578e+04
 154.3168790,3.5794219e+04
 154.3373133,3.5800180e+04
 154.3577476,3.5775395e+04
 154.3781820,3.5783852e+04
 154.3986162,3.5776207e+04
 154.4190505,3.5797559e+04
 154.4394849,3.5787480e+04
 154.4599193,3.5772512e+04
 154.4803535,3.5787262e+04
 154.5007878,3.5785691e+04
 154.5212222,3.5774992e+04
 154.5416564,3.5779086e+04
 154.5620907,3.5785168e+04
 154.5825251,3.5775000e+04
 154.6029594,3.5772375e+04
 154.6233937,3.5782012e+04
 154.6438280,3.5782457e+04
 154.6642623,3.5768031e+04
 154.6846966,3.5777984e+04
 154.7051309,3.5779504e+04
 154.7255653,3.5781980e+04
 154.7459996,3.5785605e+04
 154.7664339,3.5779074e+04
 154.7868682,3.5781453e+04
 154.8073025,3.5790691e+04
 154.8277368,3.5777641e+04
 154.8481710,3.5776570e+04
 154.8686054,3.5787574e+04
 154.8890397,3.5776754e+04
 154.9094741,3.5772660e+04
 154.9299084,3.5786387e+04
 154.9503427,3.5783801e+04
 154.9707770,3.5777582e+04
 154.9912113,3.5789039e+04
 155.0116455,3.5784129e+04
 155.0320799,3.5784254e+04
 155.0525142,3.5783324e+04
 155.0729485,3.5790090e+04
 155.0933829,3.5780672e+04
 155.1138172,3.5782770e+04
 155.1342514,3.5773398e+04
 155.1546857,3.5789520e+04
 155.1751201,3.5777902e+04
 155.1955544,3.5775520e+04
 155.2159886,3.5777301e+04
 155.2364229,3.5788977e+04
 155.2568574,3.5777430e+04
 155.2772916,         null
 155.2977259,3.5781820e+04
 155.3181603,3.5772793e+04
 155.3385945,3.5788777e+04
 155.3590288,3.5789340e+04
 155.3794631,3.5776957e+04
 155.3998974,3.5780402e+04
 155.4203317,3.5791395e+04
 155.4407660,3.5780418e+04
 155.4612004,3.5785332e+04
 155.4816347,3.5782578e+04
 155.5020690,3.5792238e+04
 155.5225032,3.5776617e+04
 155.5429376,3.5773812e+04
 155.5633719,         null
 155.5838061,3.5789809e+04
 155.6042405,3.5792582e+04
 155.6246748,3.5779242e+04
 155.6451091,3.5771086e+04
 155.6655433,3.5783125e+04
 155.6859777,3.5780043e+04
 155.7064120,3.5783043e+04
 155.7268462,3.5781176e+04
 155.7472806,3.5772176e+04
 155.7677150,3.5783723e+04
 155.7881492,3.5783887e+04
 155.8085835,3.5779305e+04
 155.8290179,3.5782488e+04
 155.8494521,3.5788012e+04
 155.8698864,3.5763906e+04
 155.8903207,3.5762371e+04
 155.9107551,3.5777309e+04
 155.9311893,3.5780184e+04
 155.9516236,3.5791301e+04
 155.9720580,3.5775453e+04
 155.9924922,3.5774715e+04
 156.0129265,3.5780594e+04
 156.0333607,3.5766434e+04
 156.0537951,3.5778074e+04
 156.0742294,3.5782258e+04
 156.0946637,3.5781203e+04
 156.1150980,3.5789793e+04
 156.1355324,3.5771559e+04
 156.1559667,3.5785031e+04
 156.1764009,3.5771852e+04
 156.1968353,3.5784996e+04
 156.2172696,3.5775227e+04
 156.2377038,3.5782363e+04
 156.2581381,3.5785441e+04
 156.2785725,3.5774270e+04
 156.2990067,3.5784453e+04
 156.3194410,3.5778922e+04
 156.3398754,3.5776973e+04
 156.3603096,3.5779020e+04
 156.3807439,3.5780551e+04
 156.4011782,3.5787484e+04
 156.4216126,3.5774246e+04
 156.4420468,3.5783805e+04
 156.4624811,3.5777836e+04
 156.4829155,3.5779918e+04
 156.5033497,3.5782863e+04
 156.5237840,3.5777766e+04
 156.5442183,3.5782785e+04
 156.5646526,3.5783340e+04
 156.5850869,3.5788918e+04
 156.6055212,3.5778965e+04
 156.6259555,3.5780156e+04
 156.6463898,3.5785430e+04
 156.6668241,3.5785645e+04
 156.6872584,3.5774340e+04
 156.7076927,3.5775953e+04
 156.7281270,3.5780984e+04
 156.7485613,3.5781312e+04
 156.7689955,3.5778922e+04
 156.7894299,3.5781422e+04
 156.8098642,3.5775129e+04
 156.8302985,3.5779445e+04
 156.8507328,3.5783410e+04
 156.8711671,3.5789996e+04
 156.8916014,3.5772605e+04
 156.9120356,3.5782164e+04
 156.9324700,3.5787527e+04
 156.9529043,3.5781414e+04
 156.9733385,3.5789465e+04
 156.9937729,3.5781129e+04
 157.0142072,3.5781957e+04
 157.0346414,3.5781215e+04
 157.0550757,3.5777594e+04
 157.0755101,3.5789949e+04
 157.0959443,3.5787102e+04
 157.1163786,3.5790871e+04
 157.1368130,3.5777461e+04
 157.1572473,3.5770512e+04
 157.1776815,3.5788562e+04
 157.1981158,3.5788391e+04
 157.2185502,3.5779309e+04
 157.2389844,3.5784074e+04
 157.2594187,3.5790582e+04
 157.2798529,3.5784457e+04
 157.3002872,3.5784672e+04
 157.3207215,3.5779238e+04
 157.3411558,3.5775371e+04
 157.3615901,3.5778734e+04
 157.3820244,3.5790613e+04
 157.4024587,3.5776430e+04
 157.4228929,3.5777398e+04
 157.4433273,3.5783613e+04
 157.4637616,3.5785750e+04
 157.4841958,3.5795406e+04
 157.5046302,3.5782996e+04
 157.5250645,3.5780289e+04
 157.5454987,3.5782727e+04
 157.5659330,3.5777023e+04
 157.5863674,3.5785832e+04
 157.6068016,3.5785246e+04
 157.6272359,3.5789848e+04
 157.6476702,3.5784828e+04
 157.6681045,3.5767457e+04
 157.6885387,3.5778883e+04
 157.7089730,3.5775719e+04
 157.7294074,3.5779586e+04
 157.7498416,3.5789023e+04
 157.7702759,3.5775348e+04
 157.7907103,3.5780461e+04
 157.8111445,3.5781035e+04
 157.8315788,3.5779680e+04
 157.8520131,3.5786770e+04
 157.8724474,3.5785160e+04
 157.8928817,3.5773305e+04
 157.9133159,3.5789125e+04
 157.9337501,3.5785246e+04
 157.9541845,3.5788609e+04
 157.9746188,3.5781664e+04
 157.9950530,3.5784711e+04
 158.0154874,3.5789688e+04
 158.0359217,3.5781578e+04
 158.0563559,3.5783316e+04
 158.0767902,3.5789230e+04
 158.0972246,3.5776066e+04
 158.1176589,3.5790289e+04
 158.1380930,3.5778684e+04
 158.1585274,3.5788344e+04
 158.1789617,3.5789117e+04
 158.1993959,3.5782230e+04
 158.2198302,3.5786227e+04
 158.2402646,3.5794176e+04
 158.2606988,         null
 158.2811331,3.5789066e+04
 158.3015675,3.5788758e+04
 158.3220017,3.5779969e+04
 158.3424359,3.5793793e+04
 158.3628702,3.5794434e+04
 158.3833046,3.5791273e+04
 158.4037389,3.5780664e+04
 158.4241731,3.5788344e+04
 158.4446074,3.5783395e+04
 158.4650418,3.5796168e+04
 158.4854759,3.5779230e+04
 158.5059102,3.5788105e+04
 158.5263446,3.5787129e+04
 158.5467788,3.5781273e+04
 158.5672131,3.5783938e+04
 158.5876474,3.5792238e+04
 158.6080817,3.5785227e+04
 158.6285159,3.5784832e+04
 158.6489502,3.5793301e+04
 158.6693846,3.5789660e+04
 158.6898188,3.5795449e+04
 158.7102531,3.5811945e+04
 158.7306873,3.5789316e+04
 158.7511217,3.5807738e+04
 158.7715559,3.5778043e+04
 158.7919902,3.5781309e+04
 158.8124245,3.5790008e+04
 158.8328588,3.5789023e+04
 158.8532931,3.5784812e+04
 158.8737273,3.5795410e+04
 158.8941617,3.5785664e+04
 158.9145959,3.5784414e+04
 158.9350301,3.5806969e+04
 158.9554645,3.5784859e+04
 158.9758988,3.5779402e+04
 158.9963330,3.5795008e+04
 159.0167673,3.5789590e+04
 159.0372016,3.5788586e+04
 159.0576358,3.5776023e+04
 159.0780701,3.5785051e+04
 159.0985044,3.5786215e+04
 159.1189388,3.5796590e+04
 159.1393729,3.5804723e+04
 159.1598072,3.5808609e+04
 159.1802416,3.5798672e+04
 159.2006758,3.5784000e+04
 159.2211101,3.5804652e+04
 159.2415443,3.5794492e+04
 159.2619786,3.5788305e+04
 159.2824129,3.5796547e+04
 159.3028472,3.5789328e+04
 159.3232815,3.5801457e+04
 159.3437158,3.5782508e+04
 159.3641500,3.5807660e+04
 159.3845842,3.5807129e+04
 159.4050186,3.5784641e+04
 159.4254529,3.5801969e+04
 159.4458871,3.5795957e+04
 159.4663214,3.5784809e+04
 159.4867557,3.5803531e+04
 159.5071899,3.5800082e+04
 159.5276242,3.5786121e+04
 159.5480586,3.5802281e+04
 159.5684927,3.5805926e+04
 159.5889270,3.5789980e+04
 159.6093613,3.5801293e+04
 159.6297957,3.5801137e+04
 159.6502299,3.5798090e+04
 159.6706641,3.5800012e+04
 159.6910985,3.5792609e+04
 159.7115327,3.5801422e+04
 159.7319670,3.5792379e+04
 159.7524012,3.5798059e+04
 159.7728355,3.5815570e+04
 159.7932698,3.5782191e+04
 159.8137041,3.5793379e+04
 159.8341384,3.5788148e+04
 159.8545726,3.5797570e+04
 159.8750069,3.5792066e+04
 159.8954411,3.5792230e+04
 159.9158755,3.5792395e+04
 159.9363097,3.5786582e+04
 159.9567440,3.5790285e+04
 159.9771783,3.5793340e+04
 159.9976126,3.5797512e+04
 160.0180468,3.5778469e+04
 160.0384811,3.5791910e+04
 160.0589154,3.5798367e+04
 160.0793497,3.5818988e+04
 160.0997839,3.5802824e+04
 160.1202181,3.5796070e+04
 160.1406525,3.5798875e+04
 160.1610868,3.5794570e+04
 160.1815209,3.5808652e+04
 160.2019553,3.5806469e+04
 160.2223896,3.5788672e+04
 160.2428238,3.5789543e+04
 160.2632580,3.5794617e+04
 160.2836924,3.5774754e+04
 160.3041266,3.5793859e+04
 160.3245609,3.5796793e+04
 160.3449952,3.5817055e+04
 160.3654295,3.5798668e+04
 160.3858637,3.5776125e+04
 160.4062979,3.5794648e+04
 160.4267323,3.5784340e+04
 160.4471665,3.5798062e+04
 160.4676008,3.5786102e+04
 160.4880351,3.5785746e+04
 160.5084693,3.5795062e+04
 160.5289036,3.5797184e+04
 160.5493378,3.5781418e+04
 160.5697721,3.5788473e+04
 160.5902064,3.5797051e+04
 160.6106407,3.5791039e+04
 160.6310748,3.5793074e+04
 160.6515092,3.5790980e+04
 160.6719435,3.5799957e+04
 160.6923776,3.5790254e+04
 160.7128120,3.5797801e+04
 160.7332463,3.5776938e+04
 160.7536805,3.5792633e+04
 160.7741147,3.5787891e+04
 160.7945491,3.5795273e+04
 160.8149834,3.5786250e+04
 160.8354175,3.5787758e+04
 160.8558519,3.5783449e+04
 160.8762862,3.5783016e+04
 160.8967203,3.5788750e+04
 160.9171546,3.5791133e+04
 160.9375890,3.5779965e+04
 160.9580231,3.5793324e+04
 160.9784574,3.5772441e+04
 160.9988918,3.5788938e+04
 161.0193259,3.5790383e+04
 161.0397602,3.5788859e+04
 161.0601945,3.5800145e+04
 161.0806287,3.5774102e+04
 161.1010630,3.5791664e+04
 161.1214973,3.5771555e+04
 161.1419316,3.5786914e+04
 161.1623658,3.5781320e+04
 161.1828001,3.5783801e+04
 161.2032342,3.5788836e+04
 161.2236686,3.5786152e+04
 161.2441029,         null
 161.2645371,3.5776566e+04
 161.2849713,3.5782273e+04
 161.3054057,3.5788020e+04
 161.3258399,3.5792895e+04
 161.3462741,3.5787867e+04
 161.3667085,3.5781645e+04
 161.3871427,3.5794832e+04
 161.4075769,3.5778598e+04
 161.4280112,3.5789328e+04
 161.4484455,3.5783902e+04
 161.4688797,3.5787426e+04
 161.4893140,3.5786266e+04
 161.5097483,3.5786297e+04
 161.5301825,3.5787285e+04
 161.5506167,3.5778859e+04
 161.5710510,3.5795789e+04
 161.5914854,3.5795773e+04
 161.6119195,3.5785172e+04
 161.6323538,3.5782676e+04
 161.6527882,3.5794113e+04
 161.6732224,3.5783648e+04
 161.6936566,3.5782172e+04
 161.7140909,3.5781242e+04
 161.7345252,3.5782582e+04
 161.7549594,3.5786938e+04
 161.7753936,3.5782184e+04
 161.7958279,3.5797516e+04
 161.8162622,3.5793910e+04
 161.8366964,3.5787496e+04
 161.8571307,3.5777461e+04
 161.8775650,3.5782039e+04
 161.8979992,3.5790738e+04
 161.9184335,3.5782809e+04
 161.9388676,3.5793309e+04
 161.9593020,3.5795992e+04
 161.9797362,3.5782211e+04
 162.0001705,3.5778059e+04
 162.0206048,3.5795191e+04
 162.0410390,3.5783312e+04
 162.0614733,3.5797055e+04
 162.0819074,3.5785066e+04
 162.1023418,3.5779719e+04
 162.1227761,3.5773816e+04
 162.1432102,3.5784945e+04
 162.1636446,3.5787328e+04
 162.1840788,3.5775508e+04
 162.2045130,3.5788371e+04
 162.2249473,3.5779168e+04
 162.2453816,3.5786836e+04
 162.2658158,3.5786344e+04
 162.2862500,3.5785133e+04
 162.3066844,3.5791062e+04
 162.3271186,3.5782141e+04
 162.3475528,3.5791387e+04
 162.3679871,3.5789332e+04
 162.3884214,3.5774715e+04
 162.4088556,3.5786410e+04
 162.4292898,3.5801047e+04
 162.4497240,3.5784367e+04
 162.4701583,3.5781852e+04
 162.4905926,3.5785691e+04
 162.5110263,3.5796309e+04
 162.5314606,3.5785848e+04
 162.5518948,3.5796996e+04
 162.5723290,3.5788273e+04
 162.5927633,3.5790715e+04
 162.6131976,3.5802223e+04
 162.6336318,3.5790594e+04
 162.6540660,3.5793254e+04
 162.6745004,3.5784586e+04
 162.6949345,3.5781508e+04
 162.7153688,3.5790215e+04
 162.7358031,3.5780836e+04
 162.7562373,3.5782945e+04
 162.7766716,3.5791156e+04
 162.7971058,3.5801395e+04
 162.8175401,3.5784387e+04
 162.8379743,3.5786047e+04
 162.8584086,3.5780480e+04
 162.8788427,3.5786582e+04
 162.8992771,3.5787914e+04
 162.9197113,3.5793254e+04
 162.9401455,3.5788719e+04
 162.9605797,3.5796340e+04
 162.9810141,3.5785863e+04
 163.0014482,3.5816090e+04
 163.0218825,3.5800988e+04
 163.0423168,3.5790383e+04
 163.0627511,3.5769336e+04
 163.0831852,3.5784301e+04
 163.1036195,3.5790207e+04
 163.1240539,3.5787816e+04
 163.1444880,3.5793457e+04
 163.1649223,3.5781406e+04
 163.1853566,3.5781473e+04
 163.2057908,3.5786500e+04
 163.2262250,3.5781605e+04
 163.2466593,3.5788117e+04
 163.2670935,3.5785184e+04
 163.2875278,3.5785875e+04
 163.3079620,3.5788555e+04
 163.3283964,3.5785836e+04
 163.3488305,3.5778898e+04
 163.3692647,3.5786625e+04
 163.3896989,3.5775473e+04
 163.4101332,3.5787922e+04
 163.4305675,3.5791168e+04
 163.4510016,3.5777117e+04
 163.4714360,3.5771875e+04
 163.4918702,3.5776336e+04
 163.5123045,3.5791680e+04
 163.5327386,3.5778980e+04
 163.5531730,3.5783898e+04
 163.5736072,3.5778309e+04
 163.5940414,3.5777074e+04
 163.6144756,3.5783867e+04
 163.6349100,3.5778465e+04
 163.6553441,3.5780727e+04
 163.6757784,3.5784246e+04
 163.6962127,3.5774613e+04
 163.7166469,3.5768688e+04
 163.7370811,3.5787062e+04
 163.7575153,3.5780676e+04
 163.7779496,3.5791320e+04
 163.7983838,3.5774352e+04
 163.8188181,3.5782629e+04
 163.8392524,3.5778031e+04
 163.8596866,3.5779199e+04
 163.8801208,3.5778719e+04
 163.9005550,3.5780926e+04
 163.9209893,3.5784145e+04
 163.9414235,3.5772867e+04
 163.9618578,3.5780836e+04
 163.9822920,3.5783723e+04
 164.0027263,3.5762551e+04
 164.0231605,3.5784707e+04
 164.0435947,3.5776293e+04
 164.0640290,3.5775379e+04
 164.0844633,3.5774500e+04
 164.1048975,3.5779461e+04
 164.1253316,3.5782492e+04
 164.1457660,3.5781391e+04
 164.1662001,3.5781836e+04
 164.1866344,3.5780676e+04
 164.2070687,3.5771945e+04
 164.2275029,         null
 164.2479371,3.5772418e+04
 164.2683713,3.5765172e+04
 164.2888056,3.5787465e+04
 164.3092398,3.5775223e+04
 164.3296741,3.5774273e+04
 164.3501084,3.5784711e+04
 164.3705426,3.5772133e+04
 164.3909768,3.5799672e+04
 164.4114110,3.5781355e+04
 164.4318453,3.5770438e+04
 164.4522795,3.5780902e+04
 164.4727137,3.5777863e+04
 164.4931481,3.5787738e+04
 164.5135822,3.5781645e+04
 164.5340165,3.5780555e+04
 164.5544507,3.5776309e+04
 164.5748849,3.5777945e+04
 164.5953192,3.5772578e+04
 164.6157534,3.5774965e+04
 164.6361875,3.5778367e+04
 164.6566219,3.5767984e+04
 164.6770561,3.5776426e+04
 164.6974904,3.5796793e+04
 164.7179246,3.5785738e+04
 164.7383588,3.5787027e+04
 164.7587931,3.5786078e+04
 164.7792272,3.5777859e+04
 164.7996615,3.5786598e+04
 164.8200958,3.5779258e+04
 164.8405299,3.5795953e+04
 164.8609643,3.5772992e+04
 164.8813985,3.5775527e+04
 164.9018326,3.5787973e+04
 164.9222669,3.5779418e+04
 164.9427012,3.5774840e+04
 164.9631353,3.5798711e+04
 164.9835696,3.5779910e+04
