        TIME,  PDCSAP_FLUX
 131.5118305,1.2500826e+04
 131.5322651,1.2490366e+04
 131.5526996,1.2490012e+04
 131.5731340,1.2480110e+04
 131.5935685,1.2480374e+04
 131.6140032,1.2476412e+04
 131.6344376,1.2492620e+04
 131.6548721,1.2483308e+04
 131.6753067,1.2492536e+04
 131.6957412,1.2487113e+04
 131.7161756,1.2487846e+04
 131.7366101,1.2485135e+04
 131.7570447,1.2487343e+04
 131.7774791,1.2488826e+04
 131.7979136,1.2492006e+04
 131.8183482,1.2494597e+04
 131.8387826,1.2490987e+04
 131.8592171,1.2487085e+04
 131.8796516,1.2492641e+04
 131.9000861,1.2494007e+04
 131.9205206,1.2492961e+04
 131.9409551,1.2487639e+04
 131.9613896,1.2479986e+04
 131.9818241,1.2496310e+04
 132.0022586,1.2494234e+04
 132.0226930,1.2481855e+04
 132.0431276,1.2496943e+04
 132.0635621,1.2501043e+04
 132.0839965,1.2510794e+04
 132.1044310,1.2488880e+04
 132.1248656,1.2494838e+04
 132.1453000,1.2492305e+04
 132.1657345,1.2491989e+04
 132.1861691,1.2486470e+04
 132.2066036,1.2494578e+04
 132.2270380,1.2487377e+04
 132.2474725,1.2498071e+04
 132.2679071,1.2490656e+04
 132.2883415,1.2493785e+04
 132.3087760,1.2496118e+04
 132.3292106,1.2491648e+04
 132.3496450,1.2485364e+04
 132.3700795,1.2484549e+04
 132.3905140,1.2495134e+04
 132.4109485,1.2493572e+04
 132.4313830,1.2481756e+04
 132.4518175,1.2493036e+04
 132.4722521,1.2491043e+04
 132.4926865,1.2490208e+04
 132.5131210,1.2491356e+04
 132.5335554,1.2493305e+04
 132.5539900,1.2494031e+04
 132.5744245,1.2492768e+04
 132.5948589,1.2487741e+04
 132.6152935,1.2496766e+04
 132.6357280,1.2484041e+04
 132.6561625,1.2490430e+04
 132.6765969,1.2496392e+04
 132.6970315,1.2491419e+04
 132.7174660,1.2497548e+04
 132.7379004,1.2491535e+04
 132.7583350,1.2495724e+04
 132.7787695,1.2491492e+04
 132.7992039,1.2501847e+04
 132.8196384,1.2491873e+04
 132.8400730,1.2491216e+04
 132.8605074,1.2488729e+04
 132.8809419,1.2492735e+04
 132.9013765,1.2497879e+04
 132.9218109,1.2494603e+04
 132.9422454,1.2488441e+04
 132.9626799,1.2492950e+04
 132.9831145,1.2500157e+04
 133.0035489,1.2484362e+04
 133.0239834,1.2488128e+04
 133.0444179,1.2486929e+04
 133.0648524,1.2485674e+04
 133.0852869,1.2490935e+04
 133.1057214,1.2490296e+04
 133.1261559,1.2494213e+04
 133.1465904,1.2483071e+04
 133.1670249,1.2492813e+04
 133.1874594,1.2505141e+04
 133.2078940,1.2489882e+04
 133.2283284,1.2491479e+04
 133.2487629,1.2490623e+04
 133.2691974,1.2492018e+04
 133.2896319,1.2492316e+04
 133.3100664,1.2490900e+04
 133.3305008,1.2490084e+04
 133.3509354,1.2487482e+04
 133.3713699,1.2493296e+04
 133.3918044,1.2487411e+04
 133.4122389,1.2494928e+04
 133.4326734,1.2521889e+04
 133.4531079,1.2491079e+04
 133.4735423,1.2488528e+04
 133.4939769,1.2486645e+04
 133.5144114,1.2496005e+04
 133.5348458,1.2480708e+04
 133.5552804,1.2485648e+04
 133.5757149,1.2497464e+04
 133.5961493,1.2492641e+04
 133.6165838,1.2484846e+04
 133.6370184,1.2496125e+04
 133.6574529,1.2485531e+04
 133.6778873,1.2483273e+04
 133.6983219,1.2500499e+04
 133.7187564,1.2457877e+04
 133.7391908,1.2406097e+04
 133.7596253,1.2390660e+04
 133.7800599,1.2379978e+04
 133.8004943,1.2387381e+04
 133.8209288,1.2406314e+04
 133.8413633,1.2454943e+04
 133.8617978,1.2485246e+04
 133.8822323,1.2485038e+04
 133.9026668,1.2492571e+04
 133.9231013,1.2488003e+04
 133.9435358,1.2492548e+04
 133.9639703,1.2484484e+04
 133.9844047,1.2493227e+04
 134.0048393,1.2488460e+04
 134.0252738,1.2483363e+04
 134.0457082,1.2493447e+04
 134.0661428,1.2489872e+04
 134.0865773,1.2486657e+04
 134.1070117,1.2485881e+04
 134.1274462,1.2481596e+04
 134.1478808,1.2498596e+04
 134.1683153,1.2491459e+04
 134.1887497,1.2483394e+04
 134.2091843,1.2484598e+04
 134.2296188,1.2487335e+04
 134.2500532,1.2493501e+04
 134.2704877,1.2496986e+04
 134.2909223,1.2493840e+04
 134.3113567,1.2487197e+04
 134.3317912,1.2487103e+04
 134.3522258,1.2487601e+04
 134.3726602,1.2486270e+04
 134.3930947,         null
 134.4135292,1.2486388e+04
 134.4339636,1.2495015e+04
 134.4543981,1.2491272e+04
 134.4748326,1.2488391e+04
 134.4952672,1.2488594e+04
 134.5157016,1.2487681e+04
 134.5361361,1.2496799e+04
 134.5565705,1.2481644e+04
 134.5770051,1.2492771e+04
 134.5974396,1.2491344e+04
 134.6178740,1.2490527e+04
 134.6383085,1.2491264e+04
 134.6587431,1.2494068e+04
 134.6791776,1.2492908e+04
 134.6996121,1.2491954e+04
 134.7200466,1.2496272e+04
 134.7404811,1.2496356e+04
 134.7609155,1.2481841e+04
 134.7813500,1.2496681e+04
 134.8017846,1.2489069e+04
 134.8222191,1.2492899e+04
 134.8426535,1.2489531e+04
 134.8630881,1.2487962e+04
 134.8835226,1.2492568e+04
 134.9039571,1.2480417e+04
 134.9243915,1.2509105e+04
 134.9448261,1.2482943e+04
 134.9652606,1.2492737e+04
 134.9856950,1.2489209e+04
 135.0061296,1.2489675e+04
 135.0265641,1.2495985e+04
 135.0469985,1.2493603e+04
 135.0674330,1.2485836e+04
 135.0878676,1.2486691e+04
 135.1083020,1.2482850e+04
 135.1287365,1.2495132e+04
 135.1491711,1.2483184e+04
 135.1696056,1.2494303e+04
 135.1900400,1.2492947e+04
 135.2104745,1.2489751e+04
 135.2309091,1.2485488e+04
 135.2513435,1.2488909e+04
 135.2717780,1.2490009e+04
 135.2922124,1.2478372e+04
 135.3126470,1.2486058e+04
 135.3330815,1.2489837e+04
 135.3535159,1.2487714e+04
 135.3739505,1.2482075e+04
 135.3943849,1.2483184e+04
 135.4148194,1.2485544e+04
 135.4352538,1.2488355e+04
 135.4556884,1.2480718e+04
 135.4761229,1.2494888e+04
 135.4965573,1.2487282e+04
 135.5169919,1.2483287e+04
 135.5374264,1.2478634e+04
 135.5578608,1.2485816e+04
 135.5782953,1.2487628e+04
 135.5987299,1.2496729e+04
 135.6191643,1.2492374e+04
 135.6395988,1.2499552e+04
 135.6600334,1.2493869e+04
 135.6804679,1.2484931e+04
 135.7009023,1.2482961e+04
 135.7213368,1.2486080e+04
 135.7417714,1.2479113e+04
 135.7622058,1.2497186e+04
 135.7826403,1.2485672e+04
 135.8030749,1.2491544e+04
 135.8235093,1.2484207e+04
 135.8439438,1.2492483e+04
 135.8643783,1.2481667e+04
 135.8848128,1.2484084e+04
 135.9052473,1.2484830e+04
 135.9256818,1.2492829e+04
 135.9461162,1.2482035e+04
 135.9665508,1.2481591e+04
 135.9869853,1.2482592e+04
 136.0074196,1.2488980e+04
 136.0278542,1.2481186e+04
 136.0482887,1.2487486e+04
 136.0687231,1.2484481e+04
 136.0891576,1.2488841e+04
 136.1095922,1.2526689e+04
 136.1300267,1.2481751e+04
 136.1504611,1.2489307e+04
 136.1708957,1.2481903e+04
 136.1913302,1.2485036e+04
 136.2117646,1.2488063e+04
 136.2321991,1.2490800e+04
 136.2526337,1.2489673e+04
 136.2730681,1.2490937e+04
 136.2935026,1.2488419e+04
 136.3139372,1.2491806e+04
 136.3343716,1.2496742e+04
 136.3548061,1.2493416e+04
 136.3752406,1.2492039e+04
 136.3956751,1.2487733e+04
 136.4161096,1.2487155e+04
 136.4365441,1.2483413e+04
 136.4569787,1.2485957e+04
 136.4774131,1.2480635e+04
 136.4978475,1.2490415e+04
 136.5182820,1.2486288e+04
 136.5387165,1.2484438e+04
 136.5591510,1.2490491e+04
 136.5795855,1.2481490e+04
 136.6000200,1.2482334e+04
 136.6204545,1.2482317e+04
 136.6408890,1.2480983e+04
 136.6613235,1.2488485e+04
 136.6817580,1.2487496e+04
 136.7021925,1.2484459e+04
 136.7226270,1.2477921e+04
 136.7430614,1.2490671e+04
 136.7634960,1.2493057e+04
 136.7839305,1.2494919e+04
 136.8043649,1.2491129e+04
 136.8247995,1.2490780e+04
 136.8452340,1.2491890e+04
 136.8656685,1.2481872e+04
 136.8861029,1.2480003e+04
 136.9065374,1.2483222e+04
 136.9269719,1.2487509e+04
 136.9474063,1.2480806e+04
 136.9678409,1.2486653e+04
 136.9882754,1.2490782e+04
 137.0087098,1.2485389e+04
 137.0291443,1.2481679e+04
 137.0495789,1.2477784e+04
 137.0700133,1.2486842e+04
 137.0904478,1.2486971e+04
 137.1108824,1.2491578e+04
 137.1313168,1.2486613e+04
 137.1517513,1.2482552e+04
 137.1721858,1.2480716e+04
 137.1926204,1.2490693e+04
 137.2130548,1.2485801e+04
 137.2334893,1.2484062e+04
 137.2539237,1.2481736e+04
 137.2743582,1.2492036e+04
 137.2947927,1.2486147e+04
 137.3152271,1.2481543e+04
 137.3356617,1.2484873e+04
 137.3560962,1.2479221e+04
 137.3765307,         null
 137.3969651,1.2489904e+04
 137.4173997,1.2484593e+04
 137.4378342,1.2475930e+04
 137.4582686,1.2489653e+04
 137.4787032,1.2480323e+04
 137.4991377,1.2485555e+04
 137.5195721,1.2491882e+04
 137.5400066,1.2483516e+04
 137.5604412,1.2496648e+04
 137.5808755,1.2478872e+04
 137.6013100,1.2489592e+04
 137.6217446,1.2484644e+04
 137.6421791,1.2498200e+04
 137.6626135,1.2486430e+04
 137.6830480,1.2487884e+04
 137.7034826,1.2488679e+04
 137.7239170,1.2484508e+04
 137.7443515,1.2481318e+04
 137.7647861,1.2484482e+04
 137.7852205,1.2483076e+04
 137.8056550,1.2489861e+04
 137.8260894,1.2481536e+04
 137.8465240,1.2481688e+04
 137.8669585,1.2481468e+04
 137.8873929,1.2488667e+04
 137.9078273,1.2487727e+04
 137.9282619,1.2481692e+04
 137.9486964,1.2489203e+04
 137.9691308,1.2480685e+04
 137.9895654,1.2491062e+04
 138.0099999,1.2487218e+04
 138.0304343,1.2483875e+04
 138.0508688,1.2486396e+04
 138.0713034,1.2482001e+04
 138.0917379,1.2496330e+04
 138.1121723,1.2481716e+04
 138.1326069,1.2484177e+04
 138.1530413,1.2500826e+04
 138.1734757,1.2472886e+04
 138.1939102,1.2483496e+04
 138.2143448,1.2484180e+04
 138.2347793,1.2476639e+04
 138.2552137,1.2478667e+04
 138.2756483,1.2477933e+04
 138.2960828,1.2476243e+04
 138.3165172,1.2480536e+04
 138.3369517,1.2484498e+04
 138.3573863,1.2488886e+04
 138.3778208,1.2481277e+04
 138.3982551,1.2486282e+04
 138.4186897,1.2475646e+04
 138.4391242,1.2412753e+04
 138.4595586,1.2408704e+04
 138.4799931,1.2385562e+04
 138.5004277,1.2394238e+04
 138.5208621,1.2397406e+04
 138.5412966,1.2418707e+04
 138.5617311,1.2484554e+04
 138.5821656,1.2484811e+04
 138.6026001,1.2477085e+04
 138.6230346,1.2482019e+04
 138.6434690,1.2484669e+04
 138.6639035,1.2486588e+04
 138.6843380,1.2487125e+04
 138.7047724,1.2475499e+04
 138.7252070,1.2475821e+04
 138.7456415,1.2479866e+04
 138.7660759,1.2485248e+04
 138.7865105,1.2475683e+04
 138.8069450,1.2484184e+04
 138.8273794,1.2480149e+04
 138.8478139,1.2480485e+04
 138.8682484,1.2482291e+04
 138.8886829,1.2483643e+04
 138.9091173,1.2484462e+04
 138.9295519,1.2483354e+04
 138.9499864,1.2482140e+04
 138.9704208,1.2487198e+04
 138.9908553,1.2482002e+04
 139.0112899,1.2477336e+04
 139.0317243,1.2480212e+04
 139.0521588,1.2480195e+04
 139.0725933,1.2486501e+04
 139.0930277,1.2493511e+04
 139.1134622,1.2466807e+04
 139.1338967,1.2471611e+04
 139.1543312,1.2484182e+04
 139.1747657,1.2484670e+04
 139.1952002,1.2482782e+04
 139.2156346,1.2480058e+04
 139.2360692,1.2497000e+04
 139.2565037,1.2477327e+04
 139.2769380,1.2485059e+04
 139.2973726,1.2484012e+04
 139.3178071,1.2488641e+04
 139.3382416,1.2482925e+04
 139.3586760,1.2484472e+04
 139.3791106,1.2487808e+04
 139.3995451,1.2483533e+04
 139.4199795,1.2485547e+04
 139.4404141,1.2487787e+04
 139.4608485,1.2487963e+04
 139.4812829,1.2486772e+04
 139.5017174,1.2493604e+04
 139.5221520,1.2478685e+04
 139.5425864,1.2479739e+04
 139.5630209,1.2475596e+04
 139.5834555,1.2486718e+04
 139.6038899,1.2481362e+04
 139.6243244,1.2496141e+04
 139.6447588,1.2483625e+04
 139.6651934,1.2487277e+04
 139.6856278,1.2486955e+04
 139.7060623,1.2478180e+04
 139.7264968,1.2488043e+04
 139.7469313,1.2482279e+04
 139.7673658,1.2484002e+04
 139.7878003,1.2493677e+04
 139.8082348,1.2478628e+04
 139.8286692,1.2487397e+04
 139.8491037,1.2486398e+04
 139.8695382,1.2473681e+04
 139.8899727,1.2488149e+04
 139.9104072,1.2490013e+04
 139.9308417,1.2481621e+04
 139.9512763,1.2485393e+04
 139.9717107,1.2480284e+04
 139.9921451,1.2477367e+04
 140.0125795,1.2474777e+04
 140.0330141,1.2480866e+04
 140.0534486,1.2472867e+04
 140.0738831,1.2486302e+04
 140.0943176,1.2495315e+04
 140.1147521,1.2481446e+04
 140.1351866,1.2486067e+04
 140.1556209,1.2491434e+04
 140.1760555,1.2480525e+04
 140.1964900,1.2479178e+04
 140.2169244,1.2482987e+04
 140.2373590,1.2474911e+04
 140.2577935,1.2482623e+04
 140.2782279,1.2477185e+04
 140.2986624,1.2478799e+04
 140.3190969,1.2486396e+04
 140.3395313,1.2480109e+04
 140.3599658,         null
 140.3804003,1.2485096e+04
 140.4008349,1.2490255e+04
 140.4212693,1.2484162e+04
 140.4417038,1.2487200e+04
 140.4621384,1.2476772e+04
 140.4825727,1.2481576e+04
 140.5030072,1.2472729e+04
 140.5234416,1.2486444e+04
 140.5438762,1.2481844e+04
 140.5643107,1.2479348e+04
 140.5847452,1.2487372e+04
 140.6051797,1.2475399e+04
 140.6256141,1.2490930e+04
 140.6460486,1.2485148e+04
 140.6664830,1.2476831e+04
 140.6869176,1.2480694e+04
 140.7073521,1.2484153e+04
 140.7277865,1.2476148e+04
 140.7482211,1.2482137e+04
 140.7686555,1.2474588e+04
 140.7890899,1.2477435e+04
 140.8095244,1.2479213e+04
 140.8299590,1.2484665e+04
 140.8503935,1.2483207e+04
 140.8708279,1.2480493e+04
 140.8912624,1.2477706e+04
 140.9116969,1.2489283e+04
 140.9321313,1.2483498e+04
 140.9525658,1.2478506e+04
 140.9730004,1.2484937e+04
 140.9934348,1.2482296e+04
 141.0138693,1.2475924e+04
 141.0343038,1.2482646e+04
 141.0547382,1.2477598e+04
 141.0751727,1.2475318e+04
 141.0956072,1.2482959e+04
 141.1160417,1.2477285e+04
 141.1364762,1.2487062e+04
 141.1569107,1.2468524e+04
 141.1773450,1.2484888e+04
 141.1977796,1.2474500e+04
 141.2182141,1.2482092e+04
 141.2386485,1.2484840e+04
 141.2590831,1.2482145e+04
 141.2795176,1.2478564e+04
 141.2999520,1.2476509e+04
 141.3203864,1.2484414e+04
 141.3408210,1.2476128e+04
 141.3612555,1.2482023e+04
 141.3816899,1.2478454e+04
 141.4021244,1.2480998e+04
 141.4225590,1.2489023e+04
 141.4429934,1.2487041e+04
 141.4634278,1.2486839e+04
 141.4838624,1.2482693e+04
 141.5042969,1.2482830e+04
 141.5247313,1.2485147e+04
 141.5451658,1.2473763e+04
 141.5656002,1.2478348e+04
 141.5860348,1.2481683e+04
 141.6064692,1.2478790e+04
 141.6269038,1.2485783e+04
 141.6473383,1.2483753e+04
 141.6677727,1.2476050e+04
 141.6882071,1.2482739e+04
 141.7086417,1.2474521e+04
 141.7290761,1.2474932e+04
 141.7495106,1.2486205e+04
 141.7699452,1.2484131e+04
 141.7903796,1.2480021e+04
 141.8108140,1.2481225e+04
 141.8312485,1.2475954e+04
 141.8516830,1.2478863e+04
 141.8721175,1.2483015e+04
 141.8925520,1.2476362e+04
 141.9129866,1.2475552e+04
 141.9334209,1.2480516e+04
 141.9538554,1.2476279e+04
 141.9742898,1.2476031e+04
 141.9947244,1.2480713e+04
 142.0151589,1.2479635e+04
 142.0355932,1.2479261e+04
 142.0560277,1.2477099e+04
 142.0764623,1.2474101e+04
 142.0968968,1.2470479e+04
 142.1173312,1.2478352e+04
 142.1377658,1.2477701e+04
 142.1582002,1.2473507e+04
 142.1786346,1.2474137e+04
 142.1990691,1.2481709e+04
 142.2195037,1.2478955e+04
 142.2399381,1.2471188e+04
 142.2603725,1.2483574e+04
 142.2808071,1.2477373e+04
 142.3012415,1.2483346e+04
 142.3216760,1.2479480e+04
 142.3421105,1.2476720e+04
 142.3625451,1.2474786e+04
 142.3829794,1.2463973e+04
 142.4034139,1.2477384e+04
 142.4238485,1.2478519e+04
 142.4442829,1.2479862e+04
 142.4647174,1.2474645e+04
 142.4851517,1.2480042e+04
 142.5055863,1.2481049e+04
 142.5260208,1.2480356e+04
 142.5464553,1.2471297e+04
 142.5668897,1.2481505e+04
 142.5873242,1.2475552e+04
 142.6077587,1.2478988e+04
 142.6281931,1.2475789e+04
 142.6486277,1.2472247e+04
 142.6690622,1.2474400e+04
 142.6894965,1.2476717e+04
 142.7099310,1.2475793e+04
 142.7303656,1.2480146e+04
 142.7508000,1.2477746e+04
 142.7712345,1.2486555e+04
 142.7916690,1.2476729e+04
 142.8121034,1.2481681e+04
 142.8325379,1.2484638e+04
 142.8529724,1.2479351e+04
 142.8734070,1.2484967e+04
 142.8938413,1.2483438e+04
 142.9142758,1.2472717e+04
 142.9347104,1.2485858e+04
 142.9551448,1.2484858e+04
 142.9755793,1.2482587e+04
 142.9960136,1.2479829e+04
 143.0164482,1.2479601e+04
 143.0368827,1.2474971e+04
 143.0573172,1.2473881e+04
 143.0777516,1.2476627e+04
 143.0981861,1.2478990e+04
 143.1186206,1.2478339e+04
 143.1390551,1.2435604e+04
 143.1594896,1.2391098e+04
 143.1799240,1.2383769e+04
 143.2003584,1.2373586e+04
 143.2207929,1.2387163e+04
 143.2412275,1.2395207e+04
 143.2616620,1.2459358e+04
 143.2820964,1.2475846e+04
 143.3025309,1.2480944e+04
 143.3229654,1.2478149e+04
 143.3433999,         null
 143.3638342,1.2469707e+04
 143.3842688,1.2476693e+04
 143.4047033,1.2476611e+04
 143.4251377,1.2471336e+04
 143.4455723,1.2472982e+04
 143.4660067,1.2476396e+04
 143.4864411,1.2472410e+04
 143.5068756,1.2465666e+04
 143.5273102,1.2477094e+04
 143.5477446,1.2477095e+04
 143.5681790,1.2483302e+04
 143.5886136,1.2474990e+04
 143.6090481,1.2477733e+04
 143.6294824,1.2479327e+04
 143.6499169,1.2476755e+04
 143.6703515,1.2473011e+04
 143.6907859,1.2475813e+04
 143.7112204,1.2477659e+04
 143.7316548,1.2485948e+04
 143.7520893,1.2477186e+04
 143.7725238,1.2474069e+04
 143.7929583,1.2477226e+04
 143.8133927,1.2469809e+04
 143.8338272,1.2477415e+04
 143.8542617,1.2475580e+04
 143.8746961,1.2470795e+04
 143.8951306,1.2480666e+04
 143.9155651,1.2483796e+04
 143.9359995,1.2482773e+04
 143.9564341,1.2481505e+04
 143.9768685,1.2480275e+04
 143.9973029,1.2482598e+04
 144.0177374,1.2478184e+04
 144.0381720,1.2481426e+04
 144.0586064,1.2473400e+04
 144.0790408,1.2471017e+04
 144.0994754,1.2468076e+04
 144.1199099,1.2478073e+04
 144.1403442,1.2476861e+04
 144.1607787,1.2475638e+04
 144.1812133,1.2474469e+04
 144.2016477,1.2472929e+04
 144.2220821,1.2474793e+04
 144.2425167,1.2479691e+04
 144.2629511,1.2480389e+04
 144.2833856,1.2474022e+04
 144.3038200,1.2464352e+04
 144.3242545,1.2473769e+04
 144.3446890,1.2475490e+04
 144.3651235,1.2469681e+04
 144.3855578,1.2476191e+04
 144.4059924,1.2475288e+04
 144.4264269,1.2470904e+04
 144.4468613,1.2474836e+04
 144.4672958,1.2473096e+04
 144.4877303,1.2477897e+04
 144.5081647,1.2520186e+04
 144.5285992,1.2474591e+04
 144.5490337,1.2473516e+04
 144.5694682,1.2464411e+04
 144.5899026,1.2478896e+04
 144.6103372,1.2476831e+04
 144.6307716,1.2480224e+04
 144.6512060,1.2471923e+04
 144.6716405,1.2478275e+04
 144.6920750,1.2468012e+04
 144.7125094,1.2476523e+04
 144.7329439,1.2481158e+04
 144.7533785,1.2481197e+04
 144.7738128,1.2479899e+04
 144.7942473,1.2473388e+04
 144.8146818,1.2477646e+04
 144.8351164,1.2479606e+04
 144.8555507,1.2476270e+04
 144.8759852,1.2483691e+04
 144.8964197,1.2474798e+04
 144.9168541,1.2475382e+04
 144.9372886,1.2476193e+04
 144.9577231,1.2479008e+04
 144.9781577,1.2472875e+04
 144.9985920,1.2468949e+04
 145.0190265,1.2475372e+04
 145.0394610,1.2468302e+04
 145.0598955,1.2470850e+04
 145.0803299,1.2475083e+04
 145.1007644,1.2478235e+04
 145.1211990,1.2471111e+04
 145.1416333,1.2481201e+04
 145.1620678,1.2481894e+04
 145.1825022,1.2476495e+04
 145.2029368,1.2475646e+04
 145.2233712,1.2474739e+04
 145.2438056,1.2473412e+04
 145.2642402,1.2476205e+04
 145.2846746,1.2475697e+04
 145.3051091,1.2476219e+04
 145.3255435,1.2482947e+04
 145.3459780,1.2471266e+04
 145.3664125,1.2480346e+04
 145.3868469,1.2479308e+04
 145.4072815,1.2472773e+04
 145.4277159,1.2478542e+04
 145.4481503,1.2474989e+04
 145.4685848,1.2469415e+04
 145.4890193,1.2477056e+04
 145.5094537,1.2473930e+04
 145.5298882,1.2467787e+04
 145.5503226,1.2488066e+04
 145.5707572,1.2474879e+04
 145.5911916,1.2475129e+04
 145.6116261,1.2491196e+04
 145.6320606,1.2479736e+04
 145.6524950,1.2476537e+04
 145.6729295,1.2468968e+04
 145.6933638,1.2475860e+04
 145.7137984,1.2480880e+04
 145.7342329,1.2470447e+04
 145.7546673,1.2473507e+04
 145.7751018,1.2480500e+04
 145.7955363,1.2473391e+04
 145.8159708,1.2476498e+04
 145.8364051,1.2484264e+04
 145.8568397,1.2478646e+04
 145.8772742,1.2478206e+04
 145.8977085,1.2475324e+04
 145.9181431,1.2484769e+04
 145.9385776,1.2477285e+04
 145.9590119,1.2474128e+04
 145.9794464,1.2470242e+04
 145.9998810,1.2469980e+04
 146.0203154,1.2478526e+04
 146.0407498,1.2471255e+04
 146.0611844,1.2471940e+04
 146.0816188,1.2477024e+04
 146.1020532,1.2474854e+04
 146.1224877,1.2465104e+04
 146.1429222,1.2474367e+04
 146.1633566,1.2468021e+04
 146.1837911,1.2475262e+04
 146.2042255,1.2476541e+04
 146.2246600,1.2473616e+04
 146.2450945,1.2477296e+04
 146.2655289,1.2488053e+04
 146.2859634,1.2479712e+04
 146.3063979,1.2471936e+04
 146.3268323,         null
 146.3472667,1.2479561e+04
 146.3677013,1.2480798e+04
 146.3881357,1.2480081e+04
 146.4085701,1.2483005e+04
 146.4290047,1.2475567e+04
 146.4494391,1.2483508e+04
 146.4698735,1.2481596e+04
 146.4903081,1.2478357e+04
 146.5107425,1.2474828e+04
 146.5311770,1.2475479e+04
 146.5516114,1.2484746e+04
 146.5720459,1.2481387e+04
 146.5924804,1.2485033e+04
 146.6129149,1.2474562e+04
 146.6333492,1.2476049e+04
 146.6537838,1.2473180e+04
 146.6742183,1.2482971e+04
 146.6946526,1.2473537e+04
 146.7150872,1.2472742e+04
 146.7355217,1.2478761e+04
 146.7559561,1.2471436e+04
 146.7763905,1.2482526e+04
 146.7968251,1.2478694e+04
 146.8172595,1.2479980e+04
 146.8376939,1.2472297e+04
 146.8581284,1.2468455e+04
 146.8785629,1.2486596e+04
 146.8989973,1.2475375e+04
 146.9194317,1.2477720e+04
 146.9398663,1.2478243e+04
 146.9603007,1.2494274e+04
 146.9807351,1.2486779e+04
 147.0011696,1.2478041e+04
 147.0216041,1.2476091e+04
 147.0420385,1.2473501e+04
 147.0624730,1.2481107e+04
 147.0829076,1.2475594e+04
 147.1033419,1.2476003e+04
 147.1237764,1.2481438e+04
 147.1442108,1.2476906e+04
 147.1646453,1.2469434e+04
 147.1850798,1.2477719e+04
 147.2055141,1.2475145e+04
 147.2259487,1.2475578e+04
 147.2463832,1.2466165e+04
 147.2668176,1.2469841e+04
 147.2872520,1.2477767e+04
 147.3076866,1.2478373e+04
 147.3281210,1.2473693e+04
 147.3485554,1.2471467e+04
 147.3689898,1.2470771e+04
 147.3894244,1.2481051e+04
 147.4098588,1.2477237e+04
 147.4302932,1.2469473e+04
 147.4507278,1.2480780e+04
 147.4711622,1.2472962e+04
 147.4915966,1.2485759e+04
 147.5120311,1.2483961e+04
 147.5324656,1.2476196e+04
 147.5529000,1.2460796e+04
 147.5733345,1.2485078e+04
 147.5937690,1.2468076e+04
 147.6142034,1.2474753e+04
 147.6346379,1.2482067e+04
 147.6550722,1.2477639e+04
 147.6755068,1.2473791e+04
 147.6959412,1.2475125e+04
 147.7163756,1.2473682e+04
 147.7368102,1.2473875e+04
 147.7572446,1.2477123e+04
 147.7776791,1.2487816e+04
 147.7981134,1.2486307e+04
 147.8185480,1.2482203e+04
 147.8389825,1.2457096e+04
 147.8594168,1.2399759e+04
 147.8798513,1.2378904e+04
 147.9002858,         null
 147.9207202,1.2376640e+04
 147.9411547,1.2398210e+04
 147.9615892,1.2424106e+04
 147.9820236,1.2475716e+04
 148.0024580,1.2483058e+04
 148.0228925,1.2479962e+04
 148.0433271,1.2474257e+04
 148.0637614,1.2475667e+04
 148.0841959,1.2474449e+04
 148.1046304,1.2485267e+04
 148.1250648,1.2481854e+04
 148.1454993,1.2478931e+04
 148.1659337,1.2474804e+04
 148.1863682,1.2478225e+04
 148.2068026,1.2479271e+04
 148.2272371,1.2491266e+04
 148.2476717,1.2483019e+04
 148.2681060,1.2483519e+04
 148.2885405,1.2484975e+04
 148.3089749,1.2482339e+04
 148.3294094,1.2486214e+04
 148.3498438,1.2477952e+04
 148.3702783,1.2479985e+04
 148.3907127,1.2478106e+04
 148.4111472,1.2484008e+04
 148.4315817,1.2485048e+04
 148.4520161,1.2478291e+04
 148.4724506,1.2480080e+04
 148.4928850,1.2473544e+04
 148.5133195,1.2483666e+04
 148.5337539,1.2484949e+04
 148.5541884,1.2480884e+04
 148.5746229,1.2478555e+04
 148.5950572,1.2488472e+04
 148.6154918,1.2473837e+04
 148.6359262,1.2481260e+04
 148.6563606,1.2479114e+04
 148.6767951,1.2477165e+04
 148.6972296,1.2475312e+04
 148.7176640,1.2485771e+04
 148.7380984,1.2473063e+04
 148.7585330,1.2480219e+04
 148.7789674,1.2477618e+04
 148.7994018,1.2473896e+04
 148.8198363,1.2486779e+04
 148.8402708,1.2478175e+04
 148.8607052,1.2475561e+04
 148.8811396,1.2477998e+04
 148.9015742,1.2484973e+04
 148.9220085,1.2473189e+04
 148.9424430,1.2467243e+04
 148.9628774,1.2484470e+04
 148.9833119,1.2480597e+04
 149.0037464,1.2480540e+04
 149.0241808,1.2480956e+04
 149.0446152,1.2476173e+04
 149.0650497,1.2482183e+04
 149.0854842,1.2478499e+04
 149.1059185,1.2474061e+04
 149.1263531,1.2470692e+04
 149.1467875,1.2471689e+04
 149.1672219,1.2476701e+04
 149.1876564,1.2477254e+04
 149.2080909,1.2485365e+04
 149.2285254,1.2485192e+04
 149.2489597,1.2476785e+04
 149.2693943,1.2473858e+04
 149.2898287,1.2476351e+04
 149.3102631,         null
 149.3306975,1.2469532e+04
 149.3511321,1.2474411e+04
 149.3715664,1.2476720e+04
 149.3920009,1.2479416e+04
 149.4124354,1.2480051e+04
 149.4328698,1.2476049e+04
 149.4533042,1.2481083e+04
 149.4737387,1.2463435e+04
 149.4941732,1.2481569e+04
 149.5146076,1.2466493e+04
 149.5350421,1.2479148e+04
 149.5554766,1.2473492e+04
 149.5759110,1.2482063e+04
 149.5963454,1.2473681e+04
 149.6167798,1.2478068e+04
 149.6372143,1.2479165e+04
 149.6576488,1.2478276e+04
 149.6780831,1.2473095e+04
 149.6985176,1.2482428e+04
 149.7189521,1.2474496e+04
 149.7393866,1.2483703e+04
 149.7598209,1.2482445e+04
 149.7802555,1.2483005e+04
 149.8006899,1.2481151e+04
 149.8211243,1.2482465e+04
 149.8415587,1.2486308e+04
 149.8619933,1.2489626e+04
 149.8824277,1.2488803e+04
 149.9028621,1.2489746e+04
 149.9232966,1.2480171e+04
 149.9437311,1.2482513e+04
 149.9641655,1.2485590e+04
 149.9845999,1.2482693e+04
 150.0050344,1.2479773e+04
 150.0254689,1.2484470e+04
 150.0459032,1.2479327e+04
 150.0663378,1.2476144e+04
 150.0867722,1.2479787e+04
 150.1072066,1.2476208e+04
 150.1276410,1.2481263e+04
 150.1480756,1.2482948e+04
 150.1685099,1.2484934e+04
 150.1889444,1.2487376e+04
 150.2093789,1.2477856e+04
 150.2298133,1.2479231e+04
 150.2502477,1.2481328e+04
 150.2706822,1.2481370e+04
 150.2911167,1.2493161e+04
 150.3115511,1.2479792e+04
 150.3319855,1.2499878e+04
 150.3524199,1.2483728e+04
 150.3728544,1.2476729e+04
 150.3932889,1.2479156e+04
 150.4137232,1.2489526e+04
 150.4341578,1.2490296e+04
 150.4545922,1.2481082e+04
 150.4750267,1.2478837e+04
 150.4954610,1.2482040e+04
 150.5158956,1.2492448e+04
 150.5363300,1.2479957e+04
 150.5567644,1.2483970e+04
 150.5771989,1.2474719e+04
 150.5976334,1.2477294e+04
 150.6180677,1.2471798e+04
 150.6385022,1.2484957e+04
 150.6589367,1.2484088e+04
 150.6793711,1.2484736e+04
 150.6998055,1.2477086e+04
 150.7202401,1.2481955e+04
 150.7406745,1.2478421e+04
 150.7611088,1.2483246e+04
 150.7815433,1.2485656e+04
 150.8019778,1.2485935e+04
 150.8224122,1.2479316e+04
 150.8428466,1.2475997e+04
 150.8632812,1.2467629e+04
 150.8837155,1.2482680e+04
 150.9041500,1.2483728e+04
 150.9245844,1.2480081e+04
 150.9450189,1.2486528e+04
 150.9654533,1.2474327e+04
 150.9858878,1.2482834e+04
 151.0063221,1.2480178e+04
 151.0267566,1.2489897e+04
 151.0471911,1.2489927e+04
 151.0676254,1.2485738e+04
 151.0880600,1.2488082e+04
 151.1084944,1.2486961e+04
 151.1289288,1.2487593e+04
 151.1493632,1.2480275e+04
 151.1697978,1.2484552e+04
 151.1902321,1.2482192e+04
 151.2106666,1.2478370e+04
 151.2311011,1.2484390e+04
 151.2515355,1.2475785e+04
 151.2719699,1.2481004e+04
 151.2924043,1.2482422e+04
 151.3128389,1.2478240e+04
 151.3332732,1.2486081e+04
 151.3537077,1.2488135e+04
 151.3741422,1.2483450e+04
 151.3945765,1.2485116e+04
 151.4150110,1.2491259e+04
 151.4354454,1.2493722e+04
 151.4558799,1.2486318e+04
 151.4763143,1.2483909e+04
 151.4967488,1.2484968e+04
 151.5171832,1.2500957e+04
 151.5376176,1.2493102e+04
 151.5580521,1.2490822e+04
 151.5784865,1.2491642e+04
 151.5989211,1.2491987e+04
 151.6193554,1.2485930e+04
 151.6397899,1.2489072e+04
 151.6602243,         null
 151.6806587,1.2489090e+04
 151.7010932,1.2489879e+04
 151.7215276,1.2486818e+04
 151.7419621,1.2479091e+04
 151.7623965,1.2481688e+04
 151.7828310,1.2489377e+04
 151.8032653,1.2480616e+04
 151.8236998,1.2479296e+04
 151.8441343,1.2476999e+04
 151.8645686,1.2480327e+04
 151.8850032,1.2482500e+04
 151.9054376,1.2484357e+04
 151.9258719,1.2484561e+04
 151.9463064,1.2494093e+04
 151.9667409,1.2483701e+04
 151.9871754,1.2491376e+04
 152.0076097,1.2481157e+04
 152.0280442,1.2478528e+04
 152.0484787,1.2483429e+04
 152.0689130,1.2480971e+04
 152.0893475,1.2483508e+04
 152.1097820,1.2488521e+04
 152.1302163,1.2484041e+04
 152.1506508,1.2486941e+04
 152.1710852,1.2475041e+04
 152.1915197,1.2482828e+04
 152.2119541,1.2493373e+04
 152.2323885,1.2481998e+04
 152.2528231,1.2485765e+04
 152.2732574,1.2479622e+04
 152.2936919,         null
 152.3141262,1.2493374e+04
 152.3345607,1.2503207e+04
 152.3549952,1.2485253e+04
 152.3754295,1.2473361e+04
 152.3958641,1.2481307e+04
 152.4162985,1.2488050e+04
 152.4367329,1.2480686e+04
 152.4571673,1.2484191e+04
 152.4776018,1.2478262e+04
 152.4980362,1.2487246e+04
 152.5184706,1.2485280e+04
 152.5389051,1.2488992e+04
 152.5593396,1.2428382e+04
 152.5797739,1.2390178e+04
 152.6002083,1.2385161e+04
 152.6206429,1.2378451e+04
 152.6410772,1.2389984e+04
 152.6615116,         null
 152.6819461,1.2484366e+04
 152.7023805,1.2486205e+04
 152.7228149,1.2487576e+04
 152.7432494,1.2486079e+04
 152.7636839,1.2485724e+04
 152.7841183,1.2489294e+04
 152.8045527,1.2474741e+04
 152.8249870,1.2478837e+04
 152.8454216,1.2480069e+04
 152.8658560,1.2478982e+04
 152.8862903,1.2485129e+04
 152.9067249,1.2475179e+04
 152.9271593,1.2488315e+04
 152.9475937,1.2473888e+04
 152.9680281,1.2487371e+04
 152.9884626,1.2481458e+04
 153.0088970,1.2485928e+04
 153.0293314,1.2479921e+04
 153.0497659,1.2483118e+04
 153.0702004,1.2480283e+04
 153.0906347,1.2485254e+04
 153.1110691,1.2489006e+04
 153.1315037,1.2482685e+04
 153.1519380,1.2491462e+04
 153.1723724,1.2490903e+04
 153.1928069,1.2489795e+04
 153.2132414,1.2488237e+04
 153.2336758,1.2484164e+04
 153.2541102,1.2487730e+04
 153.2745447,1.2491120e+04
 153.2949791,1.2492974e+04
 153.3154135,1.2484552e+04
 153.3358479,1.2483038e+04
 153.3562823,1.2486580e+04
 153.3767168,1.2488062e+04
 153.3971512,1.2486330e+04
 153.4175857,1.2480298e+04
 153.4380202,1.2481381e+04
 153.4584545,1.2489656e+04
 153.4788889,1.2478060e+04
 153.4993235,1.2480562e+04
 153.5197578,1.2487068e+04
 153.5401922,1.2482036e+04
 153.5606268,1.2498789e+04
 153.5810611,1.2488480e+04
 153.6014955,1.2485978e+04
 153.6219299,1.2486249e+04
 153.6423644,1.2494499e+04
 153.6627988,1.2489194e+04
 153.6832332,1.2477761e+04
 153.7036676,1.2478101e+04
 153.7241021,1.2479214e+04
 153.7445365,1.2482371e+04
 153.7649709,1.2476783e+04
 153.7854054,1.2494051e+04
 153.8058398,1.2482301e+04
 153.8262742,1.2484476e+04
 153.8467086,1.2476237e+04
 153.8671431,1.2481099e+04
 153.8875774,1.2477876e+04
 153.9080119,1.2484088e+04
 153.9284464,1.2487246e+04
 153.9488808,1.2490495e+04
 153.9693152,1.2477973e+04
 153.9897496,1.2485078e+04
 154.0101841,1.2470815e+04
 154.0306185,1.2478254e+04
 154.0510529,1.2482648e+04
 154.0714874,1.2484738e+04
 154.0919217,1.2474906e+04
 154.1123562,1.2480763e+04
 154.1327906,1.2490670e+04
 154.1532250,1.2493415e+04
 154.1736595,1.2477763e+04
 154.1940939,1.2484283e+04
 154.2145283,1.2484112e+04
 154.2349627,1.2480109e+04
 154.2553972,1.2489754e+04
 154.2758315,1.2483737e+04
 154.2962660,1.2481236e+04
 154.3167004,1.2483980e+04
 154.3371348,1.2492425e+04
 154.3575692,1.2481026e+04
 154.3780037,1.2497926e+04
 154.3984381,1.2486004e+04
 154.4188725,1.2498506e+04
 154.4393070,1.2496826e+04
 154.4597414,1.2490414e+04
 154.4801758,1.2488678e+04
 154.5006102,1.2478787e+04
 154.5210447,1.2492249e+04
 154.5414790,1.2497033e+04
 154.5619135,1.2487405e+04
 154.5823480,1.2481921e+04
 154.6027823,1.2503344e+04
 154.6232167,1.2494351e+04
 154.6436512,1.2485349e+04
 154.6640856,1.2493205e+04
 154.6845200,1.2485819e+04
 154.7049545,1.2488825e+04
 154.7253890,1.2487624e+04
 154.7458233,1.2482573e+04
 154.7662577,1.2488144e+04
 154.7866922,1.2485367e+04
 154.8071266,1.2500513e+04
 154.8275610,1.2484516e+04
 154.8479953,1.2494202e+04
 154.8684298,1.2493035e+04
 154.8888643,1.2488590e+04
 154.9092987,1.2491450e+04
 154.9297331,1.2488665e+04
 154.9501675,1.2495013e+04
 154.9706020,1.2490688e+04
 154.9910364,1.2484255e+04
 155.0114707,1.2494128e+04
 155.0319052,1.2484095e+04
 155.0523397,1.2497214e+04
 155.0727740,1.2488289e+04
 155.0932085,1.2483827e+04
 155.1136429,1.2492795e+04
 155.1340773,1.2484565e+04
 155.1545117,1.2483495e+04
 155.1749462,1.2478834e+04
 155.1953806,1.2486062e+04
 155.2158149,1.2487415e+04
 155.2362494,1.2484728e+04
 155.2566839,1.2480605e+04
 155.2771182,         null
 155.2975526,1.2483479e+04
 155.3179872,1.2491856e+04
 155.3384215,1.2488563e+04
 155.3588559,1.2483775e+04
 155.3792903,1.2492469e+04
 155.3997247,1.2483960e+04
 155.4201592,1.2486077e+04
 155.4405936,1.2495813e+04
 155.4610281,1.2492129e+04
 155.4814624,1.2485452e+04
 155.5018968,1.2488054e+04
 155.5223312,1.2477762e+04
 155.5427657,1.2491268e+04
 155.5632001,         null
 155.5836344,1.2492446e+04
 155.6040689,1.2482721e+04
 155.6245034,1.2487344e+04
 155.6449378,1.2483332e+04
 155.6653721,1.2483776e+04
 155.6858066,1.2480136e+04
 155.7062410,1.2482115e+04
 155.7266754,1.2492231e+04
 155.7471098,1.2482429e+04
 155.7675443,1.2492623e+04
 155.7879786,1.2484718e+04
 155.8084130,1.2489115e+04
 155.8288476,1.2473834e+04
 155.8492819,1.2482408e+04
 155.8697163,1.2482242e+04
 155.8901507,1.2491016e+04
 155.9105852,1.2480970e+04
 155.9310195,1.2482961e+04
 155.9514540,1.2484487e+04
 155.9718885,1.2488441e+04
 155.9923228,1.2486618e+04
 156.0127572,1.2484215e+04
 156.0331915,1.2477928e+04
 156.0536261,1.2481036e+04
 156.0740605,1.2490253e+04
 156.0944949,1.2484391e+04
 156.1149293,1.2478588e+04
 156.1353637,1.2492638e+04
 156.1557981,1.2480350e+04
 156.1762325,1.2485471e+04
 156.1966670,1.2478985e+04
 156.2171014,1.2487211e+04
 156.2375357,1.2487644e+04
 156.2579701,1.2482513e+04
 156.2784046,1.2485567e+04
 156.2988390,1.2491366e+04
 156.3192734,1.2486394e+04
 156.3397079,1.2476375e+04
 156.3601422,1.2478415e+04
 156.3805766,1.2487033e+04
 156.4010110,1.2480944e+04
 156.4214455,1.2485449e+04
 156.4418799,1.2490896e+04
 156.4623143,1.2489794e+04
 156.4827488,1.2488735e+04
 156.5031831,1.2481468e+04
 156.5236175,1.2487049e+04
 156.5440519,1.2493234e+04
 156.5644863,1.2484996e+04
 156.5849208,1.2495208e+04
 156.6053552,1.2483279e+04
 156.6257896,1.2494641e+04
 156.6462240,1.2491394e+04
 156.6666584,1.2484809e+04
 156.6870928,1.2484458e+04
 156.7075272,1.2484141e+04
 156.7279617,1.2484098e+04
 156.7483961,1.2486715e+04
 156.7688304,1.2483938e+04
 156.7892649,1.2475295e+04
 156.8096993,1.2482274e+04
 156.8301337,1.2481702e+04
 156.8505681,1.2480618e+04
 156.8710025,1.2475968e+04
 156.8914370,1.2487979e+04
 156.9118713,1.2479291e+04
 156.9323058,1.2474161e+04
 156.9527402,1.2483865e+04
 156.9731745,1.2484880e+04
 156.9936090,1.2483197e+04
 157.0140434,1.2479459e+04
 157.0344777,1.2481137e+04
 157.0549121,1.2482893e+04
 157.0753467,1.2478244e+04
 157.0957810,1.2486934e+04
 157.1162154,1.2485440e+04
 157.1366499,1.2483141e+04
 157.1570843,1.2474268e+04
 157.1775186,1.2498805e+04
 157.1979530,1.2487293e+04
 157.2183875,1.2480994e+04
 157.2388218,1.2483232e+04
 157.2592562,1.2454006e+04
 157.2796907,1.2406752e+04
 157.3001251,1.2384147e+04
 157.3205595,1.2378206e+04
 157.3409939,1.2379767e+04
 157.3614283,1.2399212e+04
 157.3818627,1.2446633e+04
 157.4022971,1.2482238e+04
 157.4227314,1.2480946e+04
 157.4431659,1.2484255e+04
 157.4636003,1.2481509e+04
 157.4840346,1.2487127e+04
 157.5044692,1.2486410e+04
 157.5249036,1.2484079e+04
 157.5453379,1.2487619e+04
 157.5657723,1.2488200e+04
 157.5862068,1.2482555e+04
 157.6066411,1.2483757e+04
 157.6270755,1.2486260e+04
 157.6475100,1.2490589e+04
 157.6679444,1.2503575e+04
 157.6883787,1.2491421e+04
 157.7088131,1.2488757e+04
 157.7292476,1.2482444e+04
 157.7496819,1.2482620e+04
 157.7701163,1.2485964e+04
 157.7905509,1.2486110e+04
 157.8109852,1.2486170e+04
 157.8314196,1.2477776e+04
 157.8518540,1.2484903e+04
 157.8722884,1.2477062e+04
 157.8927228,1.2473364e+04
 157.9131572,1.2485631e+04
 157.9335915,1.2487358e+04
 157.9540260,1.2482519e+04
 157.9744604,1.2491284e+04
 157.9948947,1.2481207e+04
 158.0153292,1.2482365e+04
 158.0357636,1.2480015e+04
 158.0561979,1.2486633e+04
 158.0766323,1.2480848e+04
 158.0970668,1.2479906e+04
 158.1175012,1.2482604e+04
 158.1379355,1.2469395e+04
 158.1583700,1.2490581e+04
 158.1788044,1.2476705e+04
 158.1992387,1.2489573e+04
 158.2196732,1.2486851e+04
 158.2401077,1.2490697e+04
 158.2605420,         null
 158.2809764,1.2483154e+04
 158.3014109,1.2488216e+04
 158.3218453,1.2485083e+04
 158.3422796,1.2482585e+04
 158.3627140,1.2487699e+04
 158.3831485,1.2490740e+04
 158.4035829,1.2482234e+04
 158.4240172,1.2485449e+04
 158.4444516,1.2487264e+04
 158.4648861,1.2486843e+04
 158.4853204,1.2481724e+04
 158.5057548,1.2479299e+04
 158.5261893,1.2491707e+04
 158.5466236,1.2486317e+04
 158.5670580,1.2477876e+04
 158.5874924,1.2472429e+04
 158.6079268,1.2484244e+04
 158.6283612,1.2491899e+04
 158.6487956,1.2482561e+04
 158.6692301,1.2480214e+04
 158.6896644,1.2488450e+04
 158.7100988,1.2481104e+04
 158.7305331,1.2476160e+04
 158.7509676,1.2478765e+04
 158.7714020,1.2481409e+04
 158.7918364,1.2480511e+04
 158.8122708,1.2483718e+04
 158.8327052,1.2479604e+04
 158.8531396,1.2493932e+04
 158.8735739,1.2480960e+04
 158.8940084,1.2488771e+04
 158.9144428,1.2484026e+04
 158.9348771,1.2480493e+04
 158.9553116,1.2488249e+04
 158.9757460,1.2478900e+04
 158.9961803,1.2494783e+04
 159.0166147,1.2479462e+04
 159.0370492,1.2482016e+04
 159.0574835,1.2479736e+04
 159.0779179,1.2486113e+04
 159.0983523,1.2485847e+04
 159.1187868,1.2484572e+04
 159.1392211,1.2476511e+04
 159.1596555,1.2483164e+04
 159.1800900,1.2477430e+04
 159.2005243,1.2487169e+04
 159.2209587,1.2481761e+04
 159.2413929,1.2486194e+04
 159.2618274,1.2483577e+04
 159.2822618,1.2479218e+04
 159.3026962,1.2484787e+04
 159.3231306,1.2486891e+04
 159.3435650,1.2485308e+04
 159.3639994,1.2475089e+04
 159.3844337,1.2481943e+04
 159.4048682,1.2488703e+04
 159.4253026,1.2480959e+04
 159.4457369,1.2486882e+04
 159.4661714,1.2478478e+04
 159.4866058,1.2472883e+04
 159.5070401,1.2478145e+04
 159.5274745,1.2487021e+04
 159.5479090,1.2478827e+04
 159.5683433,1.2474053e+04
 159.5887777,1.2478239e+04
 159.6092121,1.2480123e+04
 159.6296466,1.2469158e+04
 159.6500808,1.2487461e+04
 159.6705152,1.2482067e+04
 159.6909497,1.2484190e+04
 159.7113840,1.2478879e+04
 159.7318184,1.2480342e+04
 159.7522528,1.2486492e+04
 159.7726872,1.2479421e+04
 159.7931216,1.2478821e+04
 159.8135560,1.2479189e+04
 159.8339904,1.2486853e+04
 159.8544248,1.2479613e+04
 159.8748592,1.2486411e+04
 159.8952935,1.2486510e+04
 159.9157280,1.2515488e+04
 159.9361623,1.2487352e+04
 159.9565967,1.2490613e+04
 159.9770311,1.2480454e+04
 159.9974655,1.2487817e+04
 160.0178999,1.2489148e+04
 160.0383343,1.2477685e+04
 160.0587687,1.2484095e+04
 160.0792031,1.2484008e+04
 160.0996375,1.2493831e+04
 160.1200718,1.2483898e+04
 160.1405063,1.2491711e+04
 160.1609406,1.2484624e+04
 160.1813749,1.2480145e+04
 160.2018094,1.2474131e+04
 160.2222438,1.2487730e+04
 160.2426781,1.2481030e+04
 160.2631125,1.2482011e+04
 160.2835470,1.2480157e+04
 160.3039813,1.2485197e+04
 160.3244157,1.2480713e+04
 160.3448502,1.2482309e+04
 160.3652845,1.2481598e+04
 160.3857188,1.2497755e+04
 160.4061532,1.2485103e+04
 160.4265877,1.2478593e+04
 160.4470220,1.2482087e+04
 160.4674564,1.2482409e+04
 160.4878909,1.2489733e+04
 160.5083252,1.2476639e+04
 160.5287595,1.2483323e+04
 160.5491939,1.2488280e+04
 160.5696283,1.2493300e+04
 160.5900627,1.2478499e+04
 160.6104971,1.2474758e+04
 160.6309314,1.2486029e+04
 160.6513659,1.2477154e+04
 160.6718003,1.2477511e+04
 160.6922345,1.2487809e+04
 160.7126690,1.2479274e+04
 160.7331034,1.2480804e+04
 160.7535377,1.2479191e+04
 160.7739721,1.2487316e+04
 160.7944066,1.2479495e+04
 160.8148410,1.2481386e+04
 160.8352752,1.2484293e+04
 160.8557097,1.2482483e+04
 160.8761441,1.2478534e+04
 160.8965784,1.2489299e+04
 160.9170128,1.2485154e+04
 160.9374473,1.2485819e+04
 160.9578816,1.2484681e+04
 160.9783159,1.2484845e+04
 160.9987504,1.2491800e+04
 161.0191847,1.2479498e+04
 161.0396191,1.2475335e+04
 161.0600535,1.2483316e+04
 161.0804879,1.2482892e+04
 161.1009222,1.2480637e+04
 161.1213566,1.2489729e+04
 161.1417911,1.2487902e+04
 161.1622254,1.2484755e+04
 161.1826598,1.2480151e+04
 161.2030941,1.2479352e+04
 161.2235285,1.2490476e+04
 161.2439629,         null
 161.2643973,1.2474156e+04
 161.2848316,1.2476479e+04
 161.3052661,1.2484055e+04
 161.3257005,1.2491707e+04
 161.3461347,1.2487060e+04
 161.3665692,1.2484946e+04
 161.3870036,1.2474207e+04
 161.4074379,1.2481073e+04
 161.4278723,1.2482963e+04
 161.4483067,1.2480480e+04
 161.4687410,1.2482672e+04
 161.4891754,1.2483100e+04
 161.5096099,1.2482883e+04
 161.5300442,1.2480183e+04
 161.5504785,1.2481434e+04
 161.5709129,1.2471747e+04
 161.5913474,1.2485044e+04
 161.6117817,1.2489956e+04
 161.6322161,1.2481674e+04
 161.6526505,1.2480985e+04
 161.6730849,1.2489610e+04
 161.6935192,1.2493222e+04
 161.7139536,1.2482697e+04
 161.7343881,1.2482978e+04
 161.7548223,1.2486222e+04
 161.7752567,1.2482597e+04
 161.7956911,1.2481210e+04
 161.8161255,1.2482928e+04
 161.8365599,1.2489841e+04
 161.8569942,1.2486160e+04
 161.8774287,1.2473696e+04
 161.8978630,1.2491432e+04
 161.9182974,1.2478102e+04
 161.9387316,1.2492195e+04
 161.9591661,1.2481747e+04
 161.9796005,1.2406356e+04
 162.0000349,1.2378456e+04
 162.0204692,1.2370828e+04
 162.0409036,1.2376646e+04
 162.0613380,1.2392536e+04
 162.0817723,1.2413921e+04
 162.1022068,1.2472878e+04
 162.1226411,1.2484371e+04
 162.1430754,1.2483510e+04
 162.1635099,1.2484239e+04
 162.1839443,1.2481845e+04
 162.2043785,1.2486247e+04
 162.2248129,1.2483576e+04
 162.2452474,1.2474197e+04
 162.2656817,1.2490085e+04
 162.2861160,1.2491590e+04
 162.3065505,1.2489764e+04
 162.3269849,1.2481480e+04
 162.3474192,1.2476158e+04
 162.3678535,1.2486478e+04
 162.3882880,1.2481484e+04
 162.4087223,1.2481917e+04
 162.4291567,1.2488389e+04
 162.4495909,1.2489212e+04
 162.4700254,1.2475263e+04
 162.4904598,1.2481569e+04
 162.5108935,1.2485159e+04
 162.5313280,1.2481580e+04
 162.5517623,1.2479434e+04
 162.5721967,1.2479121e+04
 162.5926310,1.2488249e+04
 162.6130655,1.2485199e+04
 162.6334998,1.2481610e+04
 162.6539342,1.2489824e+04
 162.6743686,1.2486020e+04
 162.6948029,1.2476072e+04
 162.7152373,1.2483252e+04
 162.7356716,1.2484372e+04
 162.7561060,1.2478224e+04
 162.7765404,1.2487934e+04
 162.7969748,1.2480221e+04
 162.8174091,1.2483098e+04
 162.8378435,1.2487702e+04
 162.8582779,1.2485422e+04
 162.8787121,1.2477185e+04
 162.8991466,1.2483520e+04
 162.9195810,1.2484808e+04
 162.9400152,1.2489257e+04
 162.9604496,1.2483872e+04
 162.9808841,1.2489747e+04
 163.0013184,1.2487185e+04
 163.0217527,1.2483940e+04
 163.0421872,1.2476823e+04
 163.0626216,1.2484986e+04
 163.0830558,1.2487241e+04
 163.1034902,1.2484457e+04
 163.1239247,1.2492164e+04
 163.1443589,1.2478586e+04
 163.1647933,1.2488806e+04
 163.1852278,1.2486500e+04
 163.2056620,1.2488531e+04
 163.2260964,1.2480417e+04
 163.2465308,1.2490336e+04
 163.2669651,1.2494492e+04
 163.2873995,1.2491237e+04
 163.3078339,1.2485885e+04
 163.3282683,1.2492817e+04
 163.3487026,1.2496655e+04
 163.3691370,1.2488991e+04
 163.3895712,1.2499695e+04
 163.4100057,1.2490484e+04
 163.4304401,1.2486401e+04
 163.4508743,1.2486375e+04
 163.4713088,1.2488551e+04
 163.4917432,1.2488987e+04
 163.5121775,1.2496197e+04
 163.5326118,1.2484449e+04
 163.5530463,1.2487224e+04
 163.5734806,1.2486954e+04
 163.5939149,1.2484773e+04
 163.6143493,1.2489113e+04
 163.6347837,1.2484556e+04
 163.6552180,1.2476411e+04
 163.6756524,1.2485301e+04
 163.6960868,1.2485247e+04
 163.7165211,1.2482544e+04
 163.7369555,1.2478938e+04
 163.7573898,1.2483932e+04
 163.7778242,1.2486363e+04
 163.7982585,1.2484752e+04
 163.8186929,1.2479419e+04
 163.8391274,1.2488980e+04
 163.8595616,1.2478647e+04
 163.8799960,1.2474823e+04
 163.9004303,1.2477695e+04
 163.9208647,1.2479224e+04
 163.9412991,1.2473843e+04
 163.9617334,1.2486505e+04
 163.9821678,1.2482573e+04
 164.0026022,1.2490484e+04
 164.0230365,1.2479086e+04
 164.0434708,1.2490671e+04
 164.0639053,1.2488376e+04
 164.0843396,1.2486571e+04
 164.1047740,1.2489059e+04
 164.1252082,1.2483531e+04
 164.1456427,1.2485961e+04
 164.1660770,1.2491745e+04
 164.1865113,1.2499504e+04
 164.2069458,1.2488328e+04
 164.2273801,         null
 164.2478144,1.2484246e+04
 164.2682488,1.2489156e+04
 164.2886831,1.2482961e+04
 164.3091175,1.2490712e+04
 164.3295518,1.2482698e+04
 164.3499863,1.2483560e+04
 164.3704207,1.2490364e+04
 164.3908549,1.2493837e+04
 164.4112893,1.2484970e+04
 164.4317236,1.2485878e+04
 164.4521580,1.2494144e+04
 164.4725923,1.2478458e+04
 164.4930268,1.2489426e+04
 164.5134611,1.2490962e+04
 164.5338954,1.2484306e+04
 164.5543298,1.2484175e+04
 164.5747641,1.2486786e+04
 164.5951985,1.2491469e+04
 164.6156329,1.2495869e+04
 164.6360671,1.2493381e+04
 164.6565016,1.2476958e+04
 164.6769359,1.2487688e+04
 164.6973703,1.2486843e+04
 164.7178046,1.2482953e+04
 164.7382390,1.2476258e+04
 164.7586733,1.2478430e+04
 164.7791076,1.2487208e+04
 164.7995421,1.2499620e+04
 164.8199764,1.2482924e+04
 164.8404107,1.2489420e+04
 164.8608451,1.2485867e+04
 164.8812795,1.2489823e+04
 164.9017137,1.2490201e+04
 164.9221481,1.2495033e+04
 164.9425825,1.2490804e+04
 164.9630168,1.2492131e+04
 164.9834511,1.2490964e+04
