        TIME,  PDCSAP_FLUX
 131.5124043,1.4999139e+04
 131.5328387,1.4987430e+04
 131.5532729,1.4986302e+04
 131.5737070,1.4987729e+04
 131.5941412,1.4985107e+04
 131.6145755,1.4985557e+04
 131.6350097,1.4991961e+04
 131.6554439,1.4987432e+04
 131.6758782,1.4997824e+04
 131.6963124,1.4988886e+04
 131.7167466,1.4985578e+04
 131.7371808,1.4986681e+04
 131.7576151,1.4990231e+04
 131.7780492,1.4992358e+04
 131.7984834,1.4990513e+04
 131.8189178,1.4996934e+04
 131.8393519,1.4997696e+04
 131.8597861,1.4994450e+04
 131.8802203,1.4990738e+04
 131.9006546,1.4985524e+04
 131.9210888,1.4998835e+04
 131.9415230,1.4987790e+04
 131.9619572,1.4987144e+04
 131.9823914,1.4988838e+04
 132.0028257,1.4995887e+04
 132.0232598,1.4994644e+04
 132.0436941,1.4992068e+04
 132.0641283,1.4987257e+04
 132.0845624,1.4997312e+04
 132.1049967,1.4988317e+04
 132.1254310,1.4990319e+04
 132.1458651,1.4987288e+04
 132.1662993,1.4997911e+04
 132.1867336,1.4994703e+04
 132.2071679,1.4990270e+04
 132.2276020,1.4981653e+04
 132.2480362,1.4989689e+04
 132.2684705,1.4982130e+04
 132.2889046,1.4983680e+04
 132.3093389,1.4991288e+04
 132.3297732,1.4986447e+04
 132.3502073,1.4982239e+04
 132.3706415,1.4986944e+04
 132.3910757,1.4984179e+04
 132.4115100,1.4997152e+04
 132.4319442,1.4982137e+04
 132.4523784,1.4990199e+04
 132.4728127,1.4990284e+04
 132.4932468,1.4988684e+04
 132.5136810,1.4987696e+04
 132.5341152,1.4989226e+04
 132.5545495,1.4990305e+04
 132.5749837,1.4991926e+04
 132.5954178,1.5001110e+04
 132.6158521,1.4995234e+04
 132.6362864,1.4988126e+04
 132.6567206,1.4994606e+04
 132.6771547,1.4987085e+04
 132.6975890,1.4993721e+04
 132.7180232,1.4991372e+04
 132.7384573,1.4983187e+04
 132.7588917,1.4990848e+04
 132.7793259,1.4992971e+04
 132.7997600,1.4983565e+04
 132.8201942,1.4993487e+04
 132.8406285,1.4993889e+04
 132.8610627,1.4984280e+04
 132.8814969,1.4994462e+04
 132.9019312,1.4990200e+04
 132.9223653,1.4993281e+04
 132.9427995,1.4992430e+04
 132.9632337,1.4982605e+04
 132.9836681,1.4994015e+04
 133.0041022,1.4987200e+04
 133.0245364,1.4987029e+04
 133.0449706,1.4994555e+04
 133.0654048,1.4977893e+04
 133.0858390,1.4989316e+04
 133.1062733,1.4984619e+04
 133.1267075,1.4992916e+04
 133.1471417,1.4993497e+04
 133.1675759,1.4982797e+04
 133.1880101,1.4990579e+04
 133.2084444,1.4990223e+04
 133.2288786,1.4991640e+04
 133.2493128,1.5000140e+04
 133.2697470,1.4987302e+04
 133.2901812,1.4991673e+04
 133.3106154,1.4988026e+04
 133.3310495,1.4987758e+04
 133.3514838,1.4984761e+04
 133.3719181,1.4983367e+04
 133.3923523,1.4990321e+04
 133.4127865,1.4984933e+04
 133.4332207,1.4992130e+04
 133.4536549,1.4988293e+04
 133.4740890,1.4988860e+04
 133.4945234,1.4991893e+04
 133.5149576,1.4985586e+04
 133.5353917,1.4986585e+04
 133.5558260,1.4992437e+04
 133.5762602,1.4993428e+04
 133.5966943,1.4982261e+04
 133.6171285,1.4990016e+04
 133.6375629,1.4991733e+04
 133.6579971,1.4989777e+04
 133.6784312,1.4989626e+04
 133.6988655,1.4991130e+04
 133.7192997,1.4991710e+04
 133.7397338,1.4990208e+04
 133.7601680,1.4978182e+04
 133.7806024,1.4984569e+04
 133.8010365,1.4992094e+04
 133.8214707,1.4986130e+04
 133.8419049,1.4997818e+04
 133.8623391,1.4989272e+04
 133.8827733,1.4985009e+04
 133.9032075,1.4994468e+04
 133.9236417,1.4987960e+04
 133.9440760,1.4989322e+04
 133.9645102,1.4982518e+04
 133.9849443,1.4984947e+04
 134.0053786,1.4988310e+04
 134.0258128,1.4996848e+04
 134.0462469,1.4984918e+04
 134.0666812,1.4991327e+04
 134.0871154,1.4992483e+04
 134.1075496,1.4986366e+04
 134.1279838,1.4990108e+04
 134.1484181,1.4987227e+04
 134.1688523,1.4998494e+04
 134.1892864,1.4985261e+04
 134.2097207,1.4991245e+04
 134.2301549,1.4993758e+04
 134.2505890,1.4984769e+04
 134.2710233,1.4995297e+04
 134.2914576,1.5001115e+04
 134.3118917,1.4980763e+04
 134.3323259,1.4983590e+04
 134.3527602,1.4988376e+04
 134.3731943,1.4987408e+04
 134.3936285,         null
 134.4140627,1.4986954e+04
 134.4344970,1.4995798e+04
 134.4549312,1.4989560e+04
 134.4753654,1.4978387e+04
 134.4957997,1.4980817e+04
 134.5162338,1.4990786e+04
 134.5366680,1.4987302e+04
 134.5571021,1.4987903e+04
 134.5775364,1.4987976e+04
 134.5979706,1.4994680e+04
 134.6184047,1.4987562e+04
 134.6388390,1.4990581e+04
 134.6592733,1.4987062e+04
 134.6797075,1.4989994e+04
 134.7001417,1.4993886e+04
 134.7205759,1.4985208e+04
 134.7410101,1.4980598e+04
 134.7614442,1.4989545e+04
 134.7818784,1.4982188e+04
 134.8023127,1.4993876e+04
 134.8227469,1.4979495e+04
 134.8431811,1.4992488e+04
 134.8636154,1.4992746e+04
 134.8840496,1.4990479e+04
 134.9044838,1.4977755e+04
 134.9249179,1.4987175e+04
 134.9453522,1.4992661e+04
 134.9657864,1.4977604e+04
 134.9862205,1.4982959e+04
 135.0066548,1.4987106e+04
 135.0270890,1.4982944e+04
 135.0475231,1.4985056e+04
 135.0679574,1.4985040e+04
 135.0883917,1.4986545e+04
 135.1088258,1.4988570e+04
 135.1292600,1.4992566e+04
 135.1496943,1.4985507e+04
 135.1701285,1.4991658e+04
 135.1905626,1.4979120e+04
 135.2109968,1.4983782e+04
 135.2314311,1.4996848e+04
 135.2518652,1.4981720e+04
 135.2722994,1.4985336e+04
 135.2927335,1.4992527e+04
 135.3131679,1.4980390e+04
 135.3336021,1.4986233e+04
 135.3540362,1.4985459e+04
 135.3744705,1.4986633e+04
 135.3949047,1.4983053e+04
 135.4153389,1.4993030e+04
 135.4357730,1.4990855e+04
 135.4562073,1.4991562e+04
 135.4766415,1.4988341e+04
 135.4970756,1.4993229e+04
 135.5175099,1.4990866e+04
 135.5379441,1.4983797e+04
 135.5583782,1.4990035e+04
 135.5788124,1.4991969e+04
 135.5992467,1.4986405e+04
 135.6196809,1.4987653e+04
 135.6401151,1.4989498e+04
 135.6605494,1.4987330e+04
 135.6809836,1.4987095e+04
 135.7014177,1.4987695e+04
 135.7218519,1.4992712e+04
 135.7422862,1.4985570e+04
 135.7627203,1.4989994e+04
 135.7831545,1.4981687e+04
 135.8035888,1.4983128e+04
 135.8240229,1.4994542e+04
 135.8444571,1.4999730e+04
 135.8648913,1.4986148e+04
 135.8853255,1.4985265e+04
 135.9057597,1.4984952e+04
 135.9261939,1.4995396e+04
 135.9466280,1.4984343e+04
 135.9670623,1.5009009e+04
 135.9874966,1.4986706e+04
 136.0079307,1.4987435e+04
 136.0283650,1.4994116e+04
 136.0487992,1.4993340e+04
 136.0692333,1.4981229e+04
 136.0896675,1.4989447e+04
 136.1101018,1.4985591e+04
 136.1305360,1.4989826e+04
 136.1509701,1.4989761e+04
 136.1714044,1.4986214e+04
 136.1918386,1.4989217e+04
 136.2122727,1.4984659e+04
 136.2327069,1.4995483e+04
 136.2531412,1.4992543e+04
 136.2735753,1.4998111e+04
 136.2940095,1.4980343e+04
 136.3144438,1.4987229e+04
 136.3348779,1.4993806e+04
 136.3553121,1.4996904e+04
 136.3757463,1.4992950e+04
 136.3961805,1.4986053e+04
 136.4166147,1.4992676e+04
 136.4370489,1.4992707e+04
 136.4574832,1.4982771e+04
 136.4779173,1.4981182e+04
 136.4983515,1.4992419e+04
 136.5187857,1.4981229e+04
 136.5392199,1.4985163e+04
 136.5596541,1.4978153e+04
 136.5800883,1.4988653e+04
 136.6005225,1.4985117e+04
 136.6209568,1.4991742e+04
 136.6413910,1.4993637e+04
 136.6618252,1.4976444e+04
 136.6822594,1.4991041e+04
 136.7026936,1.4989117e+04
 136.7231278,1.4986758e+04
 136.7435619,1.4993979e+04
 136.7639962,1.4987702e+04
 136.7844304,1.4970845e+04
 136.8048645,1.4989215e+04
 136.8252988,1.4997883e+04
 136.8457330,1.4984449e+04
 136.8661672,1.4986905e+04
 136.8866013,1.4984235e+04
 136.9070356,1.4988951e+04
 136.9274698,1.4988277e+04
 136.9479039,1.4988331e+04
 136.9683382,1.4983171e+04
 136.9887724,1.4986381e+04
 137.0092065,1.4993286e+04
 137.0296407,1.4983399e+04
 137.0500750,1.4985509e+04
 137.0705091,1.4987330e+04
 137.0909433,1.4997907e+04
 137.1113776,1.4999687e+04
 137.1318117,1.4991691e+04
 137.1522459,1.4997710e+04
 137.1726801,1.4988522e+04
 137.1931144,1.4987677e+04
 137.2135485,1.4980935e+04
 137.2339827,1.4989643e+04
 137.2544168,1.4995938e+04
 137.2748511,1.4992673e+04
 137.2952853,1.4986630e+04
 137.3157194,1.4980425e+04
 137.3361537,1.4985325e+04
 137.3565879,1.4989814e+04
 137.3770221,         null
 137.3974562,1.4978867e+04
 137.4178905,1.4987327e+04
 137.4383247,1.4991258e+04
 137.4587587,1.4984333e+04
 137.4791930,1.4974792e+04
 137.4996272,1.4992263e+04
 137.5200613,1.4990399e+04
 137.5404955,1.4981196e+04
 137.5609298,1.5001694e+04
 137.5813639,1.4986363e+04
 137.6017981,1.4990593e+04
 137.6222324,1.4989002e+04
 137.6426666,1.4988042e+04
 137.6631007,1.4986791e+04
 137.6835349,1.4995633e+04
 137.7039692,1.4990965e+04
 137.7244033,1.4983232e+04
 137.7448375,1.4966593e+04
 137.7652718,1.4990245e+04
 137.7857059,1.4990569e+04
 137.8061401,1.4988106e+04
 137.8265742,1.4984648e+04
 137.8470085,1.4989240e+04
 137.8674427,1.4981725e+04
 137.8878769,1.4986275e+04
 137.9083110,1.4983088e+04
 137.9287453,1.4985098e+04
 137.9491795,1.4988567e+04
 137.9696136,1.4993263e+04
 137.9900479,1.4988266e+04
 138.0104821,1.4983262e+04
 138.0309162,1.4988746e+04
 138.0513504,1.4981028e+04
 138.0717846,1.4981991e+04
 138.0922188,1.4979412e+04
 138.1126529,1.4990775e+04
 138.1330872,1.4981529e+04
 138.1535214,1.4987025e+04
 138.1739555,1.4985904e+04
 138.1943897,1.4979977e+04
 138.2148240,1.4979395e+04
 138.2352582,1.4989034e+04
 138.2556923,1.4991781e+04
 138.2761266,1.4985658e+04
 138.2965608,1.4986268e+04
 138.3169949,1.4986469e+04
 138.3374291,1.4985770e+04
 138.3578634,1.4982973e+04
 138.3782976,1.4981196e+04
 138.3987317,1.4977536e+04
 138.4191660,1.4979698e+04
 138.4396001,1.4983952e+04
 138.4600342,1.4998686e+04
 138.4804684,1.4976756e+04
 138.5009027,1.4980253e+04
 138.5213368,1.4981517e+04
 138.5417710,1.4980266e+04
 138.5622052,1.4981969e+04
 138.5826394,1.4989588e+04
 138.6030736,1.4988294e+04
 138.6235078,1.4980440e+04
 138.6439420,1.4985638e+04
 138.6643762,1.4977807e+04
 138.6848104,1.4989631e+04
 138.7052445,1.5005735e+04
 138.7256787,1.4975649e+04
 138.7461129,1.4978674e+04
 138.7665470,1.4979707e+04
 138.7869813,1.4987835e+04
 138.8074155,1.4986802e+04
 138.8278496,1.4973972e+04
 138.8482838,1.4991884e+04
 138.8687181,1.4987316e+04
 138.8891523,1.4980770e+04
 138.9095864,1.4981955e+04
 138.9300207,1.4980073e+04
 138.9504549,1.4991282e+04
 138.9708889,1.4986680e+04
 138.9913231,1.4979363e+04
 139.0117574,1.4993821e+04
 139.0321915,1.4983296e+04
 139.0526257,1.4986240e+04
 139.0730600,1.4978042e+04
 139.0934941,1.4969521e+04
 139.1139283,1.4979271e+04
 139.1343625,1.4984280e+04
 139.1547967,1.4988384e+04
 139.1752309,1.4990677e+04
 139.1956650,1.4983462e+04
 139.2160991,1.4977716e+04
 139.2365334,1.4981818e+04
 139.2569676,1.4979979e+04
 139.2774017,1.4983169e+04
 139.2978360,1.4987695e+04
 139.3182702,1.4979121e+04
 139.3387044,1.4986046e+04
 139.3591385,1.4993374e+04
 139.3795727,1.4984752e+04
 139.4000069,1.4980365e+04
 139.4204410,1.4985828e+04
 139.4408753,1.4980874e+04
 139.4613095,1.4979950e+04
 139.4817436,1.4969891e+04
 139.5021778,1.4975520e+04
 139.5226121,1.4983392e+04
 139.5430462,1.4985580e+04
 139.5634803,1.4983319e+04
 139.5839146,1.4982723e+04
 139.6043487,1.4976136e+04
 139.6247829,1.4978092e+04
 139.6452171,1.4983585e+04
 139.6656514,1.4978250e+04
 139.6860855,1.4975404e+04
 139.7065197,1.4982785e+04
 139.7269538,1.4987396e+04
 139.7473880,1.4981792e+04
 139.7678222,1.4989418e+04
 139.7882564,1.4979831e+04
 139.8086906,1.4980745e+04
 139.8291248,1.4980663e+04
 139.8495590,1.4984983e+04
 139.8699932,1.4977210e+04
 139.8904273,1.4986673e+04
 139.9108615,1.4976060e+04
 139.9312957,1.4978772e+04
 139.9517300,1.4980135e+04
 139.9721641,1.4978265e+04
 139.9925983,1.4980044e+04
 140.0130324,1.4983463e+04
 140.0334666,1.4979259e+04
 140.0539008,1.4976670e+04
 140.0743350,1.4987144e+04
 140.0947692,1.4983275e+04
 140.1152034,1.4979331e+04
 140.1356376,1.4994801e+04
 140.1560717,1.4978195e+04
 140.1765059,1.4971961e+04
 140.1969401,1.4976281e+04
 140.2173742,1.4982003e+04
 140.2378085,1.4983205e+04
 140.2582427,1.4968441e+04
 140.2786768,1.4984511e+04
 140.2991110,1.4982415e+04
 140.3195452,1.4996218e+04
 140.3399793,1.4977640e+04
 140.3604135,         null
 140.3808477,1.4987331e+04
 140.4012820,1.4979116e+04
 140.4217161,1.4981729e+04
 140.4421502,1.4982907e+04
 140.4625845,1.4978710e+04
 140.4830186,1.4997501e+04
 140.5034528,1.4979972e+04
 140.5238869,1.4976719e+04
 140.5443212,1.4977450e+04
 140.5647553,1.4977584e+04
 140.5851895,1.4970320e+04
 140.6056237,1.4970915e+04
 140.6260579,1.4972595e+04
 140.6464921,1.4993033e+04
 140.6669262,1.4984120e+04
 140.6873604,1.4983352e+04
 140.7077946,1.4989854e+04
 140.7282287,1.4983172e+04
 140.7486630,1.4975210e+04
 140.7690972,1.4980570e+04
 140.7895313,1.4980587e+04
 140.8099654,1.4979249e+04
 140.8303997,1.4980864e+04
 140.8508339,1.4972203e+04
 140.8712680,1.4978269e+04
 140.8917022,1.4983167e+04
 140.9121364,1.4977185e+04
 140.9325705,1.4979940e+04
 140.9530047,1.4976021e+04
 140.9734390,1.4978271e+04
 140.9938731,1.4981248e+04
 141.0143072,1.4981491e+04
 141.0347414,1.4974050e+04
 141.0551756,1.4976943e+04
 141.0756098,1.4972120e+04
 141.0960440,1.4977969e+04
 141.1164782,1.4978147e+04
 141.1369123,1.4975689e+04
 141.1573465,1.4971431e+04
 141.1777806,1.4979618e+04
 141.1982149,1.4977164e+04
 141.2186491,1.4982642e+04
 141.2390831,1.4981449e+04
 141.2595174,1.4977857e+04
 141.2799516,1.4991712e+04
 141.3003857,1.4979884e+04
 141.3208199,1.4992377e+04
 141.3412541,1.4995832e+04
 141.3616883,1.4986244e+04
 141.3821224,1.4975554e+04
 141.4025566,1.4975008e+04
 141.4229908,1.4986469e+04
 141.4434250,1.4974453e+04
 141.4638591,1.4994161e+04
 141.4842934,1.4977232e+04
 141.5047276,1.4984880e+04
 141.5251616,1.4987061e+04
 141.5455958,1.4994542e+04
 141.5660300,1.4976841e+04
 141.5864643,1.4990491e+04
 141.6068984,1.4978700e+04
 141.6273326,1.4978029e+04
 141.6477668,1.4983664e+04
 141.6682009,1.4986016e+04
 141.6886351,1.4989294e+04
 141.7090693,1.4977710e+04
 141.7295034,1.4973265e+04
 141.7499376,1.4974301e+04
 141.7703719,1.4974343e+04
 141.7908059,1.4983278e+04
 141.8112401,1.4979984e+04
 141.8316743,1.4976756e+04
 141.8521085,1.4986391e+04
 141.8725427,1.4980871e+04
 141.8929768,1.4989547e+04
 141.9134111,1.4976738e+04
 141.9338452,1.4979344e+04
 141.9542794,1.4979462e+04
 141.9747134,1.4980465e+04
 141.9951477,1.4980981e+04
 142.0155819,1.4983366e+04
 142.0360160,1.4983354e+04
 142.0564501,1.4979351e+04
 142.0768844,1.4975781e+04
 142.0973186,1.4977833e+04
 142.1177527,1.4981395e+04
 142.1381869,1.4981593e+04
 142.1586211,1.4987541e+04
 142.1790552,1.4976730e+04
 142.1994894,1.4979074e+04
 142.2199236,1.4978066e+04
 142.2403577,1.4985487e+04
 142.2607919,1.4980563e+04
 142.2812262,1.4977199e+04
 142.3016602,1.4972779e+04
 142.3220944,1.4977125e+04
 142.3425286,1.4987493e+04
 142.3629629,1.4975416e+04
 142.3833969,1.4972603e+04
 142.4038311,1.4983337e+04
 142.4242654,1.4982532e+04
 142.4446995,1.4983722e+04
 142.4651336,1.4980623e+04
 142.4855677,1.4982283e+04
 142.5060020,1.4980678e+04
 142.5264361,1.4985708e+04
 142.5468703,1.4985420e+04
 142.5673044,1.4968994e+04
 142.5877387,1.4975730e+04
 142.6081728,1.4980553e+04
 142.6286069,1.4975048e+04
 142.6490412,1.4972142e+04
 142.6694754,1.4984015e+04
 142.6899094,1.4973205e+04
 142.7103436,1.4972021e+04
 142.7307779,1.4973121e+04
 142.7512119,1.4972961e+04
 142.7716461,1.4983141e+04
 142.7920804,1.4974191e+04
 142.8125145,1.4977684e+04
 142.8329486,1.4982822e+04
 142.8533828,1.4971878e+04
 142.8738171,1.4977692e+04
 142.8942511,1.4985590e+04
 142.9146853,1.4974445e+04
 142.9351196,1.4981061e+04
 142.9555537,1.4975690e+04
 142.9759878,1.4974575e+04
 142.9964219,1.4972824e+04
 143.0168562,1.4983940e+04
 143.0372903,1.4988992e+04
 143.0577245,1.4978132e+04
 143.0781587,1.4985881e+04
 143.0985929,1.4979727e+04
 143.1190270,1.4989127e+04
 143.1394612,1.4978986e+04
 143.1598954,1.4978461e+04
 143.1803295,1.4974348e+04
 143.2007636,1.4978143e+04
 143.2211978,1.4977751e+04
 143.2416320,1.4979703e+04
 143.2620662,1.4981511e+04
 143.2825004,1.4969123e+04
 143.3029345,1.4986029e+04
 143.3233687,1.4978023e+04
 143.3438029,         null
 143.3642370,1.4972716e+04
 143.3846712,1.4982015e+04
 143.4051054,1.4982554e+04
 143.4255395,1.4985951e+04
 143.4459737,1.4978479e+04
 143.4664079,1.4977535e+04
 143.4868420,1.4967177e+04
 143.5072761,1.4974031e+04
 143.5277104,1.4967392e+04
 143.5481446,1.4975422e+04
 143.5685786,1.4985481e+04
 143.5890129,1.4977280e+04
 143.6094471,1.4980659e+04
 143.6298811,1.4975294e+04
 143.6503153,1.4978482e+04
 143.6707496,1.4979169e+04
 143.6911836,1.4975694e+04
 143.7116178,1.4980956e+04
 143.7320520,1.4972232e+04
 143.7524861,1.4971612e+04
 143.7729203,1.4981166e+04
 143.7933545,1.4977292e+04
 143.8137886,1.4970333e+04
 143.8342228,1.4973800e+04
 143.8546570,1.4975851e+04
 143.8750910,1.4979494e+04
 143.8955253,1.4975388e+04
 143.9159595,1.4981465e+04
 143.9363935,1.4972550e+04
 143.9568278,1.4980598e+04
 143.9772620,1.4968744e+04
 143.9976960,1.4972564e+04
 144.0181302,1.4982339e+04
 144.0385645,1.4976213e+04
 144.0589986,1.4976113e+04
 144.0794327,1.4980633e+04
 144.0998669,1.4982596e+04
 144.1203011,1.4978456e+04
 144.1407352,1.4978667e+04
 144.1611693,1.4974104e+04
 144.1816036,1.4978593e+04
 144.2020377,1.4975768e+04
 144.2224718,1.4997610e+04
 144.2429061,1.4974995e+04
 144.2633402,1.4981868e+04
 144.2837743,1.4971382e+04
 144.3042085,1.4982766e+04
 144.3246426,1.4976239e+04
 144.3450768,1.4975598e+04
 144.3655110,1.4974536e+04
 144.3859450,1.4969030e+04
 144.4063793,1.4974777e+04
 144.4268135,1.4975302e+04
 144.4472475,1.4972160e+04
 144.4676818,1.4980138e+04
 144.4881160,1.4972020e+04
 144.5085500,1.4977266e+04
 144.5289842,1.4980697e+04
 144.5494184,1.4973368e+04
 144.5698526,1.4981899e+04
 144.5902867,1.4986275e+04
 144.6107209,1.4970202e+04
 144.6311551,1.4976220e+04
 144.6515891,1.4976062e+04
 144.6720233,1.4981922e+04
 144.6924576,1.4982979e+04
 144.7128916,1.4967123e+04
 144.7333258,1.4984247e+04
 144.7537601,1.4983770e+04
 144.7741941,1.4977599e+04
 144.7946283,1.4977053e+04
 144.8150624,1.4974274e+04
 144.8354967,1.4973959e+04
 144.8559308,1.4969583e+04
 144.8763649,1.4982917e+04
 144.8967991,1.4982795e+04
 144.9172332,1.4973269e+04
 144.9376674,1.4976537e+04
 144.9581016,1.4975198e+04
 144.9785358,1.4969038e+04
 144.9989699,1.4979620e+04
 145.0194040,1.4988080e+04
 145.0398382,1.4985720e+04
 145.0602724,1.4972554e+04
 145.0807065,1.4975341e+04
 145.1011407,1.4980230e+04
 145.1215749,1.4978347e+04
 145.1420090,1.4978649e+04
 145.1624431,1.4979619e+04
 145.1828772,1.4971216e+04
 145.2033115,1.4980289e+04
 145.2237456,1.4982623e+04
 145.2441797,1.4983004e+04
 145.2646139,1.4979629e+04
 145.2850481,1.4978738e+04
 145.3054823,1.4980418e+04
 145.3259163,1.4980691e+04
 145.3463506,1.4976487e+04
 145.3667847,1.4982776e+04
 145.3872188,1.4977980e+04
 145.4076530,1.4978146e+04
 145.4280872,1.4977600e+04
 145.4485213,1.4982087e+04
 145.4689554,1.4971632e+04
 145.4893897,1.4975600e+04
 145.5098237,1.4978952e+04
 145.5302579,1.4976405e+04
 145.5506920,1.4980562e+04
 145.5711263,1.4972070e+04
 145.5915603,1.4981546e+04
 145.6119945,1.4983909e+04
 145.6324288,1.4974205e+04
 145.6528628,1.4988368e+04
 145.6732970,1.4971076e+04
 145.6937310,1.4978600e+04
 145.7141653,1.4978830e+04
 145.7345994,1.4987408e+04
 145.7550336,1.4984733e+04
 145.7754677,1.4971914e+04
 145.7959019,1.4975975e+04
 145.8163361,1.4981777e+04
 145.8367701,1.4965349e+04
 145.8572044,1.4977895e+04
 145.8776385,1.4982065e+04
 145.8980726,1.4973622e+04
 145.9185068,1.4979449e+04
 145.9389410,1.4976746e+04
 145.9593750,1.4982841e+04
 145.9798092,1.4978556e+04
 146.0002434,1.4972669e+04
 146.0206776,1.4979080e+04
 146.0411117,1.4983685e+04
 146.0615459,1.4982132e+04
 146.0819801,1.4980438e+04
 146.1024141,1.4987171e+04
 146.1228483,1.4981423e+04
 146.1432825,1.4973603e+04
 146.1637166,1.4974419e+04
 146.1841507,1.4986840e+04
 146.2045849,1.4968343e+04
 146.2250190,1.4974370e+04
 146.2454532,1.4975332e+04
 146.2658873,1.4975463e+04
 146.2863215,1.4969823e+04
 146.3067556,1.4979320e+04
 146.3271898,         null
 146.3476238,1.4975568e+04
 146.3680581,1.4967508e+04
 146.3884922,1.4978957e+04
 146.4089263,1.4976497e+04
 146.4293605,1.4975056e+04
 146.4497947,1.4985346e+04
 146.4702288,1.4976950e+04
 146.4906630,1.4988002e+04
 146.5110972,1.4977096e+04
 146.5315313,1.4980420e+04
 146.5519654,1.4970142e+04
 146.5723996,1.4972207e+04
 146.5928338,1.4978167e+04
 146.6132679,1.4975931e+04
 146.6337020,1.4981310e+04
 146.6541362,1.4982131e+04
 146.6745704,1.4976552e+04
 146.6950044,1.4988035e+04
 146.7154387,1.4980787e+04
 146.7358728,1.4973837e+04
 146.7563070,1.4964680e+04
 146.7767410,1.4989319e+04
 146.7971753,1.4979661e+04
 146.8176094,1.4978567e+04
 146.8380434,1.4972804e+04
 146.8584776,1.4983497e+04
 146.8789118,1.4981668e+04
 146.8993459,1.4981132e+04
 146.9197800,1.4980436e+04
 146.9402143,1.4966167e+04
 146.9606483,1.4971289e+04
 146.9810825,1.4976104e+04
 147.0015166,1.4972265e+04
 147.0219508,1.4979020e+04
 147.0423849,1.4987592e+04
 147.0628191,1.4980810e+04
 147.0832533,1.4976070e+04
 147.1036874,1.4976322e+04
 147.1241215,1.4975508e+04
 147.1445556,1.4986094e+04
 147.1649898,1.4982941e+04
 147.1854240,1.4970104e+04
 147.2058580,1.4983084e+04
 147.2262923,1.4983974e+04
 147.2467264,1.4977412e+04
 147.2671605,1.4974109e+04
 147.2875946,1.4983096e+04
 147.3080288,1.4981089e+04
 147.3284630,1.4971541e+04
 147.3488970,1.4981312e+04
 147.3693312,1.4990539e+04
 147.3897654,1.4982585e+04
 147.4101995,1.4976243e+04
 147.4306336,1.4987780e+04
 147.4510679,1.4973233e+04
 147.4715019,1.4979650e+04
 147.4919360,1.4975034e+04
 147.5123702,1.4975142e+04
 147.5328044,1.4975749e+04
 147.5532385,1.4973035e+04
 147.5736726,1.4977887e+04
 147.5941069,1.4978696e+04
 147.6145409,1.4968703e+04
 147.6349751,1.4977895e+04
 147.6554091,1.4973669e+04
 147.6758433,1.4976340e+04
 147.6962775,1.4973525e+04
 147.7167115,1.4982416e+04
 147.7371458,1.4975274e+04
 147.7575799,1.4976409e+04
 147.7780141,1.4968819e+04
 147.7984481,1.4974271e+04
 147.8188824,1.4972965e+04
 147.8393165,1.4975673e+04
 147.8597505,1.4970369e+04
 147.8801847,1.4981034e+04
 147.9006189,         null
 147.9210530,1.4990862e+04
 147.9414871,1.4970676e+04
 147.9619213,1.4976363e+04
 147.9823554,1.4979208e+04
 148.0027895,1.4984983e+04
 148.0232237,1.4980838e+04
 148.0436579,1.4971429e+04
 148.0640920,1.4984422e+04
 148.0845261,1.4980938e+04
 148.1049603,1.4970334e+04
 148.1253944,1.4983466e+04
 148.1458285,1.4977325e+04
 148.1662627,1.4982949e+04
 148.1866968,1.4981881e+04
 148.2071309,1.4979963e+04
 148.2275651,1.4978895e+04
 148.2479993,1.4975647e+04
 148.2684334,1.4973126e+04
 148.2888675,1.4976373e+04
 148.3093016,1.4980874e+04
 148.3297358,1.4985164e+04
 148.3501699,1.4989195e+04
 148.3706041,1.4977424e+04
 148.3910381,1.4994268e+04
 148.4114723,1.4974674e+04
 148.4319065,1.4980627e+04
 148.4523406,1.4966662e+04
 148.4727748,1.4975085e+04
 148.4932089,1.4974858e+04
 148.5136430,1.4980420e+04
 148.5340771,1.4976132e+04
 148.5545113,1.4971054e+04
 148.5749455,1.4974713e+04
 148.5953795,1.4973499e+04
 148.6158137,1.4975559e+04
 148.6362479,1.4980703e+04
 148.6566819,1.4977135e+04
 148.6771160,1.4974565e+04
 148.6975503,1.4980625e+04
 148.7179843,1.4978676e+04
 148.7384185,1.4974105e+04
 148.7588527,1.4970407e+04
 148.7792868,1.4977909e+04
 148.7997209,1.4976717e+04
 148.8201550,1.4974838e+04
 148.8405892,1.4973828e+04
 148.8610233,1.4973604e+04
 148.8814574,1.4966235e+04
 148.9018916,1.4969957e+04
 148.9223257,1.4981486e+04
 148.9427598,1.4979135e+04
 148.9631940,1.4981200e+04
 148.9836281,1.4984313e+04
 149.0040622,1.4973464e+04
 149.0244964,1.4978151e+04
 149.0449304,1.4976228e+04
 149.0653646,1.4979979e+04
 149.0857988,1.4973326e+04
 149.1062328,1.4981325e+04
 149.1266670,1.4975863e+04
 149.1471012,1.4988346e+04
 149.1675352,1.4978407e+04
 149.1879693,1.4980781e+04
 149.2084036,1.4970553e+04
 149.2288377,1.4975871e+04
 149.2492717,1.4983182e+04
 149.2697060,1.4982713e+04
 149.2901401,1.4976149e+04
 149.3105741,         null
 149.3310083,1.4978604e+04
 149.3514425,1.4980258e+04
 149.3718765,1.4976259e+04
 149.3923107,1.4986925e+04
 149.4127449,1.4988705e+04
 149.4331789,1.4984231e+04
 149.4536131,1.4977015e+04
 149.4740472,1.4982826e+04
 149.4944813,1.4978402e+04
 149.5149155,1.4977929e+04
 149.5353496,1.4986910e+04
 149.5557838,1.4979579e+04
 149.5762179,1.4975080e+04
 149.5966520,1.4987979e+04
 149.6170860,1.4981420e+04
 149.6375203,1.4971702e+04
 149.6579544,1.4983854e+04
 149.6783884,1.4976478e+04
 149.6988226,1.4991214e+04
 149.7192568,1.4982769e+04
 149.7396909,1.4976019e+04
 149.7601250,1.4979409e+04
 149.7805592,1.4980934e+04
 149.8009933,1.4991444e+04
 149.8214274,1.4990225e+04
 149.8418615,1.4974615e+04
 149.8622957,1.4985481e+04
 149.8827298,1.4978748e+04
 149.9031639,1.4987546e+04
 149.9235981,1.4979378e+04
 149.9440322,1.4977365e+04
 149.9644664,1.4984269e+04
 149.9849004,1.4982816e+04
 150.0053346,1.4977803e+04
 150.0257687,1.4980683e+04
 150.0462028,1.4977294e+04
 150.0666370,1.4989583e+04
 150.0870711,1.4977631e+04
 150.1075052,1.4976656e+04
 150.1279393,1.4976831e+04
 150.1483735,1.4980693e+04
 150.1688076,1.4977379e+04
 150.1892417,1.4980068e+04
 150.2096759,1.4984291e+04
 150.2301099,1.4984104e+04
 150.2505441,1.4978606e+04
 150.2709782,1.4978194e+04
 150.2914124,1.4975318e+04
 150.3118464,1.4983783e+04
 150.3322806,1.4985048e+04
 150.3527146,1.4973395e+04
 150.3731488,1.4972366e+04
 150.3935830,1.4982371e+04
 150.4140170,1.4970159e+04
 150.4344512,1.4985197e+04
 150.4548853,1.4976847e+04
 150.4753195,1.4981423e+04
 150.4957535,1.4986628e+04
 150.5161877,1.4966454e+04
 150.5366218,1.4980564e+04
 150.5570559,1.4982821e+04
 150.5774901,1.4978292e+04
 150.5979242,1.4976238e+04
 150.6183582,1.4979093e+04
 150.6387924,1.4978062e+04
 150.6592266,1.4981797e+04
 150.6796606,1.4985586e+04
 150.7000947,1.5004957e+04
 150.7205290,1.4991864e+04
 150.7409631,1.4982235e+04
 150.7613971,1.4995716e+04
 150.7818312,1.4985856e+04
 150.8022655,1.4975714e+04
 150.8226995,1.4989712e+04
 150.8431336,1.4974381e+04
 150.8635678,1.4983796e+04
 150.8840019,1.4981721e+04
 150.9044360,1.4979674e+04
 150.9248701,1.4972179e+04
 150.9453042,1.4981969e+04
 150.9657384,1.4983930e+04
 150.9861725,1.4983436e+04
 151.0066065,1.4989768e+04
 151.0270407,1.4985800e+04
 151.0474748,1.4983071e+04
 151.0679089,1.4974604e+04
 151.0883431,1.4984415e+04
 151.1087772,1.4973087e+04
 151.1292112,1.4980599e+04
 151.1496454,1.4991164e+04
 151.1700796,1.4980234e+04
 151.1905136,1.4979922e+04
 151.2109477,1.4976227e+04
 151.2313819,1.4981748e+04
 151.2518161,1.4982497e+04
 151.2722501,1.4980735e+04
 151.2926842,1.4988344e+04
 151.3131184,1.4980499e+04
 151.3335524,1.4989254e+04
 151.3539866,1.4980169e+04
 151.3744208,1.4972573e+04
 151.3948548,1.4990428e+04
 151.4152889,1.4972351e+04
 151.4357230,1.4981459e+04
 151.4561572,1.4972964e+04
 151.4765913,1.4984397e+04
 151.4970254,1.4982764e+04
 151.5174595,1.4989434e+04
 151.5378936,1.4984242e+04
 151.5583278,1.4980136e+04
 151.5787619,1.4971801e+04
 151.5991961,1.4983243e+04
 151.6196301,1.4975938e+04
 151.6400642,1.4976265e+04
 151.6604984,         null
 151.6809325,1.4981512e+04
 151.7013666,1.4999492e+04
 151.7218007,1.4986447e+04
 151.7422348,1.4980754e+04
 151.7626690,1.4988876e+04
 151.7831031,1.4980939e+04
 151.8035371,1.4980498e+04
 151.8239713,1.4980427e+04
 151.8444054,1.4988553e+04
 151.8648394,1.4971834e+04
 151.8852737,1.4978507e+04
 151.9057078,1.4979984e+04
 151.9261418,1.4981341e+04
 151.9465759,1.4980689e+04
 151.9670101,1.4980945e+04
 151.9874442,1.4974148e+04
 152.0078783,1.4980095e+04
 152.0283125,1.4982832e+04
 152.0487466,1.4981317e+04
 152.0691806,1.4975426e+04
 152.0896147,1.4984396e+04
 152.1100489,1.4977580e+04
 152.1304830,1.4992792e+04
 152.1509171,1.4984356e+04
 152.1713512,1.4969453e+04
 152.1917853,1.4982619e+04
 152.2122194,1.4976627e+04
 152.2326535,1.4977653e+04
 152.2530877,1.4975605e+04
 152.2735218,1.4981054e+04
 152.2939559,         null
 152.3143899,1.4987365e+04
 152.3348241,1.4983522e+04
 152.3552582,1.4983068e+04
 152.3756922,1.4979087e+04
 152.3961264,1.4980040e+04
 152.4165606,1.4984012e+04
 152.4369947,1.4986786e+04
 152.4574287,1.4982281e+04
 152.4778629,1.4981283e+04
 152.4982970,1.4985035e+04
 152.5187310,1.4971700e+04
 152.5391652,1.4981251e+04
 152.5595993,1.4979399e+04
 152.5800334,1.4979729e+04
 152.6004675,1.4991042e+04
 152.6209017,1.4991927e+04
 152.6413357,1.4985619e+04
 152.6617698,         null
 152.6822039,1.4975658e+04
 152.7026380,1.4987430e+04
 152.7230721,1.4980728e+04
 152.7435063,1.4974924e+04
 152.7639405,1.4968175e+04
 152.7843745,1.4978799e+04
 152.8048086,1.4978913e+04
 152.8252426,1.4981621e+04
 152.8456768,1.4988255e+04
 152.8661109,1.4985116e+04
 152.8865449,1.4980938e+04
 152.9069791,1.4976021e+04
 152.9274133,1.4970979e+04
 152.9478474,1.4981797e+04
 152.9682814,1.4989556e+04
 152.9887156,1.4988062e+04
 153.0091497,1.4971111e+04
 153.0295837,1.4973600e+04
 153.0500179,1.4979927e+04
 153.0704520,1.4992227e+04
 153.0908860,1.4989583e+04
 153.1113201,1.4988237e+04
 153.1317543,1.4988150e+04
 153.1521884,1.4983489e+04
 153.1726225,1.4982127e+04
 153.1930566,1.4986400e+04
 153.2134908,1.4988922e+04
 153.2339249,1.4984388e+04
 153.2543589,1.4982429e+04
 153.2747931,1.4975013e+04
 153.2952272,1.4973784e+04
 153.3156612,1.4984112e+04
 153.3360953,1.4982750e+04
 153.3565294,1.4985057e+04
 153.3769635,1.4989736e+04
 153.3973977,1.4987516e+04
 153.4178319,1.4992159e+04
 153.4382660,1.4981355e+04
 153.4587000,1.4987550e+04
 153.4791341,1.4989727e+04
 153.4995683,1.4987607e+04
 153.5200023,1.4985430e+04
 153.5404364,1.4988828e+04
 153.5608706,1.4990903e+04
 153.5813046,1.4983936e+04
 153.6017387,1.4986759e+04
 153.6221728,1.4984328e+04
 153.6426069,1.4978761e+04
 153.6630410,1.4981511e+04
 153.6834751,1.4995053e+04
 153.7039091,1.4978672e+04
 153.7243433,1.4976938e+04
 153.7447774,1.4983475e+04
 153.7652115,1.4986688e+04
 153.7856457,1.4983576e+04
 153.8060798,1.4987439e+04
 153.8265138,1.4987104e+04
 153.8469479,1.4980604e+04
 153.8673821,1.4983834e+04
 153.8878161,1.4982646e+04
 153.9082502,1.4984147e+04
 153.9286844,1.4983434e+04
 153.9491185,1.4978298e+04
 153.9695525,1.4983448e+04
 153.9899866,1.4984937e+04
 154.0104208,1.4979484e+04
 154.0308548,1.4989455e+04
 154.0512889,1.4985127e+04
 154.0717231,1.4982120e+04
 154.0921571,1.4987269e+04
 154.1125912,1.4984198e+04
 154.1330253,1.4969143e+04
 154.1534594,1.4997230e+04
 154.1738935,1.4981972e+04
 154.1943276,1.4975491e+04
 154.2147617,1.4980518e+04
 154.2351958,1.4981572e+04
 154.2556299,1.4974064e+04
 154.2760639,1.4982031e+04
 154.2964981,1.4991580e+04
 154.3169322,1.4990840e+04
 154.3373662,1.4976166e+04
 154.3578003,1.4989910e+04
 154.3782345,1.4973522e+04
 154.3986685,1.4976917e+04
 154.4191026,1.4985330e+04
 154.4395368,1.4992206e+04
 154.4599709,1.4987545e+04
 154.4804049,1.4978588e+04
 154.5008390,1.4980504e+04
 154.5212732,1.4988796e+04
 154.5417072,1.4980855e+04
 154.5621413,1.4983428e+04
 154.5825755,1.4994171e+04
 154.6030095,1.4983217e+04
 154.6234436,1.4984345e+04
 154.6438777,1.4984326e+04
 154.6643118,1.4979589e+04
 154.6847459,1.4983286e+04
 154.7051800,1.4980056e+04
 154.7256142,1.4988781e+04
 154.7460482,1.4992642e+04
 154.7664823,1.4980291e+04
 154.7869164,1.4982521e+04
 154.8073505,1.4986076e+04
 154.8277846,1.4991511e+04
 154.8482186,1.4978407e+04
 154.8686528,1.5008441e+04
 154.8890869,1.4980448e+04
 154.9095210,1.4982846e+04
 154.9299551,1.4985490e+04
 154.9503892,1.4993832e+04
 154.9708233,1.4984728e+04
 154.9912574,1.4985350e+04
 155.0116914,1.4988945e+04
 155.0321256,1.4994499e+04
 155.0525597,1.4989147e+04
 155.0729936,1.4985812e+04
 155.0934278,1.4988411e+04
 155.1138619,1.4989599e+04
 155.1342959,1.4977649e+04
 155.1547300,1.4989542e+04
 155.1751642,1.4987679e+04
 155.1955983,1.4992671e+04
 155.2160323,1.4984541e+04
 155.2364664,1.4984285e+04
 155.2569006,1.4976846e+04
 155.2773346,         null
 155.2977687,1.4995656e+04
 155.3182029,1.4984865e+04
 155.3386369,1.4982022e+04
 155.3590710,1.4993583e+04
 155.3795051,1.4981730e+04
 155.3999392,1.4987636e+04
 155.4203732,1.4984193e+04
 155.4408073,1.4981348e+04
 155.4612415,1.4981769e+04
 155.4816755,1.4990970e+04
 155.5021096,1.4985695e+04
 155.5225436,1.4980112e+04
 155.5429778,1.4975808e+04
 155.5634119,         null
 155.5838459,1.4984807e+04
 155.6042801,1.4978645e+04
 155.6247142,1.4973197e+04
 155.6451483,1.4988222e+04
 155.6655823,1.4991500e+04
 155.6860164,1.4981716e+04
 155.7064505,1.4990745e+04
 155.7268845,1.4986356e+04
 155.7473186,1.4986476e+04
 155.7677528,1.4980688e+04
 155.7881868,1.4987912e+04
 155.8086209,1.4972772e+04
 155.8290551,1.4989417e+04
 155.8494891,1.4982271e+04
 155.8699232,1.4981361e+04
 155.8903572,1.4989778e+04
 155.9107914,1.4996845e+04
 155.9312254,1.4979092e+04
 155.9516595,1.4978617e+04
 155.9720937,1.4987569e+04
 155.9925277,1.4991369e+04
 156.0129618,1.4980964e+04
 156.0333958,1.4982496e+04
 156.0538300,1.4986360e+04
 156.0742640,1.4980240e+04
 156.0946981,1.4984141e+04
 156.1151322,1.4987511e+04
 156.1355663,1.4975446e+04
 156.1560004,1.4986396e+04
 156.1764344,1.4979847e+04
 156.1968686,1.4989815e+04
 156.2173027,1.4986171e+04
 156.2377366,1.4982419e+04
 156.2581707,1.4984791e+04
 156.2786049,1.4995075e+04
 156.2990389,1.4986097e+04
 156.3194730,1.4985731e+04
 156.3399072,1.4989954e+04
 156.3603412,1.4988381e+04
 156.3807753,1.4990634e+04
 156.4012093,1.4989857e+04
 156.4216435,1.4983146e+04
 156.4420775,1.4983064e+04
 156.4625116,1.4981550e+04
 156.4829458,1.4983732e+04
 156.5033798,1.4987752e+04
 156.5238139,1.4982630e+04
 156.5442479,1.4986814e+04
 156.5646820,1.4992491e+04
 156.5851161,1.4990222e+04
 156.6055502,1.4984822e+04
 156.6259843,1.4988240e+04
 156.6464184,1.4970178e+04
 156.6668524,1.4977904e+04
 156.6872865,1.4989471e+04
 156.7077206,1.4989594e+04
 156.7281547,1.4983074e+04
 156.7485888,1.4993609e+04
 156.7690228,1.4987354e+04
 156.7894569,1.4986889e+04
 156.8098910,1.4992409e+04
 156.8303251,1.4985804e+04
 156.8507592,1.4977716e+04
 156.8711933,1.4987470e+04
 156.8916274,1.4987056e+04
 156.9120613,1.4977945e+04
 156.9324955,1.4987754e+04
 156.9529296,1.4975156e+04
 156.9733636,1.4990101e+04
 156.9937978,1.4981848e+04
 157.0142318,1.4988553e+04
 157.0346658,1.4979187e+04
 157.0550999,1.4993866e+04
 157.0755341,1.4988291e+04
 157.0959681,1.4984767e+04
 157.1164022,1.4987340e+04
 157.1368363,1.4985071e+04
 157.1572704,1.4980915e+04
 157.1777044,1.4984981e+04
 157.1981385,1.4981655e+04
 157.2185727,1.4979630e+04
 157.2390066,1.4978368e+04
 157.2594407,1.4981081e+04
 157.2798748,1.4990352e+04
 157.3003089,1.4978416e+04
 157.3207430,1.4984291e+04
 157.3411770,1.4978749e+04
 157.3616111,1.4991828e+04
 157.3820452,1.4983360e+04
 157.4024793,1.4991580e+04
 157.4229132,1.4974532e+04
 157.4433474,1.4978657e+04
 157.4637815,1.4987593e+04
 157.4842155,1.4975144e+04
 157.5046497,1.4979913e+04
 157.5250837,1.4989413e+04
 157.5455177,1.4982837e+04
 157.5659518,1.4988715e+04
 157.5863860,1.4992504e+04
 157.6068199,1.4988611e+04
 157.6272540,1.4978994e+04
 157.6476882,1.4983131e+04
 157.6681223,1.4982906e+04
 157.6885563,1.5015070e+04
 157.7089903,1.4987610e+04
 157.7294245,1.4979451e+04
 157.7498585,1.4985492e+04
 157.7702926,1.4976063e+04
 157.7907267,1.4981631e+04
 157.8111607,1.4987075e+04
 157.8315948,1.4983441e+04
 157.8520289,1.4990738e+04
 157.8724629,1.4989831e+04
 157.8928970,1.4989794e+04
 157.9133311,1.4986202e+04
 157.9337651,1.4987843e+04
 157.9541992,1.4988755e+04
 157.9746333,1.4996561e+04
 157.9950673,1.4998022e+04
 158.0155015,1.4980669e+04
 158.0359355,1.4993374e+04
 158.0563695,1.4981948e+04
 158.0768036,1.4992164e+04
 158.0972378,1.4989732e+04
 158.1176718,1.4979177e+04
 158.1381058,1.4988902e+04
 158.1585400,1.4985164e+04
 158.1789741,1.4983271e+04
 158.1994080,1.4986334e+04
 158.2198421,1.4981730e+04
 158.2402763,1.4984052e+04
 158.2607102,         null
 158.2811443,1.4983120e+04
 158.3015785,1.4984529e+04
 158.3220126,1.4985827e+04
 158.3424465,1.4980128e+04
 158.3628806,1.4986403e+04
 158.3833148,1.4985019e+04
 158.4037488,1.4991052e+04
 158.4241828,1.4998083e+04
 158.4446169,1.4986754e+04
 158.4650511,1.4984241e+04
 158.4854850,1.4987355e+04
 158.5059191,1.4997613e+04
 158.5263533,1.4992779e+04
 158.5467872,1.4990057e+04
 158.5672213,1.4985263e+04
 158.5876554,1.4982170e+04
 158.6080894,1.4990056e+04
 158.6285235,1.4990354e+04
 158.6489576,1.4989053e+04
 158.6693918,1.4982586e+04
 158.6898257,1.4980882e+04
 158.7102598,1.4985165e+04
 158.7306938,1.4980929e+04
 158.7511279,1.4982274e+04
 158.7715620,1.5003124e+04
 158.7919961,1.4988604e+04
 158.8124301,1.4984913e+04
 158.8328642,1.4979690e+04
 158.8532983,1.4989655e+04
 158.8737322,1.4990348e+04
 158.8941664,1.4987610e+04
 158.9146005,1.4984789e+04
 158.9350344,1.4985740e+04
 158.9554686,1.4994866e+04
 158.9759027,1.4981010e+04
 158.9963366,1.4977063e+04
 159.0167707,1.4989130e+04
 159.0372049,1.4992642e+04
 159.0576388,1.4985452e+04
 159.0780729,1.4987298e+04
 159.0985070,1.4981143e+04
 159.1189411,1.4978994e+04
 159.1393751,1.4985925e+04
 159.1598092,1.4980125e+04
 159.1802433,1.4983034e+04
 159.2006773,1.4983485e+04
 159.2211114,1.4983089e+04
 159.2415453,1.4985563e+04
 159.2619795,1.4980407e+04
 159.2824136,1.4982338e+04
 159.3028476,1.4981605e+04
 159.3232817,1.4984290e+04
 159.3437158,1.4983317e+04
 159.3641498,1.4989502e+04
 159.3845838,1.4985566e+04
 159.4050180,1.4983711e+04
 159.4254520,1.4985327e+04
 159.4458860,1.4982786e+04
 159.4663201,1.4984966e+04
 159.4867542,1.4980038e+04
 159.5071882,1.4982368e+04
 159.5276222,1.4990130e+04
 159.5480564,1.4988093e+04
 159.5684904,1.4980106e+04
 159.5889244,1.4977587e+04
 159.6093585,1.4984794e+04
 159.6297926,1.4999408e+04
 159.6502266,1.4989850e+04
 159.6706607,1.4974812e+04
 159.6910948,1.4999546e+04
 159.7115288,1.4986777e+04
 159.7319629,1.4982623e+04
 159.7523969,1.4979653e+04
 159.7728310,1.4989082e+04
 159.7932650,1.4987368e+04
 159.8136991,1.4985911e+04
 159.8341332,1.4982674e+04
 159.8545672,1.4988119e+04
 159.8750013,1.4994896e+04
 159.8954352,1.4992040e+04
 159.9158694,1.4979932e+04
 159.9363035,1.4985410e+04
 159.9567375,1.4991291e+04
 159.9771716,1.4981820e+04
 159.9976056,1.4986831e+04
 160.0180397,1.4986146e+04
 160.0384738,1.4984466e+04
 160.0589078,1.4982773e+04
 160.0793419,1.4989376e+04
 160.0997759,1.4982930e+04
 160.1202099,1.4993258e+04
 160.1406440,1.4980969e+04
 160.1610781,1.4987645e+04
 160.1815121,1.4992844e+04
 160.2019462,1.4990739e+04
 160.2223803,1.4991547e+04
 160.2428142,1.4986301e+04
 160.2632483,1.4982320e+04
 160.2836824,1.4979959e+04
 160.3041164,1.4983162e+04
 160.3245505,1.4991973e+04
 160.3449846,1.4986232e+04
 160.3654187,1.4980873e+04
 160.3858526,1.4994480e+04
 160.4062867,1.4987054e+04
 160.4267208,1.4990709e+04
 160.4471548,1.4986896e+04
 160.4675889,1.4976757e+04
 160.4880230,1.4988937e+04
 160.5084570,1.4983129e+04
 160.5288910,1.4985556e+04
 160.5493251,1.4989452e+04
 160.5697591,1.4985691e+04
 160.5901932,1.4991572e+04
 160.6106272,1.4989224e+04
 160.6310612,1.4988114e+04
 160.6514953,1.4986329e+04
 160.6719294,1.4990296e+04
 160.6923634,1.4985554e+04
 160.7127975,1.4985430e+04
 160.7332316,1.4981887e+04
 160.7536655,1.4990348e+04
 160.7740996,1.4979669e+04
 160.7945337,1.4982930e+04
 160.8149678,1.4983969e+04
 160.8354017,1.4992271e+04
 160.8558359,1.4975350e+04
 160.8762699,1.4990185e+04
 160.8967039,1.4989977e+04
 160.9171379,1.4982273e+04
 160.9375721,1.4987258e+04
 160.9580060,1.4990517e+04
 160.9784401,1.4989914e+04
 160.9988742,1.4986773e+04
 161.0193082,1.4993228e+04
 161.0397423,1.4984662e+04
 161.0601763,1.4985272e+04
 161.0806104,1.4986467e+04
 161.1010444,1.4988988e+04
 161.1214785,1.4989377e+04
 161.1419126,1.4991202e+04
 161.1623466,1.4982666e+04
 161.1827806,1.4994559e+04
 161.2032146,1.4980560e+04
 161.2236487,1.4991083e+04
 161.2440828,         null
 161.2645168,1.4986296e+04
 161.2849508,1.4980553e+04
 161.3053849,1.4979447e+04
 161.3258190,1.4998093e+04
 161.3462529,1.4977445e+04
 161.3666871,1.4987399e+04
 161.3871211,1.4989327e+04
 161.4075550,1.4988748e+04
 161.4279891,1.4990579e+04
 161.4484232,1.4982940e+04
 161.4688572,1.4982232e+04
 161.4892912,1.4986016e+04
 161.5097254,1.4979983e+04
 161.5301593,1.4994650e+04
 161.5505934,1.4986664e+04
 161.5710274,1.4991321e+04
 161.5914616,1.4990463e+04
 161.6118955,1.4981551e+04
 161.6323296,1.4988913e+04
 161.6527637,1.4988197e+04
 161.6731978,1.4987625e+04
 161.6936317,1.4987278e+04
 161.7140658,1.4985121e+04
 161.7344999,1.4988419e+04
 161.7549338,1.4980588e+04
 161.7753679,1.4979194e+04
 161.7958019,1.4994076e+04
 161.8162360,1.4992091e+04
 161.8366700,1.4980966e+04
 161.8571041,1.4998093e+04
 161.8775382,1.4987056e+04
 161.8979722,1.4985406e+04
 161.9184062,1.4986929e+04
 161.9388402,1.4977172e+04
 161.9592743,1.4989021e+04
 161.9797083,1.4984440e+04
 162.0001424,1.4992950e+04
 162.0205764,1.4986281e+04
 162.0410105,1.4993560e+04
 162.0614445,1.4984824e+04
 162.0818785,1.4991686e+04
 162.1023126,1.4982085e+04
 162.1227466,1.4988000e+04
 162.1431806,1.4989086e+04
 162.1636147,1.4991510e+04
 162.1840488,1.4990234e+04
 162.2044827,1.4991535e+04
 162.2249168,1.4985921e+04
 162.2453509,1.4976208e+04
 162.2657848,1.4981811e+04
 162.2862189,1.4989400e+04
 162.3066530,1.4987581e+04
 162.3270871,1.4990352e+04
 162.3475210,1.4999232e+04
 162.3679550,1.4995631e+04
 162.3883892,1.4985261e+04
 162.4088231,1.4986862e+04
 162.4292572,1.4995373e+04
 162.4496911,1.4992457e+04
 162.4701252,1.5003273e+04
 162.4905593,1.4994417e+04
 162.5109927,1.4994644e+04
 162.5314269,1.4981742e+04
 162.5518608,1.4986053e+04
 162.5722948,1.4989021e+04
 162.5927289,1.4984818e+04
 162.6131630,1.4988963e+04
 162.6335970,1.4992759e+04
 162.6540310,1.4990130e+04
 162.6744651,1.4985748e+04
 162.6948991,1.4984747e+04
 162.7153331,1.4990347e+04
 162.7357672,1.4988438e+04
 162.7562012,1.4989439e+04
 162.7766352,1.4992115e+04
 162.7970693,1.4983438e+04
 162.8175033,1.4993361e+04
 162.8379373,1.4985130e+04
 162.8583714,1.4990834e+04
 162.8788053,1.4983598e+04
 162.8992395,1.4997909e+04
 162.9196735,1.4999289e+04
 162.9401074,1.4993943e+04
 162.9605415,1.4996097e+04
 162.9809756,1.4995428e+04
 163.0014095,1.4995108e+04
 163.0218436,1.4989874e+04
 163.0422777,1.4989070e+04
 163.0627117,1.4991698e+04
 163.0831457,1.4984152e+04
 163.1035797,1.4985354e+04
 163.1240138,1.4983446e+04
 163.1444478,1.4985671e+04
 163.1648818,1.4987009e+04
 163.1853159,1.4983902e+04
 163.2057499,1.4990104e+04
 163.2261839,1.4980843e+04
 163.2466180,1.4978805e+04
 163.2670520,1.4984546e+04
 163.2874860,1.4983744e+04
 163.3079201,1.4981038e+04
 163.3283542,1.4993345e+04
 163.3487881,1.4983418e+04
 163.3692222,1.4982547e+04
 163.3896561,1.5001339e+04
 163.4100902,1.4990842e+04
 163.4305242,1.4992207e+04
 163.4509582,1.4989680e+04
 163.4713923,1.4991708e+04
 163.4918263,1.4996810e+04
 163.5122604,1.4987979e+04
 163.5326943,1.4995698e+04
 163.5531284,1.4983751e+04
 163.5735625,1.5006152e+04
 163.5939964,1.4987352e+04
 163.6144304,1.4986633e+04
 163.6348646,1.4988753e+04
 163.6552985,1.4980792e+04
 163.6757325,1.4994611e+04
 163.6961667,1.4986091e+04
 163.7166006,1.4994135e+04
 163.7370346,1.4992188e+04
 163.7574686,1.4996592e+04
 163.7779027,1.4989040e+04
 163.7983367,1.4988117e+04
 163.8187707,1.4986968e+04
 163.8392049,1.4989261e+04
 163.8596388,1.4983917e+04
 163.8800728,1.4987191e+04
 163.9005068,1.4991760e+04
 163.9209409,1.4983304e+04
 163.9413749,1.4986773e+04
 163.9618089,1.4985320e+04
 163.9822430,1.4982140e+04
 164.0026770,1.4981174e+04
 164.0231110,1.4992015e+04
 164.0435449,1.4986876e+04
 164.0639791,1.4985061e+04
 164.0844131,1.4987643e+04
 164.1048471,1.4987106e+04
 164.1252811,1.4988246e+04
 164.1457152,1.4993745e+04
 164.1661491,1.4988215e+04
 164.1865831,1.4987553e+04
 164.2070173,1.4991495e+04
 164.2274513,         null
 164.2478852,1.4993242e+04
 164.2683192,1.4994961e+04
 164.2887533,1.4998130e+04
 164.3091873,1.4986704e+04
 164.3296213,1.4991774e+04
 164.3500554,1.4998054e+04
 164.3704895,1.4975551e+04
 164.3909234,1.4996182e+04
 164.4113574,1.4991562e+04
 164.4317914,1.4980845e+04
 164.4522255,1.4983103e+04
 164.4726595,1.4987711e+04
 164.4930936,1.4993607e+04
 164.5135275,1.4996219e+04
 164.5339616,1.4985496e+04
 164.5543956,1.4985286e+04
 164.5748296,1.4982747e+04
 164.5952636,1.4989707e+04
 164.6156976,1.4985258e+04
 164.6361316,1.4986201e+04
 164.6565657,1.4986642e+04
 164.6769997,1.4993665e+04
 164.6974337,1.4989378e+04
 164.7178678,1.5000860e+04
 164.7383018,1.4989433e+04
 164.7587358,1.4993522e+04
 164.7791697,1.4992447e+04
 164.7996038,1.4985424e+04
 164.8200379,1.4985047e+04
 164.8404718,1.4993586e+04
 164.8609059,1.4993493e+04
 164.8813399,1.4996688e+04
 164.9017739,1.4990743e+04
 164.9222079,1.4985551e+04
 164.9426420,1.4987827e+04
 164.9630759,1.4993456e+04
 164.9835099,1.4986926e+04
