        TIME,  PDCSAP_FLUX
 131.5125380,1.3953663e+04
 131.5329727,1.3954917e+04
 131.5534072,1.3951477e+04
 131.5738417,1.3968804e+04
 131.5942763,1.3959637e+04
 131.6147110,1.3950507e+04
 131.6351454,1.3956294e+04
 131.6555800,1.3946892e+04
 131.6760147,1.3958599e+04
 131.6964492,1.3953256e+04
 131.7168837,1.3951628e+04
 131.7373183,1.3955137e+04
 131.7577529,1.3967630e+04
 131.7781874,1.3956472e+04
 131.7986220,1.3954439e+04
 131.8190566,1.3963039e+04
 131.8394911,1.3962691e+04
 131.8599257,1.3955819e+04
 131.8803603,1.3949482e+04
 131.9007948,1.3948535e+04
 131.9212294,1.3962486e+04
 131.9416640,1.3948978e+04
 131.9620985,1.3957803e+04
 131.9825331,1.3966378e+04
 132.0029677,1.3953444e+04
 132.0234021,1.3960959e+04
 132.0438368,1.3956850e+04
 132.0642714,1.3955821e+04
 132.0847058,1.3955416e+04
 132.1051404,1.3949734e+04
 132.1255751,1.3955124e+04
 132.1460095,1.3953288e+04
 132.1664441,1.3954922e+04
 132.1868788,1.3957756e+04
 132.2073133,1.3948586e+04
 132.2277478,1.3947308e+04
 132.2481824,1.3950260e+04
 132.2686170,1.3954096e+04
 132.2890515,1.3956133e+04
 132.3094861,1.3956525e+04
 132.3299207,1.3955096e+04
 132.3503552,1.3962711e+04
 132.3707898,1.3962470e+04
 132.3912243,1.3946814e+04
 132.4116589,1.3951879e+04
 132.4320935,1.3950583e+04
 132.4525280,1.3956050e+04
 132.4729627,1.3964440e+04
 132.4933972,1.3961338e+04
 132.5138317,1.3959658e+04
 132.5342662,1.3947940e+04
 132.5547009,1.3959741e+04
 132.5751354,1.3948163e+04
 132.5955699,1.3954876e+04
 132.6160046,1.3951220e+04
 132.6364391,1.3958030e+04
 132.6568737,1.3953609e+04
 132.6773082,1.3949805e+04
 132.6977428,1.3952882e+04
 132.7181774,1.3952200e+04
 132.7386118,1.3949892e+04
 132.7590465,1.3948563e+04
 132.7794811,1.3947107e+04
 132.7999155,1.3955967e+04
 132.8203501,1.3954950e+04
 132.8407848,1.3954137e+04
 132.8612192,1.3948692e+04
 132.8816538,1.3948062e+04
 132.9020885,1.3940335e+04
 132.9225229,1.3953231e+04
 132.9429575,1.3951380e+04
 132.9633921,1.3954761e+04
 132.9838267,1.3954238e+04
 133.0042612,1.3953196e+04
 133.0246957,1.3957780e+04
 133.0451303,1.3956018e+04
 133.0655649,1.3954247e+04
 133.0859994,1.3957281e+04
 133.1064340,1.3958773e+04
 133.1268686,1.3951196e+04
 133.1473031,1.3950795e+04
 133.1677377,1.3955357e+04
 133.1881722,1.3944208e+04
 133.2086069,1.3954074e+04
 133.2290414,1.3957906e+04
 133.2494759,1.3960850e+04
 133.2699105,1.3950601e+04
 133.2903451,1.3950302e+04
 133.3107796,1.3949370e+04
 133.3312141,1.3952664e+04
 133.3516487,1.3951285e+04
 133.3720833,1.3956971e+04
 133.3925179,1.3958514e+04
 133.4129524,1.3959780e+04
 133.4333870,1.3954403e+04
 133.4538215,1.3956729e+04
 133.4742560,1.3963271e+04
 133.4946907,1.3950942e+04
 133.5151252,1.3952440e+04
 133.5355597,1.3956194e+04
 133.5559943,1.3969333e+04
 133.5764289,1.3954943e+04
 133.5968634,1.3957686e+04
 133.6172979,1.3955645e+04
 133.6377326,1.3953841e+04
 133.6581671,1.3954081e+04
 133.6786016,1.3954225e+04
 133.6990363,1.3958185e+04
 133.7194708,1.3955376e+04
 133.7399053,1.3962521e+04
 133.7603398,1.3957265e+04
 133.7807745,1.3955411e+04
 133.8012090,1.3953465e+04
 133.8216435,1.3961317e+04
 133.8420781,1.3955120e+04
 133.8625126,1.3956259e+04
 133.8829472,1.3945584e+04
 133.9033818,1.3963233e+04
 133.9238163,1.3954862e+04
 133.9442509,1.3950412e+04
 133.9646854,1.3956989e+04
 133.9851199,1.3960976e+04
 134.0055546,1.3962492e+04
 134.0259891,1.3966747e+04
 134.0464236,1.3952924e+04
 134.0668582,1.3960490e+04
 134.0872928,1.3957570e+04
 134.1077272,1.3958640e+04
 134.1281618,1.3957465e+04
 134.1485965,1.3953510e+04
 134.1690310,1.3959251e+04
 134.1894655,1.3959644e+04
 134.2099001,1.3957963e+04
 134.2303347,1.3948754e+04
 134.2507691,1.3954428e+04
 134.2712037,1.3973665e+04
 134.2916384,1.3949558e+04
 134.3120728,1.3960953e+04
 134.3325074,1.3958078e+04
 134.3529420,1.3951254e+04
 134.3733765,1.3956041e+04
 134.3938110,         null
 134.4142456,1.3959133e+04
 134.4346802,1.3952475e+04
 134.4551147,1.3959718e+04
 134.4755493,1.3959623e+04
 134.4959839,1.3964049e+04
 134.5164184,1.3947912e+04
 134.5368529,1.3950048e+04
 134.5572874,1.3962331e+04
 134.5777220,1.3969296e+04
 134.5981566,1.3957041e+04
 134.6185911,1.3958128e+04
 134.6390256,1.3959438e+04
 134.6594603,1.3968727e+04
 134.6798948,1.3961213e+04
 134.7003294,1.3960414e+04
 134.7207639,1.3965271e+04
 134.7411985,1.3956058e+04
 134.7616329,1.3958506e+04
 134.7820675,1.3962564e+04
 134.8025021,1.3964223e+04
 134.8229367,1.3957144e+04
 134.8433712,1.3958367e+04
 134.8638058,1.3956966e+04
 134.8842404,1.3955348e+04
 134.9046749,1.3961736e+04
 134.9251094,1.3954269e+04
 134.9455440,1.3955347e+04
 134.9659786,1.3951603e+04
 134.9864130,1.3952232e+04
 135.0068477,1.3960207e+04
 135.0272822,1.3958303e+04
 135.0477167,1.3959260e+04
 135.0681512,1.3956964e+04
 135.0885859,1.3956003e+04
 135.1090203,1.3953983e+04
 135.1294549,1.3960660e+04
 135.1498895,1.3957820e+04
 135.1703241,1.3954616e+04
 135.1907586,1.3965443e+04
 135.2111931,1.3952563e+04
 135.2316278,1.3960732e+04
 135.2520622,1.3958440e+04
 135.2724968,1.3959719e+04
 135.2929312,1.3955814e+04
 135.3133659,1.3949800e+04
 135.3338004,1.3957003e+04
 135.3542349,1.3958551e+04
 135.3746695,1.3960093e+04
 135.3951041,1.3965160e+04
 135.4155386,1.3966398e+04
 135.4359731,1.3949489e+04
 135.4564077,1.3950527e+04
 135.4768423,1.3971412e+04
 135.4972767,1.3959048e+04
 135.5177114,1.3961793e+04
 135.5381459,1.3962273e+04
 135.5585804,1.3960679e+04
 135.5790149,1.3963253e+04
 135.5994496,1.3963729e+04
 135.6198840,1.3967176e+04
 135.6403186,1.3964113e+04
 135.6607532,1.3956812e+04
 135.6811878,1.3954312e+04
 135.7016222,1.3959146e+04
 135.7220568,1.3958674e+04
 135.7424914,1.3951048e+04
 135.7629259,1.3955780e+04
 135.7833604,1.3951527e+04
 135.8037951,1.3955146e+04
 135.8242295,1.3956774e+04
 135.8446641,1.3962118e+04
 135.8650986,1.3955681e+04
 135.8855332,1.3960243e+04
 135.9059677,1.3956249e+04
 135.9264023,1.3957931e+04
 135.9468367,1.3952957e+04
 135.9672713,1.3948400e+04
 135.9877059,1.3950263e+04
 136.0081403,1.3955357e+04
 136.0285750,1.3964352e+04
 136.0490095,1.3952890e+04
 136.0694440,1.3960802e+04
 136.0898785,1.3956434e+04
 136.1103132,1.3958951e+04
 136.1307477,1.3963315e+04
 136.1511822,1.3959232e+04
 136.1716168,1.3956629e+04
 136.1920514,1.3959857e+04
 136.2124858,1.3952970e+04
 136.2329204,1.3955012e+04
 136.2533550,1.3960978e+04
 136.2737895,1.3958228e+04
 136.2942240,1.3953875e+04
 136.3146586,1.3959101e+04
 136.3350931,1.3951030e+04
 136.3555276,1.3953445e+04
 136.3759622,1.3954825e+04
 136.3963967,1.3954819e+04
 136.4168313,1.3951717e+04
 136.4372658,1.3963702e+04
 136.4577005,1.3960541e+04
 136.4781349,1.3954668e+04
 136.4985695,1.3963116e+04
 136.5190040,1.3956255e+04
 136.5394385,1.3952904e+04
 136.5598731,1.3956698e+04
 136.5803076,1.3955283e+04
 136.6007422,1.3959803e+04
 136.6211767,1.3953099e+04
 136.6416113,1.3956190e+04
 136.6620458,1.3958047e+04
 136.6824803,1.3957955e+04
 136.7029149,1.3951723e+04
 136.7233494,1.3957498e+04
 136.7437839,1.3960575e+04
 136.7642185,1.3955534e+04
 136.7846531,1.3953056e+04
 136.8050875,1.3957029e+04
 136.8255222,1.3953633e+04
 136.8459567,1.3961906e+04
 136.8663912,1.3958521e+04
 136.8868257,1.3959047e+04
 136.9072603,1.3957327e+04
 136.9276949,1.3961208e+04
 136.9481293,1.3953851e+04
 136.9685639,1.3960467e+04
 136.9889985,1.3960690e+04
 137.0094329,1.3950658e+04
 137.0298675,1.3955644e+04
 137.0503021,1.3953667e+04
 137.0707366,1.3959088e+04
 137.0911711,1.3961705e+04
 137.1116057,1.3952867e+04
 137.1320402,1.3958521e+04
 137.1524747,1.3946857e+04
 137.1729093,1.3962405e+04
 137.1933439,1.3951191e+04
 137.2137783,1.3952145e+04
 137.2342129,1.3963922e+04
 137.2546473,1.3967516e+04
 137.2750820,1.3964266e+04
 137.2955165,1.3962279e+04
 137.3159509,1.3950965e+04
 137.3363856,1.3964114e+04
 137.3568201,1.3961175e+04
 137.3772547,         null
 137.3976891,1.3960504e+04
 137.4181237,1.3967088e+04
 137.4385583,1.3957141e+04
 137.4589927,1.3958762e+04
 137.4794274,1.3964026e+04
 137.4998619,1.3954741e+04
 137.5202963,1.3959169e+04
 137.5407309,1.3963380e+04
 137.5611655,1.3959653e+04
 137.5816000,1.3959353e+04
 137.6020345,1.3969408e+04
 137.6224691,1.3956055e+04
 137.6429037,1.3959335e+04
 137.6633381,1.3972044e+04
 137.6837726,1.3960068e+04
 137.7042073,1.3967231e+04
 137.7246417,1.3968523e+04
 137.7450763,1.3967208e+04
 137.7655109,1.3964570e+04
 137.7859453,1.3963425e+04
 137.8063799,1.3959491e+04
 137.8268143,1.3963419e+04
 137.8472489,1.3958973e+04
 137.8676835,1.3967971e+04
 137.8881180,1.3965081e+04
 137.9085525,1.3959143e+04
 137.9289871,1.3967247e+04
 137.9494216,1.3955591e+04
 137.9698561,1.3968604e+04
 137.9902907,1.3958655e+04
 138.0107252,1.3963598e+04
 138.0311597,1.3969040e+04
 138.0515942,1.3961439e+04
 138.0720288,1.3971282e+04
 138.0924634,1.3963844e+04
 138.1128978,1.3969831e+04
 138.1333324,1.3955827e+04
 138.1537670,1.3964129e+04
 138.1742014,1.3954666e+04
 138.1946360,1.3970130e+04
 138.2150706,1.3965327e+04
 138.2355051,1.3973142e+04
 138.2559396,1.3961867e+04
 138.2763742,1.3965744e+04
 138.2968087,1.3964337e+04
 138.3172432,1.3974146e+04
 138.3376777,1.3962599e+04
 138.3581123,1.3960659e+04
 138.3785469,1.3971709e+04
 138.3989813,1.3955996e+04
 138.4194159,1.3962118e+04
 138.4398505,1.3967797e+04
 138.4602849,1.3962895e+04
 138.4807194,1.3961403e+04
 138.5011541,1.3970498e+04
 138.5215885,1.3950253e+04
 138.5420230,1.3962410e+04
 138.5624576,1.3962856e+04
 138.5828921,1.3972675e+04
 138.6033266,1.3958957e+04
 138.6237612,1.3974849e+04
 138.6441957,1.3959614e+04
 138.6646302,1.3963901e+04
 138.6850647,1.3963486e+04
 138.7054992,1.3966760e+04
 138.7259338,1.3961389e+04
 138.7463683,1.3970882e+04
 138.7668028,1.3966775e+04
 138.7872374,1.3961738e+04
 138.8076719,1.3962352e+04
 138.8281064,1.3966751e+04
 138.8485409,1.3966193e+04
 138.8689755,1.3972797e+04
 138.8894101,1.3963626e+04
 138.9098445,1.3965231e+04
 138.9302791,1.3971339e+04
 138.9507136,1.3965771e+04
 138.9711481,1.3966493e+04
 138.9915826,1.3962042e+04
 139.0120172,1.3967360e+04
 139.0324517,1.3962485e+04
 139.0528862,1.3962809e+04
 139.0733208,1.3960898e+04
 139.0937553,1.3959798e+04
 139.1141898,1.3973457e+04
 139.1346243,1.3965683e+04
 139.1550588,1.3964054e+04
 139.1754934,1.3967629e+04
 139.1959279,1.3958147e+04
 139.2163623,1.3966617e+04
 139.2367970,1.3960460e+04
 139.2572315,1.3961506e+04
 139.2776659,1.3963669e+04
 139.2981005,1.3964220e+04
 139.3185351,1.3956718e+04
 139.3389696,1.3972737e+04
 139.3594040,1.3954718e+04
 139.3798387,1.3960551e+04
 139.4002732,1.3958127e+04
 139.4207076,1.3954613e+04
 139.4411422,1.3966401e+04
 139.4615768,1.3976825e+04
 139.4820112,1.3961146e+04
 139.5024457,1.3970744e+04
 139.5228803,1.3965799e+04
 139.5433148,1.3968085e+04
 139.5637493,1.3966537e+04
 139.5841839,1.3961336e+04
 139.6046183,1.3968046e+04
 139.6250529,1.3963411e+04
 139.6454874,1.3954982e+04
 139.6659220,1.3960496e+04
 139.6863564,1.3961409e+04
 139.7067910,1.3971644e+04
 139.7272255,1.3960617e+04
 139.7476600,1.3961381e+04
 139.7680945,1.3965016e+04
 139.7885291,1.3964272e+04
 139.8089636,1.3956604e+04
 139.8293981,1.3961818e+04
 139.8498326,1.3963104e+04
 139.8702672,1.3963029e+04
 139.8907017,1.3957553e+04
 139.9111362,1.3957716e+04
 139.9315707,1.3959673e+04
 139.9520054,1.3961499e+04
 139.9724398,1.3957792e+04
 139.9928743,1.3963811e+04
 140.0133087,1.3961828e+04
 140.0337434,1.3967402e+04
 140.0541779,1.3965744e+04
 140.0746124,1.3956979e+04
 140.0950469,1.3957826e+04
 140.1154814,1.3970982e+04
 140.1359160,1.3954669e+04
 140.1563504,1.3963270e+04
 140.1767850,1.3962380e+04
 140.1972195,1.3958189e+04
 140.2176540,1.3960574e+04
 140.2380886,1.3963448e+04
 140.2585231,1.3962731e+04
 140.2789575,1.3957075e+04
 140.2993920,1.3964075e+04
 140.3198267,1.3962388e+04
 140.3402611,1.3962004e+04
 140.3606956,         null
 140.3811301,1.3959750e+04
 140.4015647,1.3968444e+04
 140.4219992,1.3953545e+04
 140.4424337,1.3970131e+04
 140.4628683,1.3968335e+04
 140.4833027,1.3958567e+04
 140.5037372,1.3960714e+04
 140.5241717,1.3963493e+04
 140.5446063,1.3959552e+04
 140.5650408,1.3955354e+04
 140.5854753,1.3954045e+04
 140.6059098,1.3965195e+04
 140.6263444,1.3956520e+04
 140.6467789,1.3956785e+04
 140.6672133,1.3962322e+04
 140.6876479,1.3961270e+04
 140.7080824,1.3952350e+04
 140.7285169,1.3959355e+04
 140.7489515,1.3951783e+04
 140.7693860,1.3961947e+04
 140.7898204,1.3965828e+04
 140.8102549,1.3956581e+04
 140.8306895,1.3956947e+04
 140.8511241,1.3956050e+04
 140.8715585,1.3959954e+04
 140.8919930,1.3955880e+04
 140.9124276,1.3964369e+04
 140.9328620,1.3956590e+04
 140.9532966,1.3961603e+04
 140.9737312,1.3962070e+04
 140.9941656,1.3965870e+04
 141.0146001,1.3968649e+04
 141.0350346,1.3960584e+04
 141.0554691,1.3961345e+04
 141.0759037,1.3964313e+04
 141.0963382,1.3955399e+04
 141.1167727,1.3951219e+04
 141.1372072,1.3958469e+04
 141.1576417,1.3961380e+04
 141.1780761,1.3967003e+04
 141.1985107,1.3969471e+04
 141.2189453,1.3959880e+04
 141.2393797,1.3954594e+04
 141.2598143,1.3958435e+04
 141.2802488,1.3955828e+04
 141.3006832,1.3957375e+04
 141.3211177,1.3951873e+04
 141.3415523,1.3972036e+04
 141.3619869,1.3954659e+04
 141.3824213,1.3963055e+04
 141.4028558,1.3951870e+04
 141.4232904,1.3949033e+04
 141.4437249,1.3966553e+04
 141.4641593,1.3962419e+04
 141.4845939,1.3966338e+04
 141.5050285,1.3954518e+04
 141.5254629,1.3964695e+04
 141.5458974,1.3953265e+04
 141.5663319,1.3967441e+04
 141.5867665,1.3965013e+04
 141.6072009,1.3962479e+04
 141.6276355,1.3968195e+04
 141.6480700,1.3960584e+04
 141.6685045,1.3960539e+04
 141.6889390,1.3958162e+04
 141.7093736,1.3959188e+04
 141.7298080,1.3960088e+04
 141.7502425,1.3949615e+04
 141.7706771,1.3958469e+04
 141.7911115,1.3970231e+04
 141.8115460,1.3966385e+04
 141.8319805,1.3956786e+04
 141.8524151,1.3968146e+04
 141.8728496,1.3974709e+04
 141.8932841,1.3966009e+04
 141.9137187,1.3969718e+04
 141.9341531,1.3958575e+04
 141.9545876,1.3950259e+04
 141.9750220,1.3963375e+04
 141.9954566,1.3963763e+04
 142.0158911,1.3953017e+04
 142.0363255,1.3962654e+04
 142.0567601,1.3961773e+04
 142.0771947,1.3959190e+04
 142.0976292,1.3964862e+04
 142.1180636,1.3969918e+04
 142.1384982,1.3958442e+04
 142.1589327,1.3978520e+04
 142.1793671,1.3972883e+04
 142.1998016,1.3972932e+04
 142.2202362,1.3963689e+04
 142.2406706,1.3970457e+04
 142.2611051,1.3962693e+04
 142.2815397,1.3961639e+04
 142.3019742,1.3967001e+04
 142.3224087,1.3968245e+04
 142.3428432,1.3959058e+04
 142.3632778,1.3968133e+04
 142.3837122,1.3964530e+04
 142.4041467,1.3968549e+04
 142.4245813,1.3965902e+04
 142.4450157,1.3967199e+04
 142.4654502,1.3960948e+04
 142.4858846,1.3958963e+04
 142.5063192,1.3964187e+04
 142.5267537,1.3973497e+04
 142.5471882,1.3967986e+04
 142.5676226,1.3965714e+04
 142.5880572,1.3970252e+04
 142.6084918,1.3967730e+04
 142.6289262,1.3966124e+04
 142.6493608,1.3964644e+04
 142.6697953,1.3964029e+04
 142.6902297,1.3973346e+04
 142.7106642,1.3973689e+04
 142.7310988,1.3965927e+04
 142.7515332,1.3968229e+04
 142.7719677,1.3970949e+04
 142.7924023,1.3959812e+04
 142.8128367,1.3964863e+04
 142.8332712,1.3965487e+04
 142.8537057,1.3974525e+04
 142.8741403,1.3964918e+04
 142.8945747,1.3962568e+04
 142.9150092,1.3964096e+04
 142.9354438,1.3968094e+04
 142.9558782,1.3953788e+04
 142.9763127,1.3958218e+04
 142.9967471,1.3966268e+04
 143.0171817,1.3959898e+04
 143.0376162,1.3959955e+04
 143.0580507,1.3963510e+04
 143.0784852,1.3967279e+04
 143.0989197,1.3972902e+04
 143.1193542,1.3964092e+04
 143.1397887,1.3960164e+04
 143.1602232,1.3964772e+04
 143.1806577,1.3952687e+04
 143.2010921,1.3967976e+04
 143.2215266,1.3974856e+04
 143.2419612,1.3949200e+04
 143.2623957,1.3965823e+04
 143.2828302,1.3965973e+04
 143.3032647,1.3962414e+04
 143.3236992,1.3960771e+04
 143.3441337,         null
 143.3645681,1.3960685e+04
 143.3850027,1.3958378e+04
 143.4054372,1.3963104e+04
 143.4258716,1.3977042e+04
 143.4463062,1.3961517e+04
 143.4667407,1.3963345e+04
 143.4871751,1.3965079e+04
 143.5076096,1.3961295e+04
 143.5280442,1.3957083e+04
 143.5484787,1.3963383e+04
 143.5689131,1.3963927e+04
 143.5893477,1.3958211e+04
 143.6097822,1.3958404e+04
 143.6302166,1.3964158e+04
 143.6506511,1.3960934e+04
 143.6710857,1.3961165e+04
 143.6915201,1.3971091e+04
 143.7119546,1.3966216e+04
 143.7323891,1.3959416e+04
 143.7528236,1.3949246e+04
 143.7732581,1.3970319e+04
 143.7936926,1.3958584e+04
 143.8141271,1.3956069e+04
 143.8345616,1.3954786e+04
 143.8549961,1.3965779e+04
 143.8754305,1.3957163e+04
 143.8958651,1.3952957e+04
 143.9162996,1.3961039e+04
 143.9367340,1.3958983e+04
 143.9571686,1.3954104e+04
 143.9776031,1.3970805e+04
 143.9980375,1.3968548e+04
 144.0184720,1.3965114e+04
 144.0389066,1.3957601e+04
 144.0593411,1.3956638e+04
 144.0797754,1.3958812e+04
 144.1002100,1.3959515e+04
 144.1206445,1.3953720e+04
 144.1410789,1.3969654e+04
 144.1615134,1.3958960e+04
 144.1819480,1.3961669e+04
 144.2023824,1.3957671e+04
 144.2228169,1.3957741e+04
 144.2432515,1.3962890e+04
 144.2636859,1.3955391e+04
 144.2841204,1.3963475e+04
 144.3045549,1.3957617e+04
 144.3249894,1.3953452e+04
 144.3454239,1.3962018e+04
 144.3658584,1.3959988e+04
 144.3862927,1.3961664e+04
 144.4067273,1.3956789e+04
 144.4271618,1.3970763e+04
 144.4475962,1.3952814e+04
 144.4680308,1.3958229e+04
 144.4884653,1.3954481e+04
 144.5088997,1.3952053e+04
 144.5293342,1.3958788e+04
 144.5497688,1.3962117e+04
 144.5702033,1.3966153e+04
 144.5906377,1.3966070e+04
 144.6110722,1.3965359e+04
 144.6315067,1.3964721e+04
 144.6519411,1.3958721e+04
 144.6723756,1.3965250e+04
 144.6928102,1.3960976e+04
 144.7132446,1.3961905e+04
 144.7336791,1.3954450e+04
 144.7541137,1.3963674e+04
 144.7745481,1.3954115e+04
 144.7949826,1.3960011e+04
 144.8154170,1.3960059e+04
 144.8358516,1.3965596e+04
 144.8562860,1.3958881e+04
 144.8767205,1.3947196e+04
 144.8971550,1.3954836e+04
 144.9175895,1.3956677e+04
 144.9380240,1.3957115e+04
 144.9584585,1.3960419e+04
 144.9788931,1.3956237e+04
 144.9993274,1.3961792e+04
 145.0197619,1.3963437e+04
 145.0401964,1.3952887e+04
 145.0606309,1.3965661e+04
 145.0810654,1.3963254e+04
 145.1014999,1.3966910e+04
 145.1219345,1.3954078e+04
 145.1423688,1.3960277e+04
 145.1628033,1.3960992e+04
 145.1832377,1.3964900e+04
 145.2036723,1.3956886e+04
 145.2241068,1.3963851e+04
 145.2445412,1.3962758e+04
 145.2649758,1.3964788e+04
 145.2854102,1.3977789e+04
 145.3058447,1.3958053e+04
 145.3262791,1.3962729e+04
 145.3467137,1.3970883e+04
 145.3671482,1.3968771e+04
 145.3875826,1.3955946e+04
 145.4080172,1.3971970e+04
 145.4284516,1.3962881e+04
 145.4488860,1.3961745e+04
 145.4693205,1.3967516e+04
 145.4897551,1.3962458e+04
 145.5101895,1.3957167e+04
 145.5306240,1.3968971e+04
 145.5510584,1.3967516e+04
 145.5714930,1.3968175e+04
 145.5919274,1.3957510e+04
 145.6123619,1.3959648e+04
 145.6327965,1.3980157e+04
 145.6532309,1.3967173e+04
 145.6736653,1.3961801e+04
 145.6940997,1.3965668e+04
 145.7145343,1.3961748e+04
 145.7349688,1.3958222e+04
 145.7554033,1.3969726e+04
 145.7758377,1.3963470e+04
 145.7962722,1.3968595e+04
 145.8167067,1.3974109e+04
 145.8371411,1.3977259e+04
 145.8575757,1.3965273e+04
 145.8780102,1.3964351e+04
 145.8984445,1.3964286e+04
 145.9188791,1.3972921e+04
 145.9393136,1.3961116e+04
 145.9597480,1.3963688e+04
 145.9801825,1.3973646e+04
 146.0006170,1.3965774e+04
 146.0210515,1.3963493e+04
 146.0414859,1.3961986e+04
 146.0619205,1.3965804e+04
 146.0823550,1.3969243e+04
 146.1027893,1.3960820e+04
 146.1232238,1.3962775e+04
 146.1436584,1.3962743e+04
 146.1640928,1.3969240e+04
 146.1845272,1.3955314e+04
 146.2049617,1.3960263e+04
 146.2253962,1.3968077e+04
 146.2458307,1.3956935e+04
 146.2662652,1.3960458e+04
 146.2866996,1.3953283e+04
 146.3071341,1.3957959e+04
 146.3275686,         null
 146.3480030,1.3966460e+04
 146.3684375,1.3965999e+04
 146.3888720,1.3971322e+04
 146.4093064,1.3970231e+04
 146.4297410,1.3965369e+04
 146.4501754,1.3966590e+04
 146.4706098,1.3967471e+04
 146.4910444,1.3964260e+04
 146.5114789,1.3961243e+04
 146.5319133,1.3950916e+04
 146.5523477,1.3965173e+04
 146.5727823,1.4015418e+04
 146.5932168,1.3960985e+04
 146.6136512,1.3968304e+04
 146.6340856,1.3955932e+04
 146.6545202,1.3963107e+04
 146.6749547,1.3965789e+04
 146.6953890,1.3954884e+04
 146.7158236,1.3968105e+04
 146.7362581,1.3963265e+04
 146.7566926,1.3961653e+04
 146.7771269,1.3964062e+04
 146.7975615,1.3960908e+04
 146.8179960,1.3970460e+04
 146.8384304,1.3969616e+04
 146.8588648,1.3960713e+04
 146.8792994,1.3962779e+04
 146.8997338,1.3968501e+04
 146.9201682,1.3968077e+04
 146.9406028,1.3957925e+04
 146.9610372,1.3956432e+04
 146.9814717,1.3955942e+04
 147.0019061,1.3969075e+04
 147.0223406,1.3959229e+04
 147.0427751,1.3961177e+04
 147.0632095,1.3965245e+04
 147.0836441,1.3966919e+04
 147.1040785,1.3971336e+04
 147.1245130,1.3956088e+04
 147.1449473,1.3960712e+04
 147.1653819,1.3963993e+04
 147.1858164,1.3959066e+04
 147.2062507,1.3952662e+04
 147.2266853,1.3963851e+04
 147.2471198,1.3961837e+04
 147.2675543,1.3964229e+04
 147.2879886,1.3972459e+04
 147.3084232,1.3958295e+04
 147.3288577,1.3959873e+04
 147.3492920,1.3964973e+04
 147.3697265,1.3960006e+04
 147.3901611,1.3967629e+04
 147.4105954,1.3962091e+04
 147.4310299,1.3970347e+04
 147.4514645,1.3961452e+04
 147.4718988,1.3963688e+04
 147.4923333,1.3959880e+04
 147.5127678,1.3952762e+04
 147.5332023,1.3958796e+04
 147.5536367,1.3957041e+04
 147.5740712,1.3967312e+04
 147.5945057,1.3959616e+04
 147.6149401,1.3958650e+04
 147.6353746,1.3952444e+04
 147.6558089,1.3951430e+04
 147.6762435,1.3955843e+04
 147.6966780,1.3963019e+04
 147.7171123,1.3961450e+04
 147.7375469,1.3957318e+04
 147.7579814,1.3956279e+04
 147.7784158,1.3963784e+04
 147.7988502,1.3955333e+04
 147.8192848,1.3960528e+04
 147.8397192,1.3958616e+04
 147.8601536,1.3959038e+04
 147.8805881,1.3967329e+04
 147.9010226,         null
 147.9214570,1.3964171e+04
 147.9418914,1.3957438e+04
 147.9623260,1.3968406e+04
 147.9827604,1.3945879e+04
 148.0031948,1.3957181e+04
 148.0236293,1.3960674e+04
 148.0440639,1.3958229e+04
 148.0644982,1.3963924e+04
 148.0849327,1.3966093e+04
 148.1053673,1.3950348e+04
 148.1258016,1.3954960e+04
 148.1462361,1.3951806e+04
 148.1666705,1.3964306e+04
 148.1871050,1.3966158e+04
 148.2075395,1.3956803e+04
 148.2279739,1.3959218e+04
 148.2484085,1.3952644e+04
 148.2688428,1.3970968e+04
 148.2892773,1.3963273e+04
 148.3097118,1.3952024e+04
 148.3301462,1.3960091e+04
 148.3505807,1.3970318e+04
 148.3710151,1.3967016e+04
 148.3914495,1.3964939e+04
 148.4118841,1.3959185e+04
 148.4323185,1.3953808e+04
 148.4527530,1.3955577e+04
 148.4731874,1.3963647e+04
 148.4936219,1.3962805e+04
 148.5140564,1.3955870e+04
 148.5344907,1.3959062e+04
 148.5549253,1.3961163e+04
 148.5753597,1.3959128e+04
 148.5957941,1.3957903e+04
 148.6162287,1.3958021e+04
 148.6366631,1.3961598e+04
 148.6570975,1.3961244e+04
 148.6775319,1.3955978e+04
 148.6979665,1.3954013e+04
 148.7184008,1.3957734e+04
 148.7388353,1.3956888e+04
 148.7592699,1.3956923e+04
 148.7797043,1.3963144e+04
 148.8001387,1.3963750e+04
 148.8205731,1.3958738e+04
 148.8410077,1.3954453e+04
 148.8614420,1.3954688e+04
 148.8818765,1.3958409e+04
 148.9023111,1.3974005e+04
 148.9227454,1.3961695e+04
 148.9431799,1.3962486e+04
 148.9636143,1.3962043e+04
 148.9840488,1.3962152e+04
 149.0044832,1.3955514e+04
 149.0249177,1.3968426e+04
 149.0453520,1.3963419e+04
 149.0657866,1.3960717e+04
 149.0862210,1.3966731e+04
 149.1066554,1.3969298e+04
 149.1270900,1.3957746e+04
 149.1475244,1.3971891e+04
 149.1679588,1.3963202e+04
 149.1883932,1.3959741e+04
 149.2088278,1.3956367e+04
 149.2292622,1.3961762e+04
 149.2496966,1.3957318e+04
 149.2701311,1.3965096e+04
 149.2905656,1.3964454e+04
 149.3109999,         null
 149.3314344,1.3962528e+04
 149.3518689,1.3959675e+04
 149.3723033,1.3961687e+04
 149.3927377,1.3955758e+04
 149.4131723,1.3969860e+04
 149.4336066,1.3966269e+04
 149.4540411,1.3961734e+04
 149.4744755,1.3968382e+04
 149.4949100,1.3966893e+04
 149.5153444,1.3959496e+04
 149.5357789,1.3960390e+04
 149.5562134,1.3960227e+04
 149.5766478,1.3963325e+04
 149.5970822,1.3966102e+04
 149.6175166,1.3964948e+04
 149.6379511,1.3962933e+04
 149.6583856,1.3965341e+04
 149.6788199,1.3960382e+04
 149.6992544,1.3971407e+04
 149.7196889,1.3964858e+04
 149.7401234,1.3965694e+04
 149.7605577,1.3967135e+04
 149.7809923,1.3955383e+04
 149.8014267,1.3964187e+04
 149.8218611,1.3976968e+04
 149.8422955,1.3968021e+04
 149.8627301,1.3976413e+04
 149.8831645,1.3962988e+04
 149.9035989,1.3963594e+04
 149.9240334,1.3960664e+04
 149.9444679,1.3957411e+04
 149.9649023,1.3959828e+04
 149.9853366,1.3966968e+04
 150.0057712,1.3972930e+04
 150.0262056,1.3968004e+04
 150.0466400,1.3962383e+04
 150.0670745,1.3951995e+04
 150.0875090,1.3973218e+04
 150.1079433,1.3962441e+04
 150.1283778,1.3964378e+04
 150.1488123,1.3960789e+04
 150.1692467,1.3967419e+04
 150.1896811,1.3966443e+04
 150.2101156,1.3970471e+04
 150.2305500,1.3953720e+04
 150.2509844,1.3966862e+04
 150.2714189,1.3959731e+04
 150.2918534,1.3954613e+04
 150.3122878,1.3963439e+04
 150.3327222,1.3969282e+04
 150.3531565,1.3965127e+04
 150.3735911,1.3955968e+04
 150.3940255,1.3963678e+04
 150.4144599,1.3963744e+04
 150.4348944,1.3956339e+04
 150.4553289,1.3967033e+04
 150.4757633,1.3960844e+04
 150.4961976,1.3969467e+04
 150.5166322,1.3968023e+04
 150.5370666,1.3963167e+04
 150.5575010,1.3961043e+04
 150.5779355,1.3965839e+04
 150.5983699,1.3967603e+04
 150.6188043,1.3962826e+04
 150.6392387,1.3959739e+04
 150.6596733,1.3970108e+04
 150.6801076,1.3953524e+04
 150.7005420,1.3948504e+04
 150.7209766,1.3966840e+04
 150.7414110,1.3963203e+04
 150.7618454,1.3961412e+04
 150.7822798,1.3969210e+04
 150.8027143,1.3959578e+04
 150.8231487,1.3956715e+04
 150.8435831,1.3963637e+04
 150.8640177,1.3955526e+04
 150.8844520,1.3956066e+04
 150.9048864,1.3961971e+04
 150.9253209,1.3963857e+04
 150.9457553,1.3965213e+04
 150.9661897,1.3969604e+04
 150.9866242,1.3956964e+04
 151.0070585,1.3966323e+04
 151.0274931,1.3963481e+04
 151.0479275,1.3964837e+04
 151.0683618,1.3959425e+04
 151.0887964,1.3961252e+04
 151.1092308,1.3969842e+04
 151.1296651,1.3965912e+04
 151.1500996,1.3956321e+04
 151.1705341,1.3956988e+04
 151.1909684,1.3965642e+04
 151.2114029,1.3963598e+04
 151.2318374,1.3957561e+04
 151.2522719,1.3964597e+04
 151.2727062,1.3968026e+04
 151.2931406,1.3960174e+04
 151.3135752,1.3967277e+04
 151.3340095,1.3971659e+04
 151.3544439,1.3956880e+04
 151.3748785,1.3956406e+04
 151.3953128,1.3974853e+04
 151.4157472,1.3951144e+04
 151.4361817,1.3956951e+04
 151.4566161,1.3964395e+04
 151.4770505,1.3954749e+04
 151.4974850,1.3966441e+04
 151.5179194,1.3954746e+04
 151.5383538,1.3980786e+04
 151.5587883,1.3955901e+04
 151.5792227,1.3957649e+04
 151.5996572,1.3962197e+04
 151.6200915,1.3959630e+04
 151.6405260,1.3962660e+04
 151.6609604,         null
 151.6813948,1.3956781e+04
 151.7018293,1.3949781e+04
 151.7222637,1.3955499e+04
 151.7426981,1.3961436e+04
 151.7631326,1.3963004e+04
 151.7835670,1.3947575e+04
 151.8040013,1.3967016e+04
 151.8244359,1.3960528e+04
 151.8448703,1.3961250e+04
 151.8653046,1.3968351e+04
 151.8857391,1.3952637e+04
 151.9061736,1.3961721e+04
 151.9266079,1.3956568e+04
 151.9470423,1.3963101e+04
 151.9674769,1.3963277e+04
 151.9879113,1.3952645e+04
 152.0083456,1.3963456e+04
 152.0287801,1.3960695e+04
 152.0492146,1.3959429e+04
 152.0696489,1.3968101e+04
 152.0900833,1.3960534e+04
 152.1105178,1.3959312e+04
 152.1309522,1.3962222e+04
 152.1513866,1.3957079e+04
 152.1718210,1.3964104e+04
 152.1922555,1.3956263e+04
 152.2126899,1.3959202e+04
 152.2331243,1.3963993e+04
 152.2535588,1.3972726e+04
 152.2739932,1.3961248e+04
 152.2944276,         null
 152.3148619,1.3952540e+04
 152.3352964,1.3955005e+04
 152.3557309,1.3969080e+04
 152.3761652,1.3950857e+04
 152.3965997,1.3954536e+04
 152.4170341,1.3959909e+04
 152.4374686,1.3961168e+04
 152.4579029,1.3960240e+04
 152.4783374,1.3966680e+04
 152.4987718,1.3959237e+04
 152.5192061,1.3965294e+04
 152.5396407,1.3958865e+04
 152.5600751,1.3960378e+04
 152.5805094,1.3959435e+04
 152.6009438,1.3966034e+04
 152.6213784,1.3976424e+04
 152.6418127,1.3962897e+04
 152.6622471,         null
 152.6826815,1.3963631e+04
 152.7031159,1.3964312e+04
 152.7235504,1.3954990e+04
 152.7439848,1.3964729e+04
 152.7644193,1.3957091e+04
 152.7848536,1.3953548e+04
 152.8052880,1.3959367e+04
 152.8257224,1.3966197e+04
 152.8461569,1.3968592e+04
 152.8665913,1.3954018e+04
 152.8870256,1.3949524e+04
 152.9074601,1.3960401e+04
 152.9278946,1.3961865e+04
 152.9483290,1.3965939e+04
 152.9687633,1.3958526e+04
 152.9891978,1.3957976e+04
 153.0096322,1.3962121e+04
 153.0300666,1.3959202e+04
 153.0505011,1.3957593e+04
 153.0709355,1.3958891e+04
 153.0913698,1.3952397e+04
 153.1118042,1.3961695e+04
 153.1322387,1.3960532e+04
 153.1526731,1.3952730e+04
 153.1731075,1.3964561e+04
 153.1935419,1.3955946e+04
 153.2139764,1.3956713e+04
 153.2344108,1.3954848e+04
 153.2548451,1.3957596e+04
 153.2752797,1.3957271e+04
 153.2957141,1.3961523e+04
 153.3161484,1.3961417e+04
 153.3365828,1.3968966e+04
 153.3570172,1.3963165e+04
 153.3774516,1.3958601e+04
 153.3978861,1.3974177e+04
 153.4183206,1.3963889e+04
 153.4387550,1.3960608e+04
 153.4591893,1.3955480e+04
 153.4796237,1.3964055e+04
 153.5000582,1.3964519e+04
 153.5204925,1.3970947e+04
 153.5409270,1.3960147e+04
 153.5613615,1.3962535e+04
 153.5817958,1.3959313e+04
 153.6022302,1.3954086e+04
 153.6226646,1.3967337e+04
 153.6430990,1.3956923e+04
 153.6635334,1.3971950e+04
 153.6839678,1.3958539e+04
 153.7044022,1.3966056e+04
 153.7248367,1.3970249e+04
 153.7452711,1.3967811e+04
 153.7657054,1.3959638e+04
 153.7861399,1.3960329e+04
 153.8065743,1.3960334e+04
 153.8270086,1.3960693e+04
 153.8474430,1.3972525e+04
 153.8678775,1.3961572e+04
 153.8883119,1.3966623e+04
 153.9087463,1.3965061e+04
 153.9291808,1.3954609e+04
 153.9496152,1.3968048e+04
 153.9700495,1.3957084e+04
 153.9904839,1.3957215e+04
 154.0109184,1.3953700e+04
 154.0313527,1.3973002e+04
 154.0517871,1.3965776e+04
 154.0722216,1.3958034e+04
 154.0926559,1.3956538e+04
 154.1130904,1.3957845e+04
 154.1335248,1.3964062e+04
 154.1539592,1.3968754e+04
 154.1743936,1.3953832e+04
 154.1948280,1.3964271e+04
 154.2152624,1.3952833e+04
 154.2356968,1.3963129e+04
 154.2561312,1.3962365e+04
 154.2765655,1.3961804e+04
 154.2970000,1.3966532e+04
 154.3174344,1.3962454e+04
 154.3378687,1.3959042e+04
 154.3583031,1.3963538e+04
 154.3787376,1.3967244e+04
 154.3991719,1.3958837e+04
 154.4196063,1.3954117e+04
 154.4400408,1.3965498e+04
 154.4604753,1.3962480e+04
 154.4809096,1.3964163e+04
 154.5013440,1.3967947e+04
 154.5217785,1.3958812e+04
 154.5422128,1.3956852e+04
 154.5626472,1.3965573e+04
 154.5830817,1.3954300e+04
 154.6035160,1.3968966e+04
 154.6239504,1.3966634e+04
 154.6443848,1.3964575e+04
 154.6648192,1.3949257e+04
 154.6852536,1.3955083e+04
 154.7056880,1.3960175e+04
 154.7261225,1.3958175e+04
 154.7465568,1.3954247e+04
 154.7669912,1.3957889e+04
 154.7874256,1.3953619e+04
 154.8078600,1.3966770e+04
 154.8282944,1.3956483e+04
 154.8487287,1.3961620e+04
 154.8691632,1.3958840e+04
 154.8895976,1.3953924e+04
 154.9100320,1.3951036e+04
 154.9304664,1.3971782e+04
 154.9509008,1.3967523e+04
 154.9713352,1.3961653e+04
 154.9917696,1.3964627e+04
 155.0122039,1.3956606e+04
 155.0326384,1.3952043e+04
 155.0530728,1.3965318e+04
 155.0735071,1.3962649e+04
 155.0939416,1.3966809e+04
 155.1143760,1.3959319e+04
 155.1348103,1.3964591e+04
 155.1552447,1.3963731e+04
 155.1756792,1.3955072e+04
 155.1961136,1.3958298e+04
 155.2165479,1.3957093e+04
 155.2369823,1.3963950e+04
 155.2574168,1.3961175e+04
 155.2778511,         null
 155.2982855,1.3955927e+04
 155.3187200,1.3957607e+04
 155.3391543,1.3960486e+04
 155.3595887,1.3962613e+04
 155.3800230,1.3961011e+04
 155.4004574,1.3959029e+04
 155.4208918,1.3964811e+04
 155.4413262,1.3965067e+04
 155.4617607,1.3962842e+04
 155.4821950,1.3959357e+04
 155.5026294,1.3955858e+04
 155.5230637,1.3954343e+04
 155.5434982,1.3958342e+04
 155.5639326,         null
 155.5843669,1.3960423e+04
 155.6048014,1.3960809e+04
 155.6252358,1.3957980e+04
 155.6456702,1.3961849e+04
 155.6661045,1.3950748e+04
 155.6865390,1.3968959e+04
 155.7069733,1.3972146e+04
 155.7274076,1.3955616e+04
 155.7478420,1.3963840e+04
 155.7682765,1.3962966e+04
 155.7887108,1.3957437e+04
 155.8091452,1.3962553e+04
 155.8295797,1.3954629e+04
 155.8500140,1.3956364e+04
 155.8704484,1.3958918e+04
 155.8908828,1.3968006e+04
 155.9113173,1.3965162e+04
 155.9317515,1.3954760e+04
 155.9521859,1.3969262e+04
 155.9726204,1.3955134e+04
 155.9930547,1.3954067e+04
 156.0134891,1.3953795e+04
 156.0339234,1.3963874e+04
 156.0543579,1.3955630e+04
 156.0747923,1.3955433e+04
 156.0952267,1.3951419e+04
 156.1156610,1.3956596e+04
 156.1360954,1.3953661e+04
 156.1565298,1.3968583e+04
 156.1769641,1.3961604e+04
 156.1973986,1.3959583e+04
 156.2178330,1.3961296e+04
 156.2382673,1.3965270e+04
 156.2587017,1.3964414e+04
 156.2791361,1.3952782e+04
 156.2995704,1.3967881e+04
 156.3200048,1.3960313e+04
 156.3404393,1.3957494e+04
 156.3608736,1.3957649e+04
 156.3813080,1.3957332e+04
 156.4017424,1.3958546e+04
 156.4221768,1.3967110e+04
 156.4426111,1.3951453e+04
 156.4630455,1.3954192e+04
 156.4834800,1.3956532e+04
 156.5039143,1.3943901e+04
 156.5243487,1.3961601e+04
 156.5447830,1.3956279e+04
 156.5652174,1.3959627e+04
 156.5856518,1.3957849e+04
 156.6060862,1.3960024e+04
 156.6265206,1.3951271e+04
 156.6469550,1.3966162e+04
 156.6673893,1.3956123e+04
 156.6878237,1.3953652e+04
 156.7082581,1.3956100e+04
 156.7286925,1.3962559e+04
 156.7491269,1.3959014e+04
 156.7695612,1.3959244e+04
 156.7899956,1.3954357e+04
 156.8104300,1.3958100e+04
 156.8308644,1.3948855e+04
 156.8512988,1.3961714e+04
 156.8717332,1.3950959e+04
 156.8921675,1.3959544e+04
 156.9126018,1.3961865e+04
 156.9330363,1.3963520e+04
 156.9534707,1.3952653e+04
 156.9739050,1.3948991e+04
 156.9943394,1.3965249e+04
 157.0147738,1.3952743e+04
 157.0352081,1.3957993e+04
 157.0556425,1.3958397e+04
 157.0760770,1.3953075e+04
 157.0965112,1.3959897e+04
 157.1169456,1.3960386e+04
 157.1373801,1.3955901e+04
 157.1578145,1.3951650e+04
 157.1782487,1.3958071e+04
 157.1986831,1.3958813e+04
 157.2191176,1.3956639e+04
 157.2395519,1.3953480e+04
 157.2599862,1.3961201e+04
 157.2804206,1.3954056e+04
 157.3008550,1.3960239e+04
 157.3212894,1.3965162e+04
 157.3417237,1.3963253e+04
 157.3621581,1.3958706e+04
 157.3825925,1.3946795e+04
 157.4030269,1.3955243e+04
 157.4234611,1.3959216e+04
 157.4438956,1.3956932e+04
 157.4643300,1.3945150e+04
 157.4847643,1.3948348e+04
 157.5051987,1.3960902e+04
 157.5256331,1.3954862e+04
 157.5460674,1.3957390e+04
 157.5665018,1.3952173e+04
 157.5869362,1.3961161e+04
 157.6073705,1.3959916e+04
 157.6278049,1.3947841e+04
 157.6482394,1.3958620e+04
 157.6686737,1.3951888e+04
 157.6891080,1.3944984e+04
 157.7095424,1.3958691e+04
 157.7299768,1.3969479e+04
 157.7504111,1.3956620e+04
 157.7708455,1.3956860e+04
 157.7912800,1.3957181e+04
 157.8117142,1.3948784e+04
 157.8321486,1.3957014e+04
 157.8525830,1.3965671e+04
 157.8730173,1.3957461e+04
 157.8934517,1.3956122e+04
 157.9138861,1.3957475e+04
 157.9343203,1.3957792e+04
 157.9547548,1.3955057e+04
 157.9751892,1.3953022e+04
 157.9956235,1.3959131e+04
 158.0160579,1.3945869e+04
 158.0364923,1.3956258e+04
 158.0569266,1.3961193e+04
 158.0773609,1.3959597e+04
 158.0977954,1.3963888e+04
 158.1182298,1.3952438e+04
 158.1386640,1.3958442e+04
 158.1590985,1.3961998e+04
 158.1795329,1.3956018e+04
 158.1999671,1.3954277e+04
 158.2204015,1.3950688e+04
 158.2408360,1.3961923e+04
 158.2612702,         null
 158.2817046,1.3949411e+04
 158.3021391,1.3962022e+04
 158.3225734,1.3945755e+04
 158.3430077,1.3945736e+04
 158.3634421,1.3947549e+04
 158.3838765,1.3953327e+04
 158.4043109,1.3948277e+04
 158.4247451,1.3960357e+04
 158.4451795,1.3963516e+04
 158.4656140,1.3957253e+04
 158.4860482,1.3968658e+04
 158.5064826,1.3949845e+04
 158.5269171,1.3957414e+04
 158.5473513,1.3962257e+04
 158.5677857,1.3957229e+04
 158.5882201,1.3950440e+04
 158.6086544,1.3952476e+04
 158.6290888,1.3956771e+04
 158.6495231,1.3965467e+04
 158.6699576,1.3959346e+04
 158.6903919,1.3956386e+04
 158.7108262,1.3962749e+04
 158.7312605,1.3952781e+04
 158.7516949,1.3960917e+04
 158.7721293,1.3956026e+04
 158.7925637,1.3967490e+04
 158.8129980,1.3971642e+04
 158.8334324,1.3950452e+04
 158.8538667,1.3952955e+04
 158.8743010,1.3956881e+04
 158.8947355,1.3956907e+04
 158.9151698,1.3957532e+04
 158.9356041,1.3950166e+04
 158.9560385,1.3948748e+04
 158.9764729,1.3952704e+04
 158.9969072,1.3951839e+04
 159.0173415,1.3950698e+04
 159.0377760,1.3949581e+04
 159.0582102,1.3957827e+04
 159.0786446,1.3955094e+04
 159.0990789,1.3955014e+04
 159.1195134,1.3952930e+04
 159.1399477,1.3957182e+04
 159.1603820,1.3954437e+04
 159.1808165,1.3953010e+04
 159.2012507,1.3955916e+04
 159.2216851,1.3958465e+04
 159.2421193,1.3956001e+04
 159.2625538,1.3958733e+04
 159.2829881,1.3956632e+04
 159.3034225,1.3958696e+04
 159.3238569,1.3955073e+04
 159.3442912,1.3958413e+04
 159.3647256,1.3959448e+04
 159.3851598,1.3950402e+04
 159.4055943,1.3957756e+04
 159.4260286,1.3952934e+04
 159.4464629,1.3962709e+04
 159.4668973,1.3965528e+04
 159.4873317,1.3962654e+04
 159.5077659,1.3953322e+04
 159.5282003,1.3951120e+04
 159.5486347,1.3950138e+04
 159.5690690,1.3971321e+04
 159.5895033,1.3953483e+04
 159.6099377,1.3954032e+04
 159.6303721,1.3952847e+04
 159.6508064,1.3954499e+04
 159.6712407,1.3955588e+04
 159.6916752,1.3956202e+04
 159.7121094,1.3958258e+04
 159.7325438,1.3947605e+04
 159.7529781,1.3956785e+04
 159.7734125,1.3956169e+04
 159.7938468,1.3959545e+04
 159.8142812,1.3952150e+04
 159.8347155,1.3960381e+04
 159.8551499,1.3961023e+04
 159.8755842,1.3956214e+04
 159.8960185,1.3962871e+04
 159.9164529,1.3953720e+04
 159.9368873,1.3967144e+04
 159.9573216,1.3957920e+04
 159.9777560,1.3959566e+04
 159.9981903,1.3955340e+04
 160.0186247,1.3956801e+04
 160.0390590,1.3964859e+04
 160.0594934,1.3959192e+04
 160.0799277,1.3950870e+04
 160.1003621,1.3961017e+04
 160.1207963,1.3954884e+04
 160.1412308,1.3954958e+04
 160.1616651,1.3952856e+04
 160.1820993,1.3954471e+04
 160.2025338,1.3950005e+04
 160.2229681,1.3959690e+04
 160.2434024,1.3958053e+04
 160.2638367,1.3960809e+04
 160.2842712,1.3955558e+04
 160.3047054,1.3957935e+04
 160.3251398,1.3954983e+04
 160.3455742,1.3958918e+04
 160.3660085,1.3953912e+04
 160.3864428,1.3974223e+04
 160.4068771,1.3960193e+04
 160.4273116,1.3961962e+04
 160.4477458,1.3958137e+04
 160.4681802,1.3950058e+04
 160.4886146,1.3956549e+04
 160.5090488,1.3958427e+04
 160.5294832,1.3958599e+04
 160.5499175,1.3958327e+04
 160.5703519,1.3961716e+04
 160.5907862,1.3964306e+04
 160.6112205,1.3962648e+04
 160.6316548,1.3959638e+04
 160.6520892,1.3955715e+04
 160.6725236,1.3954290e+04
 160.6929578,1.3951784e+04
 160.7133922,1.3953432e+04
 160.7338266,1.3950400e+04
 160.7542608,1.3950517e+04
 160.7746952,1.3955234e+04
 160.7951296,1.3954031e+04
 160.8155639,1.3950421e+04
 160.8359982,1.3953218e+04
 160.8564326,1.3957891e+04
 160.8768669,1.3947640e+04
 160.8973012,1.3959108e+04
 160.9177355,1.3965917e+04
 160.9381700,1.3960267e+04
 160.9586042,1.3956359e+04
 160.9790385,1.3963614e+04
 160.9994730,1.3956757e+04
 161.0199072,1.3954912e+04
 161.0403415,1.3954881e+04
 161.0607759,1.3957330e+04
 161.0812102,1.3958078e+04
 161.1016445,1.3952577e+04
 161.1220789,1.3961070e+04
 161.1425133,1.3955408e+04
 161.1629476,1.3948171e+04
 161.1833819,1.3950283e+04
 161.2038161,1.3954339e+04
 161.2242506,1.3952157e+04
 161.2446849,         null
 161.2651192,1.3969675e+04
 161.2855535,1.3959237e+04
 161.3059879,1.3954759e+04
 161.3264222,1.3949124e+04
 161.3468565,1.3960907e+04
 161.3672909,1.3959136e+04
 161.3877252,1.3958681e+04
 161.4081594,1.3951513e+04
 161.4285938,1.3948340e+04
 161.4490282,1.3951334e+04
 161.4694624,1.3960668e+04
 161.4898968,1.3954770e+04
 161.5103312,1.3958163e+04
 161.5307654,1.3956131e+04
 161.5511998,1.3948011e+04
 161.5716341,1.3940359e+04
 161.5920685,1.3953482e+04
 161.6125028,1.3951493e+04
 161.6329371,1.3956280e+04
 161.6533715,1.3951103e+04
 161.6738058,1.3958280e+04
 161.6942401,1.3949555e+04
 161.7146744,1.3947625e+04
 161.7351088,1.3949924e+04
 161.7555431,1.3950637e+04
 161.7759774,1.3954734e+04
 161.7964117,1.3953812e+04
 161.8168460,1.3956642e+04
 161.8372804,1.3942453e+04
 161.8577147,1.3951179e+04
 161.8781491,1.3949302e+04
 161.8985833,1.3958939e+04
 161.9190177,1.3955744e+04
 161.9394519,1.3950090e+04
 161.9598863,1.3957220e+04
 161.9803206,1.3956259e+04
 162.0007550,1.3958783e+04
 162.0211893,1.3956609e+04
 162.0416236,1.3947103e+04
 162.0620579,1.3949128e+04
 162.0824922,1.3954375e+04
 162.1029266,1.3952805e+04
 162.1233609,1.3953473e+04
 162.1437951,1.3954562e+04
 162.1642296,1.3950264e+04
 162.1846639,1.3955963e+04
 162.2050981,1.3955188e+04
 162.2255324,1.3951136e+04
 162.2459669,1.3956567e+04
 162.2664011,1.3958040e+04
 162.2868354,1.3961033e+04
 162.3072698,1.3954686e+04
 162.3277041,1.3953221e+04
 162.3481384,1.3956842e+04
 162.3685727,1.3948314e+04
 162.3890071,1.3963307e+04
 162.4094413,1.3945557e+04
 162.4298756,1.3952172e+04
 162.4503099,1.3967172e+04
 162.4707443,1.3952776e+04
 162.4911786,1.3952307e+04
 162.5116123,1.3950763e+04
 162.5320467,1.3951542e+04
 162.5524810,1.3946578e+04
 162.5729153,1.3959230e+04
 162.5933496,1.3951083e+04
 162.6137840,1.3956051e+04
 162.6342182,1.3954250e+04
 162.6546526,1.3947196e+04
 162.6750870,1.3949237e+04
 162.6955212,1.3948337e+04
 162.7159555,1.3947941e+04
 162.7363898,1.3953600e+04
 162.7568241,1.3953425e+04
 162.7772585,1.3955767e+04
 162.7976928,1.3949227e+04
 162.8181271,1.3946328e+04
 162.8385614,1.3948959e+04
 162.8589957,1.3955334e+04
 162.8794299,1.3951958e+04
 162.8998643,1.3947812e+04
 162.9202987,1.3957745e+04
 162.9407329,1.3956052e+04
 162.9611672,1.3954827e+04
 162.9816016,1.3944841e+04
 163.0020358,1.3956886e+04
 163.0224701,1.3957893e+04
 163.0429045,1.3947644e+04
 163.0633389,1.3954513e+04
 163.0837731,1.3955678e+04
 163.1042074,1.3946486e+04
 163.1246418,1.3956329e+04
 163.1450760,1.3967839e+04
 163.1655103,1.3946848e+04
 163.1859447,1.3953307e+04
 163.2063789,1.3951889e+04
 163.2268133,1.3945765e+04
 163.2472476,1.3946681e+04
 163.2676819,1.3950227e+04
 163.2881162,1.3952629e+04
 163.3085505,1.3958913e+04
 163.3289849,1.3957063e+04
 163.3494191,1.3952398e+04
 163.3698534,1.3955445e+04
 163.3902876,1.3950029e+04
 163.4107220,1.3950813e+04
 163.4311563,1.3951498e+04
 163.4515906,1.3955029e+04
 163.4720250,1.3947288e+04
 163.4924593,1.3955185e+04
 163.5128936,1.3952862e+04
 163.5333278,1.3951152e+04
 163.5537622,1.3953147e+04
 163.5741965,1.3955011e+04
 163.5946307,1.3951580e+04
 163.6150650,1.3951327e+04
 163.6354994,1.3963091e+04
 163.6559336,1.3954716e+04
 163.6763679,1.3962370e+04
 163.6968023,1.3950229e+04
 163.7172365,1.3948703e+04
 163.7376709,1.3946336e+04
 163.7581052,1.3949848e+04
 163.7785395,1.3950999e+04
 163.7989738,1.3953022e+04
 163.8194081,1.3942979e+04
 163.8398425,1.3958009e+04
 163.8602767,1.3949938e+04
 163.8807110,1.3946001e+04
 163.9011452,1.3956387e+04
 163.9215796,1.3949441e+04
 163.9420139,1.3956029e+04
 163.9624482,1.3955438e+04
 163.9828825,1.3947473e+04
 164.0033168,1.3947805e+04
 164.0237511,1.3956095e+04
 164.0441853,1.3954131e+04
 164.0646197,1.3941244e+04
 164.0850540,1.3953074e+04
 164.1054883,1.3943820e+04
 164.1259225,1.3955663e+04
 164.1463569,1.3956545e+04
 164.1667911,1.3942172e+04
 164.1872254,1.3959687e+04
 164.2076598,1.3952607e+04
 164.2280941,         null
 164.2485283,1.3953033e+04
 164.2689626,1.3949280e+04
 164.2893969,1.3957532e+04
 164.3098312,1.3957824e+04
 164.3302655,1.3959537e+04
 164.3506999,1.3950189e+04
 164.3711342,1.3947273e+04
 164.3915684,1.3955290e+04
 164.4120027,1.3954631e+04
 164.4324370,1.3948817e+04
 164.4528713,1.3950430e+04
 164.4733056,1.3943667e+04
 164.4937400,1.3951117e+04
 164.5141742,1.3944288e+04
 164.5346085,1.3964568e+04
 164.5550428,1.3950897e+04
 164.5754771,1.3959003e+04
 164.5959114,1.3951874e+04
 164.6163457,1.3964701e+04
 164.6367798,1.3944623e+04
 164.6572142,1.3949466e+04
 164.6776485,1.3962109e+04
 164.6980828,1.3954077e+04
 164.7185171,1.3947733e+04
 164.7389514,1.3949577e+04
 164.7593857,1.3947153e+04
 164.7798199,1.3948778e+04
 164.8002543,1.3952354e+04
 164.8206886,1.3952199e+04
 164.8411228,1.3957770e+04
 164.8615572,1.3956119e+04
 164.8819915,1.3951296e+04
 164.9024257,1.3953079e+04
 164.9228600,1.3953104e+04
 164.9432943,1.3951920e+04
 164.9637285,1.3955428e+04
 164.9841628,1.3956452e+04
