        TIME,  PDCSAP_FLUX
 131.5121322,2.6164410e+04
 131.5325666,2.6160740e+04
 131.5530008,2.6165311e+04
 131.5734350,2.6157883e+04
 131.5938692,2.6162936e+04
 131.6143036,2.6168633e+04
 131.6347377,2.6183471e+04
 131.6551720,2.6170309e+04
 131.6756063,2.6155857e+04
 131.6960406,2.6160344e+04
 131.7164747,2.6160660e+04
 131.7369090,2.6166420e+04
 131.7573433,2.6146152e+04
 131.7777775,2.6162449e+04
 131.7982117,2.6163693e+04
 131.8186461,2.6155561e+04
 131.8390803,2.6161652e+04
 131.8595145,2.6167754e+04
 131.8799488,2.6186160e+04
 131.9003830,2.6163404e+04
 131.9208173,2.6155152e+04
 131.9412515,2.6157457e+04
 131.9616858,2.6159869e+04
 131.9821200,2.6171605e+04
 132.0025543,2.6162211e+04
 132.0229884,2.6166094e+04
 132.0434228,2.6165088e+04
 132.0638570,2.6185000e+04
 132.0842912,2.6175002e+04
 132.1047254,2.6162592e+04
 132.1251598,2.6165592e+04
 132.1455939,2.6162473e+04
 132.1660282,2.6152160e+04
 132.1864625,2.6173438e+04
 132.2068968,2.6170713e+04
 132.2273309,2.6161887e+04
 132.2477652,2.6168893e+04
 132.2681996,2.6150355e+04
 132.2886337,2.6158770e+04
 132.3090680,2.6169018e+04
 132.3295023,2.6165197e+04
 132.3499365,2.6157740e+04
 132.3703707,2.6158967e+04
 132.3908050,2.6154502e+04
 132.4112392,2.6161508e+04
 132.4316735,2.6152545e+04
 132.4521077,2.6166527e+04
 132.4725421,2.6176412e+04
 132.4929762,2.6146762e+04
 132.5134105,2.6162729e+04
 132.5338446,2.6151021e+04
 132.5542790,2.6167143e+04
 132.5747132,2.6178783e+04
 132.5951474,2.6172414e+04
 132.6155817,2.6168041e+04
 132.6360160,2.6169730e+04
 132.6564502,2.6164686e+04
 132.6768844,2.6169643e+04
 132.6973187,2.6177918e+04
 132.7177530,2.6163055e+04
 132.7381871,2.6158189e+04
 132.7586215,2.6167201e+04
 132.7790557,2.6161760e+04
 132.7994899,2.6173588e+04
 132.8199241,2.6160395e+04
 132.8403585,2.6165117e+04
 132.8607926,2.6163730e+04
 132.8812269,2.6159793e+04
 132.9016612,2.6151908e+04
 132.9220954,2.6160219e+04
 132.9425296,2.6150562e+04
 132.9629639,2.6159414e+04
 132.9833982,2.6160365e+04
 133.0038324,2.6161711e+04
 133.0242666,2.6156641e+04
 133.0447009,2.6158994e+04
 133.0651351,2.6162451e+04
 133.0855694,2.6155520e+04
 133.1060036,2.6162471e+04
 133.1264379,2.6164959e+04
 133.1468721,2.6167371e+04
 133.1673064,2.6156979e+04
 133.1877406,2.6151605e+04
 133.2081750,2.6171582e+04
 133.2286091,2.6160189e+04
 133.2490434,2.6146922e+04
 133.2694776,2.6167688e+04
 133.2899119,2.6159453e+04
 133.3103461,2.6157082e+04
 133.3307803,2.6160967e+04
 133.3512146,2.6162377e+04
 133.3716489,2.6163854e+04
 133.3920831,2.6158312e+04
 133.4125174,2.6164572e+04
 133.4329516,2.6163221e+04
 133.4533859,2.6164496e+04
 133.4738200,2.6157492e+04
 133.4942544,2.6155750e+04
 133.5146886,2.6153801e+04
 133.5351228,2.6154531e+04
 133.5555571,2.6150391e+04
 133.5759914,2.6158615e+04
 133.5964255,2.6155260e+04
 133.6168598,2.6158867e+04
 133.6372941,2.6156090e+04
 133.6577284,2.6171225e+04
 133.6781625,2.6163861e+04
 133.6985969,2.6174789e+04
 133.7190311,2.6160342e+04
 133.7394653,2.6164441e+04
 133.7598995,2.6151971e+04
 133.7803339,2.6176980e+04
 133.8007680,2.6157984e+04
 133.8212023,2.6156424e+04
 133.8416365,2.6151268e+04
 133.8620708,2.6159984e+04
 133.8825050,2.6158730e+04
 133.9029392,2.6153473e+04
 133.9233735,2.6154645e+04
 133.9438077,2.6157670e+04
 133.9642420,2.6165998e+04
 133.9846761,2.6155465e+04
 134.0051105,2.6158523e+04
 134.0255447,2.6158209e+04
 134.0459789,2.6160314e+04
 134.0664132,2.6165098e+04
 134.0868475,2.6158184e+04
 134.1072816,2.6172088e+04
 134.1277159,2.6169701e+04
 134.1481502,2.6164688e+04
 134.1685845,2.6150764e+04
 134.1890186,2.6171262e+04
 134.2094530,2.6158182e+04
 134.2298872,2.6144385e+04
 134.2503214,2.6157785e+04
 134.2707556,2.6163498e+04
 134.2911899,2.6149232e+04
 134.3116241,2.6166387e+04
 134.3320583,2.6160330e+04
 134.3524927,2.6159693e+04
 134.3729268,2.6161166e+04
 134.3933611,         null
 134.4137953,2.6166559e+04
 134.4342296,2.6175227e+04
 134.4546638,2.6159596e+04
 134.4750981,2.6165244e+04
 134.4955324,2.6156334e+04
 134.5159666,2.6162326e+04
 134.5364008,2.6172037e+04
 134.5568350,2.6152447e+04
 134.5772693,2.6151852e+04
 134.5977035,2.6161043e+04
 134.6181377,2.6180246e+04
 134.6385719,2.6164617e+04
 134.6590063,2.6157928e+04
 134.6794405,2.6156084e+04
 134.6998748,2.6154387e+04
 134.7203090,2.6166777e+04
 134.7407433,2.6170133e+04
 134.7611774,2.6154533e+04
 134.7816117,2.6164229e+04
 134.8020460,2.6166785e+04
 134.8224803,2.6158744e+04
 134.8429144,2.6158381e+04
 134.8633487,2.6173164e+04
 134.8837830,2.6162420e+04
 134.9042172,2.6159795e+04
 134.9246514,2.6153148e+04
 134.9450857,2.6181475e+04
 134.9655200,2.6160352e+04
 134.9859541,2.6154129e+04
 135.0063885,2.6166453e+04
 135.0268227,2.6161516e+04
 135.0472569,2.6152262e+04
 135.0676911,2.6169354e+04
 135.0881254,2.6169627e+04
 135.1085596,2.6157006e+04
 135.1289938,2.6151920e+04
 135.1494282,2.6166721e+04
 135.1698624,2.6166312e+04
 135.1902966,2.6163574e+04
 135.2107308,2.6151670e+04
 135.2311652,2.6171766e+04
 135.2515993,2.6165668e+04
 135.2720335,2.6158553e+04
 135.2924677,2.6169568e+04
 135.3129020,2.6159627e+04
 135.3333363,2.6176930e+04
 135.3537704,2.6158447e+04
 135.3742048,2.6169191e+04
 135.3946390,2.6155268e+04
 135.4150733,2.6153828e+04
 135.4355074,2.6164336e+04
 135.4559417,2.6152014e+04
 135.4763760,2.6161455e+04
 135.4968101,2.6156439e+04
 135.5172445,2.6161588e+04
 135.5376787,2.6170236e+04
 135.5581129,2.6160934e+04
 135.5785471,2.6153051e+04
 135.5989814,2.6168516e+04
 135.6194156,2.6163900e+04
 135.6398498,2.6158029e+04
 135.6602842,2.6154186e+04
 135.6807184,2.6167373e+04
 135.7011526,2.6168119e+04
 135.7215868,2.6166852e+04
 135.7420211,2.6155408e+04
 135.7624553,2.6164645e+04
 135.7828895,2.6159738e+04
 135.8033239,2.6160273e+04
 135.8237580,2.6167295e+04
 135.8441923,2.6168402e+04
 135.8646265,2.6166986e+04
 135.8850607,2.6160283e+04
 135.9054950,2.6158039e+04
 135.9259292,2.6162889e+04
 135.9463634,2.6157141e+04
 135.9667977,2.6165748e+04
 135.9872320,2.6159318e+04
 136.0076661,2.6152771e+04
 136.0281004,2.6173348e+04
 136.0485347,2.6168154e+04
 136.0689688,2.6157816e+04
 136.0894031,2.6157234e+04
 136.1098374,2.6159420e+04
 136.1302717,2.6169471e+04
 136.1507058,2.6150242e+04
 136.1711401,2.6154527e+04
 136.1915744,2.6140828e+04
 136.2120085,2.6161053e+04
 136.2324428,2.6165539e+04
 136.2528771,2.6159852e+04
 136.2733113,2.6162088e+04
 136.2937455,2.6167355e+04
 136.3141798,2.6158691e+04
 136.3346140,2.6158555e+04
 136.3550482,2.6150926e+04
 136.3754825,2.6158182e+04
 136.3959167,2.6163361e+04
 136.4163509,2.6166631e+04
 136.4367852,2.6162062e+04
 136.4572195,2.6164270e+04
 136.4776537,2.6159410e+04
 136.4980879,2.6160480e+04
 136.5185221,2.6160871e+04
 136.5389564,2.6156857e+04
 136.5593906,2.6177010e+04
 136.5798249,2.6158949e+04
 136.6002591,2.6163590e+04
 136.6206933,2.6179711e+04
 136.6411276,2.6170568e+04
 136.6615618,2.6167389e+04
 136.6819961,2.6158588e+04
 136.7024303,2.6170602e+04
 136.7228646,2.6152822e+04
 136.7432987,2.6162205e+04
 136.7637330,2.6164637e+04
 136.7841673,2.6164648e+04
 136.8046014,2.6176541e+04
 136.8250358,2.6162713e+04
 136.8454700,2.6163957e+04
 136.8659042,2.6154510e+04
 136.8863384,2.6158643e+04
 136.9067727,2.6171662e+04
 136.9272070,2.6159988e+04
 136.9476411,2.6152418e+04
 136.9680754,2.6173363e+04
 136.9885097,2.6170881e+04
 137.0089438,2.6175285e+04
 137.0293780,2.6161486e+04
 137.0498124,2.6162146e+04
 137.0702465,2.6155873e+04
 137.0906808,2.6159180e+04
 137.1111151,2.6169287e+04
 137.1315492,2.6162082e+04
 137.1519835,2.6163803e+04
 137.1724177,2.6170949e+04
 137.1928521,2.6157500e+04
 137.2132862,2.6166016e+04
 137.2337204,2.6157211e+04
 137.2541546,2.6155744e+04
 137.2745889,2.6152932e+04
 137.2950232,2.6170195e+04
 137.3154573,2.6165287e+04
 137.3358916,2.6168500e+04
 137.3563259,2.6162451e+04
 137.3767601,         null
 137.3971942,2.6176539e+04
 137.4176286,2.6152115e+04
 137.4380628,2.6164893e+04
 137.4584970,2.6162830e+04
 137.4789313,2.6165066e+04
 137.4993655,2.6153934e+04
 137.5197997,2.6165000e+04
 137.5402339,2.6158912e+04
 137.5606682,2.6164523e+04
 137.5811024,2.6168734e+04
 137.6015366,2.6176777e+04
 137.6219710,2.6156807e+04
 137.6424052,2.6156393e+04
 137.6628393,2.6159934e+04
 137.6832736,2.6163740e+04
 137.7037079,2.6160803e+04
 137.7241420,2.6157252e+04
 137.7445763,2.6178754e+04
 137.7650106,2.6158062e+04
 137.7854448,2.6156043e+04
 137.8058790,2.6168568e+04
 137.8263131,2.6163277e+04
 137.8467475,2.6160529e+04
 137.8671817,2.6152701e+04
 137.8876159,2.6168842e+04
 137.9080501,2.6156793e+04
 137.9284844,2.6157180e+04
 137.9489187,2.6161854e+04
 137.9693528,2.6159506e+04
 137.9897871,2.6163254e+04
 138.0102214,2.6165912e+04
 138.0306555,2.6154824e+04
 138.0510897,2.6153064e+04
 138.0715241,2.6167523e+04
 138.0919583,2.6164775e+04
 138.1123924,2.6175238e+04
 138.1328268,2.6159621e+04
 138.1532610,2.6161186e+04
 138.1736952,2.6165756e+04
 138.1941294,2.6153896e+04
 138.2145637,2.6167389e+04
 138.2349980,2.6164811e+04
 138.2554321,2.6156732e+04
 138.2758664,2.6155217e+04
 138.2963007,2.6167100e+04
 138.3167348,2.6164465e+04
 138.3371690,2.6137176e+04
 138.3576034,2.6153482e+04
 138.3780376,2.6161949e+04
 138.3984717,2.6170277e+04
 138.4189061,2.6165287e+04
 138.4393403,2.6156965e+04
 138.4597744,2.6154652e+04
 138.4802087,2.6159041e+04
 138.5006430,2.6146732e+04
 138.5210772,2.6171979e+04
 138.5415114,2.6152559e+04
 138.5619456,2.6154607e+04
 138.5823799,2.6159682e+04
 138.6028141,2.6151266e+04
 138.6232483,2.6141723e+04
 138.6436826,2.6152318e+04
 138.6641168,2.6144217e+04
 138.6845510,2.6171264e+04
 138.7049852,2.6164846e+04
 138.7254195,2.6167051e+04
 138.7458537,2.6153631e+04
 138.7662879,2.6143295e+04
 138.7867222,2.6148551e+04
 138.8071564,2.6149807e+04
 138.8275906,2.6168137e+04
 138.8480248,2.6161371e+04
 138.8684591,2.6161541e+04
 138.8888934,2.6170918e+04
 138.9093275,2.6160957e+04
 138.9297618,2.6158930e+04
 138.9501961,2.6160111e+04
 138.9706302,2.6163217e+04
 138.9910644,2.6154711e+04
 139.0114988,2.6173979e+04
 139.0319329,2.6163656e+04
 139.0523671,2.6153393e+04
 139.0728015,2.6167174e+04
 139.0932356,2.6150346e+04
 139.1136698,2.6162145e+04
 139.1341041,2.6162131e+04
 139.1545383,2.6152336e+04
 139.1749725,2.6158639e+04
 139.1954068,2.6157959e+04
 139.2158409,2.6165014e+04
 139.2362752,2.6166344e+04
 139.2567095,2.6158184e+04
 139.2771436,2.6170615e+04
 139.2975779,2.6169697e+04
 139.3180122,2.6161473e+04
 139.3384464,2.6156885e+04
 139.3588805,2.6156080e+04
 139.3793148,2.6161266e+04
 139.3997491,2.6162951e+04
 139.4201832,2.6170307e+04
 139.4406175,2.6163994e+04
 139.4610518,2.6173441e+04
 139.4814859,2.6177254e+04
 139.5019201,2.6174084e+04
 139.5223545,2.6164154e+04
 139.5427886,2.6156367e+04
 139.5632228,2.6161592e+04
 139.5836572,2.6157857e+04
 139.6040913,2.6155154e+04
 139.6245255,2.6157197e+04
 139.6449598,2.6165789e+04
 139.6653941,2.6166930e+04
 139.6858282,2.6163039e+04
 139.7062624,2.6169854e+04
 139.7266967,2.6160002e+04
 139.7471309,2.6166502e+04
 139.7675651,2.6162426e+04
 139.7879994,2.6154285e+04
 139.8084336,2.6158969e+04
 139.8288678,2.6157074e+04
 139.8493021,2.6161789e+04
 139.8697363,2.6171783e+04
 139.8901705,2.6176139e+04
 139.9106047,2.6157008e+04
 139.9310390,2.6161389e+04
 139.9514733,2.6166635e+04
 139.9719074,2.6168934e+04
 139.9923417,2.6164979e+04
 140.0127758,2.6158691e+04
 140.0332101,2.6152330e+04
 140.0536444,2.6167881e+04
 140.0740786,2.6150945e+04
 140.0945128,2.6158395e+04
 140.1149470,2.6171293e+04
 140.1353813,2.6155186e+04
 140.1558154,2.6161580e+04
 140.1762497,2.6153369e+04
 140.1966840,2.6166488e+04
 140.2171181,2.6156953e+04
 140.2375524,2.6162447e+04
 140.2579866,2.6157096e+04
 140.2784208,2.6153695e+04
 140.2988550,2.6165186e+04
 140.3192893,2.6156619e+04
 140.3397235,2.6160172e+04
 140.3601577,         null
 140.3805919,2.6167994e+04
 140.4010262,2.6173488e+04
 140.4214604,2.6159168e+04
 140.4418946,2.6146334e+04
 140.4623289,2.6161104e+04
 140.4827631,2.6148598e+04
 140.5031973,2.6145684e+04
 140.5236314,2.6157480e+04
 140.5440657,2.6168385e+04
 140.5645000,2.6158701e+04
 140.5849342,2.6170531e+04
 140.6053684,2.6161236e+04
 140.6258027,2.6178068e+04
 140.6462369,2.6153344e+04
 140.6666710,2.6155430e+04
 140.6871053,2.6170133e+04
 140.7075396,2.6169236e+04
 140.7279737,2.6160650e+04
 140.7484080,2.6166016e+04
 140.7688422,2.6174387e+04
 140.7892764,2.6162225e+04
 140.8097106,2.6162391e+04
 140.8301449,2.6168252e+04
 140.8505791,2.6164098e+04
 140.8710133,2.6162936e+04
 140.8914475,2.6166811e+04
 140.9118818,2.6159008e+04
 140.9323160,2.6166006e+04
 140.9527502,2.6166623e+04
 140.9731845,2.6177461e+04
 140.9936186,2.6155531e+04
 141.0140529,2.6164287e+04
 141.0344871,2.6169348e+04
 141.0549213,2.6171461e+04
 141.0753555,2.6153594e+04
 141.0957898,2.6158252e+04
 141.1162240,2.6163320e+04
 141.1366582,2.6148758e+04
 141.1570924,2.6156594e+04
 141.1775266,2.6154268e+04
 141.1979609,2.6164092e+04
 141.2183951,2.6176062e+04
 141.2388292,2.6171793e+04
 141.2592636,2.6169900e+04
 141.2796978,2.6159311e+04
 141.3001319,2.6163445e+04
 141.3205661,2.6165932e+04
 141.3410005,2.6156426e+04
 141.3614347,2.6167852e+04
 141.3818688,2.6170422e+04
 141.4023030,2.6159736e+04
 141.4227374,2.6163883e+04
 141.4431716,2.6152791e+04
 141.4636057,2.6166229e+04
 141.4840400,2.6154803e+04
 141.5044743,2.6159459e+04
 141.5249084,2.6166164e+04
 141.5453426,2.6171057e+04
 141.5657768,2.6169217e+04
 141.5862112,2.6168090e+04
 141.6066453,2.6148775e+04
 141.6270796,2.6162121e+04
 141.6475138,2.6161441e+04
 141.6679480,2.6159566e+04
 141.6883822,2.6167996e+04
 141.7088165,2.6156676e+04
 141.7292506,2.6156689e+04
 141.7496848,2.6150223e+04
 141.7701192,2.6158635e+04
 141.7905533,2.6157428e+04
 141.8109875,2.6172871e+04
 141.8314217,2.6160230e+04
 141.8518560,2.6157691e+04
 141.8722902,2.6164205e+04
 141.8927244,2.6161529e+04
 141.9131587,2.6161395e+04
 141.9335929,2.6163672e+04
 141.9540271,2.6155266e+04
 141.9744612,2.6140322e+04
 141.9948955,2.6176066e+04
 142.0153297,2.6157688e+04
 142.0357639,2.6174535e+04
 142.0561981,2.6168094e+04
 142.0766324,2.6176549e+04
 142.0970666,2.6151775e+04
 142.1175008,2.6157059e+04
 142.1379351,2.6156703e+04
 142.1583693,2.6151537e+04
 142.1788034,2.6162896e+04
 142.1992376,2.6163873e+04
 142.2196720,2.6165461e+04
 142.2401061,2.6177953e+04
 142.2605403,2.6161535e+04
 142.2809746,2.6173816e+04
 142.3014087,2.6168594e+04
 142.3218430,2.6150756e+04
 142.3422772,2.6159912e+04
 142.3627115,2.6169664e+04
 142.3831456,2.6175209e+04
 142.4035798,2.6164541e+04
 142.4240142,2.6165113e+04
 142.4444483,2.6153309e+04
 142.4648825,2.6174064e+04
 142.4853166,2.6167412e+04
 142.5057510,2.6168629e+04
 142.5261852,2.6156232e+04
 142.5466194,2.6173656e+04
 142.5670535,2.6172164e+04
 142.5874878,2.6173836e+04
 142.6079221,2.6163150e+04
 142.6283562,2.6152877e+04
 142.6487905,2.6163066e+04
 142.6692247,2.6172533e+04
 142.6896588,2.6170949e+04
 142.7100931,2.6157566e+04
 142.7305274,2.6161602e+04
 142.7509615,2.6167732e+04
 142.7713957,2.6154229e+04
 142.7918300,2.6166047e+04
 142.8122641,2.6152688e+04
 142.8326984,2.6178879e+04
 142.8531326,2.6155723e+04
 142.8735669,2.6162189e+04
 142.8940010,2.6172258e+04
 142.9144352,2.6164078e+04
 142.9348696,2.6161000e+04
 142.9553037,2.6146797e+04
 142.9757379,2.6153262e+04
 142.9961720,2.6157342e+04
 143.0166063,2.6159387e+04
 143.0370406,2.6155672e+04
 143.0574748,2.6169219e+04
 143.0779090,2.6174199e+04
 143.0983432,2.6160098e+04
 143.1187774,2.6162857e+04
 143.1392116,2.6160977e+04
 143.1596459,2.6163832e+04
 143.1800801,2.6162379e+04
 143.2005142,2.6154254e+04
 143.2209484,2.6144836e+04
 143.2413827,2.6155355e+04
 143.2618169,2.6162188e+04
 143.2822512,2.6157238e+04
 143.3026854,2.6171580e+04
 143.3231196,2.6165406e+04
 143.3435538,         null
 143.3639879,2.6157328e+04
 143.3844222,2.6156023e+04
 143.4048565,2.6163133e+04
 143.4252906,2.6155268e+04
 143.4457249,2.6162240e+04
 143.4661591,2.6161570e+04
 143.4865932,2.6161275e+04
 143.5070274,2.6152738e+04
 143.5274618,2.6174336e+04
 143.5478960,2.6165906e+04
 143.5683301,2.6154635e+04
 143.5887644,2.6149381e+04
 143.6091986,2.6154318e+04
 143.6296327,2.6162230e+04
 143.6500670,2.6168738e+04
 143.6705013,2.6167975e+04
 143.6909354,2.6161137e+04
 143.7113696,2.6156529e+04
 143.7318038,2.6169631e+04
 143.7522380,2.6160840e+04
 143.7726723,2.6167562e+04
 143.7931065,2.6163773e+04
 143.8135407,2.6166803e+04
 143.8339749,2.6154125e+04
 143.8544091,2.6162852e+04
 143.8748432,2.6160451e+04
 143.8952775,2.6161600e+04
 143.9157118,2.6153893e+04
 143.9361459,2.6161779e+04
 143.9565802,2.6157041e+04
 143.9770144,2.6161615e+04
 143.9974485,2.6164416e+04
 144.0178827,2.6184158e+04
 144.0383170,2.6161021e+04
 144.0587513,2.6156461e+04
 144.0791854,2.6164881e+04
 144.0996197,2.6164242e+04
 144.1200539,2.6165055e+04
 144.1404880,2.6166375e+04
 144.1609222,2.6159223e+04
 144.1813565,2.6163018e+04
 144.2017907,2.6168283e+04
 144.2222249,2.6157689e+04
 144.2426592,2.6145953e+04
 144.2630933,2.6165783e+04
 144.2835275,2.6168137e+04
 144.3039617,2.6172264e+04
 144.3243959,2.6152436e+04
 144.3448301,2.6151479e+04
 144.3652644,2.6168580e+04
 144.3856985,2.6165859e+04
 144.4061328,2.6156793e+04
 144.4265670,2.6162189e+04
 144.4470011,2.6156031e+04
 144.4674354,2.6145242e+04
 144.4878696,2.6169283e+04
 144.5083037,2.6168727e+04
 144.5287380,2.6156619e+04
 144.5491723,2.6162988e+04
 144.5696065,2.6160238e+04
 144.5900406,2.6162584e+04
 144.6104749,2.6157984e+04
 144.6309091,2.6159615e+04
 144.6513432,2.6163625e+04
 144.6717774,2.6166850e+04
 144.6922118,2.6160375e+04
 144.7126459,2.6166199e+04
 144.7330801,2.6175963e+04
 144.7535144,2.6153404e+04
 144.7739485,2.6157143e+04
 144.7943827,2.6160076e+04
 144.8148169,2.6163064e+04
 144.8352512,2.6154406e+04
 144.8556853,2.6148521e+04
 144.8761196,2.6165074e+04
 144.8965538,2.6157396e+04
 144.9169880,2.6170996e+04
 144.9374222,2.6158229e+04
 144.9578564,2.6157428e+04
 144.9782907,2.6168992e+04
 144.9987248,2.6144725e+04
 145.0191590,2.6161654e+04
 145.0395932,2.6158098e+04
 145.0600274,2.6175652e+04
 145.0804617,2.6152715e+04
 145.1008959,2.6173705e+04
 145.1213302,2.6160029e+04
 145.1417643,2.6151344e+04
 145.1621985,2.6156592e+04
 145.1826326,2.6179324e+04
 145.2030669,2.6173299e+04
 145.2235011,2.6162344e+04
 145.2439352,2.6158334e+04
 145.2643695,2.6162117e+04
 145.2848037,2.6162479e+04
 145.3052380,2.6163178e+04
 145.3256721,2.6164365e+04
 145.3461064,2.6168770e+04
 145.3665406,2.6172910e+04
 145.3869747,2.6163229e+04
 145.4074090,2.6170297e+04
 145.4278432,2.6166418e+04
 145.4482773,2.6164965e+04
 145.4687115,2.6164582e+04
 145.4891458,2.6161709e+04
 145.5095799,2.6163559e+04
 145.5300141,2.6169262e+04
 145.5504484,2.6168859e+04
 145.5708827,2.6154492e+04
 145.5913168,2.6154096e+04
 145.6117510,2.6170156e+04
 145.6321853,2.6174535e+04
 145.6526194,2.6176006e+04
 145.6730536,2.6160660e+04
 145.6934877,2.6157854e+04
 145.7139220,2.6155740e+04
 145.7343562,2.6166990e+04
 145.7547904,2.6167543e+04
 145.7752246,2.6158408e+04
 145.7956588,2.6150098e+04
 145.8160930,2.6161488e+04
 145.8365271,2.6153062e+04
 145.8569615,2.6154984e+04
 145.8773957,2.6169484e+04
 145.8978298,2.6159451e+04
 145.9182641,2.6170139e+04
 145.9386983,2.6164555e+04
 145.9591324,2.6162619e+04
 145.9795666,2.6166064e+04
 146.0000009,2.6163152e+04
 146.0204351,2.6151115e+04
 146.0408692,2.6168270e+04
 146.0613035,2.6148152e+04
 146.0817377,2.6148920e+04
 146.1021718,2.6151605e+04
 146.1226060,2.6160275e+04
 146.1430403,2.6152885e+04
 146.1634744,2.6146629e+04
 146.1839086,2.6174207e+04
 146.2043428,2.6171668e+04
 146.2247771,2.6168895e+04
 146.2452113,2.6177932e+04
 146.2656455,2.6170316e+04
 146.2860797,2.6157379e+04
 146.3065139,2.6162006e+04
 146.3269481,         null
 146.3473822,2.6158139e+04
 146.3678165,2.6165748e+04
 146.3882507,2.6155611e+04
 146.4086848,2.6175008e+04
 146.4291191,2.6165723e+04
 146.4495533,2.6159840e+04
 146.4699874,2.6158037e+04
 146.4904217,2.6152965e+04
 146.5108559,2.6159348e+04
 146.5312901,2.6168047e+04
 146.5517242,2.6155369e+04
 146.5721585,2.6153746e+04
 146.5925927,2.6156496e+04
 146.6130269,2.6178410e+04
 146.6334610,2.6158160e+04
 146.6538953,2.6161494e+04
 146.6743295,2.6144432e+04
 146.6947636,2.6156975e+04
 146.7151979,2.6153338e+04
 146.7356321,2.6164691e+04
 146.7560663,2.6161562e+04
 146.7765004,2.6159074e+04
 146.7969347,2.6153102e+04
 146.8173689,2.6166500e+04
 146.8378031,2.6153650e+04
 146.8582373,2.6162432e+04
 146.8786716,2.6149398e+04
 146.8991057,2.6170100e+04
 146.9195399,2.6165330e+04
 146.9399742,2.6155553e+04
 146.9604083,2.6150273e+04
 146.9808425,2.6169451e+04
 147.0012767,2.6169010e+04
 147.0217109,2.6161654e+04
 147.0421451,2.6165037e+04
 147.0625793,2.6153057e+04
 147.0830136,2.6143615e+04
 147.1034477,2.6169379e+04
 147.1238819,2.6158605e+04
 147.1443160,2.6146109e+04
 147.1647503,2.6181703e+04
 147.1851845,2.6160914e+04
 147.2056186,2.6147072e+04
 147.2260529,2.6167133e+04
 147.2464871,2.6156738e+04
 147.2669213,2.6161277e+04
 147.2873554,2.6153141e+04
 147.3077897,2.6157395e+04
 147.3282239,2.6163672e+04
 147.3486580,2.6156504e+04
 147.3690922,2.6171879e+04
 147.3895265,2.6159496e+04
 147.4099606,2.6166002e+04
 147.4303948,2.6153547e+04
 147.4508291,2.6154408e+04
 147.4712632,2.6148158e+04
 147.4916974,2.6160852e+04
 147.5121316,2.6168359e+04
 147.5325659,2.6165832e+04
 147.5530000,2.6178143e+04
 147.5734342,2.6163264e+04
 147.5938685,2.6155895e+04
 147.6143026,2.6156457e+04
 147.6347368,2.6165838e+04
 147.6551708,2.6157455e+04
 147.6756051,2.6163062e+04
 147.6960393,2.6160400e+04
 147.7164734,2.6151447e+04
 147.7369077,2.6166016e+04
 147.7573419,2.6157893e+04
 147.7777761,2.6158201e+04
 147.7982102,2.6165611e+04
 147.8186445,2.6162543e+04
 147.8390787,2.6161854e+04
 147.8595128,2.6178158e+04
 147.8799470,2.6160018e+04
 147.9003813,         null
 147.9208154,2.6162908e+04
 147.9412496,2.6155475e+04
 147.9616839,2.6149209e+04
 147.9821180,2.6138760e+04
 148.0025522,2.6158904e+04
 148.0229864,2.6162643e+04
 148.0434207,2.6162010e+04
 148.0638548,2.6169576e+04
 148.0842890,2.6155088e+04
 148.1047233,2.6156965e+04
 148.1251574,2.6162354e+04
 148.1455916,2.6154803e+04
 148.1660258,2.6167939e+04
 148.1864600,2.6157586e+04
 148.2068942,2.6157238e+04
 148.2273284,2.6164867e+04
 148.2477627,2.6161871e+04
 148.2681967,2.6159436e+04
 148.2886309,2.6166500e+04
 148.3090651,2.6157422e+04
 148.3294993,2.6167496e+04
 148.3499335,2.6163891e+04
 148.3703677,2.6160445e+04
 148.3908018,2.6151445e+04
 148.4112361,2.6168574e+04
 148.4316703,2.6157717e+04
 148.4521045,2.6169178e+04
 148.4725387,2.6158309e+04
 148.4929729,2.6164752e+04
 148.5134071,2.6262072e+04
 148.5338412,2.6169551e+04
 148.5542755,2.6159564e+04
 148.5747097,2.6169047e+04
 148.5951438,2.6172789e+04
 148.6155780,2.6153391e+04
 148.6360122,2.6146828e+04
 148.6564463,2.6156859e+04
 148.6768805,2.6161432e+04
 148.6973148,2.6165453e+04
 148.7177489,2.6160252e+04
 148.7381831,2.6171121e+04
 148.7586174,2.6156662e+04
 148.7790516,2.6155951e+04
 148.7994857,2.6162193e+04
 148.8199199,2.6158133e+04
 148.8403542,2.6164938e+04
 148.8607883,2.6152797e+04
 148.8812225,2.6170383e+04
 148.9016567,2.6169264e+04
 148.9220908,2.6147662e+04
 148.9425250,2.6158969e+04
 148.9629592,2.6160225e+04
 148.9833934,2.6156719e+04
 149.0038276,2.6161262e+04
 149.0242618,2.6151295e+04
 149.0446959,2.6154324e+04
 149.0651302,2.6159148e+04
 149.0855644,2.6155318e+04
 149.1059985,2.6169357e+04
 149.1264328,2.6162396e+04
 149.1468669,2.6146918e+04
 149.1673010,2.6175008e+04
 149.1877352,2.6164598e+04
 149.2081695,2.6177250e+04
 149.2286037,2.6160859e+04
 149.2490378,2.6154350e+04
 149.2694721,2.6169943e+04
 149.2899063,2.6162516e+04
 149.3103404,         null
 149.3307746,2.6166072e+04
 149.3512088,2.6158109e+04
 149.3716429,2.6166121e+04
 149.3920771,2.6161705e+04
 149.4125114,2.6161342e+04
 149.4329455,2.6170947e+04
 149.4533797,2.6158307e+04
 149.4738139,2.6166047e+04
 149.4942481,2.6159611e+04
 149.5146823,2.6171482e+04
 149.5351165,2.6157566e+04
 149.5555507,2.6167266e+04
 149.5759848,2.6165506e+04
 149.5964190,2.6143369e+04
 149.6168531,2.6159232e+04
 149.6372874,2.6160551e+04
 149.6577216,2.6169291e+04
 149.6781557,2.6156842e+04
 149.6985899,2.6164980e+04
 149.7190241,2.6175096e+04
 149.7394583,2.6162078e+04
 149.7598924,2.6155479e+04
 149.7803267,2.6169332e+04
 149.8007609,2.6169252e+04
 149.8211950,2.6162818e+04
 149.8416292,2.6169445e+04
 149.8620635,2.6165109e+04
 149.8824976,2.6146961e+04
 149.9029317,2.6162268e+04
 149.9233660,2.6156490e+04
 149.9438002,2.6159584e+04
 149.9642344,2.6143559e+04
 149.9846685,2.6160158e+04
 150.0051028,2.6159012e+04
 150.0255370,2.6164816e+04
 150.0459710,2.6167232e+04
 150.0664053,2.6161418e+04
 150.0868395,2.6165391e+04
 150.1072736,2.6170344e+04
 150.1277078,2.6159594e+04
 150.1481421,2.6171945e+04
 150.1685762,2.6160574e+04
 150.1890103,2.6170039e+04
 150.2094446,2.6153453e+04
 150.2298787,2.6167967e+04
 150.2503129,2.6164854e+04
 150.2707471,2.6155379e+04
 150.2911814,2.6164389e+04
 150.3116155,2.6152861e+04
 150.3320496,2.6161166e+04
 150.3524837,2.6158090e+04
 150.3729180,2.6158686e+04
 150.3933522,2.6154143e+04
 150.4137863,2.6158104e+04
 150.4342206,2.6162629e+04
 150.4546547,2.6156893e+04
 150.4750889,2.6164678e+04
 150.4955230,2.6165178e+04
 150.5159573,2.6155420e+04
 150.5363915,2.6161115e+04
 150.5568256,2.6163543e+04
 150.5772598,2.6164066e+04
 150.5976940,2.6165180e+04
 150.6181281,2.6154254e+04
 150.6385623,2.6169152e+04
 150.6589966,2.6159207e+04
 150.6794307,2.6163746e+04
 150.6998648,2.6150281e+04
 150.7202991,2.6162949e+04
 150.7407333,2.6158375e+04
 150.7611674,2.6158518e+04
 150.7816016,2.6156543e+04
 150.8020359,2.6165865e+04
 150.8224699,2.6160930e+04
 150.8429041,2.6165236e+04
 150.8633384,2.6152117e+04
 150.8837725,2.6168850e+04
 150.9042067,2.6155230e+04
 150.9246409,2.6160342e+04
 150.9450750,2.6175428e+04
 150.9655092,2.6158156e+04
 150.9859434,2.6165771e+04
 151.0063775,2.6155363e+04
 151.0268118,2.6165426e+04
 151.0472459,2.6167758e+04
 151.0676800,2.6160541e+04
 151.0881143,2.6167068e+04
 151.1085485,2.6162234e+04
 151.1289826,2.6161857e+04
 151.1494167,2.6170629e+04
 151.1698510,2.6169361e+04
 151.1902851,2.6160721e+04
 151.2107193,2.6174373e+04
 151.2311536,2.6161662e+04
 151.2515877,2.6170592e+04
 151.2720218,2.6164975e+04
 151.2924560,2.6170631e+04
 151.3128903,2.6163311e+04
 151.3333244,2.6161342e+04
 151.3537585,2.6162441e+04
 151.3741928,2.6169969e+04
 151.3946269,2.6167984e+04
 151.4150611,2.6173408e+04
 151.4354953,2.6154863e+04
 151.4559294,2.6165502e+04
 151.4763636,2.6166500e+04
 151.4967978,2.6165387e+04
 151.5172320,2.6170582e+04
 151.5376662,2.6165424e+04
 151.5581003,2.6151713e+04
 151.5785345,2.6174648e+04
 151.5989688,2.6157625e+04
 151.6194029,2.6162832e+04
 151.6398370,2.6151574e+04
 151.6602712,         null
 151.6807054,2.6173979e+04
 151.7011396,2.6175334e+04
 151.7215738,2.6160723e+04
 151.7420079,2.6153287e+04
 151.7624421,2.6164842e+04
 151.7828763,2.6175453e+04
 151.8033104,2.6167494e+04
 151.8237446,2.6169666e+04
 151.8441788,2.6181369e+04
 151.8646129,2.6164629e+04
 151.8850472,2.6169891e+04
 151.9054814,2.6161199e+04
 151.9259154,2.6165865e+04
 151.9463496,2.6165432e+04
 151.9667839,2.6169641e+04
 151.9872181,2.6163996e+04
 152.0076521,2.6162057e+04
 152.0280864,2.6160914e+04
 152.0485206,2.6166088e+04
 152.0689547,2.6165170e+04
 152.0893888,2.6160422e+04
 152.1098231,2.6166873e+04
 152.1302572,2.6159574e+04
 152.1506914,2.6176963e+04
 152.1711255,2.6162055e+04
 152.1915597,2.6169359e+04
 152.2119939,2.6160906e+04
 152.2324281,2.6164779e+04
 152.2528623,2.6167592e+04
 152.2732964,2.6144104e+04
 152.2937306,         null
 152.3141647,2.6165639e+04
 152.3345989,2.6168129e+04
 152.3550331,2.6171938e+04
 152.3754672,2.6161025e+04
 152.3959015,2.6154777e+04
 152.4163356,2.6167303e+04
 152.4367698,2.6165391e+04
 152.4572039,2.6157195e+04
 152.4776382,2.6169104e+04
 152.4980723,2.6153154e+04
 152.5185064,2.6164592e+04
 152.5389407,2.6165066e+04
 152.5593748,2.6167312e+04
 152.5798089,2.6157617e+04
 152.6002431,2.6160580e+04
 152.6206774,2.6161734e+04
 152.6411114,2.6176572e+04
 152.6615456,         null
 152.6819798,2.6162477e+04
 152.7024140,2.6170707e+04
 152.7228481,2.6155785e+04
 152.7432823,2.6153619e+04
 152.7637166,2.6164809e+04
 152.7841506,2.6169918e+04
 152.8045848,2.6161336e+04
 152.8250189,2.6162131e+04
 152.8454532,2.6156461e+04
 152.8658873,2.6161422e+04
 152.8863214,2.6162297e+04
 152.9067557,2.6169561e+04
 152.9271898,2.6148424e+04
 152.9476240,2.6180682e+04
 152.9680581,2.6157727e+04
 152.9884924,2.6172094e+04
 153.0089265,2.6158826e+04
 153.0293606,2.6162809e+04
 153.0497949,2.6155463e+04
 153.0702290,2.6156088e+04
 153.0906631,2.6161648e+04
 153.1110973,2.6165490e+04
 153.1315315,2.6166893e+04
 153.1519656,2.6153070e+04
 153.1723998,2.6153223e+04
 153.1928340,2.6164408e+04
 153.2132682,2.6162201e+04
 153.2337024,2.6162023e+04
 153.2541365,2.6165660e+04
 153.2745707,2.6160963e+04
 153.2950049,2.6162133e+04
 153.3154390,2.6153064e+04
 153.3358731,2.6155426e+04
 153.3563073,2.6171527e+04
 153.3767415,2.6167705e+04
 153.3971756,2.6158637e+04
 153.4176099,2.6171109e+04
 153.4380441,2.6170154e+04
 153.4584781,2.6161119e+04
 153.4789123,2.6167771e+04
 153.4993466,2.6173361e+04
 153.5197807,2.6150119e+04
 153.5402148,2.6160842e+04
 153.5606491,2.6162604e+04
 153.5810832,2.6179799e+04
 153.6015173,2.6154633e+04
 153.6219515,2.6168781e+04
 153.6423857,2.6168545e+04
 153.6628198,2.6157432e+04
 153.6832540,2.6165316e+04
 153.7036881,2.6159723e+04
 153.7241223,2.6166248e+04
 153.7445565,2.6171027e+04
 153.7649906,2.6161031e+04
 153.7854248,2.6159639e+04
 153.8058590,2.6158475e+04
 153.8262931,2.6168004e+04
 153.8467272,2.6162334e+04
 153.8671615,2.6168852e+04
 153.8875956,2.6172570e+04
 153.9080297,2.6170855e+04
 153.9284640,2.6156838e+04
 153.9488981,2.6168148e+04
 153.9693322,2.6169041e+04
 153.9897664,2.6168064e+04
 154.0102006,2.6163717e+04
 154.0306347,2.6154162e+04
 154.0510689,2.6164676e+04
 154.0715031,2.6159869e+04
 154.0919372,2.6165648e+04
 154.1123714,2.6161492e+04
 154.1328055,2.6162979e+04
 154.1532397,2.6163000e+04
 154.1736739,2.6173082e+04
 154.1941080,2.6159180e+04
 154.2145422,2.6166359e+04
 154.2349764,2.6157475e+04
 154.2554105,2.6170012e+04
 154.2758446,2.6157078e+04
 154.2962788,2.6165842e+04
 154.3167130,2.6160371e+04
 154.3371471,2.6171402e+04
 154.3575812,2.6156246e+04
 154.3780155,2.6148824e+04
 154.3984496,2.6156129e+04
 154.4188837,2.6155645e+04
 154.4393180,2.6166611e+04
 154.4597521,2.6164838e+04
 154.4801862,2.6168021e+04
 154.5006204,2.6159365e+04
 154.5210546,2.6165170e+04
 154.5414887,2.6167486e+04
 154.5619229,2.6188865e+04
 154.5823571,2.6154727e+04
 154.6027912,2.6161227e+04
 154.6232253,2.6168320e+04
 154.6436595,2.6170770e+04
 154.6640937,2.6157662e+04
 154.6845278,2.6164857e+04
 154.7049620,2.6158711e+04
 154.7253962,2.6178730e+04
 154.7458303,2.6157389e+04
 154.7662645,2.6167504e+04
 154.7866986,2.6171982e+04
 154.8071328,2.6148564e+04
 154.8275669,2.6166551e+04
 154.8480010,2.6164227e+04
 154.8684353,2.6160195e+04
 154.8888694,2.6162404e+04
 154.9093036,2.6167725e+04
 154.9297377,2.6164559e+04
 154.9501719,2.6161242e+04
 154.9706061,2.6157461e+04
 154.9910402,2.6142939e+04
 155.0114743,2.6160199e+04
 155.0319085,2.6169598e+04
 155.0523427,2.6164707e+04
 155.0727768,2.6162414e+04
 155.0932110,2.6156908e+04
 155.1136452,2.6160312e+04
 155.1340792,2.6158012e+04
 155.1545134,2.6154217e+04
 155.1749477,2.6154510e+04
 155.1953818,2.6169078e+04
 155.2158159,2.6167459e+04
 155.2362500,2.6158779e+04
 155.2566843,2.6166877e+04
 155.2771183,         null
 155.2975525,2.6172727e+04
 155.3179868,2.6162146e+04
 155.3384208,2.6167279e+04
 155.3588550,2.6161713e+04
 155.3792891,2.6152262e+04
 155.3997233,2.6156385e+04
 155.4201574,2.6159822e+04
 155.4405916,2.6151322e+04
 155.4610259,2.6165223e+04
 155.4814599,2.6159906e+04
 155.5018941,2.6173545e+04
 155.5223281,2.6147230e+04
 155.5427624,2.6164619e+04
 155.5631965,         null
 155.5836306,2.6154684e+04
 155.6040649,2.6146590e+04
 155.6244990,2.6148551e+04
 155.6449332,2.6166045e+04
 155.6653672,2.6159793e+04
 155.6858015,2.6160268e+04
 155.7062356,2.6169273e+04
 155.7266697,2.6169135e+04
 155.7471038,2.6156195e+04
 155.7675381,2.6159174e+04
 155.7879721,2.6148412e+04
 155.8084063,2.6159828e+04
 155.8288406,2.6166975e+04
 155.8492746,2.6164260e+04
 155.8697088,2.6174840e+04
 155.8901429,2.6158389e+04
 155.9105772,2.6166391e+04
 155.9310112,2.6158559e+04
 155.9514454,2.6154820e+04
 155.9718796,2.6179979e+04
 155.9923137,2.6188295e+04
 156.0127478,2.6143975e+04
 156.0331819,2.6163160e+04
 156.0536161,2.6164852e+04
 156.0740503,2.6169541e+04
 156.0944845,2.6153746e+04
 156.1149186,2.6174979e+04
 156.1353528,2.6167248e+04
 156.1557869,2.6151426e+04
 156.1762210,2.6161166e+04
 156.1966552,2.6165006e+04
 156.2170894,2.6148057e+04
 156.2375234,2.6160441e+04
 156.2579576,2.6164383e+04
 156.2783918,2.6155535e+04
 156.2988259,2.6162434e+04
 156.3192600,2.6166230e+04
 156.3396943,2.6164428e+04
 156.3601283,2.6151658e+04
 156.3805625,2.6174781e+04
 156.4009966,2.6171340e+04
 156.4214309,2.6160094e+04
 156.4418649,2.6160777e+04
 156.4622991,2.6159529e+04
 156.4827333,2.6158875e+04
 156.5031674,2.6161350e+04
 156.5236015,2.6156779e+04
 156.5440357,2.6167445e+04
 156.5644698,2.6167373e+04
 156.5849040,2.6154211e+04
 156.6053381,2.6162426e+04
 156.6257723,2.6156883e+04
 156.6462064,2.6153195e+04
 156.6666406,2.6160324e+04
 156.6870747,2.6153629e+04
 156.7075089,2.6156426e+04
 156.7279430,2.6173236e+04
 156.7483772,2.6167350e+04
 156.7688112,2.6160994e+04
 156.7892455,2.6162277e+04
 156.8096796,2.6159574e+04
 156.8301138,2.6170883e+04
 156.8505479,2.6148424e+04
 156.8709821,2.6164115e+04
 156.8914162,2.6168535e+04
 156.9118503,2.6157365e+04
 156.9322845,2.6153553e+04
 156.9527187,2.6152691e+04
 156.9731527,2.6162186e+04
 156.9935870,2.6151744e+04
 157.0140211,2.6165904e+04
 157.0344552,2.6163195e+04
 157.0548893,2.6156240e+04
 157.0753235,2.6160148e+04
 157.0957576,2.6151291e+04
 157.1161917,2.6162795e+04
 157.1366260,2.6160844e+04
 157.1570601,2.6164199e+04
 157.1774942,2.6175930e+04
 157.1979283,2.6157861e+04
 157.2183626,2.6164908e+04
 157.2387966,2.6152629e+04
 157.2592308,2.6162855e+04
 157.2796649,2.6167977e+04
 157.3000991,2.6159500e+04
 157.3205332,2.6158758e+04
 157.3409673,2.6168492e+04
 157.3614015,2.6152928e+04
 157.3818356,2.6164398e+04
 157.4022698,2.6155463e+04
 157.4227038,2.6174506e+04
 157.4431381,2.6156359e+04
 157.4635722,2.6141264e+04
 157.4840063,2.6159596e+04
 157.5044405,2.6155385e+04
 157.5248746,2.6150684e+04
 157.5453087,2.6146762e+04
 157.5657428,2.6152465e+04
 157.5861771,2.6152096e+04
 157.6066111,2.6165410e+04
 157.6270453,2.6166025e+04
 157.6474795,2.6158322e+04
 157.6679137,2.6168928e+04
 157.6883477,2.6153617e+04
 157.7087818,2.6149031e+04
 157.7292161,2.6162451e+04
 157.7496501,2.6170787e+04
 157.7700843,2.6160832e+04
 157.7905185,2.6178191e+04
 157.8109525,2.6137977e+04
 157.8313867,2.6147980e+04
 157.8518208,2.6159387e+04
 157.8722550,2.6157480e+04
 157.8926891,2.6163717e+04
 157.9131233,2.6160164e+04
 157.9335573,2.6158137e+04
 157.9539915,2.6158752e+04
 157.9744257,2.6157225e+04
 157.9948597,2.6168109e+04
 158.0152940,2.6153432e+04
 158.0357281,2.6138646e+04
 158.0561621,2.6158787e+04
 158.0765963,2.6148129e+04
 158.0970305,2.6166480e+04
 158.1174647,2.6172357e+04
 158.1378987,2.6165230e+04
 158.1583330,2.6152086e+04
 158.1787671,2.6148029e+04
 158.1992011,2.6153336e+04
 158.2196353,2.6166504e+04
 158.2400695,2.6170395e+04
 158.2605035,         null
 158.2809377,2.6154217e+04
 158.3013719,2.6163520e+04
 158.3218061,2.6165180e+04
 158.3422401,2.6159312e+04
 158.3626742,2.6165795e+04
 158.3831085,2.6165367e+04
 158.4035426,2.6165846e+04
 158.4239767,2.6158908e+04
 158.4444108,2.6160691e+04
 158.4648450,2.6152375e+04
 158.4852791,2.6166924e+04
 158.5057132,2.6165424e+04
 158.5261475,2.6171682e+04
 158.5465815,2.6165256e+04
 158.5670156,2.6163285e+04
 158.5874498,2.6168568e+04
 158.6078839,2.6161438e+04
 158.6283180,2.6161559e+04
 158.6487522,2.6157133e+04
 158.6691864,2.6160926e+04
 158.6896205,2.6164059e+04
 158.7100546,2.6163949e+04
 158.7304886,2.6160301e+04
 158.7509229,2.6164775e+04
 158.7713570,2.6173258e+04
 158.7917911,2.6157971e+04
 158.8122253,2.6167814e+04
 158.8326594,2.6160990e+04
 158.8530935,2.6151982e+04
 158.8735276,2.6160555e+04
 158.8939618,2.6163744e+04
 158.9143959,2.6157000e+04
 158.9348300,2.6166436e+04
 158.9552642,2.6165113e+04
 158.9756984,2.6156145e+04
 158.9961324,2.6158146e+04
 159.0165665,2.6163549e+04
 159.0370008,2.6163512e+04
 159.0574348,2.6154324e+04
 159.0778689,2.6148832e+04
 159.0983031,2.6159434e+04
 159.1187373,2.6145719e+04
 159.1391713,2.6154652e+04
 159.1596055,2.6159830e+04
 159.1800397,2.6154816e+04
 159.2004737,2.6164539e+04
 159.2209079,2.6166154e+04
 159.2413419,2.6142814e+04
 159.2617761,2.6161842e+04
 159.2822103,2.6162242e+04
 159.3026444,2.6149885e+04
 159.3230785,2.6152986e+04
 159.3435127,2.6171814e+04
 159.3639468,2.6156055e+04
 159.3843808,2.6154186e+04
 159.4048151,2.6163465e+04
 159.4252492,2.6160084e+04
 159.4456832,2.6158373e+04
 159.4661175,2.6161020e+04
 159.4865516,2.6152334e+04
 159.5069856,2.6149666e+04
 159.5274198,2.6161621e+04
 159.5478540,2.6164625e+04
 159.5682880,2.6161447e+04
 159.5887221,2.6162051e+04
 159.6091563,2.6159230e+04
 159.6295905,2.6158990e+04
 159.6500245,2.6161635e+04
 159.6704587,2.6157217e+04
 159.6908929,2.6158186e+04
 159.7113269,2.6173486e+04
 159.7317611,2.6161592e+04
 159.7521952,2.6164799e+04
 159.7726293,2.6171689e+04
 159.7930634,2.6152828e+04
 159.8134976,2.6152826e+04
 159.8339317,2.6173852e+04
 159.8543658,2.6180033e+04
 159.8748000,2.6157707e+04
 159.8952340,2.6165713e+04
 159.9156682,2.6173186e+04
 159.9361024,2.6151674e+04
 159.9565365,2.6170758e+04
 159.9769706,2.6157688e+04
 159.9974047,2.6157541e+04
 160.0178389,2.6157229e+04
 160.0382730,2.6159861e+04
 160.0587071,2.6155832e+04
 160.0791413,2.6168725e+04
 160.0995754,2.6168322e+04
 160.1200094,2.6167994e+04
 160.1404436,2.6154098e+04
 160.1608778,2.6163477e+04
 160.1813118,2.6152375e+04
 160.2017460,2.6154432e+04
 160.2221801,2.6166092e+04
 160.2426142,2.6168553e+04
 160.2630483,2.6177180e+04
 160.2834825,2.6156592e+04
 160.3039165,2.6159135e+04
 160.3243507,2.6164482e+04
 160.3447849,2.6154531e+04
 160.3652190,2.6168410e+04
 160.3856531,2.6162924e+04
 160.4060872,2.6158600e+04
 160.4265214,2.6157498e+04
 160.4469554,2.6153018e+04
 160.4673896,2.6169764e+04
 160.4878238,2.6160768e+04
 160.5082578,2.6161789e+04
 160.5286919,2.6173338e+04
 160.5491261,2.6150018e+04
 160.5695602,2.6171471e+04
 160.5899943,2.6155428e+04
 160.6104284,2.6154736e+04
 160.6308625,2.6148016e+04
 160.6512967,2.6157107e+04
 160.6717308,2.6161213e+04
 160.6921648,2.6165066e+04
 160.7125990,2.6148711e+04
 160.7330332,2.6164535e+04
 160.7534672,2.6172854e+04
 160.7739013,2.6153357e+04
 160.7943355,2.6161512e+04
 160.8147697,2.6164641e+04
 160.8352037,2.6150348e+04
 160.8556379,2.6157273e+04
 160.8760720,2.6166066e+04
 160.8965061,2.6155971e+04
 160.9169402,2.6150902e+04
 160.9373744,2.6167719e+04
 160.9578084,2.6158465e+04
 160.9782425,2.6166908e+04
 160.9986768,2.6164359e+04
 161.0191108,2.6151059e+04
 161.0395449,2.6160055e+04
 161.0599790,2.6167107e+04
 161.0804132,2.6168420e+04
 161.1008473,2.6158137e+04
 161.1212814,2.6159326e+04
 161.1417156,2.6148766e+04
 161.1621496,2.6155350e+04
 161.1825838,2.6164309e+04
 161.2030178,2.6161068e+04
 161.2234520,2.6160418e+04
 161.2438861,         null
 161.2643202,2.6159047e+04
 161.2847543,2.6171789e+04
 161.3051885,2.6159682e+04
 161.3256226,2.6151793e+04
 161.3460566,2.6169768e+04
 161.3664908,2.6168984e+04
 161.3869250,2.6168076e+04
 161.4073590,2.6158889e+04
 161.4277931,2.6161393e+04
 161.4482273,2.6162668e+04
 161.4686613,2.6164688e+04
 161.4890955,2.6152836e+04
 161.5095297,2.6160186e+04
 161.5299637,2.6159391e+04
 161.5503978,2.6157293e+04
 161.5708319,2.6162225e+04
 161.5912661,2.6157078e+04
 161.6117002,2.6157994e+04
 161.6321343,2.6163143e+04
 161.6525685,2.6167260e+04
 161.6730026,2.6148914e+04
 161.6934366,2.6164455e+04
 161.7138707,2.6161322e+04
 161.7343050,2.6167408e+04
 161.7547390,2.6167355e+04
 161.7751731,2.6153230e+04
 161.7956072,2.6153695e+04
 161.8160413,2.6166844e+04
 161.8364754,2.6156836e+04
 161.8569096,2.6158023e+04
 161.8773438,2.6158961e+04
 161.8977778,2.6158676e+04
 161.9182119,2.6164549e+04
 161.9386459,2.6147830e+04
 161.9590801,2.6156309e+04
 161.9795143,2.6165252e+04
 161.9999484,2.6157615e+04
 162.0203825,2.6168328e+04
 162.0408166,2.6158344e+04
 162.0612507,2.6177953e+04
 162.0816847,2.6159596e+04
 162.1021189,2.6155488e+04
 162.1225531,2.6160484e+04
 162.1429871,2.6155129e+04
 162.1634213,2.6159338e+04
 162.1838554,2.6158801e+04
 162.2042894,2.6157266e+04
 162.2247235,2.6164229e+04
 162.2451577,2.6156273e+04
 162.2655918,2.6153488e+04
 162.2860259,2.6165652e+04
 162.3064601,2.6174938e+04
 162.3268942,2.6156520e+04
 162.3473282,2.6146287e+04
 162.3677623,2.6165393e+04
 162.3881965,2.6161326e+04
 162.4086305,2.6163826e+04
 162.4290647,2.6162916e+04
 162.4494987,2.6155701e+04
 162.4699329,2.6165324e+04
 162.4903670,2.6168027e+04
 162.5108005,2.6143346e+04
 162.5312347,2.6154432e+04
 162.5516687,2.6154830e+04
 162.5721028,2.6151889e+04
 162.5925369,2.6170627e+04
 162.6129712,2.6164455e+04
 162.6334052,2.6161316e+04
 162.6538393,2.6155203e+04
 162.6742735,2.6163320e+04
 162.6947075,2.6165250e+04
 162.7151416,2.6167953e+04
 162.7355757,2.6156254e+04
 162.7560098,2.6167477e+04
 162.7764439,2.6157918e+04
 162.7968781,2.6172805e+04
 162.8173122,2.6160635e+04
 162.8377463,2.6154730e+04
 162.8581804,2.6175770e+04
 162.8786144,2.6165158e+04
 162.8990486,2.6176092e+04
 162.9194827,2.6166963e+04
 162.9399167,2.6155438e+04
 162.9603508,2.6161816e+04
 162.9807850,2.6158922e+04
 163.0012190,2.6163926e+04
 163.0216532,2.6166533e+04
 163.0420874,2.6163570e+04
 163.0625215,2.6158742e+04
 163.0829555,2.6144383e+04
 163.1033896,2.6161092e+04
 163.1238238,2.6160637e+04
 163.1442578,2.6161971e+04
 163.1646919,2.6170703e+04
 163.1851261,2.6152713e+04
 163.2055601,2.6164004e+04
 163.2259942,2.6171812e+04
 163.2464283,2.6155871e+04
 163.2668624,2.6167939e+04
 163.2872965,2.6159971e+04
 163.3077306,2.6162795e+04
 163.3281649,2.6155201e+04
 163.3485989,2.6160793e+04
 163.3690330,2.6156344e+04
 163.3894670,2.6163770e+04
 163.4099012,2.6161426e+04
 163.4303353,2.6185551e+04
 163.4507693,2.6158129e+04
 163.4712035,2.6164590e+04
 163.4916376,2.6177338e+04
 163.5120717,2.6157504e+04
 163.5325057,2.6157539e+04
 163.5529399,2.6155398e+04
 163.5733740,2.6163785e+04
 163.5938080,2.6160678e+04
 163.6142421,2.6160352e+04
 163.6346763,2.6174789e+04
 163.6551103,2.6195465e+04
 163.6755444,2.6174932e+04
 163.6959786,2.6170834e+04
 163.7164126,2.6159672e+04
 163.7368467,2.6173033e+04
 163.7572808,2.6168648e+04
 163.7777150,2.6165035e+04
 163.7981491,2.6161523e+04
 163.8185832,2.6168703e+04
 163.8390174,2.6157064e+04
 163.8594514,2.6161449e+04
 163.8798855,2.6157773e+04
 163.9003195,2.6165311e+04
 163.9207537,2.6153092e+04
 163.9411878,2.6155002e+04
 163.9616219,2.6160934e+04
 163.9820560,2.6162080e+04
 164.0024901,2.6183521e+04
 164.0229242,2.6161777e+04
 164.0433582,2.6158596e+04
 164.0637924,2.6165746e+04
 164.0842265,2.6166949e+04
 164.1046606,2.6167857e+04
 164.1250946,2.6158855e+04
 164.1455288,2.6153117e+04
 164.1659628,2.6164215e+04
 164.1863969,2.6178764e+04
 164.2068311,2.6168406e+04
 164.2272652,         null
 164.2476992,2.6182449e+04
 164.2681333,2.6166104e+04
 164.2885674,2.6162057e+04
 164.3090015,2.6168439e+04
 164.3294356,2.6166994e+04
 164.3498698,2.6162498e+04
 164.3703039,2.6159434e+04
 164.3907379,2.6167811e+04
 164.4111720,2.6166707e+04
 164.4316061,2.6156188e+04
 164.4520402,2.6168596e+04
 164.4724743,2.6160471e+04
 164.4929085,2.6170676e+04
 164.5133425,2.6148734e+04
 164.5337766,2.6161801e+04
 164.5542107,2.6154857e+04
 164.5746448,2.6166180e+04
 164.5950788,2.6160268e+04
 164.6155129,2.6160807e+04
 164.6359469,2.6169240e+04
 164.6563811,2.6162951e+04
 164.6768152,2.6162328e+04
 164.6972493,2.6163199e+04
 164.7176834,2.6172754e+04
 164.7381175,2.6180922e+04
 164.7585516,2.6177455e+04
 164.7789856,2.6161990e+04
 164.7994198,2.6168449e+04
 164.8198539,2.6161242e+04
 164.8402879,2.6160773e+04
 164.8607221,2.6160857e+04
 164.8811562,2.6174682e+04
 164.9015902,2.6166045e+04
 164.9220243,2.6164242e+04
 164.9424585,2.6164068e+04
 164.9628925,2.6170020e+04
 164.9833266,2.6165480e+04
