        TIME,  PDCSAP_FLUX
 131.5122295,1.4212305e+04
 131.5326639,1.4218966e+04
 131.5530982,1.4209555e+04
 131.5735324,1.4226051e+04
 131.5939666,1.4200090e+04
 131.6144010,1.4214036e+04
 131.6348352,1.4209460e+04
 131.6552695,1.4203814e+04
 131.6757039,1.4208462e+04
 131.6961382,1.4214643e+04
 131.7165724,1.4205689e+04
 131.7370067,1.4202226e+04
 131.7574411,1.4212787e+04
 131.7778753,1.4216427e+04
 131.7983096,1.4210852e+04
 131.8187439,1.4211321e+04
 131.8391781,1.4204621e+04
 131.8596124,1.4213256e+04
 131.8800467,1.4202389e+04
 131.9004810,1.4201955e+04
 131.9209153,1.4209005e+04
 131.9413496,1.4206108e+04
 131.9617839,1.4206020e+04
 131.9822182,1.4202294e+04
 132.0026525,1.4207875e+04
 132.0230867,1.4204022e+04
 132.0435210,1.4203347e+04
 132.0639553,1.4200508e+04
 132.0843895,1.4204756e+04
 132.1048238,1.4212306e+04
 132.1252582,1.4211764e+04
 132.1456924,1.4215057e+04
 132.1661267,1.4209904e+04
 132.1865611,1.4200476e+04
 132.2069954,1.4207488e+04
 132.2274296,1.4204918e+04
 132.2478638,1.4211940e+04
 132.2682982,1.4218021e+04
 132.2887324,1.4213239e+04
 132.3091667,1.4203539e+04
 132.3296011,1.4214154e+04
 132.3500353,1.4213998e+04
 132.3704696,1.4207506e+04
 132.3909039,1.4203052e+04
 132.4113382,1.4210613e+04
 132.4317724,1.4205556e+04
 132.4522067,1.4203157e+04
 132.4726411,1.4202788e+04
 132.4930753,1.4211139e+04
 132.5135096,1.4198023e+04
 132.5339438,1.4202339e+04
 132.5543782,1.4198538e+04
 132.5748125,1.4206144e+04
 132.5952467,1.4209011e+04
 132.6156810,1.4203771e+04
 132.6361153,1.4203104e+04
 132.6565496,1.4206706e+04
 132.6769838,1.4201606e+04
 132.6974182,1.4205868e+04
 132.7178525,1.4212029e+04
 132.7382867,1.4202316e+04
 132.7587211,1.4206965e+04
 132.7791554,1.4204682e+04
 132.7995895,1.4196997e+04
 132.8200238,1.4203805e+04
 132.8404582,1.4197986e+04
 132.8608924,1.4203551e+04
 132.8813267,1.4208835e+04
 132.9017611,1.4202953e+04
 132.9221953,1.4207689e+04
 132.9426296,1.4211926e+04
 132.9630638,1.4212062e+04
 132.9834982,1.4206996e+04
 133.0039324,1.4214964e+04
 133.0243667,1.4211175e+04
 133.0448010,1.4210199e+04
 133.0652353,1.4207164e+04
 133.0856696,1.4210639e+04
 133.1061039,1.4213179e+04
 133.1265381,1.4204794e+04
 133.1469724,1.4214777e+04
 133.1674067,1.4200398e+04
 133.1878410,1.4214231e+04
 133.2082754,1.4208839e+04
 133.2287096,1.4208982e+04
 133.2491439,1.4217300e+04
 133.2695782,1.4199531e+04
 133.2900124,1.4203188e+04
 133.3104467,1.4212063e+04
 133.3308809,1.4205973e+04
 133.3513153,1.4203149e+04
 133.3717496,1.4201402e+04
 133.3921839,1.4225792e+04
 133.4126182,1.4218082e+04
 133.4330524,1.4204691e+04
 133.4534867,1.4207181e+04
 133.4739209,1.4201790e+04
 133.4943553,1.4215457e+04
 133.5147896,1.4207457e+04
 133.5352238,1.4215224e+04
 133.5556582,1.4214410e+04
 133.5760924,1.4216623e+04
 133.5965266,1.4204538e+04
 133.6169609,1.4220572e+04
 133.6373953,1.4203594e+04
 133.6578296,1.4204114e+04
 133.6782638,1.4210578e+04
 133.6986982,1.4216067e+04
 133.7191324,1.4218166e+04
 133.7395666,1.4205879e+04
 133.7600009,1.4217108e+04
 133.7804353,1.4217690e+04
 133.8008695,1.4209437e+04
 133.8213038,1.4211929e+04
 133.8417381,1.4214241e+04
 133.8621723,1.4206717e+04
 133.8826066,1.4212384e+04
 133.9030409,1.4203135e+04
 133.9234752,1.4207142e+04
 133.9439095,1.4210438e+04
 133.9643438,1.4213127e+04
 133.9847779,1.4212081e+04
 134.0052123,1.4201998e+04
 134.0256466,1.4207817e+04
 134.0460808,1.4215394e+04
 134.0665152,1.4200660e+04
 134.0869495,1.4205855e+04
 134.1073836,1.4206930e+04
 134.1278179,1.4211651e+04
 134.1482523,1.4207968e+04
 134.1686866,1.4204270e+04
 134.1891208,1.4219497e+04
 134.2095552,1.4213865e+04
 134.2299894,1.4209854e+04
 134.2504236,1.4203776e+04
 134.2708579,1.4212258e+04
 134.2912923,1.4213897e+04
 134.3117265,1.4213304e+04
 134.3321608,1.4205599e+04
 134.3525951,1.4203607e+04
 134.3730293,1.4213203e+04
 134.3934636,         null
 134.4138979,1.4213277e+04
 134.4343322,1.4226567e+04
 134.4547665,1.4206554e+04
 134.4752007,1.4206166e+04
 134.4956351,1.4215702e+04
 134.5160693,1.4215710e+04
 134.5365036,1.4201846e+04
 134.5569378,1.4219491e+04
 134.5773722,1.4195724e+04
 134.5978064,1.4210075e+04
 134.6182406,1.4219475e+04
 134.6386749,1.4203739e+04
 134.6591093,1.4205901e+04
 134.6795436,1.4210490e+04
 134.6999779,1.4208623e+04
 134.7204121,1.4213496e+04
 134.7408464,1.4214873e+04
 134.7612806,1.4216834e+04
 134.7817149,1.4213084e+04
 134.8021493,1.4201131e+04
 134.8225835,1.4209469e+04
 134.8430177,1.4214116e+04
 134.8634521,1.4208484e+04
 134.8838864,1.4214817e+04
 134.9043207,1.4203896e+04
 134.9247549,1.4215494e+04
 134.9451892,1.4208614e+04
 134.9656235,1.4203231e+04
 134.9860577,1.4204515e+04
 135.0064921,1.4208792e+04
 135.0269264,1.4222625e+04
 135.0473605,1.4212968e+04
 135.0677948,1.4208993e+04
 135.0882292,1.4215355e+04
 135.1086634,1.4210250e+04
 135.1290977,1.4205617e+04
 135.1495320,1.4208722e+04
 135.1699663,1.4205752e+04
 135.1904005,1.4209324e+04
 135.2108348,1.4205011e+04
 135.2312692,1.4214704e+04
 135.2517033,1.4211775e+04
 135.2721376,1.4211324e+04
 135.2925718,1.4202879e+04
 135.3130062,1.4215165e+04
 135.3334405,1.4204414e+04
 135.3538746,1.4205949e+04
 135.3743090,1.4212106e+04
 135.3947433,1.4196782e+04
 135.4151776,1.4206304e+04
 135.4356118,1.4216157e+04
 135.4560461,1.4214815e+04
 135.4764804,1.4211163e+04
 135.4969146,1.4205995e+04
 135.5173490,1.4210138e+04
 135.5377833,1.4200957e+04
 135.5582174,1.4212460e+04
 135.5786517,1.4206077e+04
 135.5990861,1.4209371e+04
 135.6195203,1.4210292e+04
 135.6399546,1.4212594e+04
 135.6603889,1.4209019e+04
 135.6808232,1.4208564e+04
 135.7012574,1.4202070e+04
 135.7216917,1.4211556e+04
 135.7421260,1.4206214e+04
 135.7625602,1.4207597e+04
 135.7829945,1.4214526e+04
 135.8034289,1.4204039e+04
 135.8238631,1.4217366e+04
 135.8442973,1.4200786e+04
 135.8647316,1.4210406e+04
 135.8851659,1.4210878e+04
 135.9056002,1.4204979e+04
 135.9260344,1.4202143e+04
 135.9464686,1.4213421e+04
 135.9669030,1.4213639e+04
 135.9873373,1.4199021e+04
 136.0077715,1.4206501e+04
 136.0282058,1.4207853e+04
 136.0486401,1.4202797e+04
 136.0690743,1.4211481e+04
 136.0895086,1.4207867e+04
 136.1099429,1.4205765e+04
 136.1303772,1.4200911e+04
 136.1508114,1.4216903e+04
 136.1712458,1.4204269e+04
 136.1916801,1.4206463e+04
 136.2121142,1.4201485e+04
 136.2325485,1.4213884e+04
 136.2529829,1.4218286e+04
 136.2734171,1.4197884e+04
 136.2938513,1.4206941e+04
 136.3142857,1.4216555e+04
 136.3347199,1.4209052e+04
 136.3551542,1.4207013e+04
 136.3755884,1.4214467e+04
 136.3960227,1.4205839e+04
 136.4164570,1.4218271e+04
 136.4368913,1.4208182e+04
 136.4573256,1.4218592e+04
 136.4777598,1.4204196e+04
 136.4981941,1.4211345e+04
 136.5186284,1.4217451e+04
 136.5390626,1.4217821e+04
 136.5594969,1.4205977e+04
 136.5799312,1.4205608e+04
 136.6003655,1.4207699e+04
 136.6207997,1.4216510e+04
 136.6412340,1.4201562e+04
 136.6616683,1.4217801e+04
 136.6821026,1.4207393e+04
 136.7025368,1.4214055e+04
 136.7229711,1.4206574e+04
 136.7434053,1.4205428e+04
 136.7638397,1.4211036e+04
 136.7842739,1.4215778e+04
 136.8047081,1.4217080e+04
 136.8251425,1.4209625e+04
 136.8455768,1.4214183e+04
 136.8660110,1.4218166e+04
 136.8864452,1.4200610e+04
 136.9068796,1.4208766e+04
 136.9273139,1.4208349e+04
 136.9477480,1.4209024e+04
 136.9681824,1.4204141e+04
 136.9886167,1.4208880e+04
 137.0090509,1.4201083e+04
 137.0294851,1.4214817e+04
 137.0499195,1.4207832e+04
 137.0703537,1.4211930e+04
 137.0907880,1.4202249e+04
 137.1112223,1.4205701e+04
 137.1316565,1.4214929e+04
 137.1520908,1.4219524e+04
 137.1725250,1.4205719e+04
 137.1929594,1.4208798e+04
 137.2133936,1.4204771e+04
 137.2338279,1.4220651e+04
 137.2542620,1.4217979e+04
 137.2746964,1.4200901e+04
 137.2951307,1.4217659e+04
 137.3155649,1.4206313e+04
 137.3359992,1.4207062e+04
 137.3564335,1.4203286e+04
 137.3768678,         null
 137.3973019,1.4208873e+04
 137.4177363,1.4210479e+04
 137.4381706,1.4213680e+04
 137.4586048,1.4205245e+04
 137.4790391,1.4207998e+04
 137.4994734,1.4211047e+04
 137.5199076,1.4207086e+04
 137.5403419,1.4216704e+04
 137.5607762,1.4208887e+04
 137.5812104,1.4198903e+04
 137.6016447,1.4209663e+04
 137.6220790,1.4214618e+04
 137.6425133,1.4206896e+04
 137.6629475,1.4212177e+04
 137.6833818,1.4209019e+04
 137.7038161,1.4219568e+04
 137.7242503,1.4209776e+04
 137.7446846,1.4218279e+04
 137.7651189,1.4204947e+04
 137.7855531,1.4214113e+04
 137.8059874,1.4205083e+04
 137.8264216,1.4219831e+04
 137.8468559,1.4208527e+04
 137.8672902,1.4212162e+04
 137.8877245,1.4206322e+04
 137.9081586,1.4202707e+04
 137.9285930,1.4202026e+04
 137.9490273,1.4202295e+04
 137.9694614,1.4201763e+04
 137.9898958,1.4216368e+04
 138.0103301,1.4200993e+04
 138.0307643,1.4207667e+04
 138.0511985,1.4207085e+04
 138.0716329,1.4210260e+04
 138.0920672,1.4202417e+04
 138.1125013,1.4203127e+04
 138.1329357,1.4214061e+04
 138.1533700,1.4215152e+04
 138.1738041,1.4205205e+04
 138.1942384,1.4201436e+04
 138.2146728,1.4205750e+04
 138.2351070,1.4211912e+04
 138.2555412,1.4211119e+04
 138.2759756,1.4207538e+04
 138.2964099,1.4211894e+04
 138.3168440,1.4209296e+04
 138.3372783,1.4206177e+04
 138.3577127,1.4207439e+04
 138.3781469,1.4210988e+04
 138.3985811,1.4204479e+04
 138.4190155,1.4223339e+04
 138.4394497,1.4201306e+04
 138.4598839,1.4210675e+04
 138.4803182,1.4208921e+04
 138.5007525,1.4219586e+04
 138.5211867,1.4210289e+04
 138.5416210,1.4212686e+04
 138.5620552,1.4208665e+04
 138.5824895,1.4209126e+04
 138.6029238,1.4213331e+04
 138.6233580,1.4216855e+04
 138.6437923,1.4221399e+04
 138.6642266,1.4215394e+04
 138.6846608,1.4206519e+04
 138.7050950,1.4206503e+04
 138.7255294,1.4220185e+04
 138.7459636,1.4213468e+04
 138.7663978,1.4217983e+04
 138.7868322,1.4207519e+04
 138.8072664,1.4208983e+04
 138.8277006,1.4205809e+04
 138.8481349,1.4210572e+04
 138.8685692,1.4218755e+04
 138.8890035,1.4210533e+04
 138.9094377,1.4197732e+04
 138.9298720,1.4208229e+04
 138.9503063,1.4213945e+04
 138.9707405,1.4200568e+04
 138.9911747,1.4202765e+04
 139.0116091,1.4206369e+04
 139.0320433,1.4199470e+04
 139.0524775,1.4205722e+04
 139.0729119,1.4212153e+04
 139.0933461,1.4214496e+04
 139.1137803,1.4203565e+04
 139.1342146,1.4209006e+04
 139.1546489,1.4215526e+04
 139.1750831,1.4222496e+04
 139.1955174,1.4211201e+04
 139.2159516,1.4208242e+04
 139.2363859,1.4204635e+04
 139.2568202,1.4210438e+04
 139.2772544,1.4212873e+04
 139.2976887,1.4206734e+04
 139.3181230,1.4208463e+04
 139.3385573,1.4210924e+04
 139.3589914,1.4210346e+04
 139.3794258,1.4208344e+04
 139.3998600,1.4204761e+04
 139.4202942,1.4204421e+04
 139.4407286,1.4221341e+04
 139.4611628,1.4208259e+04
 139.4815970,1.4206724e+04
 139.5020313,1.4210501e+04
 139.5224656,1.4211328e+04
 139.5428998,1.4212130e+04
 139.5633341,1.4207096e+04
 139.5837684,1.4205626e+04
 139.6042026,1.4212523e+04
 139.6246368,1.4215087e+04
 139.6450711,1.4207642e+04
 139.6655055,1.4205371e+04
 139.6859396,1.4212271e+04
 139.7063739,1.4211731e+04
 139.7268082,1.4206591e+04
 139.7472424,1.4211177e+04
 139.7676767,1.4214765e+04
 139.7881110,1.4206501e+04
 139.8085452,1.4206125e+04
 139.8289795,1.4211845e+04
 139.8494137,1.4213312e+04
 139.8698480,1.4201768e+04
 139.8902823,1.4211529e+04
 139.9107165,1.4204568e+04
 139.9311508,1.4221713e+04
 139.9515852,1.4201539e+04
 139.9720193,1.4202247e+04
 139.9924536,1.4203832e+04
 140.0128877,1.4208798e+04
 140.0333221,1.4206615e+04
 140.0537564,1.4202812e+04
 140.0741906,1.4209247e+04
 140.0946249,1.4206937e+04
 140.1150591,1.4207565e+04
 140.1354934,1.4206572e+04
 140.1559276,1.4206555e+04
 140.1763619,1.4207857e+04
 140.1967962,1.4213262e+04
 140.2172303,1.4219373e+04
 140.2376647,1.4214146e+04
 140.2580990,1.4203514e+04
 140.2785331,1.4207654e+04
 140.2989674,1.4207357e+04
 140.3194018,1.4206386e+04
 140.3398359,1.4207183e+04
 140.3602702,         null
 140.3807044,1.4207192e+04
 140.4011388,1.4204393e+04
 140.4215730,1.4207876e+04
 140.4420072,1.4218327e+04
 140.4624416,1.4212460e+04
 140.4828757,1.4213515e+04
 140.5033100,1.4197796e+04
 140.5237442,1.4213646e+04
 140.5441785,1.4215371e+04
 140.5646128,1.4208040e+04
 140.5850470,1.4207058e+04
 140.6054813,1.4208792e+04
 140.6259155,1.4206760e+04
 140.6463498,1.4221739e+04
 140.6667840,1.4209684e+04
 140.6872183,1.4206274e+04
 140.7076526,1.4213587e+04
 140.7280867,1.4209158e+04
 140.7485211,1.4209663e+04
 140.7689554,1.4205561e+04
 140.7893895,1.4210065e+04
 140.8098238,1.4212870e+04
 140.8302581,1.4204919e+04
 140.8506924,1.4211231e+04
 140.8711265,1.4213309e+04
 140.8915608,1.4209276e+04
 140.9119952,1.4209172e+04
 140.9324293,1.4202361e+04
 140.9528636,1.4204500e+04
 140.9732979,1.4211481e+04
 140.9937321,1.4207245e+04
 141.0141664,1.4204970e+04
 141.0346006,1.4211694e+04
 141.0550349,1.4220811e+04
 141.0754691,1.4205837e+04
 141.0959034,1.4213580e+04
 141.1163376,1.4214703e+04
 141.1367719,1.4207141e+04
 141.1572062,1.4212270e+04
 141.1776403,1.4205932e+04
 141.1980747,1.4215893e+04
 141.2185089,1.4215123e+04
 141.2389431,1.4210048e+04
 141.2593774,1.4209947e+04
 141.2798117,1.4206845e+04
 141.3002458,1.4213188e+04
 141.3206801,1.4210731e+04
 141.3411145,1.4211728e+04
 141.3615487,1.4205981e+04
 141.3819829,1.4209555e+04
 141.4024171,1.4210652e+04
 141.4228515,1.4203904e+04
 141.4432857,1.4210634e+04
 141.4637199,1.4207916e+04
 141.4841542,1.4204760e+04
 141.5045885,1.4208489e+04
 141.5250227,1.4213809e+04
 141.5454569,1.4205387e+04
 141.5658912,1.4204014e+04
 141.5863255,1.4209519e+04
 141.6067597,1.4216933e+04
 141.6271940,1.4209764e+04
 141.6476283,1.4255709e+04
 141.6680624,1.4204258e+04
 141.6884967,1.4205192e+04
 141.7089310,1.4214467e+04
 141.7293652,1.4208063e+04
 141.7497995,1.4213230e+04
 141.7702338,1.4206293e+04
 141.7906680,1.4204093e+04
 141.8111022,1.4209574e+04
 141.8315365,1.4207089e+04
 141.8519707,1.4206896e+04
 141.8724050,1.4205198e+04
 141.8928392,1.4212429e+04
 141.9132736,1.4211046e+04
 141.9337077,1.4207021e+04
 141.9541420,1.4209556e+04
 141.9745761,1.4204223e+04
 141.9950105,1.4208263e+04
 142.0154448,1.4205455e+04
 142.0358789,1.4208056e+04
 142.0563132,1.4211183e+04
 142.0767475,1.4209215e+04
 142.0971818,1.4210292e+04
 142.1176159,1.4208214e+04
 142.1380503,1.4219354e+04
 142.1584845,1.4206427e+04
 142.1789187,1.4207306e+04
 142.1993529,1.4206888e+04
 142.2197873,1.4208386e+04
 142.2402214,1.4211811e+04
 142.2606557,1.4206446e+04
 142.2810900,1.4203271e+04
 142.3015242,1.4211811e+04
 142.3219584,1.4211313e+04
 142.3423927,1.4199551e+04
 142.3628270,1.4209441e+04
 142.3832612,1.4218189e+04
 142.4036954,1.4201618e+04
 142.4241298,1.4204728e+04
 142.4445639,1.4208353e+04
 142.4649982,1.4216207e+04
 142.4854323,1.4207241e+04
 142.5058667,1.4207775e+04
 142.5263009,1.4202041e+04
 142.5467352,1.4212578e+04
 142.5671693,1.4207653e+04
 142.5876037,1.4203227e+04
 142.6080379,1.4208096e+04
 142.6284721,1.4210666e+04
 142.6489064,1.4208574e+04
 142.6693407,1.4206635e+04
 142.6897748,1.4212663e+04
 142.7102091,1.4212985e+04
 142.7306434,1.4210324e+04
 142.7510776,1.4210156e+04
 142.7715118,1.4213564e+04
 142.7919462,1.4199018e+04
 142.8123803,1.4206690e+04
 142.8328146,1.4213240e+04
 142.8532488,1.4208372e+04
 142.8736832,1.4205723e+04
 142.8941173,1.4206535e+04
 142.9145516,1.4203891e+04
 142.9349859,1.4209021e+04
 142.9554201,1.4207552e+04
 142.9758543,1.4206123e+04
 142.9962885,1.4204975e+04
 143.0167228,1.4209030e+04
 143.0371571,1.4205293e+04
 143.0575913,1.4212933e+04
 143.0780256,1.4213022e+04
 143.0984598,1.4214772e+04
 143.1188941,1.4203327e+04
 143.1393283,1.4212244e+04
 143.1597626,1.4206574e+04
 143.1801968,1.4216950e+04
 143.2006310,1.4201713e+04
 143.2210652,1.4207207e+04
 143.2414995,1.4205722e+04
 143.2619338,1.4208391e+04
 143.2823680,1.4207893e+04
 143.3028023,1.4208888e+04
 143.3232365,1.4207437e+04
 143.3436708,         null
 143.3641049,1.4206060e+04
 143.3845393,1.4209754e+04
 143.4049735,1.4204417e+04
 143.4254077,1.4213039e+04
 143.4458420,1.4202491e+04
 143.4662763,1.4201897e+04
 143.4867104,1.4209859e+04
 143.5071446,1.4208320e+04
 143.5275790,1.4211752e+04
 143.5480132,1.4207472e+04
 143.5684474,1.4207317e+04
 143.5888817,1.4203896e+04
 143.6093160,1.4204140e+04
 143.6297501,1.4204379e+04
 143.6501844,1.4207563e+04
 143.6706187,1.4203188e+04
 143.6910529,1.4199741e+04
 143.7114871,1.4211688e+04
 143.7319213,1.4208286e+04
 143.7523556,1.4212971e+04
 143.7727898,1.4208067e+04
 143.7932241,1.4210543e+04
 143.8136583,1.4227495e+04
 143.8340926,1.4203379e+04
 143.8545268,1.4195817e+04
 143.8749610,1.4212605e+04
 143.8953953,1.4203454e+04
 143.9158295,1.4215069e+04
 143.9362637,1.4207024e+04
 143.9566980,1.4207011e+04
 143.9771323,1.4204883e+04
 143.9975664,1.4198731e+04
 144.0180007,1.4212802e+04
 144.0384350,1.4206521e+04
 144.0588692,1.4211212e+04
 144.0793034,1.4211546e+04
 144.0997377,1.4210055e+04
 144.1201720,1.4211220e+04
 144.1406061,1.4218052e+04
 144.1610404,1.4211021e+04
 144.1814747,1.4206077e+04
 144.2019088,1.4208811e+04
 144.2223431,1.4213803e+04
 144.2427774,1.4195222e+04
 144.2632116,1.4208465e+04
 144.2836458,1.4203772e+04
 144.3040801,1.4215574e+04
 144.3245143,1.4199210e+04
 144.3449485,1.4208825e+04
 144.3653828,1.4205787e+04
 144.3858169,1.4200823e+04
 144.4062513,1.4212091e+04
 144.4266855,1.4206539e+04
 144.4471196,1.4201218e+04
 144.4675540,1.4201367e+04
 144.4879882,1.4204163e+04
 144.5084224,1.4216890e+04
 144.5288566,1.4218011e+04
 144.5492909,1.4199848e+04
 144.5697252,1.4203035e+04
 144.5901593,1.4210449e+04
 144.6105937,1.4209293e+04
 144.6310279,1.4213521e+04
 144.6514620,1.4209105e+04
 144.6718963,1.4210760e+04
 144.6923306,1.4203867e+04
 144.7127648,1.4206635e+04
 144.7331990,1.4200993e+04
 144.7536333,1.4210246e+04
 144.7740675,1.4205576e+04
 144.7945017,1.4204861e+04
 144.8149360,1.4207857e+04
 144.8353703,1.4210047e+04
 144.8558044,1.4198608e+04
 144.8762387,1.4202632e+04
 144.8966729,1.4201678e+04
 144.9171072,1.4218990e+04
 144.9375414,1.4207902e+04
 144.9579756,1.4212445e+04
 144.9784100,1.4212495e+04
 144.9988441,1.4209542e+04
 145.0192784,1.4206752e+04
 145.0397126,1.4206480e+04
 145.0601468,1.4210143e+04
 145.0805811,1.4202635e+04
 145.1010153,1.4207354e+04
 145.1214496,1.4213053e+04
 145.1418838,1.4212039e+04
 145.1623180,1.4211583e+04
 145.1827522,1.4210885e+04
 145.2031865,1.4196140e+04
 145.2236207,1.4214521e+04
 145.2440549,1.4213938e+04
 145.2644892,1.4209371e+04
 145.2849234,1.4214975e+04
 145.3053577,1.4204530e+04
 145.3257918,1.4213369e+04
 145.3462261,1.4209748e+04
 145.3666604,1.4215848e+04
 145.3870945,1.4208997e+04
 145.4075289,1.4212400e+04
 145.4279631,1.4200639e+04
 145.4483972,1.4207955e+04
 145.4688315,1.4211365e+04
 145.4892658,1.4208987e+04
 145.5096999,1.4207497e+04
 145.5301342,1.4203350e+04
 145.5505684,1.4216031e+04
 145.5710027,1.4203433e+04
 145.5914369,1.4203355e+04
 145.6118711,1.4209099e+04
 145.6323054,1.4204287e+04
 145.6527396,1.4209280e+04
 145.6731738,1.4201237e+04
 145.6936080,1.4205870e+04
 145.7140423,1.4212135e+04
 145.7344765,1.4208578e+04
 145.7549108,1.4214629e+04
 145.7753450,1.4207382e+04
 145.7957792,1.4204100e+04
 145.8162135,1.4205018e+04
 145.8366476,1.4207613e+04
 145.8570819,1.4202122e+04
 145.8775162,1.4204828e+04
 145.8979503,1.4207226e+04
 145.9183846,1.4202576e+04
 145.9388189,1.4204439e+04
 145.9592530,1.4203147e+04
 145.9796872,1.4200690e+04
 146.0001216,1.4210687e+04
 146.0205558,1.4207358e+04
 146.0409899,1.4207528e+04
 146.0614243,1.4209603e+04
 146.0818585,1.4219041e+04
 146.1022926,1.4211986e+04
 146.1227269,1.4204481e+04
 146.1431612,1.4212845e+04
 146.1635953,1.4205430e+04
 146.1840296,1.4206522e+04
 146.2044638,1.4212550e+04
 146.2248980,1.4209933e+04
 146.2453323,1.4206345e+04
 146.2657665,1.4216997e+04
 146.2862007,1.4212076e+04
 146.3066349,1.4208778e+04
 146.3270692,         null
 146.3475033,1.4208074e+04
 146.3679376,1.4200753e+04
 146.3883719,1.4203238e+04
 146.4088060,1.4210786e+04
 146.4292403,1.4204346e+04
 146.4496746,1.4206530e+04
 146.4701087,1.4214398e+04
 146.4905430,1.4207548e+04
 146.5109773,1.4215541e+04
 146.5314115,1.4205553e+04
 146.5518456,1.4200758e+04
 146.5722799,1.4216183e+04
 146.5927142,1.4205265e+04
 146.6131484,1.4203852e+04
 146.6335825,1.4201719e+04
 146.6540169,1.4202668e+04
 146.6744511,1.4209733e+04
 146.6948852,1.4220213e+04
 146.7153196,1.4215370e+04
 146.7357538,1.4214954e+04
 146.7561880,1.4220943e+04
 146.7766221,1.4204434e+04
 146.7970565,1.4201895e+04
 146.8174907,1.4219185e+04
 146.8379248,1.4199676e+04
 146.8583591,1.4213000e+04
 146.8787934,1.4204354e+04
 146.8992275,1.4209989e+04
 146.9196617,1.4208452e+04
 146.9400961,1.4208916e+04
 146.9605302,1.4203610e+04
 146.9809644,1.4208680e+04
 147.0013987,1.4200582e+04
 147.0218329,1.4210303e+04
 147.0422671,1.4205741e+04
 147.0627013,1.4202319e+04
 147.0831357,1.4208685e+04
 147.1035698,1.4212411e+04
 147.1240040,1.4205522e+04
 147.1444381,1.4213474e+04
 147.1648725,1.4214815e+04
 147.1853067,1.4211392e+04
 147.2057408,1.4211062e+04
 147.2261751,1.4205458e+04
 147.2466094,1.4205462e+04
 147.2670436,1.4206727e+04
 147.2874777,1.4210169e+04
 147.3079121,1.4212483e+04
 147.3283463,1.4217775e+04
 147.3487804,1.4215887e+04
 147.3692146,1.4207229e+04
 147.3896490,1.4205827e+04
 147.4100831,1.4202732e+04
 147.4305173,1.4211728e+04
 147.4509516,1.4213966e+04
 147.4713858,1.4211115e+04
 147.4918200,1.4210809e+04
 147.5122542,1.4208537e+04
 147.5326885,1.4213670e+04
 147.5531227,1.4215400e+04
 147.5735569,1.4204206e+04
 147.5939912,1.4215025e+04
 147.6144253,1.4209332e+04
 147.6348596,1.4213084e+04
 147.6552937,1.4208084e+04
 147.6757280,1.4210278e+04
 147.6961622,1.4204104e+04
 147.7165964,1.4206411e+04
 147.7370307,1.4210609e+04
 147.7574649,1.4207998e+04
 147.7778991,1.4200977e+04
 147.7983332,1.4209644e+04
 147.8187676,1.4216813e+04
 147.8392018,1.4203525e+04
 147.8596359,1.4218710e+04
 147.8800701,1.4215190e+04
 147.9005045,         null
 147.9209386,1.4211059e+04
 147.9413728,1.4206431e+04
 147.9618071,1.4208792e+04
 147.9822412,1.4213686e+04
 148.0026755,1.4212958e+04
 148.0231097,1.4248126e+04
 148.0435440,1.4205269e+04
 148.0639781,1.4213162e+04
 148.0844124,1.4202301e+04
 148.1048467,1.4205711e+04
 148.1252808,1.4216705e+04
 148.1457150,1.4215636e+04
 148.1661492,1.4216515e+04
 148.1865835,1.4205495e+04
 148.2070177,1.4211027e+04
 148.2274519,1.4212512e+04
 148.2478862,1.4213869e+04
 148.2683204,1.4199658e+04
 148.2887546,1.4214816e+04
 148.3091888,1.4205836e+04
 148.3296230,1.4207375e+04
 148.3500572,1.4203610e+04
 148.3704915,1.4216657e+04
 148.3909256,1.4213614e+04
 148.4113599,1.4204362e+04
 148.4317941,1.4217283e+04
 148.4522283,1.4204663e+04
 148.4726626,1.4211646e+04
 148.4930968,1.4206427e+04
 148.5135310,1.4212213e+04
 148.5339651,1.4205099e+04
 148.5543994,1.4212168e+04
 148.5748336,1.4218793e+04
 148.5952678,1.4213227e+04
 148.6157021,1.4204624e+04
 148.6361363,1.4210845e+04
 148.6565704,1.4209707e+04
 148.6770046,1.4209731e+04
 148.6974390,1.4212411e+04
 148.7178731,1.4212497e+04
 148.7383073,1.4206402e+04
 148.7587416,1.4207450e+04
 148.7791758,1.4222752e+04
 148.7996099,1.4210912e+04
 148.8200442,1.4204381e+04
 148.8404785,1.4212679e+04
 148.8609126,1.4209726e+04
 148.8813468,1.4207047e+04
 148.9017811,1.4204302e+04
 148.9222153,1.4216278e+04
 148.9426495,1.4209109e+04
 148.9630837,1.4209683e+04
 148.9835179,1.4205792e+04
 149.0039521,1.4214310e+04
 149.0243863,1.4211051e+04
 149.0448205,1.4219934e+04
 149.0652548,1.4210954e+04
 149.0856890,1.4207496e+04
 149.1061231,1.4219226e+04
 149.1265574,1.4205974e+04
 149.1469916,1.4204126e+04
 149.1674257,1.4215787e+04
 149.1878600,1.4219984e+04
 149.2082943,1.4203066e+04
 149.2287285,1.4210431e+04
 149.2491626,1.4210062e+04
 149.2695969,1.4209719e+04
 149.2900311,1.4208430e+04
 149.3104653,         null
 149.3308995,1.4203773e+04
 149.3513338,1.4218171e+04
 149.3717679,1.4202690e+04
 149.3922021,1.4211756e+04
 149.4126364,1.4222806e+04
 149.4330705,1.4218038e+04
 149.4535048,1.4208386e+04
 149.4739390,1.4219683e+04
 149.4943732,1.4209830e+04
 149.5148074,1.4208958e+04
 149.5352416,1.4212659e+04
 149.5556759,1.4212933e+04
 149.5761100,1.4214520e+04
 149.5965442,1.4203182e+04
 149.6169784,1.4214468e+04
 149.6374127,1.4216869e+04
 149.6578469,1.4221674e+04
 149.6782810,1.4205247e+04
 149.6987152,1.4208240e+04
 149.7191495,1.4214421e+04
 149.7395837,1.4209738e+04
 149.7600178,1.4214632e+04
 149.7804522,1.4196342e+04
 149.8008864,1.4205164e+04
 149.8213205,1.4199874e+04
 149.8417547,1.4202300e+04
 149.8621890,1.4218814e+04
 149.8826232,1.4205201e+04
 149.9030573,1.4199430e+04
 149.9234916,1.4206930e+04
 149.9439259,1.4209569e+04
 149.9643601,1.4207467e+04
 149.9847942,1.4209262e+04
 150.0052285,1.4212867e+04
 150.0256627,1.4206540e+04
 150.0460968,1.4207945e+04
 150.0665311,1.4203545e+04
 150.0869653,1.4213937e+04
 150.1073994,1.4210058e+04
 150.1278336,1.4210576e+04
 150.1482680,1.4223241e+04
 150.1687021,1.4204840e+04
 150.1891363,1.4205479e+04
 150.2095706,1.4216114e+04
 150.2300047,1.4207422e+04
 150.2504389,1.4207393e+04
 150.2708731,1.4199240e+04
 150.2913074,1.4207960e+04
 150.3117415,1.4208126e+04
 150.3321757,1.4209077e+04
 150.3526098,1.4207259e+04
 150.3730442,1.4207146e+04
 150.3934784,1.4215343e+04
 150.4139125,1.4202319e+04
 150.4343468,1.4209034e+04
 150.4547810,1.4208368e+04
 150.4752152,1.4209603e+04
 150.4956493,1.4209984e+04
 150.5160836,1.4220349e+04
 150.5365178,1.4202708e+04
 150.5569519,1.4212844e+04
 150.5773862,1.4203978e+04
 150.5978204,1.4215280e+04
 150.6182545,1.4201590e+04
 150.6386888,1.4203976e+04
 150.6591231,1.4204186e+04
 150.6795572,1.4211712e+04
 150.6999914,1.4213194e+04
 150.7204257,1.4205129e+04
 150.7408599,1.4203687e+04
 150.7612940,1.4206116e+04
 150.7817282,1.4210271e+04
 150.8021625,1.4199222e+04
 150.8225966,1.4199626e+04
 150.8430308,1.4216559e+04
 150.8634651,1.4207239e+04
 150.8838992,1.4209031e+04
 150.9043334,1.4209952e+04
 150.9247676,1.4199817e+04
 150.9452018,1.4201146e+04
 150.9656360,1.4215376e+04
 150.9860703,1.4204135e+04
 151.0065044,1.4209885e+04
 151.0269387,1.4208494e+04
 151.0473729,1.4214510e+04
 151.0678070,1.4203061e+04
 151.0882413,1.4197152e+04
 151.1086755,1.4205817e+04
 151.1291096,1.4203272e+04
 151.1495438,1.4208825e+04
 151.1699781,1.4204414e+04
 151.1904122,1.4201931e+04
 151.2108464,1.4205051e+04
 151.2312807,1.4203565e+04
 151.2517149,1.4211077e+04
 151.2721490,1.4215919e+04
 151.2925832,1.4210420e+04
 151.3130175,1.4201282e+04
 151.3334516,1.4197454e+04
 151.3538858,1.4207586e+04
 151.3743201,1.4205548e+04
 151.3947542,1.4207028e+04
 151.4151884,1.4209556e+04
 151.4356226,1.4207562e+04
 151.4560568,1.4206703e+04
 151.4764910,1.4205105e+04
 151.4969252,1.4205606e+04
 151.5173594,1.4205372e+04
 151.5377936,1.4208678e+04
 151.5582278,1.4205635e+04
 151.5786620,1.4195930e+04
 151.5990963,1.4208008e+04
 151.6195304,1.4219987e+04
 151.6399646,1.4208461e+04
 151.6603988,         null
 151.6808330,1.4213149e+04
 151.7012672,1.4204189e+04
 151.7217014,1.4201291e+04
 151.7421356,1.4209962e+04
 151.7625698,1.4202886e+04
 151.7830040,1.4208882e+04
 151.8034381,1.4208553e+04
 151.8238724,1.4212829e+04
 151.8443066,1.4204866e+04
 151.8647407,1.4206834e+04
 151.8851750,1.4211988e+04
 151.9056092,1.4207801e+04
 151.9260433,1.4199973e+04
 151.9464775,1.4207890e+04
 151.9669118,1.4208981e+04
 151.9873460,1.4195854e+04
 152.0077801,1.4208519e+04
 152.0282144,1.4214022e+04
 152.0486486,1.4207867e+04
 152.0690827,1.4207523e+04
 152.0895169,1.4197567e+04
 152.1099512,1.4206404e+04
 152.1303853,1.4211665e+04
 152.1508195,1.4200032e+04
 152.1712537,1.4202569e+04
 152.1916879,1.4210765e+04
 152.2121221,1.4210492e+04
 152.2325563,1.4198660e+04
 152.2529906,1.4209550e+04
 152.2734247,1.4201024e+04
 152.2938589,         null
 152.3142930,1.4206750e+04
 152.3347273,1.4217089e+04
 152.3551615,1.4206281e+04
 152.3755956,1.4206314e+04
 152.3960299,1.4204559e+04
 152.4164641,1.4198514e+04
 152.4368983,1.4209047e+04
 152.4573324,1.4214239e+04
 152.4777667,1.4208527e+04
 152.4982009,1.4212965e+04
 152.5186350,1.4210188e+04
 152.5390692,1.4204422e+04
 152.5595034,1.4205058e+04
 152.5799375,1.4203002e+04
 152.6003717,1.4209512e+04
 152.6208060,1.4207634e+04
 152.6412401,1.4208632e+04
 152.6616743,         null
 152.6821085,1.4214026e+04
 152.7025427,1.4218824e+04
 152.7229769,1.4211586e+04
 152.7434111,1.4207841e+04
 152.7638454,1.4206066e+04
 152.7842795,1.4210557e+04
 152.8047137,1.4209449e+04
 152.8251478,1.4216706e+04
 152.8455821,1.4219933e+04
 152.8660163,1.4208291e+04
 152.8864503,1.4201555e+04
 152.9068846,1.4209839e+04
 152.9273188,1.4213771e+04
 152.9477530,1.4204026e+04
 152.9681871,1.4213568e+04
 152.9886214,1.4211111e+04
 153.0090556,1.4208590e+04
 153.0294897,1.4205980e+04
 153.0499240,1.4209026e+04
 153.0703582,1.4212300e+04
 153.0907923,1.4212149e+04
 153.1112265,1.4206436e+04
 153.1316608,1.4218036e+04
 153.1520948,1.4213117e+04
 153.1725290,1.4205863e+04
 153.1929632,1.4202503e+04
 153.2133975,1.4215137e+04
 153.2338317,1.4203233e+04
 153.2542658,1.4214706e+04
 153.2747001,1.4209547e+04
 153.2951343,1.4219729e+04
 153.3155684,1.4213596e+04
 153.3360026,1.4199262e+04
 153.3564368,1.4207911e+04
 153.3768709,1.4213709e+04
 153.3973051,1.4204951e+04
 153.4177394,1.4216402e+04
 153.4381736,1.4210056e+04
 153.4586077,1.4204511e+04
 153.4790419,1.4207022e+04
 153.4994762,1.4211244e+04
 153.5199103,1.4205330e+04
 153.5403445,1.4214558e+04
 153.5607787,1.4211724e+04
 153.5812128,1.4205004e+04
 153.6016470,1.4213079e+04
 153.6220812,1.4223051e+04
 153.6425154,1.4203267e+04
 153.6629496,1.4211575e+04
 153.6833838,1.4215021e+04
 153.7038179,1.4216926e+04
 153.7242521,1.4204360e+04
 153.7446863,1.4212716e+04
 153.7651204,1.4215634e+04
 153.7855547,1.4210884e+04
 153.8059889,1.4211849e+04
 153.8264230,1.4208737e+04
 153.8468572,1.4214391e+04
 153.8672915,1.4215030e+04
 153.8877255,1.4206039e+04
 153.9081597,1.4206814e+04
 153.9285940,1.4215626e+04
 153.9490282,1.4201928e+04
 153.9694623,1.4207781e+04
 153.9898965,1.4214666e+04
 154.0103308,1.4202850e+04
 154.0307648,1.4212765e+04
 154.0511990,1.4213857e+04
 154.0716333,1.4213032e+04
 154.0920674,1.4208328e+04
 154.1125016,1.4214158e+04
 154.1329358,1.4211325e+04
 154.1533700,1.4214250e+04
 154.1738041,1.4203042e+04
 154.1942383,1.4206350e+04
 154.2146725,1.4212129e+04
 154.2351067,1.4207143e+04
 154.2555409,1.4201907e+04
 154.2759750,1.4206705e+04
 154.2964092,1.4225124e+04
 154.3168434,1.4203053e+04
 154.3372775,1.4206626e+04
 154.3577117,1.4202020e+04
 154.3781460,1.4198435e+04
 154.3985801,1.4207736e+04
 154.4190142,1.4209357e+04
 154.4394485,1.4208941e+04
 154.4598827,1.4217772e+04
 154.4803168,1.4218260e+04
 154.5007510,1.4210318e+04
 154.5211853,1.4208127e+04
 154.5416193,1.4210668e+04
 154.5620535,1.4208302e+04
 154.5824878,1.4212938e+04
 154.6029219,1.4210796e+04
 154.6233561,1.4204841e+04
 154.6437903,1.4210405e+04
 154.6642244,1.4206347e+04
 154.6846586,1.4225198e+04
 154.7050928,1.4211034e+04
 154.7255271,1.4212750e+04
 154.7459612,1.4212513e+04
 154.7663953,1.4216828e+04
 154.7868295,1.4209271e+04
 154.8072637,1.4213329e+04
 154.8276979,1.4211399e+04
 154.8481320,1.4215116e+04
 154.8685662,1.4207075e+04
 154.8890004,1.4211611e+04
 154.9094346,1.4205438e+04
 154.9298688,1.4213426e+04
 154.9503030,1.4213190e+04
 154.9707371,1.4200970e+04
 154.9911713,1.4209772e+04
 155.0116054,1.4204459e+04
 155.0320397,1.4205774e+04
 155.0524739,1.4210265e+04
 155.0729079,1.4200617e+04
 155.0933422,1.4205536e+04
 155.1137764,1.4207400e+04
 155.1342105,1.4207715e+04
 155.1546446,1.4210725e+04
 155.1750789,1.4205411e+04
 155.1955131,1.4212009e+04
 155.2159472,1.4207369e+04
 155.2363814,1.4208041e+04
 155.2568156,1.4214221e+04
 155.2772497,         null
 155.2976839,1.4218131e+04
 155.3181182,1.4206975e+04
 155.3385522,1.4206641e+04
 155.3589864,1.4206326e+04
 155.3794206,1.4225052e+04
 155.3998548,1.4215781e+04
 155.4202890,1.4208325e+04
 155.4407231,1.4211618e+04
 155.4611574,1.4210698e+04
 155.4815915,1.4210460e+04
 155.5020257,1.4203823e+04
 155.5224597,1.4213454e+04
 155.5428940,1.4215405e+04
 155.5633282,         null
 155.5837623,1.4210613e+04
 155.6041965,1.4210143e+04
 155.6246307,1.4215785e+04
 155.6450649,1.4216133e+04
 155.6654990,1.4209422e+04
 155.6859332,1.4214515e+04
 155.7063674,1.4210443e+04
 155.7268015,1.4210379e+04
 155.7472357,1.4210560e+04
 155.7676699,1.4210657e+04
 155.7881040,1.4213883e+04
 155.8085382,1.4213001e+04
 155.8289724,1.4209521e+04
 155.8494065,1.4212372e+04
 155.8698407,1.4222119e+04
 155.8902749,1.4214594e+04
 155.9107091,1.4210753e+04
 155.9311432,1.4211726e+04
 155.9515774,1.4212130e+04
 155.9720117,1.4206654e+04
 155.9924457,1.4199319e+04
 156.0128799,1.4206401e+04
 156.0333140,1.4211183e+04
 156.0537482,1.4218637e+04
 156.0741824,1.4198870e+04
 156.0946166,1.4207975e+04
 156.1150508,1.4213424e+04
 156.1354849,1.4211264e+04
 156.1559191,1.4207678e+04
 156.1763532,1.4204128e+04
 156.1967875,1.4204458e+04
 156.2172216,1.4201554e+04
 156.2376557,1.4209716e+04
 156.2580899,1.4220722e+04
 156.2785241,1.4208480e+04
 156.2989582,1.4208271e+04
 156.3193924,1.4207813e+04
 156.3398266,1.4218673e+04
 156.3602607,1.4209040e+04
 156.3806949,1.4207273e+04
 156.4011291,1.4206223e+04
 156.4215633,1.4206744e+04
 156.4419974,1.4198561e+04
 156.4624316,1.4214106e+04
 156.4828658,1.4214067e+04
 156.5032999,1.4207565e+04
 156.5237341,1.4219052e+04
 156.5441682,1.4211057e+04
 156.5646024,1.4216293e+04
 156.5850366,1.4214932e+04
 156.6054707,1.4204573e+04
 156.6259049,1.4210271e+04
 156.6463391,1.4205225e+04
 156.6667732,1.4207729e+04
 156.6872074,1.4210580e+04
 156.7076416,1.4213553e+04
 156.7280757,1.4212573e+04
 156.7485099,1.4213813e+04
 156.7689440,1.4215843e+04
 156.7893783,1.4226543e+04
 156.8098124,1.4206547e+04
 156.8302466,1.4209173e+04
 156.8506808,1.4207353e+04
 156.8711149,1.4208722e+04
 156.8915491,1.4211992e+04
 156.9119832,1.4206422e+04
 156.9324174,1.4210419e+04
 156.9528516,1.4201208e+04
 156.9732856,1.4213879e+04
 156.9937199,1.4208651e+04
 157.0141541,1.4206076e+04
 157.0345881,1.4211506e+04
 157.0550223,1.4214782e+04
 157.0754566,1.4200579e+04
 157.0958906,1.4212499e+04
 157.1163248,1.4212625e+04
 157.1367591,1.4205181e+04
 157.1571932,1.4205498e+04
 157.1776273,1.4207704e+04
 157.1980615,1.4207178e+04
 157.2184957,1.4215914e+04
 157.2389298,1.4206801e+04
 157.2593640,1.4203754e+04
 157.2797981,1.4196670e+04
 157.3002323,1.4206747e+04
 157.3206664,1.4191544e+04
 157.3411006,1.4208712e+04
 157.3615348,1.4210580e+04
 157.3819689,1.4204649e+04
 157.4024031,1.4210112e+04
 157.4228372,1.4204619e+04
 157.4432714,1.4210756e+04
 157.4637056,1.4204104e+04
 157.4841396,1.4202817e+04
 157.5045739,1.4205495e+04
 157.5250081,1.4217230e+04
 157.5454421,1.4208390e+04
 157.5658763,1.4209924e+04
 157.5863106,1.4212035e+04
 157.6067446,1.4206949e+04
 157.6271788,1.4201543e+04
 157.6476130,1.4215376e+04
 157.6680472,1.4203229e+04
 157.6884813,1.4211993e+04
 157.7089154,1.4215006e+04
 157.7293497,1.4211101e+04
 157.7497837,1.4210658e+04
 157.7702179,1.4208977e+04
 157.7906522,1.4203669e+04
 157.8110862,1.4207639e+04
 157.8315204,1.4215509e+04
 157.8519545,1.4210341e+04
 157.8723887,1.4218921e+04
 157.8928229,1.4210393e+04
 157.9132570,1.4202456e+04
 157.9336911,1.4217955e+04
 157.9541253,1.4208977e+04
 157.9745595,1.4204722e+04
 157.9949936,1.4207480e+04
 158.0154278,1.4216941e+04
 158.0358620,1.4208059e+04
 158.0562960,1.4204526e+04
 158.0767302,1.4206524e+04
 158.0971644,1.4208601e+04
 158.1175986,1.4209562e+04
 158.1380327,1.4211387e+04
 158.1584669,1.4198661e+04
 158.1789011,1.4207345e+04
 158.1993351,1.4208772e+04
 158.2197693,1.4207119e+04
 158.2402035,1.4209073e+04
 158.2606376,         null
 158.2810718,1.4211607e+04
 158.3015060,1.4207104e+04
 158.3219402,1.4205229e+04
 158.3423742,1.4210814e+04
 158.3628084,1.4199938e+04
 158.3832426,1.4207605e+04
 158.4036768,1.4204033e+04
 158.4241108,1.4211207e+04
 158.4445450,1.4201666e+04
 158.4649793,1.4211211e+04
 158.4854133,1.4201570e+04
 158.5058475,1.4211558e+04
 158.5262817,1.4209414e+04
 158.5467158,1.4195311e+04
 158.5671499,1.4202477e+04
 158.5875841,1.4210947e+04
 158.6080182,1.4206080e+04
 158.6284524,1.4204767e+04
 158.6488865,1.4207382e+04
 158.6693208,1.4204587e+04
 158.6897549,1.4211740e+04
 158.7101890,1.4224896e+04
 158.7306231,1.4202435e+04
 158.7510573,1.4214347e+04
 158.7714915,1.4210121e+04
 158.7919256,1.4204843e+04
 158.8123598,1.4208430e+04
 158.8327939,1.4208694e+04
 158.8532281,1.4199188e+04
 158.8736621,1.4210625e+04
 158.8940964,1.4206663e+04
 158.9145305,1.4215521e+04
 158.9349646,1.4201974e+04
 158.9553988,1.4212186e+04
 158.9758330,1.4208179e+04
 158.9962670,1.4212701e+04
 159.0167012,1.4208244e+04
 159.0371354,1.4209764e+04
 159.0575695,1.4201141e+04
 159.0780036,1.4208679e+04
 159.0984378,1.4211955e+04
 159.1188720,1.4210951e+04
 159.1393061,1.4211494e+04
 159.1597402,1.4212170e+04
 159.1801745,1.4201237e+04
 159.2006085,1.4211854e+04
 159.2210427,1.4208637e+04
 159.2414767,1.4208574e+04
 159.2619110,1.4204979e+04
 159.2823451,1.4209979e+04
 159.3027793,1.4203116e+04
 159.3232134,1.4209093e+04
 159.3436476,1.4202784e+04
 159.3640817,1.4201594e+04
 159.3845158,1.4211714e+04
 159.4049500,1.4215544e+04
 159.4253842,1.4215508e+04
 159.4458182,1.4201194e+04
 159.4662525,1.4207975e+04
 159.4866866,1.4214518e+04
 159.5071207,1.4208703e+04
 159.5275548,1.4224500e+04
 159.5479891,1.4205925e+04
 159.5684231,1.4201964e+04
 159.5888573,1.4202782e+04
 159.6092914,1.4215296e+04
 159.6297257,1.4206896e+04
 159.6501597,1.4212118e+04
 159.6705939,1.4213520e+04
 159.6910281,1.4204246e+04
 159.7114621,1.4202915e+04
 159.7318963,1.4206402e+04
 159.7523304,1.4207048e+04
 159.7727646,1.4215455e+04
 159.7931987,1.4214706e+04
 159.8136329,1.4204057e+04
 159.8340670,1.4210784e+04
 159.8545012,1.4211519e+04
 159.8749353,1.4205177e+04
 159.8953694,1.4203561e+04
 159.9158036,1.4206990e+04
 159.9362377,1.4206445e+04
 159.9566719,1.4207372e+04
 159.9771060,1.4199656e+04
 159.9975402,1.4209469e+04
 160.0179743,1.4207337e+04
 160.0384085,1.4204879e+04
 160.0588426,1.4206421e+04
 160.0792768,1.4201155e+04
 160.0997109,1.4206582e+04
 160.1201449,1.4205210e+04
 160.1405792,1.4201076e+04
 160.1610133,1.4210369e+04
 160.1814474,1.4212408e+04
 160.2018816,1.4206038e+04
 160.2223158,1.4206724e+04
 160.2427498,1.4200799e+04
 160.2631839,1.4210156e+04
 160.2836182,1.4211562e+04
 160.3040522,1.4211423e+04
 160.3244864,1.4203227e+04
 160.3449206,1.4209229e+04
 160.3653547,1.4203899e+04
 160.3857888,1.4206621e+04
 160.4062229,1.4201870e+04
 160.4266572,1.4206250e+04
 160.4470912,1.4205940e+04
 160.4675253,1.4208209e+04
 160.4879596,1.4214358e+04
 160.5083936,1.4200271e+04
 160.5288278,1.4204141e+04
 160.5492619,1.4216799e+04
 160.5696960,1.4209601e+04
 160.5901302,1.4203550e+04
 160.6105643,1.4204950e+04
 160.6309984,1.4213430e+04
 160.6514326,1.4205495e+04
 160.6718667,1.4198159e+04
 160.6923008,1.4207741e+04
 160.7127350,1.4204086e+04
 160.7331692,1.4204477e+04
 160.7536032,1.4201128e+04
 160.7740373,1.4205737e+04
 160.7944716,1.4211022e+04
 160.8149057,1.4209826e+04
 160.8353398,1.4202600e+04
 160.8557740,1.4210841e+04
 160.8762081,1.4208619e+04
 160.8966422,1.4202569e+04
 160.9170763,1.4205515e+04
 160.9375105,1.4201517e+04
 160.9579446,1.4213501e+04
 160.9783787,1.4214191e+04
 160.9988129,1.4215397e+04
 161.0192470,1.4214448e+04
 161.0396811,1.4208288e+04
 161.0601153,1.4200342e+04
 161.0805494,1.4205826e+04
 161.1009835,1.4208447e+04
 161.1214177,1.4207230e+04
 161.1418519,1.4207671e+04
 161.1622859,1.4214267e+04
 161.1827201,1.4207585e+04
 161.2031541,1.4202920e+04
 161.2235883,1.4208591e+04
 161.2440225,         null
 161.2644566,1.4203218e+04
 161.2848906,1.4208572e+04
 161.3053249,1.4203873e+04
 161.3257590,1.4211948e+04
 161.3461930,1.4214930e+04
 161.3666273,1.4207605e+04
 161.3870614,1.4212384e+04
 161.4074954,1.4212695e+04
 161.4279296,1.4208314e+04
 161.4483638,1.4209589e+04
 161.4687978,1.4210221e+04
 161.4892320,1.4206691e+04
 161.5096662,1.4215139e+04
 161.5301002,1.4212537e+04
 161.5505344,1.4207397e+04
 161.5709685,1.4206939e+04
 161.5914027,1.4205817e+04
 161.6118368,1.4211003e+04
 161.6322709,1.4205094e+04
 161.6527051,1.4205508e+04
 161.6731393,1.4206688e+04
 161.6935733,1.4207950e+04
 161.7140074,1.4219079e+04
 161.7344417,1.4204422e+04
 161.7548757,1.4204307e+04
 161.7753098,1.4209607e+04
 161.7957440,1.4203300e+04
 161.8161781,1.4211821e+04
 161.8366122,1.4200357e+04
 161.8570463,1.4219190e+04
 161.8774806,1.4209433e+04
 161.8979146,1.4211354e+04
 161.9183487,1.4207325e+04
 161.9387828,1.4206006e+04
 161.9592170,1.4211134e+04
 161.9796511,1.4211126e+04
 162.0000852,1.4221749e+04
 162.0205194,1.4219037e+04
 162.0409535,1.4208079e+04
 162.0613876,1.4206835e+04
 162.0818217,1.4210337e+04
 162.1022559,1.4216639e+04
 162.1226900,1.4218313e+04
 162.1431240,1.4212224e+04
 162.1635583,1.4204807e+04
 162.1839924,1.4215471e+04
 162.2044264,1.4204317e+04
 162.2248606,1.4206903e+04
 162.2452948,1.4210705e+04
 162.2657288,1.4218552e+04
 162.2861629,1.4209910e+04
 162.3065972,1.4207710e+04
 162.3270313,1.4206308e+04
 162.3474653,1.4207619e+04
 162.3678994,1.4212413e+04
 162.3883337,1.4207232e+04
 162.4087677,1.4201334e+04
 162.4292018,1.4214055e+04
 162.4496358,1.4215449e+04
 162.4700701,1.4205844e+04
 162.4905042,1.4214868e+04
 162.5109377,1.4206625e+04
 162.5313719,1.4211281e+04
 162.5518060,1.4210767e+04
 162.5722401,1.4216643e+04
 162.5926742,1.4209310e+04
 162.6131084,1.4218317e+04
 162.6335425,1.4216352e+04
 162.6539766,1.4213342e+04
 162.6744108,1.4217372e+04
 162.6948448,1.4212054e+04
 162.7152790,1.4208377e+04
 162.7357131,1.4211840e+04
 162.7561472,1.4221125e+04
 162.7765813,1.4209955e+04
 162.7970155,1.4209956e+04
 162.8174496,1.4212168e+04
 162.8378837,1.4205366e+04
 162.8583178,1.4224869e+04
 162.8787518,1.4210700e+04
 162.8991861,1.4208709e+04
 162.9196202,1.4215417e+04
 162.9400542,1.4213469e+04
 162.9604883,1.4212024e+04
 162.9809226,1.4215530e+04
 163.0013566,1.4212219e+04
 163.0217907,1.4200688e+04
 163.0422249,1.4217371e+04
 163.0626590,1.4207768e+04
 163.0830931,1.4203754e+04
 163.1035272,1.4208673e+04
 163.1239614,1.4209270e+04
 163.1443954,1.4214410e+04
 163.1648295,1.4211088e+04
 163.1852638,1.4212883e+04
 163.2056978,1.4212331e+04
 163.2261319,1.4206356e+04
 163.2465660,1.4209085e+04
 163.2670001,1.4215100e+04
 163.2874343,1.4205350e+04
 163.3078684,1.4212139e+04
 163.3283026,1.4216236e+04
 163.3487366,1.4210485e+04
 163.3691707,1.4208757e+04
 163.3896047,1.4211787e+04
 163.4100390,1.4202681e+04
 163.4304731,1.4204342e+04
 163.4509071,1.4213406e+04
 163.4713413,1.4209236e+04
 163.4917754,1.4203288e+04
 163.5122096,1.4211887e+04
 163.5326436,1.4213616e+04
 163.5530778,1.4214759e+04
 163.5735119,1.4203657e+04
 163.5939459,1.4217773e+04
 163.6143800,1.4210443e+04
 163.6348143,1.4211334e+04
 163.6552483,1.4215424e+04
 163.6756824,1.4199020e+04
 163.6961166,1.4208061e+04
 163.7165506,1.4219654e+04
 163.7369847,1.4210502e+04
 163.7574188,1.4215782e+04
 163.7778530,1.4220385e+04
 163.7982871,1.4206919e+04
 163.8187212,1.4217239e+04
 163.8391554,1.4206042e+04
 163.8595894,1.4214326e+04
 163.8800235,1.4212684e+04
 163.9004575,1.4209617e+04
 163.9208918,1.4212348e+04
 163.9413259,1.4204183e+04
 163.9617600,1.4201282e+04
 163.9821941,1.4203649e+04
 164.0026282,1.4209404e+04
 164.0230623,1.4206963e+04
 164.0434963,1.4210014e+04
 164.0639306,1.4206852e+04
 164.0843647,1.4200045e+04
 164.1047988,1.4210804e+04
 164.1252328,1.4203825e+04
 164.1456670,1.4201671e+04
 164.1661010,1.4200672e+04
 164.1865351,1.4211291e+04
 164.2069693,1.4202623e+04
 164.2274035,         null
 164.2478375,1.4208508e+04
 164.2682716,1.4209670e+04
 164.2887057,1.4208240e+04
 164.3091398,1.4217907e+04
 164.3295739,1.4208298e+04
 164.3500081,1.4201364e+04
 164.3704422,1.4206850e+04
 164.3908762,1.4216997e+04
 164.4113103,1.4205671e+04
 164.4317445,1.4209285e+04
 164.4521786,1.4211544e+04
 164.4726127,1.4205881e+04
 164.4930469,1.4206787e+04
 164.5134809,1.4204217e+04
 164.5339150,1.4202718e+04
 164.5543491,1.4210232e+04
 164.5747832,1.4209336e+04
 164.5952173,1.4210146e+04
 164.6156514,1.4202884e+04
 164.6360854,1.4208952e+04
 164.6565197,1.4206579e+04
 164.6769538,1.4206769e+04
 164.6973879,1.4206162e+04
 164.7178220,1.4208116e+04
 164.7382561,1.4199428e+04
 164.7586902,1.4197729e+04
 164.7791242,1.4206941e+04
 164.7995584,1.4204027e+04
 164.8199925,1.4214941e+04
 164.8404265,1.4207330e+04
 164.8608607,1.4205423e+04
 164.8812948,1.4200883e+04
 164.9017288,1.4203570e+04
 164.9221629,1.4208591e+04
 164.9425972,1.4208713e+04
 164.9630312,1.4206512e+04
 164.9834653,1.4205741e+04
