        TIME,  PDCSAP_FLUX
 131.5119588,1.8234973e+04
 131.5323931,1.8223053e+04
 131.5528273,1.8227736e+04
 131.5732614,1.8234436e+04
 131.5936957,1.8230504e+04
 131.6141300,1.8245484e+04
 131.6345641,1.8218277e+04
 131.6549984,1.8226402e+04
 131.6754327,1.8226938e+04
 131.6958669,1.8244320e+04
 131.7163010,1.8236947e+04
 131.7367353,1.8248895e+04
 131.7571696,1.8234301e+04
 131.7776037,1.8238266e+04
 131.7980379,1.8219582e+04
 131.8184723,1.8228971e+04
 131.8389064,1.8237305e+04
 131.8593406,1.8230607e+04
 131.8797749,1.8224547e+04
 131.9002091,1.8222531e+04
 131.9206433,1.8227783e+04
 131.9410775,1.8230861e+04
 131.9615118,1.8239824e+04
 131.9819460,1.8222975e+04
 132.0023802,1.8235014e+04
 132.0228143,1.8229771e+04
 132.0432487,1.8233619e+04
 132.0636829,1.8231518e+04
 132.0841170,1.8243070e+04
 132.1045513,1.8213566e+04
 132.1249856,1.8225422e+04
 132.1454197,1.8236490e+04
 132.1658539,1.8223760e+04
 132.1862883,1.8231318e+04
 132.2067225,1.8244676e+04
 132.2271566,1.8237400e+04
 132.2475908,1.8237125e+04
 132.2680252,1.8231186e+04
 132.2884593,1.8222521e+04
 132.3088935,1.8233754e+04
 132.3293278,1.8239328e+04
 132.3497620,1.8230707e+04
 132.3701962,1.8230967e+04
 132.3906304,1.8238895e+04
 132.4110647,1.8243170e+04
 132.4314989,1.8241377e+04
 132.4519331,1.8228582e+04
 132.4723674,1.8242035e+04
 132.4928016,1.8225123e+04
 132.5132358,1.8238158e+04
 132.5336699,1.8226350e+04
 132.5541042,1.8230283e+04
 132.5745385,1.8237920e+04
 132.5949726,1.8240455e+04
 132.6154069,1.8233047e+04
 132.6358411,1.8222156e+04
 132.6562754,1.8221621e+04
 132.6767095,1.8227707e+04
 132.6971438,1.8223793e+04
 132.7175780,1.8227512e+04
 132.7380122,1.8239561e+04
 132.7584465,1.8236459e+04
 132.7788807,1.8233715e+04
 132.7993148,1.8240770e+04
 132.8197491,1.8223109e+04
 132.8401834,1.8233871e+04
 132.8606175,1.8237711e+04
 132.8810518,1.8230850e+04
 132.9014861,1.8224791e+04
 132.9219202,1.8233098e+04
 132.9423544,1.8226965e+04
 132.9627887,1.8228307e+04
 132.9832230,1.8232424e+04
 133.0036571,1.8237037e+04
 133.0240913,1.8222725e+04
 133.0445256,1.8232014e+04
 133.0649598,1.8236012e+04
 133.0853940,1.8235152e+04
 133.1058282,1.8234389e+04
 133.1262625,1.8220553e+04
 133.1466967,1.8244783e+04
 133.1671309,1.8229709e+04
 133.1875651,1.8233428e+04
 133.2079995,1.8238361e+04
 133.2284336,1.8234570e+04
 133.2488678,1.8221334e+04
 133.2693020,1.8230771e+04
 133.2897363,1.8225416e+04
 133.3101705,1.8227863e+04
 133.3306046,1.8228215e+04
 133.3510389,1.8233041e+04
 133.3714732,1.8221520e+04
 133.3919074,1.8250686e+04
 133.4123416,1.8235467e+04
 133.4327758,1.8234564e+04
 133.4532101,1.8241088e+04
 133.4736442,1.8230084e+04
 133.4940785,1.8236756e+04
 133.5145127,1.8238494e+04
 133.5349469,1.8230416e+04
 133.5553812,1.8241164e+04
 133.5758154,1.8235895e+04
 133.5962495,1.8236361e+04
 133.6166838,1.8228977e+04
 133.6371181,1.8224754e+04
 133.6575523,1.8231355e+04
 133.6779864,1.8239541e+04
 133.6984208,1.8242971e+04
 133.7188550,1.8238824e+04
 133.7392891,1.8238047e+04
 133.7597233,1.8241895e+04
 133.7801577,1.8236900e+04
 133.8005918,1.8233607e+04
 133.8210260,1.8238451e+04
 133.8414602,1.8228748e+04
 133.8618945,1.8234223e+04
 133.8823287,1.8226672e+04
 133.9027629,1.8232074e+04
 133.9231971,1.8234545e+04
 133.9436314,1.8239385e+04
 133.9640656,1.8229752e+04
 133.9844997,1.8228008e+04
 134.0049340,1.8235805e+04
 134.0253683,1.8246133e+04
 134.0458024,1.8234408e+04
 134.0662367,1.8229982e+04
 134.0866709,1.8235322e+04
 134.1071051,1.8229922e+04
 134.1275393,1.8227488e+04
 134.1479736,1.8236941e+04
 134.1684078,1.8227039e+04
 134.1888419,1.8233141e+04
 134.2092763,1.8218658e+04
 134.2297105,1.8244105e+04
 134.2501446,1.8231770e+04
 134.2705788,1.8236031e+04
 134.2910132,1.8239539e+04
 134.3114473,1.8236932e+04
 134.3318815,1.8243301e+04
 134.3523158,1.8250811e+04
 134.3727500,1.8234006e+04
 134.3931842,         null
 134.4136184,1.8240662e+04
 134.4340526,1.8238014e+04
 134.4544869,1.8233887e+04
 134.4749211,1.8228197e+04
 134.4953554,1.8239465e+04
 134.5157895,1.8242797e+04
 134.5362237,1.8236822e+04
 134.5566579,1.8234484e+04
 134.5770922,1.8232637e+04
 134.5975264,1.8225621e+04
 134.6179605,1.8239064e+04
 134.6383948,1.8232771e+04
 134.6588291,1.8237943e+04
 134.6792633,1.8225191e+04
 134.6996975,1.8235934e+04
 134.7201318,1.8224928e+04
 134.7405660,1.8233652e+04
 134.7610001,1.8231096e+04
 134.7814343,1.8216150e+04
 134.8018686,1.8246527e+04
 134.8223029,1.8234605e+04
 134.8427370,1.8246082e+04
 134.8631713,1.8229182e+04
 134.8836055,1.8228574e+04
 134.9040398,1.8228820e+04
 134.9244739,1.8225227e+04
 134.9449082,1.8225834e+04
 134.9653424,1.8232723e+04
 134.9857766,1.8227848e+04
 135.0062109,1.8233859e+04
 135.0266451,1.8237674e+04
 135.0470792,1.8228797e+04
 135.0675134,1.8248252e+04
 135.0879478,1.8229652e+04
 135.1083819,1.8236191e+04
 135.1288161,1.8250867e+04
 135.1492504,1.8224451e+04
 135.1696847,1.8236869e+04
 135.1901188,1.8234262e+04
 135.2105530,1.8237395e+04
 135.2309873,1.8229254e+04
 135.2514214,1.8237564e+04
 135.2718557,1.8241852e+04
 135.2922898,1.8232646e+04
 135.3127241,1.8217268e+04
 135.3331583,1.8239219e+04
 135.3535925,1.8242559e+04
 135.3740268,1.8238166e+04
 135.3944610,1.8233088e+04
 135.4148952,1.8246240e+04
 135.4353293,1.8237908e+04
 135.4557637,1.8238033e+04
 135.4761979,1.8230238e+04
 135.4966320,1.8237834e+04
 135.5170663,1.8229729e+04
 135.5375005,1.8231281e+04
 135.5579347,1.8235320e+04
 135.5783689,1.8238918e+04
 135.5988032,1.8236674e+04
 135.6192373,1.8237549e+04
 135.6396716,1.8229760e+04
 135.6601059,1.8225648e+04
 135.6805401,1.8229572e+04
 135.7009742,1.8230400e+04
 135.7214084,1.8237375e+04
 135.7418428,1.8233324e+04
 135.7622769,1.8237332e+04
 135.7827111,1.8242201e+04
 135.8031454,1.8233711e+04
 135.8235795,1.8234965e+04
 135.8440138,1.8239695e+04
 135.8644480,1.8239504e+04
 135.8848822,1.8234146e+04
 135.9053164,1.8228754e+04
 135.9257507,1.8244256e+04
 135.9461848,1.8234025e+04
 135.9666191,1.8235641e+04
 135.9870533,1.8241295e+04
 136.0074874,1.8237654e+04
 136.0279218,1.8236457e+04
 136.0483560,1.8226115e+04
 136.0687901,1.8234770e+04
 136.0892243,1.8221553e+04
 136.1096586,1.8235234e+04
 136.1300929,1.8233051e+04
 136.1505270,1.8228578e+04
 136.1709613,1.8228510e+04
 136.1913955,1.8241926e+04
 136.2118296,1.8229291e+04
 136.2322639,1.8225316e+04
 136.2526982,1.8232766e+04
 136.2731323,1.8227658e+04
 136.2935665,1.8225594e+04
 136.3140008,1.8243365e+04
 136.3344350,1.8236660e+04
 136.3548692,1.8227029e+04
 136.3753034,1.8235230e+04
 136.3957376,1.8225891e+04
 136.4161718,1.8229594e+04
 136.4366061,1.8230961e+04
 136.4570404,1.8236750e+04
 136.4774745,1.8230867e+04
 136.4979087,1.8231297e+04
 136.5183429,1.8221828e+04
 136.5387772,1.8244793e+04
 136.5592114,1.8234488e+04
 136.5796456,1.8231219e+04
 136.6000798,1.8238572e+04
 136.6205140,1.8234891e+04
 136.6409483,1.8230791e+04
 136.6613825,1.8239438e+04
 136.6818167,1.8216078e+04
 136.7022509,1.8240834e+04
 136.7226851,1.8231529e+04
 136.7431193,1.8228383e+04
 136.7635536,1.8236230e+04
 136.7839878,1.8236451e+04
 136.8044219,1.8231172e+04
 136.8248562,1.8236082e+04
 136.8452905,1.8236035e+04
 136.8657247,1.8242826e+04
 136.8861588,1.8234436e+04
 136.9065931,1.8231467e+04
 136.9270273,1.8237232e+04
 136.9474614,1.8227236e+04
 136.9678958,1.8214906e+04
 136.9883300,1.8226617e+04
 137.0087641,1.8241811e+04
 137.0291983,1.8228117e+04
 137.0496326,1.8228369e+04
 137.0700668,1.8232727e+04
 137.0905010,1.8237828e+04
 137.1109353,1.8232422e+04
 137.1313694,1.8226258e+04
 137.1518036,1.8243887e+04
 137.1722379,1.8231658e+04
 137.1926722,1.8236393e+04
 137.2131063,1.8235648e+04
 137.2335405,1.8232312e+04
 137.2539746,1.8236850e+04
 137.2744089,1.8236189e+04
 137.2948432,1.8243582e+04
 137.3152773,1.8228965e+04
 137.3357116,1.8231816e+04
 137.3561458,1.8229637e+04
 137.3765800,         null
 137.3970142,1.8226891e+04
 137.4174485,1.8244668e+04
 137.4378827,1.8238594e+04
 137.4583168,1.8235100e+04
 137.4787511,1.8232725e+04
 137.4991853,1.8236166e+04
 137.5196195,1.8240822e+04
 137.5400537,1.8234939e+04
 137.5604880,1.8238771e+04
 137.5809221,1.8232904e+04
 137.6013563,1.8226488e+04
 137.6217906,1.8230480e+04
 137.6422249,1.8228436e+04
 137.6626590,1.8244979e+04
 137.6830932,1.8230238e+04
 137.7035275,1.8239924e+04
 137.7239616,1.8242344e+04
 137.7443959,1.8236463e+04
 137.7648302,1.8244322e+04
 137.7852643,1.8253473e+04
 137.8056985,1.8240053e+04
 137.8261326,1.8225943e+04
 137.8465669,1.8232426e+04
 137.8670012,1.8248344e+04
 137.8874354,1.8226855e+04
 137.9078695,1.8239564e+04
 137.9283038,1.8229570e+04
 137.9487380,1.8222074e+04
 137.9691721,1.8228766e+04
 137.9896065,1.8233727e+04
 138.0100407,1.8229297e+04
 138.0304748,1.8233799e+04
 138.0509090,1.8234232e+04
 138.0713433,1.8234293e+04
 138.0917775,1.8233277e+04
 138.1122117,1.8234389e+04
 138.1326460,1.8239576e+04
 138.1530802,1.8233980e+04
 138.1735143,1.8237873e+04
 138.1939485,1.8230002e+04
 138.2143828,1.8241199e+04
 138.2348171,1.8237262e+04
 138.2552512,1.8233691e+04
 138.2756855,1.8222475e+04
 138.2961197,1.8238396e+04
 138.3165538,1.8241080e+04
 138.3369880,1.8244199e+04
 138.3574224,1.8245676e+04
 138.3778566,1.8234305e+04
 138.3982907,1.8237775e+04
 138.4187250,1.8235783e+04
 138.4391592,1.8226375e+04
 138.4595933,1.8218465e+04
 138.4800275,1.8234559e+04
 138.5004619,1.8213051e+04
 138.5208960,1.8247816e+04
 138.5413302,1.8230723e+04
 138.5617644,1.8228270e+04
 138.5821986,1.8228318e+04
 138.6026328,1.8227035e+04
 138.6230671,1.8228562e+04
 138.6435013,1.8237242e+04
 138.6639355,1.8237465e+04
 138.6843697,1.8232863e+04
 138.7048038,1.8229717e+04
 138.7252381,1.8238160e+04
 138.7456723,1.8231916e+04
 138.7661065,1.8231875e+04
 138.7865408,1.8247053e+04
 138.8069750,1.8230514e+04
 138.8274091,1.8237967e+04
 138.8478433,1.8232271e+04
 138.8682776,1.8229752e+04
 138.8887118,1.8243578e+04
 138.9091460,1.8236035e+04
 138.9295803,1.8236281e+04
 138.9500145,1.8240002e+04
 138.9704486,1.8238785e+04
 138.9908828,1.8240293e+04
 139.0113171,1.8234955e+04
 139.0317512,1.8241867e+04
 139.0521855,1.8233342e+04
 139.0726198,1.8251068e+04
 139.0930539,1.8233516e+04
 139.1134881,1.8233514e+04
 139.1339223,1.8234080e+04
 139.1543565,1.8234957e+04
 139.1747907,1.8237029e+04
 139.1952250,1.8238555e+04
 139.2156591,1.8227312e+04
 139.2360934,1.8241295e+04
 139.2565276,1.8224588e+04
 139.2769617,1.8233756e+04
 139.2973960,1.8242807e+04
 139.3178302,1.8227461e+04
 139.3382645,1.8231023e+04
 139.3586986,1.8223330e+04
 139.3791329,1.8234826e+04
 139.3995671,1.8238832e+04
 139.4200012,1.8235576e+04
 139.4404355,1.8226180e+04
 139.4608697,1.8230588e+04
 139.4813039,1.8223553e+04
 139.5017381,1.8236711e+04
 139.5221724,1.8240025e+04
 139.5426065,1.8224172e+04
 139.5630407,1.8234906e+04
 139.5834750,1.8232354e+04
 139.6039091,1.8234771e+04
 139.6243433,1.8241221e+04
 139.6447776,1.8230266e+04
 139.6652119,1.8238984e+04
 139.6856460,1.8230891e+04
 139.7060802,1.8222717e+04
 139.7265144,1.8231648e+04
 139.7469486,1.8226479e+04
 139.7673828,1.8236447e+04
 139.7878170,1.8238035e+04
 139.8082513,1.8240818e+04
 139.8286855,1.8230932e+04
 139.8491197,1.8226088e+04
 139.8695539,1.8224148e+04
 139.8899881,1.8228340e+04
 139.9104223,1.8227824e+04
 139.9308565,1.8227064e+04
 139.9512908,1.8233959e+04
 139.9717250,1.8227883e+04
 139.9921592,1.8235979e+04
 140.0125933,1.8233141e+04
 140.0330276,1.8227621e+04
 140.0534618,1.8236211e+04
 140.0738960,1.8228654e+04
 140.0943302,1.8243207e+04
 140.1147644,1.8229906e+04
 140.1351986,1.8232873e+04
 140.1556328,1.8238727e+04
 140.1760671,1.8223162e+04
 140.1965013,1.8232693e+04
 140.2169354,1.8241332e+04
 140.2373697,1.8236871e+04
 140.2578039,1.8240672e+04
 140.2782380,1.8241670e+04
 140.2986722,1.8236410e+04
 140.3191066,1.8224691e+04
 140.3395407,1.8226713e+04
 140.3599749,         null
 140.3804091,1.8236678e+04
 140.4008434,1.8237633e+04
 140.4212775,1.8240326e+04
 140.4417117,1.8238273e+04
 140.4621460,1.8239012e+04
 140.4825801,1.8240602e+04
 140.5030143,1.8235766e+04
 140.5234485,1.8229770e+04
 140.5438828,1.8229244e+04
 140.5643170,1.8238666e+04
 140.5847512,1.8231295e+04
 140.6051854,1.8221857e+04
 140.6256196,1.8238127e+04
 140.6460538,1.8236449e+04
 140.6664879,1.8235312e+04
 140.6869222,1.8245068e+04
 140.7073565,1.8234859e+04
 140.7277906,1.8229029e+04
 140.7482249,1.8229047e+04
 140.7686591,1.8219768e+04
 140.7890932,1.8246904e+04
 140.8095274,1.8229127e+04
 140.8299617,1.8236678e+04
 140.8503959,1.8240336e+04
 140.8708300,1.8233352e+04
 140.8912642,1.8233152e+04
 140.9116986,1.8242641e+04
 140.9321327,1.8241275e+04
 140.9525669,1.8226600e+04
 140.9730012,1.8222262e+04
 140.9934353,1.8222719e+04
 141.0138695,1.8238613e+04
 141.0343037,1.8225398e+04
 141.0547379,1.8226818e+04
 141.0751721,1.8227441e+04
 141.0956063,1.8229543e+04
 141.1160405,1.8230254e+04
 141.1364748,1.8236977e+04
 141.1569090,1.8243814e+04
 141.1773431,1.8230717e+04
 141.1977774,1.8238584e+04
 141.2182116,1.8249871e+04
 141.2386457,1.8234180e+04
 141.2590800,1.8218594e+04
 141.2795142,1.8239484e+04
 141.2999483,1.8222662e+04
 141.3203825,1.8223723e+04
 141.3408168,1.8233518e+04
 141.3612510,1.8223986e+04
 141.3816852,1.8238545e+04
 141.4021194,1.8233574e+04
 141.4225537,1.8237947e+04
 141.4429879,1.8234746e+04
 141.4634220,1.8234834e+04
 141.4838563,1.8228070e+04
 141.5042905,1.8233908e+04
 141.5247246,1.8234240e+04
 141.5451588,1.8239158e+04
 141.5655930,1.8239730e+04
 141.5860273,1.8237471e+04
 141.6064614,1.8241605e+04
 141.6268958,1.8239420e+04
 141.6473300,1.8229633e+04
 141.6677641,1.8228498e+04
 141.6881983,1.8241719e+04
 141.7086326,1.8237039e+04
 141.7290667,1.8237176e+04
 141.7495009,1.8222727e+04
 141.7699352,1.8232660e+04
 141.7903693,1.8230293e+04
 141.8108035,1.8238662e+04
 141.8312377,1.8246809e+04
 141.8516719,1.8231434e+04
 141.8721061,1.8244580e+04
 141.8925403,1.8245078e+04
 141.9129747,1.8235773e+04
 141.9334088,1.8233129e+04
 141.9538430,1.8226660e+04
 141.9742771,1.8233248e+04
 141.9947114,1.8231211e+04
 142.0151456,1.8236453e+04
 142.0355797,1.8234387e+04
 142.0560139,1.8229988e+04
 142.0764482,1.8254248e+04
 142.0968824,1.8242379e+04
 142.1173165,1.8220203e+04
 142.1377508,1.8222408e+04
 142.1581850,1.8234705e+04
 142.1786191,1.8235910e+04
 142.1990533,1.8230613e+04
 142.2194876,1.8230838e+04
 142.2399218,1.8235389e+04
 142.2603560,1.8229771e+04
 142.2807903,1.8220707e+04
 142.3012244,1.8231312e+04
 142.3216586,1.8240562e+04
 142.3420928,1.8232668e+04
 142.3625271,1.8232076e+04
 142.3829612,1.8228785e+04
 142.4033954,1.8227680e+04
 142.4238297,1.8234703e+04
 142.4442638,1.8233932e+04
 142.4646980,1.8233961e+04
 142.4851321,1.8233533e+04
 142.5055664,1.8228285e+04
 142.5260006,1.8249299e+04
 142.5464348,1.8245309e+04
 142.5668689,1.8236432e+04
 142.5873032,1.8245850e+04
 142.6077375,1.8226859e+04
 142.6281716,1.8235832e+04
 142.6486059,1.8234871e+04
 142.6690401,1.8240246e+04
 142.6894742,1.8235924e+04
 142.7099084,1.8237164e+04
 142.7303427,1.8239844e+04
 142.7507768,1.8237631e+04
 142.7712110,1.8218879e+04
 142.7916453,1.8234738e+04
 142.8120794,1.8228436e+04
 142.8325136,1.8233408e+04
 142.8529478,1.8243492e+04
 142.8733821,1.8216291e+04
 142.8938162,1.8250982e+04
 142.9142504,1.8227463e+04
 142.9346847,1.8239807e+04
 142.9551188,1.8238578e+04
 142.9755530,1.8225789e+04
 142.9959871,1.8218039e+04
 143.0164214,1.8236408e+04
 143.0368556,1.8223250e+04
 143.0572898,1.8230514e+04
 143.0777240,1.8236135e+04
 143.0981582,1.8229457e+04
 143.1185925,1.8231926e+04
 143.1390267,1.8225783e+04
 143.1594609,1.8226836e+04
 143.1798951,1.8233688e+04
 143.2003292,1.8243025e+04
 143.2207634,1.8231000e+04
 143.2411977,1.8227986e+04
 143.2616319,1.8236043e+04
 143.2820661,1.8238713e+04
 143.3025003,1.8221000e+04
 143.3229345,1.8224436e+04
 143.3433687,         null
 143.3638028,1.8230824e+04
 143.3842371,1.8236094e+04
 143.4046713,1.8241404e+04
 143.4251054,1.8230471e+04
 143.4455397,1.8230336e+04
 143.4659739,1.8232096e+04
 143.4864080,1.8231406e+04
 143.5068422,1.8226416e+04
 143.5272765,1.8224258e+04
 143.5477107,1.8251652e+04
 143.5681448,1.8236371e+04
 143.5885791,1.8221670e+04
 143.6090133,1.8234162e+04
 143.6294474,1.8243688e+04
 143.6498816,1.8243648e+04
 143.6703159,1.8232779e+04
 143.6907500,1.8228318e+04
 143.7111842,1.8239373e+04
 143.7316184,1.8233584e+04
 143.7520526,1.8238559e+04
 143.7724868,1.8225871e+04
 143.7929210,1.8227590e+04
 143.8133552,1.8237945e+04
 143.8337894,1.8236986e+04
 143.8542236,1.8249389e+04
 143.8746577,1.8232855e+04
 143.8950920,1.8231312e+04
 143.9155262,1.8232000e+04
 143.9359603,1.8239211e+04
 143.9563946,1.8237176e+04
 143.9768288,1.8228666e+04
 143.9972629,1.8225748e+04
 144.0176971,1.8240703e+04
 144.0381314,1.8226867e+04
 144.0585656,1.8238055e+04
 144.0789997,1.8233197e+04
 144.0994340,1.8227768e+04
 144.1198682,1.8226217e+04
 144.1403023,1.8211791e+04
 144.1607365,1.8229041e+04
 144.1811708,1.8232742e+04
 144.2016049,1.8228418e+04
 144.2220391,1.8236119e+04
 144.2424734,1.8226801e+04
 144.2629075,1.8219240e+04
 144.2833417,1.8231717e+04
 144.3037759,1.8223357e+04
 144.3242101,1.8230504e+04
 144.3446443,1.8215303e+04
 144.3650785,1.8236574e+04
 144.3855126,1.8244945e+04
 144.4059469,1.8239219e+04
 144.4263811,1.8229395e+04
 144.4468152,1.8236326e+04
 144.4672495,1.8213664e+04
 144.4876837,1.8232521e+04
 144.5081178,1.8237904e+04
 144.5285520,1.8230209e+04
 144.5489863,1.8239311e+04
 144.5694205,1.8235189e+04
 144.5898546,1.8223801e+04
 144.6102889,1.8228701e+04
 144.6307231,1.8223424e+04
 144.6511572,1.8228453e+04
 144.6715914,1.8223955e+04
 144.6920257,1.8247246e+04
 144.7124598,1.8234361e+04
 144.7328940,1.8222525e+04
 144.7533283,1.8224516e+04
 144.7737624,1.8233428e+04
 144.7941966,1.8226705e+04
 144.8146308,1.8240758e+04
 144.8350651,1.8225680e+04
 144.8554992,1.8238971e+04
 144.8759334,1.8238121e+04
 144.8963676,1.8225676e+04
 144.9168018,1.8227395e+04
 144.9372360,1.8240311e+04
 144.9576702,1.8239807e+04
 144.9781045,1.8236113e+04
 144.9985386,1.8236953e+04
 145.0189728,1.8234725e+04
 145.0394070,1.8228482e+04
 145.0598412,1.8243977e+04
 145.0802754,1.8231092e+04
 145.1007096,1.8238111e+04
 145.1211439,1.8233086e+04
 145.1415780,1.8233604e+04
 145.1620122,1.8236201e+04
 145.1824463,1.8243018e+04
 145.2028806,1.8236461e+04
 145.2233148,1.8238268e+04
 145.2437488,1.8241863e+04
 145.2641831,1.8217463e+04
 145.2846173,1.8225963e+04
 145.3050515,1.8234844e+04
 145.3254856,1.8232459e+04
 145.3459199,1.8236357e+04
 145.3663541,1.8241602e+04
 145.3867882,1.8225502e+04
 145.4072225,1.8230418e+04
 145.4276567,1.8225553e+04
 145.4480908,1.8222783e+04
 145.4685250,1.8233660e+04
 145.4889593,1.8235066e+04
 145.5093934,1.8232664e+04
 145.5298276,1.8245311e+04
 145.5502618,1.8221990e+04
 145.5706961,1.8228018e+04
 145.5911302,1.8226438e+04
 145.6115644,1.8233873e+04
 145.6319987,1.8231113e+04
 145.6524328,1.8232514e+04
 145.6728670,1.8236062e+04
 145.6933011,1.8227820e+04
 145.7137353,1.8227713e+04
 145.7341695,1.8240658e+04
 145.7546037,1.8236682e+04
 145.7750379,1.8236068e+04
 145.7954721,1.8223988e+04
 145.8159063,1.8228465e+04
 145.8363404,1.8228033e+04
 145.8567747,1.8227742e+04
 145.8772089,1.8232420e+04
 145.8976430,1.8229912e+04
 145.9180773,1.8227176e+04
 145.9385115,1.8224074e+04
 145.9589456,1.8226871e+04
 145.9793798,1.8232045e+04
 145.9998141,1.8224264e+04
 146.0202483,1.8230705e+04
 146.0406824,1.8223273e+04
 146.0611167,1.8231109e+04
 146.0815508,1.8236754e+04
 146.1019849,1.8226758e+04
 146.1224191,1.8227826e+04
 146.1428534,1.8228748e+04
 146.1632875,1.8216984e+04
 146.1837217,1.8217850e+04
 146.2041559,1.8225094e+04
 146.2245901,1.8228770e+04
 146.2450243,1.8225850e+04
 146.2654585,1.8242537e+04
 146.2858927,1.8231186e+04
 146.3063269,1.8223533e+04
 146.3267611,         null
 146.3471952,1.8240697e+04
 146.3676295,1.8226053e+04
 146.3880636,1.8232447e+04
 146.4084977,1.8224936e+04
 146.4289320,1.8240213e+04
 146.4493662,1.8234266e+04
 146.4698003,1.8217553e+04
 146.4902346,1.8223504e+04
 146.5106688,1.8227029e+04
 146.5311030,1.8232682e+04
 146.5515371,1.8220500e+04
 146.5719714,1.8230621e+04
 146.5924056,1.8230174e+04
 146.6128398,1.8216609e+04
 146.6332738,1.8233219e+04
 146.6537081,1.8231449e+04
 146.6741423,1.8226637e+04
 146.6945764,1.8218379e+04
 146.7150107,1.8229377e+04
 146.7354449,1.8222455e+04
 146.7558791,1.8230129e+04
 146.7763132,1.8230455e+04
 146.7967475,1.8225686e+04
 146.8171817,1.8226539e+04
 146.8376158,1.8224898e+04
 146.8580500,1.8236207e+04
 146.8784842,1.8234904e+04
 146.8989183,1.8239080e+04
 146.9193525,1.8221094e+04
 146.9397868,1.8255834e+04
 146.9602209,1.8231033e+04
 146.9806551,1.8213439e+04
 147.0010893,1.8219846e+04
 147.0215235,1.8233730e+04
 147.0419577,1.8229916e+04
 147.0623919,1.8232957e+04
 147.0828261,1.8239055e+04
 147.1032602,1.8226717e+04
 147.1236944,1.8235693e+04
 147.1441285,1.8220859e+04
 147.1645628,1.8226416e+04
 147.1849970,1.8232213e+04
 147.2054311,1.8223307e+04
 147.2258654,1.8216791e+04
 147.2462996,1.8236701e+04
 147.2667338,1.8228383e+04
 147.2871678,1.8220660e+04
 147.3076021,1.8227445e+04
 147.3280363,1.8222012e+04
 147.3484704,1.8232371e+04
 147.3689046,1.8228420e+04
 147.3893389,1.8226752e+04
 147.4097730,1.8237535e+04
 147.4302072,1.8223801e+04
 147.4506415,1.8235662e+04
 147.4710755,1.8223740e+04
 147.4915097,1.8230900e+04
 147.5119439,1.8224883e+04
 147.5323782,1.8211359e+04
 147.5528123,1.8225863e+04
 147.5732465,1.8231197e+04
 147.5936808,1.8225043e+04
 147.6141149,1.8218928e+04
 147.6345491,1.8219828e+04
 147.6549831,1.8227057e+04
 147.6754174,1.8226801e+04
 147.6958516,1.8226344e+04
 147.7162857,1.8236207e+04
 147.7367200,1.8223324e+04
 147.7571542,1.8212271e+04
 147.7775884,1.8232234e+04
 147.7980225,1.8227910e+04
 147.8184567,1.8223201e+04
 147.8388909,1.8223131e+04
 147.8593250,1.8231549e+04
 147.8797592,1.8224504e+04
 147.9001935,         null
 147.9206276,1.8231131e+04
 147.9410618,1.8233588e+04
 147.9614961,1.8234029e+04
 147.9819301,1.8231988e+04
 148.0023643,1.8222170e+04
 148.0227985,1.8228611e+04
 148.0432328,1.8227270e+04
 148.0636669,1.8228896e+04
 148.0841011,1.8241039e+04
 148.1045354,1.8243568e+04
 148.1249694,1.8229646e+04
 148.1454036,1.8231096e+04
 148.1658378,1.8220240e+04
 148.1862720,1.8225748e+04
 148.2067062,1.8225275e+04
 148.2271404,1.8229383e+04
 148.2475747,1.8223695e+04
 148.2680087,1.8235459e+04
 148.2884429,1.8220070e+04
 148.3088771,1.8226838e+04
 148.3293113,1.8225852e+04
 148.3497455,1.8224285e+04
 148.3701797,1.8211379e+04
 148.3906138,1.8225699e+04
 148.4110480,1.8226490e+04
 148.4314822,1.8246475e+04
 148.4519164,1.8226209e+04
 148.4723506,1.8222596e+04
 148.4927848,1.8230770e+04
 148.5132190,1.8228619e+04
 148.5336531,1.8224365e+04
 148.5540873,1.8221928e+04
 148.5745215,1.8225855e+04
 148.5949556,1.8231814e+04
 148.6153899,1.8229756e+04
 148.6358241,1.8227088e+04
 148.6562582,1.8230992e+04
 148.6766923,1.8228158e+04
 148.6971266,1.8224822e+04
 148.7175607,1.8232311e+04
 148.7379949,1.8242191e+04
 148.7584292,1.8236338e+04
 148.7788634,1.8217660e+04
 148.7992974,1.8221332e+04
 148.8197316,1.8238283e+04
 148.8401659,1.8229246e+04
 148.8606000,1.8215865e+04
 148.8810342,1.8213672e+04
 148.9014685,1.8219014e+04
 148.9219025,1.8216754e+04
 148.9423367,1.8225393e+04
 148.9627709,1.8242949e+04
 148.9832051,1.8230797e+04
 149.0036393,1.8234965e+04
 149.0240735,1.8234736e+04
 149.0445075,1.8229533e+04
 149.0649418,1.8225186e+04
 149.0853760,1.8228486e+04
 149.1058101,1.8228393e+04
 149.1262444,1.8219582e+04
 149.1466786,1.8232055e+04
 149.1671126,1.8234090e+04
 149.1875468,1.8217957e+04
 149.2079811,1.8223031e+04
 149.2284153,1.8231338e+04
 149.2488494,1.8228010e+04
 149.2692837,1.8229209e+04
 149.2897178,1.8217490e+04
 149.3101519,         null
 149.3305861,1.8229387e+04
 149.3510204,1.8218197e+04
 149.3714545,1.8228096e+04
 149.3918886,1.8235975e+04
 149.4123229,1.8224193e+04
 149.4327570,1.8235115e+04
 149.4531912,1.8221760e+04
 149.4736254,1.8236391e+04
 149.4940595,1.8229793e+04
 149.5144937,1.8240104e+04
 149.5349279,1.8226014e+04
 149.5553622,1.8221545e+04
 149.5757963,1.8237336e+04
 149.5962305,1.8228984e+04
 149.6166645,1.8218402e+04
 149.6370988,1.8217832e+04
 149.6575330,1.8224080e+04
 149.6779671,1.8229449e+04
 149.6984013,1.8232836e+04
 149.7188355,1.8229621e+04
 149.7392697,1.8220068e+04
 149.7597038,1.8220670e+04
 149.7801381,1.8225268e+04
 149.8005723,1.8225150e+04
 149.8210063,1.8225455e+04
 149.8414405,1.8218145e+04
 149.8618748,1.8222135e+04
 149.8823090,1.8219754e+04
 149.9027430,1.8230354e+04
 149.9231773,1.8228047e+04
 149.9436115,1.8223490e+04
 149.9640457,1.8220889e+04
 149.9844798,1.8237785e+04
 150.0049140,1.8225553e+04
 150.0253482,1.8228164e+04
 150.0457823,1.8223205e+04
 150.0662166,1.8228543e+04
 150.0866508,1.8228047e+04
 150.1070848,1.8235936e+04
 150.1275190,1.8229838e+04
 150.1479533,1.8222623e+04
 150.1683874,1.8240863e+04
 150.1888215,1.8229828e+04
 150.2092558,1.8224838e+04
 150.2296899,1.8233557e+04
 150.2501241,1.8227721e+04
 150.2705583,1.8217770e+04
 150.2909925,1.8226391e+04
 150.3114266,1.8229430e+04
 150.3318608,1.8230812e+04
 150.3522949,1.8225270e+04
 150.3727291,1.8233555e+04
 150.3931633,1.8218584e+04
 150.4135974,1.8228982e+04
 150.4340317,1.8229863e+04
 150.4544659,1.8214299e+04
 150.4749000,1.8218455e+04
 150.4953341,1.8217967e+04
 150.5157684,1.8211170e+04
 150.5362026,1.8230508e+04
 150.5566366,1.8233947e+04
 150.5770709,1.8223277e+04
 150.5975051,1.8217523e+04
 150.6179392,1.8227830e+04
 150.6383733,1.8224582e+04
 150.6588076,1.8220818e+04
 150.6792417,1.8225990e+04
 150.6996759,1.8218838e+04
 150.7201102,1.8226266e+04
 150.7405443,1.8232939e+04
 150.7609784,1.8218850e+04
 150.7814126,1.8221635e+04
 150.8018469,1.8223178e+04
 150.8222809,1.8222463e+04
 150.8427151,1.8211855e+04
 150.8631494,1.8223395e+04
 150.8835835,1.8221059e+04
 150.9040176,1.8230186e+04
 150.9244518,1.8220844e+04
 150.9448860,1.8232723e+04
 150.9653202,1.8225260e+04
 150.9857543,1.8219748e+04
 151.0061884,1.8223998e+04
 151.0266227,1.8217662e+04
 151.0470569,1.8218162e+04
 151.0674909,1.8229658e+04
 151.0879252,1.8211195e+04
 151.1083594,1.8219043e+04
 151.1287935,1.8226168e+04
 151.1492276,1.8204945e+04
 151.1696619,1.8228627e+04
 151.1900960,1.8211152e+04
 151.2105301,1.8230723e+04
 151.2309644,1.8216498e+04
 151.2513986,1.8219309e+04
 151.2718327,1.8220086e+04
 151.2922668,1.8220637e+04
 151.3127011,1.8228531e+04
 151.3331352,1.8228541e+04
 151.3535694,1.8207260e+04
 151.3740036,1.8216129e+04
 151.3944377,1.8215846e+04
 151.4148719,1.8216596e+04
 151.4353061,1.8212162e+04
 151.4557402,1.8206459e+04
 151.4761744,1.8216361e+04
 151.4966086,1.8223709e+04
 151.5170427,1.8213623e+04
 151.5374769,1.8211672e+04
 151.5579111,1.8227654e+04
 151.5783453,1.8221145e+04
 151.5987795,1.8230262e+04
 151.6192136,1.8233225e+04
 151.6396478,1.8217721e+04
 151.6600820,         null
 151.6805161,1.8230232e+04
 151.7009503,1.8221195e+04
 151.7213845,1.8235799e+04
 151.7418186,1.8222248e+04
 151.7622528,1.8227426e+04
 151.7826870,1.8226895e+04
 151.8031211,1.8220084e+04
 151.8235553,1.8235975e+04
 151.8439895,1.8222699e+04
 151.8644236,1.8218758e+04
 151.8848578,1.8222129e+04
 151.9052920,1.8228088e+04
 151.9257261,1.8227930e+04
 151.9461602,1.8226172e+04
 151.9665945,1.8227898e+04
 151.9870287,1.8216707e+04
 152.0074628,1.8229055e+04
 152.0278970,1.8229516e+04
 152.0483312,1.8216625e+04
 152.0687653,1.8226523e+04
 152.0891994,1.8220473e+04
 152.1096337,1.8225402e+04
 152.1300678,1.8235779e+04
 152.1505020,1.8224529e+04
 152.1709361,1.8229600e+04
 152.1913703,1.8215793e+04
 152.2118045,1.8227951e+04
 152.2322386,1.8236084e+04
 152.2526729,1.8212910e+04
 152.2731070,1.8237498e+04
 152.2935411,         null
 152.3139752,1.8214936e+04
 152.3344095,1.8230182e+04
 152.3548436,1.8214693e+04
 152.3752777,1.8228057e+04
 152.3957120,1.8232279e+04
 152.4161461,1.8228887e+04
 152.4365803,1.8220463e+04
 152.4570144,1.8228043e+04
 152.4774487,1.8231689e+04
 152.4978828,1.8238674e+04
 152.5183169,1.8219281e+04
 152.5387512,1.8220951e+04
 152.5591853,1.8208029e+04
 152.5796194,1.8219029e+04
 152.6000536,1.8233773e+04
 152.6204878,1.8224891e+04
 152.6409219,1.8220477e+04
 152.6613561,         null
 152.6817902,1.8229045e+04
 152.7022244,1.8236324e+04
 152.7226586,1.8218355e+04
 152.7430927,1.8231465e+04
 152.7635270,1.8227906e+04
 152.7839611,1.8240629e+04
 152.8043952,1.8232238e+04
 152.8248293,1.8234967e+04
 152.8452636,1.8229424e+04
 152.8656977,1.8230475e+04
 152.8861318,1.8218594e+04
 152.9065661,1.8215744e+04
 152.9270002,1.8220057e+04
 152.9474344,1.8237373e+04
 152.9678685,1.8214797e+04
 152.9883027,1.8216277e+04
 153.0087369,1.8226910e+04
 153.0291710,1.8232570e+04
 153.0496052,1.8217287e+04
 153.0700394,1.8227809e+04
 153.0904735,1.8227188e+04
 153.1109076,1.8220863e+04
 153.1313419,1.8219506e+04
 153.1517760,1.8225182e+04
 153.1722101,1.8231434e+04
 153.1926443,1.8214135e+04
 153.2130786,1.8229768e+04
 153.2335127,1.8210635e+04
 153.2539468,1.8225281e+04
 153.2743810,1.8228691e+04
 153.2948152,1.8224223e+04
 153.3152493,1.8217566e+04
 153.3356834,1.8230689e+04
 153.3561176,1.8220014e+04
 153.3765518,1.8237418e+04
 153.3969859,1.8223512e+04
 153.4174202,1.8210779e+04
 153.4378544,1.8230410e+04
 153.4582884,1.8234689e+04
 153.4787226,1.8240969e+04
 153.4991569,1.8220457e+04
 153.5195909,1.8235451e+04
 153.5400251,1.8230854e+04
 153.5604593,1.8225926e+04
 153.5808934,1.8231010e+04
 153.6013276,1.8249754e+04
 153.6217617,1.8216750e+04
 153.6421959,1.8226549e+04
 153.6626301,1.8223855e+04
 153.6830642,1.8225865e+04
 153.7034983,1.8219834e+04
 153.7239326,1.8217926e+04
 153.7443667,1.8230951e+04
 153.7648008,1.8236082e+04
 153.7852350,1.8229781e+04
 153.8056692,1.8222809e+04
 153.8261033,1.8223230e+04
 153.8465374,1.8229131e+04
 153.8669717,1.8222855e+04
 153.8874057,1.8226652e+04
 153.9078399,1.8225557e+04
 153.9282742,1.8229850e+04
 153.9487083,1.8227412e+04
 153.9691424,1.8224559e+04
 153.9895766,1.8223547e+04
 154.0100108,1.8213529e+04
 154.0304449,1.8223645e+04
 154.0508790,1.8224779e+04
 154.0713133,1.8231711e+04
 154.0917474,1.8224146e+04
 154.1121815,1.8219998e+04
 154.1326157,1.8212793e+04
 154.1530498,1.8223988e+04
 154.1734840,1.8229148e+04
 154.1939182,1.8220295e+04
 154.2143523,1.8224252e+04
 154.2347865,1.8226057e+04
 154.2552206,1.8219799e+04
 154.2756547,1.8239322e+04
 154.2960890,1.8224211e+04
 154.3165231,1.8237695e+04
 154.3369572,1.8226943e+04
 154.3573913,1.8229750e+04
 154.3778256,1.8226000e+04
 154.3982597,1.8218020e+04
 154.4186938,1.8215107e+04
 154.4391281,1.8211074e+04
 154.4595622,1.8222500e+04
 154.4799963,1.8230287e+04
 154.5004305,1.8220920e+04
 154.5208647,1.8224613e+04
 154.5412988,1.8212234e+04
 154.5617329,1.8239400e+04
 154.5821672,1.8225990e+04
 154.6026013,1.8222414e+04
 154.6230354,1.8233152e+04
 154.6434696,1.8219658e+04
 154.6639037,1.8213141e+04
 154.6843379,1.8232779e+04
 154.7047720,1.8225281e+04
 154.7252063,1.8224273e+04
 154.7456404,1.8220695e+04
 154.7660745,1.8231111e+04
 154.7865087,1.8233076e+04
 154.8069428,1.8222016e+04
 154.8273770,1.8236010e+04
 154.8478111,1.8234879e+04
 154.8682453,1.8227504e+04
 154.8886795,1.8232715e+04
 154.9091136,1.8207898e+04
 154.9295478,1.8236338e+04
 154.9499819,1.8214363e+04
 154.9704161,1.8228119e+04
 154.9908503,1.8214182e+04
 155.0112843,1.8251387e+04
 155.0317186,1.8222766e+04
 155.0521527,1.8229383e+04
 155.0725868,1.8224461e+04
 155.0930210,1.8228426e+04
 155.1134552,1.8225160e+04
 155.1338892,1.8228877e+04
 155.1543234,1.8223203e+04
 155.1747577,1.8228641e+04
 155.1951918,1.8233277e+04
 155.2156259,1.8226732e+04
 155.2360600,1.8228428e+04
 155.2564943,1.8221068e+04
 155.2769283,         null
 155.2973625,1.8230400e+04
 155.3177967,1.8223299e+04
 155.3382308,1.8229646e+04
 155.3586650,1.8218002e+04
 155.3790991,1.8228014e+04
 155.3995333,1.8230750e+04
 155.4199674,1.8226732e+04
 155.4404016,1.8220307e+04
 155.4608358,1.8218424e+04
 155.4812699,1.8230389e+04
 155.5017040,1.8223764e+04
 155.5221381,1.8223012e+04
 155.5425723,1.8228592e+04
 155.5630065,         null
 155.5834406,1.8219266e+04
 155.6038748,1.8224479e+04
 155.6243090,1.8222330e+04
 155.6447431,1.8227793e+04
 155.6651772,1.8217098e+04
 155.6856114,1.8223406e+04
 155.7060456,1.8219406e+04
 155.7264796,1.8215697e+04
 155.7469138,1.8228441e+04
 155.7673480,1.8238070e+04
 155.7877821,1.8233492e+04
 155.8082162,1.8219672e+04
 155.8286505,1.8222549e+04
 155.8490845,1.8236402e+04
 155.8695187,1.8217529e+04
 155.8899529,1.8227527e+04
 155.9103871,1.8225232e+04
 155.9308212,1.8225637e+04
 155.9512553,1.8224457e+04
 155.9716896,1.8207896e+04
 155.9921236,1.8222422e+04
 156.0125578,1.8225617e+04
 156.0329918,1.8222852e+04
 156.0534261,1.8222291e+04
 156.0738602,1.8215691e+04
 156.0942944,1.8230299e+04
 156.1147285,1.8220057e+04
 156.1351627,1.8221975e+04
 156.1555968,1.8230926e+04
 156.1760309,1.8234570e+04
 156.1964651,1.8221379e+04
 156.2168993,1.8221818e+04
 156.2373333,1.8223828e+04
 156.2577675,1.8225498e+04
 156.2782017,1.8226328e+04
 156.2986358,1.8222330e+04
 156.3190699,1.8221938e+04
 156.3395042,1.8226623e+04
 156.3599382,1.8230418e+04
 156.3803724,1.8231490e+04
 156.4008065,1.8225521e+04
 156.4212408,1.8220400e+04
 156.4416748,1.8228943e+04
 156.4621090,1.8227357e+04
 156.4825432,1.8213623e+04
 156.5029773,1.8224145e+04
 156.5234114,1.8224863e+04
 156.5438456,1.8227480e+04
 156.5642797,1.8225980e+04
 156.5847139,1.8229320e+04
 156.6051480,1.8219262e+04
 156.6255822,1.8230041e+04
 156.6460163,1.8227104e+04
 156.6664505,1.8226213e+04
 156.6868846,1.8212895e+04
 156.7073188,1.8218471e+04
 156.7277529,1.8236213e+04
 156.7481871,1.8219947e+04
 156.7686211,1.8224586e+04
 156.7890554,1.8213912e+04
 156.8094895,1.8227910e+04
 156.8299237,1.8230336e+04
 156.8503578,1.8234240e+04
 156.8707919,1.8226883e+04
 156.8912261,1.8226184e+04
 156.9116601,1.8219129e+04
 156.9320944,1.8219180e+04
 156.9525285,1.8234316e+04
 156.9729626,1.8227857e+04
 156.9933968,1.8223764e+04
 157.0138310,1.8232039e+04
 157.0342650,1.8219922e+04
 157.0546992,1.8229955e+04
 157.0751334,1.8236512e+04
 157.0955675,1.8226762e+04
 157.1160016,1.8223447e+04
 157.1364359,1.8234764e+04
 157.1568700,1.8225814e+04
 157.1773040,1.8228855e+04
 157.1977382,1.8225824e+04
 157.2181724,1.8221293e+04
 157.2386065,1.8218670e+04
 157.2590406,1.8225023e+04
 157.2794748,1.8235326e+04
 157.2999089,1.8215658e+04
 157.3203431,1.8234488e+04
 157.3407772,1.8234148e+04
 157.3612114,1.8216873e+04
 157.3816455,1.8217990e+04
 157.4020796,1.8223939e+04
 157.4225137,1.8226982e+04
 157.4429479,1.8219076e+04
 157.4633821,1.8227439e+04
 157.4838161,1.8233939e+04
 157.5042504,1.8231525e+04
 157.5246845,1.8249766e+04
 157.5451186,1.8229834e+04
 157.5655527,1.8226482e+04
 157.5859869,1.8224217e+04
 157.6064210,1.8239516e+04
 157.6268551,1.8231174e+04
 157.6472894,1.8211463e+04
 157.6677235,1.8210199e+04
 157.6881576,1.8218617e+04
 157.7085917,1.8228766e+04
 157.7290259,1.8232236e+04
 157.7494600,1.8228283e+04
 157.7698941,1.8239531e+04
 157.7903284,1.8214945e+04
 157.8107624,1.8227840e+04
 157.8311966,1.8227355e+04
 157.8516307,1.8230135e+04
 157.8720648,1.8217689e+04
 157.8924990,1.8207166e+04
 157.9129331,1.8230217e+04
 157.9333672,1.8219639e+04
 157.9538014,1.8229104e+04
 157.9742356,1.8228783e+04
 157.9946696,1.8224408e+04
 158.0151038,1.8229576e+04
 158.0355380,1.8220070e+04
 158.0559720,1.8225748e+04
 158.0764062,1.8226297e+04
 158.0968404,1.8234156e+04
 158.1172745,1.8234170e+04
 158.1377086,1.8228229e+04
 158.1581428,1.8221803e+04
 158.1785770,1.8225619e+04
 158.1990110,1.8245910e+04
 158.2194451,1.8230342e+04
 158.2398794,1.8234152e+04
 158.2603134,         null
 158.2807476,1.8220018e+04
 158.3011818,1.8230422e+04
 158.3216159,1.8239945e+04
 158.3420500,1.8227186e+04
 158.3624841,1.8218865e+04
 158.3829184,1.8217684e+04
 158.4033525,1.8226426e+04
 158.4237865,1.8230600e+04
 158.4442207,1.8234160e+04
 158.4646549,1.8234465e+04
 158.4850890,1.8243592e+04
 158.5055231,1.8234320e+04
 158.5259573,1.8235447e+04
 158.5463914,1.8228904e+04
 158.5668255,1.8223326e+04
 158.5872597,1.8237645e+04
 158.6076938,1.8222199e+04
 158.6281279,1.8219834e+04
 158.6485621,1.8224873e+04
 158.6689963,1.8223295e+04
 158.6894303,1.8229451e+04
 158.7098645,1.8233791e+04
 158.7302985,1.8220557e+04
 158.7507328,1.8229670e+04
 158.7711669,1.8212943e+04
 158.7916010,1.8220660e+04
 158.8120352,1.8238918e+04
 158.8324693,1.8225006e+04
 158.8529035,1.8231406e+04
 158.8733375,1.8224967e+04
 158.8937717,1.8237686e+04
 158.9142059,1.8234182e+04
 158.9346399,1.8234305e+04
 158.9550741,1.8223461e+04
 158.9755083,1.8220076e+04
 158.9959423,1.8218039e+04
 159.0163764,1.8224158e+04
 159.0368107,1.8219553e+04
 159.0572447,1.8237299e+04
 159.0776789,1.8229303e+04
 159.0981130,1.8231432e+04
 159.1185472,1.8229232e+04
 159.1389813,1.8222113e+04
 159.1594154,1.8229156e+04
 159.1798496,1.8225553e+04
 159.2002837,1.8223160e+04
 159.2207178,1.8223744e+04
 159.2411518,1.8226455e+04
 159.2615861,1.8526557e+04
 159.2820202,1.8220400e+04
 159.3024543,1.8227131e+04
 159.3228885,1.8226955e+04
 159.3433226,1.8226783e+04
 159.3637567,1.8225205e+04
 159.3841908,1.8227934e+04
 159.4046250,1.8231035e+04
 159.4250591,1.8219230e+04
 159.4454932,1.8225463e+04
 159.4659274,1.8225891e+04
 159.4863615,1.8232857e+04
 159.5067956,1.8227955e+04
 159.5272297,1.8247352e+04
 159.5476639,1.8219174e+04
 159.5680980,1.8217873e+04
 159.5885321,1.8222793e+04
 159.6089662,1.8229836e+04
 159.6294005,1.8224842e+04
 159.6498345,1.8220855e+04
 159.6702686,1.8222492e+04
 159.6907029,1.8221436e+04
 159.7111369,1.8234066e+04
 159.7315710,1.8232723e+04
 159.7520052,1.8216684e+04
 159.7724393,1.8227367e+04
 159.7928734,1.8219057e+04
 159.8133076,1.8218441e+04
 159.8337417,1.8228561e+04
 159.8541758,1.8228410e+04
 159.8746100,1.8236035e+04
 159.8950440,1.8229652e+04
 159.9154782,1.8232623e+04
 159.9359124,1.8224436e+04
 159.9563465,1.8225295e+04
 159.9767806,1.8218854e+04
 159.9972148,1.8224143e+04
 160.0176489,1.8228729e+04
 160.0380830,1.8224002e+04
 160.0585171,1.8224971e+04
 160.0789513,1.8227262e+04
 160.0993854,1.8234066e+04
 160.1198194,1.8229600e+04
 160.1402537,1.8225205e+04
 160.1606878,1.8229736e+04
 160.1811218,1.8229643e+04
 160.2015561,1.8216469e+04
 160.2219902,1.8215924e+04
 160.2424242,1.8223832e+04
 160.2628583,1.8229514e+04
 160.2832926,1.8233258e+04
 160.3037266,1.8230387e+04
 160.3241607,1.8239510e+04
 160.3445950,1.8224949e+04
 160.3650291,1.8215990e+04
 160.3854631,1.8228412e+04
 160.4058972,1.8230039e+04
 160.4263315,1.8216791e+04
 160.4467655,1.8239348e+04
 160.4671996,1.8223363e+04
 160.4876339,1.8226105e+04
 160.5080679,1.8233047e+04
 160.5285020,1.8232400e+04
 160.5489361,1.8213586e+04
 160.5693703,1.8211035e+04
 160.5898044,1.8221896e+04
 160.6102385,1.8228469e+04
 160.6306726,1.8219996e+04
 160.6511068,1.8232586e+04
 160.6715409,1.8227707e+04
 160.6919749,1.8227234e+04
 160.7124092,1.8221012e+04
 160.7328433,1.8223348e+04
 160.7532773,1.8212775e+04
 160.7737114,1.8230713e+04
 160.7941457,1.8227803e+04
 160.8145798,1.8233064e+04
 160.8350138,1.8236447e+04
 160.8554481,1.8218494e+04
 160.8758822,1.8235012e+04
 160.8963162,1.8219727e+04
 160.9167503,1.8230266e+04
 160.9371846,1.8221131e+04
 160.9576186,1.8222469e+04
 160.9780527,1.8235480e+04
 160.9984869,1.8235576e+04
 161.0189210,1.8214732e+04
 161.0393551,1.8228596e+04
 161.0597892,1.8222463e+04
 161.0802233,1.8243115e+04
 161.1006575,1.8228910e+04
 161.1210916,1.8230121e+04
 161.1415258,1.8226434e+04
 161.1619598,1.8227082e+04
 161.1823940,1.8227480e+04
 161.2028280,1.8229879e+04
 161.2232622,1.8229156e+04
 161.2436963,         null
 161.2641305,1.8233107e+04
 161.2845645,1.8219828e+04
 161.3049987,1.8224641e+04
 161.3254328,1.8226027e+04
 161.3458668,1.8234525e+04
 161.3663011,1.8227055e+04
 161.3867352,1.8224096e+04
 161.4071692,1.8229910e+04
 161.4276033,1.8213676e+04
 161.4480376,1.8218238e+04
 161.4684716,1.8226383e+04
 161.4889057,1.8233891e+04
 161.5093399,1.8221422e+04
 161.5297740,1.8227107e+04
 161.5502081,1.8228574e+04
 161.5706422,1.8222322e+04
 161.5910764,1.8219699e+04
 161.6115104,1.8231648e+04
 161.6319446,1.8224078e+04
 161.6523788,1.8236568e+04
 161.6728129,1.8231072e+04
 161.6932469,1.8226539e+04
 161.7136810,1.8223660e+04
 161.7341153,1.8217447e+04
 161.7545493,1.8225441e+04
 161.7749834,1.8230691e+04
 161.7954175,1.8231525e+04
 161.8158517,1.8228141e+04
 161.8362858,1.8229918e+04
 161.8567199,1.8233840e+04
 161.8771541,1.8229793e+04
 161.8975881,1.8232738e+04
 161.9180223,1.8207262e+04
 161.9384563,1.8222260e+04
 161.9588905,1.8229857e+04
 161.9793246,1.8224562e+04
 161.9997587,1.8215369e+04
 162.0201929,1.8222680e+04
 162.0406270,1.8224004e+04
 162.0610611,1.8223617e+04
 162.0814951,1.8227141e+04
 162.1019293,1.8232230e+04
 162.1223634,1.8216633e+04
 162.1427975,1.8218717e+04
 162.1632317,1.8230154e+04
 162.1836658,1.8220357e+04
 162.2040998,1.8221766e+04
 162.2245339,1.8225059e+04
 162.2449682,1.8221324e+04
 162.2654022,1.8218607e+04
 162.2858363,1.8221920e+04
 162.3062705,1.8226838e+04
 162.3267046,1.8220826e+04
 162.3471386,1.8225359e+04
 162.3675728,1.8236051e+04
 162.3880070,1.8244520e+04
 162.4084410,1.8226127e+04
 162.4288751,1.8220504e+04
 162.4493091,1.8222914e+04
 162.4697434,1.8230342e+04
 162.4901775,1.8224004e+04
 162.5106110,1.8228414e+04
 162.5310452,1.8224301e+04
 162.5514792,1.8227846e+04
 162.5719133,1.8225934e+04
 162.5923475,1.8226875e+04
 162.6127817,1.8225170e+04
 162.6332157,1.8227350e+04
 162.6536498,1.8212475e+04
 162.6740840,1.8227580e+04
 162.6945180,1.8223869e+04
 162.7149521,1.8216488e+04
 162.7353863,1.8247086e+04
 162.7558204,1.8218064e+04
 162.7762545,1.8220152e+04
 162.7966886,1.8220639e+04
 162.8171227,1.8232553e+04
 162.8375568,1.8225691e+04
 162.8579910,1.8209668e+04
 162.8784250,1.8218430e+04
 162.8988592,1.8230061e+04
 162.9192933,1.8222334e+04
 162.9397273,1.8219820e+04
 162.9601614,1.8233041e+04
 162.9805956,1.8222125e+04
 163.0010297,1.8238830e+04
 163.0214638,1.8226943e+04
 163.0418980,1.8236176e+04
 163.0623321,1.8240170e+04
 163.0827661,1.8224197e+04
 163.1032002,1.8220756e+04
 163.1236344,1.8221102e+04
 163.1440684,1.8223566e+04
 163.1645026,1.8212367e+04
 163.1849368,1.8221621e+04
 163.2053708,1.8228451e+04
 163.2258049,1.8228811e+04
 163.2462390,1.8218844e+04
 163.2666731,1.8236371e+04
 163.2871072,1.8226324e+04
 163.3075413,1.8233740e+04
 163.3279756,1.8235646e+04
 163.3484096,1.8217391e+04
 163.3688437,1.8221480e+04
 163.3892777,1.8228713e+04
 163.4097119,1.8228045e+04
 163.4301460,1.8220887e+04
 163.4505800,1.8223998e+04
 163.4710142,1.8227682e+04
 163.4914483,1.8230217e+04
 163.5118825,1.8220168e+04
 163.5323165,1.8230357e+04
 163.5527507,1.8225283e+04
 163.5731848,1.8228248e+04
 163.5936188,1.8228730e+04
 163.6140529,1.8230795e+04
 163.6344871,1.8231461e+04
 163.6549211,1.8207768e+04
 163.6753552,1.8214289e+04
 163.6957894,1.8222408e+04
 163.7162235,1.8223311e+04
 163.7366576,1.8226766e+04
 163.7570917,1.8221850e+04
 163.7775258,1.8222564e+04
 163.7979599,1.8222439e+04
 163.8183940,1.8236348e+04
 163.8388282,1.8223178e+04
 163.8592622,1.8214473e+04
 163.8796963,1.8225270e+04
 163.9001303,1.8224543e+04
 163.9205645,1.8227830e+04
 163.9409987,1.8239117e+04
 163.9614328,1.8230729e+04
 163.9818669,1.8221938e+04
 164.0023010,1.8210076e+04
 164.0227351,1.8227125e+04
 164.0431691,1.8236693e+04
 164.0636033,1.8208998e+04
 164.0840374,1.8226910e+04
 164.1044715,1.8232912e+04
 164.1249055,1.8222252e+04
 164.1453397,1.8217914e+04
 164.1657737,1.8216141e+04
 164.1862078,1.8226723e+04
 164.2066421,1.8225566e+04
 164.2270762,         null
 164.2475102,1.8224270e+04
 164.2679443,1.8205648e+04
 164.2883784,1.8221871e+04
 164.3088125,1.8221660e+04
 164.3292466,1.8213609e+04
 164.3496808,1.8217689e+04
 164.3701149,1.8220031e+04
 164.3905489,1.8220484e+04
 164.4109830,1.8224809e+04
 164.4314171,1.8218980e+04
 164.4518512,1.8212979e+04
 164.4722853,1.8215906e+04
 164.4927195,1.8226045e+04
 164.5131535,1.8225027e+04
 164.5335876,1.8229570e+04
 164.5540217,1.8226732e+04
 164.5744558,1.8219459e+04
 164.5948900,1.8224400e+04
 164.6153241,1.8218930e+04
 164.6357581,1.8226615e+04
 164.6561923,1.8232916e+04
 164.6766264,1.8226236e+04
 164.6970605,1.8234664e+04
 164.7174946,1.8214854e+04
 164.7379287,1.8235404e+04
 164.7583628,1.8223242e+04
 164.7787968,1.8235295e+04
 164.7992310,1.8222123e+04
 164.8196651,1.8227539e+04
 164.8400991,1.8239736e+04
 164.8605333,1.8230465e+04
 164.8809674,1.8236654e+04
 164.9014014,1.8215328e+04
 164.9218355,1.8219820e+04
 164.9422697,1.8222926e+04
 164.9627037,1.8211643e+04
 164.9831378,1.8219408e+04
