        TIME,  PDCSAP_FLUX
 131.5125885,1.0745050e+04
 131.5330231,1.0746021e+04
 131.5534576,1.0742014e+04
 131.5738919,1.0730793e+04
 131.5943264,1.0731437e+04
 131.6147610,1.0724618e+04
 131.6351954,1.0708343e+04
 131.6556299,1.0721103e+04
 131.6760645,1.0708141e+04
 131.6964990,1.0704771e+04
 131.7169333,1.0704548e+04
 131.7373678,1.0693467e+04
 131.7578024,1.0687021e+04
 131.7782368,1.0686874e+04
 131.7986713,1.0684624e+04
 131.8191059,1.0678527e+04
 131.8395403,1.0679778e+04
 131.8599747,1.0670531e+04
 131.8804092,1.0672020e+04
 131.9008437,1.0670696e+04
 131.9212782,1.0670529e+04
 131.9417127,1.0655089e+04
 131.9621472,1.0661583e+04
 131.9825817,1.0657769e+04
 132.0030161,1.0648630e+04
 132.0234505,1.0651085e+04
 132.0438851,1.0646547e+04
 132.0643196,1.0648187e+04
 132.0847540,1.0643257e+04
 132.1051885,1.0643992e+04
 132.1256230,1.0637941e+04
 132.1460574,1.0630423e+04
 132.1664919,1.0627701e+04
 132.1869265,1.0636030e+04
 132.2073610,1.0632706e+04
 132.2277954,1.0626323e+04
 132.2482298,1.0626367e+04
 132.2686644,1.0620002e+04
 132.2890988,1.0617471e+04
 132.3095333,1.0609794e+04
 132.3299679,1.0611277e+04
 132.3504023,1.0608438e+04
 132.3708367,1.0600890e+04
 132.3912712,1.0598362e+04
 132.4117057,1.0600937e+04
 132.4321402,1.0584621e+04
 132.4525747,1.0583360e+04
 132.4730093,1.0594316e+04
 132.4934436,1.0579710e+04
 132.5138781,1.0571784e+04
 132.5343125,1.0571235e+04
 132.5547471,1.0561940e+04
 132.5751816,1.0552167e+04
 132.5956160,1.0551415e+04
 132.6160505,1.0549804e+04
 132.6364850,1.0542755e+04
 132.6569195,1.0538737e+04
 132.6773539,1.0531184e+04
 132.6977885,1.0528044e+04
 132.7182229,1.0525205e+04
 132.7386573,1.0519616e+04
 132.7590919,1.0514187e+04
 132.7795264,1.0508011e+04
 132.7999608,1.0507264e+04
 132.8203952,1.0498277e+04
 132.8408298,1.0491061e+04
 132.8612642,1.0488245e+04
 132.8816987,1.0485414e+04
 132.9021333,1.0469665e+04
 132.9225676,1.0479187e+04
 132.9430021,1.0465129e+04
 132.9634366,1.0458910e+04
 132.9838712,1.0458693e+04
 133.0043056,1.0447689e+04
 133.0247400,1.0452688e+04
 133.0451745,1.0441126e+04
 133.0656090,1.0438348e+04
 133.0860435,1.0429720e+04
 133.1064780,1.0423433e+04
 133.1269124,1.0423146e+04
 133.1473469,1.0427929e+04
 133.1677814,1.0420875e+04
 133.1882159,1.0417610e+04
 133.2086505,1.0399967e+04
 133.2290848,1.0405371e+04
 133.2495193,1.0387267e+04
 133.2699538,1.0391857e+04
 133.2903883,1.0382406e+04
 133.3108228,1.0384310e+04
 133.3312571,1.0381510e+04
 133.3516917,1.0381886e+04
 133.3721262,1.0370626e+04
 133.3925607,1.0368151e+04
 133.4129951,1.0368187e+04
 133.4334296,1.0362647e+04
 133.4538641,1.0354077e+04
 133.4742985,1.0351821e+04
 133.4947331,1.0353850e+04
 133.5151675,1.0354438e+04
 133.5356019,1.0345791e+04
 133.5560365,1.0340667e+04
 133.5764710,1.0351824e+04
 133.5969053,1.0342534e+04
 133.6173398,1.0345990e+04
 133.6377744,1.0331474e+04
 133.6582089,1.0338822e+04
 133.6786432,1.0342312e+04
 133.6990778,1.0339110e+04
 133.7195123,1.0345105e+04
 133.7399467,1.0336265e+04
 133.7603811,1.0342898e+04
 133.7808157,1.0344291e+04
 133.8012501,1.0345301e+04
 133.8216846,1.0348218e+04
 133.8421190,1.0357722e+04
 133.8625535,1.0343979e+04
 133.8829880,1.0347372e+04
 133.9034225,1.0355146e+04
 133.9238569,1.0359038e+04
 133.9442914,1.0364383e+04
 133.9647259,1.0359142e+04
 133.9851603,1.0367832e+04
 134.0055948,1.0373241e+04
 134.0260293,1.0376692e+04
 134.0464637,1.0383757e+04
 134.0668983,1.0398307e+04
 134.0873327,1.0396012e+04
 134.1077671,1.0398908e+04
 134.1282016,1.0402632e+04
 134.1486362,1.0418626e+04
 134.1690706,1.0419743e+04
 134.1895050,1.0422316e+04
 134.2099396,1.0432378e+04
 134.2303741,1.0450766e+04
 134.2508084,1.0450628e+04
 134.2712429,1.0454073e+04
 134.2916775,1.0457525e+04
 134.3121119,1.0462273e+04
 134.3325463,1.0475946e+04
 134.3529809,1.0482538e+04
 134.3734153,1.0497656e+04
 134.3938497,         null
 134.4142842,1.0511507e+04
 134.4347187,1.0519578e+04
 134.4551532,1.0531039e+04
 134.4755876,1.0533930e+04
 134.4960222,1.0549864e+04
 134.5164566,1.0561798e+04
 134.5368911,1.0571216e+04
 134.5573254,1.0566862e+04
 134.5777600,1.0586314e+04
 134.5981945,1.0588354e+04
 134.6186288,1.0604297e+04
 134.6390633,1.0615171e+04
 134.6594979,1.0626120e+04
 134.6799324,1.0631431e+04
 134.7003668,1.0646891e+04
 134.7208013,1.0658563e+04
 134.7412358,1.0664389e+04
 134.7616701,1.0681812e+04
 134.7821046,1.0695109e+04
 134.8025392,1.0706390e+04
 134.8229736,1.0713208e+04
 134.8434080,1.0725776e+04
 134.8638426,1.0739937e+04
 134.8842771,1.0735795e+04
 134.9047115,1.0750396e+04
 134.9251459,1.0753739e+04
 134.9455805,1.0789787e+04
 134.9660149,1.0785666e+04
 134.9864493,1.0801144e+04
 135.0068839,1.0812155e+04
 135.0273183,1.0821005e+04
 135.0477527,1.0829989e+04
 135.0681872,1.0828668e+04
 135.0886218,1.0844360e+04
 135.1090561,1.0854254e+04
 135.1294906,1.0865221e+04
 135.1499252,1.0874503e+04
 135.1703596,1.0886427e+04
 135.1907940,1.0896053e+04
 135.2112285,1.0900619e+04
 135.2316630,1.0911968e+04
 135.2520974,1.0917230e+04
 135.2725319,1.0932409e+04
 135.2929662,1.0936266e+04
 135.3134008,1.0946202e+04
 135.3338353,1.0956607e+04
 135.3542696,1.0957033e+04
 135.3747042,1.0964903e+04
 135.3951387,1.0983724e+04
 135.4155731,1.0989070e+04
 135.4360075,1.0993910e+04
 135.4564421,1.0999790e+04
 135.4768765,1.1004525e+04
 135.4973109,1.1016759e+04
 135.5177455,1.1014973e+04
 135.5381799,1.1020533e+04
 135.5586143,1.1024996e+04
 135.5790488,1.1035500e+04
 135.5994833,1.1037919e+04
 135.6199177,1.1048609e+04
 135.6403522,1.1052173e+04
 135.6607867,1.1072480e+04
 135.6812212,1.1072704e+04
 135.7016556,1.1074379e+04
 135.7220900,1.1078912e+04
 135.7425246,1.1084284e+04
 135.7629590,1.1086449e+04
 135.7833934,1.1095116e+04
 135.8038280,1.1095999e+04
 135.8242624,1.1095092e+04
 135.8446968,1.1107348e+04
 135.8651313,1.1112364e+04
 135.8855658,1.1109215e+04
 135.9060002,1.1124583e+04
 135.9264347,1.1120190e+04
 135.9468690,1.1118587e+04
 135.9673036,1.1120578e+04
 135.9877381,1.1124453e+04
 136.0081724,1.1129271e+04
 136.0286070,1.1128305e+04
 136.0490415,1.1135552e+04
 136.0694758,1.1134461e+04
 136.0899103,1.1132692e+04
 136.1103449,1.1128909e+04
 136.1307793,1.1136743e+04
 136.1512137,1.1136602e+04
 136.1716482,1.1137211e+04
 136.1920827,1.1127814e+04
 136.2125171,1.1130869e+04
 136.2329515,1.1134798e+04
 136.2533861,1.1125565e+04
 136.2738205,1.1130169e+04
 136.2942549,1.1125311e+04
 136.3146895,1.1126712e+04
 136.3351238,1.1125068e+04
 136.3555583,1.1119187e+04
 136.3759928,1.1119074e+04
 136.3964272,1.1108995e+04
 136.4168617,1.1110618e+04
 136.4372961,1.1113187e+04
 136.4577307,1.1114588e+04
 136.4781651,1.1103771e+04
 136.4985995,1.1099262e+04
 136.5190340,1.1095483e+04
 136.5394685,1.1097821e+04
 136.5599029,1.1087893e+04
 136.5803374,1.1092739e+04
 136.6007718,1.1084271e+04
 136.6212063,1.1080284e+04
 136.6416408,1.1069740e+04
 136.6620752,1.1074395e+04
 136.6825097,1.1067679e+04
 136.7029441,1.1071653e+04
 136.7233786,1.1063653e+04
 136.7438130,1.1049602e+04
 136.7642475,1.1043385e+04
 136.7846820,1.1055464e+04
 136.8051163,1.1046611e+04
 136.8255509,1.1038044e+04
 136.8459854,1.1035330e+04
 136.8664198,1.1030124e+04
 136.8868542,1.1029942e+04
 136.9072887,1.1014278e+04
 136.9277232,1.1014412e+04
 136.9481575,1.1015372e+04
 136.9685921,1.1006022e+04
 136.9890266,1.1002495e+04
 137.0094609,1.0994355e+04
 137.0298954,1.0995118e+04
 137.0503299,1.0988630e+04
 137.0707643,1.0976257e+04
 137.0911988,1.0979513e+04
 137.1116333,1.0969531e+04
 137.1320677,1.0970425e+04
 137.1525021,1.0967622e+04
 137.1729366,1.0955250e+04
 137.1933711,1.0954205e+04
 137.2138055,1.0950624e+04
 137.2342400,1.0947032e+04
 137.2546743,1.0928273e+04
 137.2751089,1.0921489e+04
 137.2955433,1.0923791e+04
 137.3159777,1.0919780e+04
 137.3364122,1.0910542e+04
 137.3568467,1.0918043e+04
 137.3772811,         null
 137.3977155,1.0899455e+04
 137.4181501,1.0888955e+04
 137.4385845,1.0885700e+04
 137.4590189,1.0879864e+04
 137.4794534,1.0875459e+04
 137.4998879,1.0867421e+04
 137.5203222,1.0874412e+04
 137.5407567,1.0863692e+04
 137.5611912,1.0858070e+04
 137.5816256,1.0860025e+04
 137.6020601,1.0839945e+04
 137.6224946,1.0839770e+04
 137.6429291,1.0834744e+04
 137.6633634,1.0835611e+04
 137.6837979,1.0822564e+04
 137.7042324,1.0810498e+04
 137.7246668,1.0802113e+04
 137.7451012,1.0804551e+04
 137.7655358,1.0795474e+04
 137.7859701,1.0794586e+04
 137.8064046,1.0789612e+04
 137.8268389,1.0779884e+04
 137.8472735,1.0777805e+04
 137.8677079,1.0769925e+04
 137.8881424,1.0755333e+04
 137.9085768,1.0752565e+04
 137.9290113,1.0750581e+04
 137.9494458,1.0743118e+04
 137.9698801,1.0737560e+04
 137.9903147,1.0727712e+04
 138.0107491,1.0733949e+04
 138.0311835,1.0718135e+04
 138.0516179,1.0712164e+04
 138.0720525,1.0711258e+04
 138.0924869,1.0705731e+04
 138.1129213,1.0696490e+04
 138.1333558,1.0700233e+04
 138.1537903,1.0691109e+04
 138.1742246,1.0683124e+04
 138.1946591,1.0681980e+04
 138.2150936,1.0685885e+04
 138.2355281,1.0678794e+04
 138.2559624,1.0664769e+04
 138.2763970,1.0671482e+04
 138.2968314,1.0664150e+04
 138.3172658,1.0670611e+04
 138.3377002,1.0665075e+04
 138.3581348,1.0657805e+04
 138.3785692,1.0651443e+04
 138.3990036,1.0651674e+04
 138.4194381,1.0648380e+04
 138.4398726,1.0650514e+04
 138.4603069,1.0633687e+04
 138.4807414,1.0639352e+04
 138.5011759,1.0633658e+04
 138.5216103,1.0631373e+04
 138.5420447,1.0636305e+04
 138.5624792,1.0615245e+04
 138.5829136,1.0623015e+04
 138.6033481,1.0627062e+04
 138.6237825,1.0616935e+04
 138.6442170,1.0613647e+04
 138.6646514,1.0606809e+04
 138.6850859,1.0598188e+04
 138.7055202,1.0597445e+04
 138.7259548,1.0601439e+04
 138.7463892,1.0594678e+04
 138.7668236,1.0592829e+04
 138.7872581,1.0591412e+04
 138.8076925,1.0581066e+04
 138.8281269,1.0576078e+04
 138.8485613,1.0584991e+04
 138.8689959,1.0580696e+04
 138.8894303,1.0568097e+04
 138.9098647,1.0568696e+04
 138.9302992,1.0564159e+04
 138.9507337,1.0558120e+04
 138.9711680,1.0548388e+04
 138.9916025,1.0550357e+04
 139.0120370,1.0539688e+04
 139.0324714,1.0534591e+04
 139.0529058,1.0523748e+04
 139.0733403,1.0516431e+04
 139.0937747,1.0522157e+04
 139.1142091,1.0510659e+04
 139.1346436,1.0501290e+04
 139.1550780,1.0499344e+04
 139.1755125,1.0489040e+04
 139.1959469,1.0486735e+04
 139.2163813,1.0486105e+04
 139.2368158,1.0469984e+04
 139.2572503,1.0476886e+04
 139.2776846,1.0466153e+04
 139.2981191,1.0463471e+04
 139.3185536,1.0450815e+04
 139.3389880,1.0453011e+04
 139.3594224,1.0442085e+04
 139.3798569,1.0437652e+04
 139.4002914,1.0439377e+04
 139.4207257,1.0425941e+04
 139.4411602,1.0426595e+04
 139.4615947,1.0415981e+04
 139.4820290,1.0417803e+04
 139.5024635,1.0406966e+04
 139.5228980,1.0409774e+04
 139.5433324,1.0397400e+04
 139.5637668,1.0399666e+04
 139.5842013,1.0400547e+04
 139.6046357,1.0384167e+04
 139.6250701,1.0385065e+04
 139.6455046,1.0375016e+04
 139.6659391,1.0375699e+04
 139.6863734,1.0378214e+04
 139.7068079,1.0371273e+04
 139.7272423,1.0363453e+04
 139.7476768,1.0356735e+04
 139.7681112,1.0359948e+04
 139.7885457,1.0358432e+04
 139.8089801,1.0353783e+04
 139.8294145,1.0347498e+04
 139.8498490,1.0341857e+04
 139.8702834,1.0342030e+04
 139.8907179,1.0337304e+04
 139.9111523,1.0340457e+04
 139.9315867,1.0330521e+04
 139.9520213,1.0328624e+04
 139.9724556,1.0318531e+04
 139.9928901,1.0330738e+04
 140.0133244,1.0320179e+04
 140.0337589,1.0321200e+04
 140.0541934,1.0317168e+04
 140.0746278,1.0323982e+04
 140.0950623,1.0308450e+04
 140.1154967,1.0314114e+04
 140.1359311,1.0306392e+04
 140.1563655,1.0305640e+04
 140.1768000,1.0308996e+04
 140.1972344,1.0304856e+04
 140.2176688,1.0311029e+04
 140.2381033,1.0311848e+04
 140.2585378,1.0308154e+04
 140.2789721,1.0314853e+04
 140.2994065,1.0318001e+04
 140.3198411,1.0307458e+04
 140.3402754,1.0306146e+04
 140.3607098,         null
 140.3811443,1.0309094e+04
 140.4015788,1.0317528e+04
 140.4220132,1.0312731e+04
 140.4424476,1.0318027e+04
 140.4628821,1.0319176e+04
 140.4833165,1.0320777e+04
 140.5037509,1.0314408e+04
 140.5241852,1.0326926e+04
 140.5446198,1.0330084e+04
 140.5650542,1.0336807e+04
 140.5854886,1.0342229e+04
 140.6059231,1.0346685e+04
 140.6263575,1.0351390e+04
 140.6467920,1.0357299e+04
 140.6672263,1.0358882e+04
 140.6876608,1.0367280e+04
 140.7080953,1.0367725e+04
 140.7285296,1.0371021e+04
 140.7489641,1.0380136e+04
 140.7693986,1.0381819e+04
 140.7898329,1.0390362e+04
 140.8102673,1.0397522e+04
 140.8307019,1.0401853e+04
 140.8511363,1.0415507e+04
 140.8715706,1.0415945e+04
 140.8920051,1.0424718e+04
 140.9124396,1.0442869e+04
 140.9328739,1.0436942e+04
 140.9533084,1.0445827e+04
 140.9737429,1.0462998e+04
 140.9941772,1.0465423e+04
 141.0146117,1.0469238e+04
 141.0350461,1.0491550e+04
 141.0554805,1.0489818e+04
 141.0759150,1.0517568e+04
 141.0963494,1.0507818e+04
 141.1167838,1.0534306e+04
 141.1372183,1.0537855e+04
 141.1576527,1.0541241e+04
 141.1780870,1.0562649e+04
 141.1985215,1.0570499e+04
 141.2189560,1.0577782e+04
 141.2393903,1.0596803e+04
 141.2598248,1.0607590e+04
 141.2802593,1.0623081e+04
 141.3006936,1.0632947e+04
 141.3211280,1.0641686e+04
 141.3415626,1.0646995e+04
 141.3619970,1.0666086e+04
 141.3824313,1.0666768e+04
 141.4028658,1.0677576e+04
 141.4233003,1.0699014e+04
 141.4437347,1.0722236e+04
 141.4641690,1.0710180e+04
 141.4846036,1.0731534e+04
 141.5050380,1.0741038e+04
 141.5254723,1.0748479e+04
 141.5459068,1.0755087e+04
 141.5663412,1.0780648e+04
 141.5867757,1.0782398e+04
 141.6072101,1.0797456e+04
 141.6276446,1.0810408e+04
 141.6480790,1.0817415e+04
 141.6685133,1.0839324e+04
 141.6889478,1.0846544e+04
 141.7093823,1.0853021e+04
 141.7298166,1.0856981e+04
 141.7502510,1.0874003e+04
 141.7706856,1.0887215e+04
 141.7911199,1.0885560e+04
 141.8115543,1.0900044e+04
 141.8319888,1.0909482e+04
 141.8524232,1.0914505e+04
 141.8728576,1.0933580e+04
 141.8932920,1.0941783e+04
 141.9137266,1.0941243e+04
 141.9341609,1.0953752e+04
 141.9545953,1.0966660e+04
 141.9750296,1.0965386e+04
 141.9954642,1.0977079e+04
 142.0158986,1.0985024e+04
 142.0363329,1.0984812e+04
 142.0567673,1.0998269e+04
 142.0772019,1.0997885e+04
 142.0976363,1.1013746e+04
 142.1180706,1.1023804e+04
 142.1385051,1.1023939e+04
 142.1589396,1.1024221e+04
 142.1793739,1.1029933e+04
 142.1998083,1.1039775e+04
 142.2202428,1.1054390e+04
 142.2406772,1.1057769e+04
 142.2611116,1.1064150e+04
 142.2815461,1.1071832e+04
 142.3019804,1.1081576e+04
 142.3224149,1.1079263e+04
 142.3428493,1.1088631e+04
 142.3632838,1.1085087e+04
 142.3837181,1.1093245e+04
 142.4041526,1.1094982e+04
 142.4245871,1.1111271e+04
 142.4450214,1.1109879e+04
 142.4654558,1.1111617e+04
 142.4858902,1.1118507e+04
 142.5063247,1.1117365e+04
 142.5267591,1.1130930e+04
 142.5471935,1.1118832e+04
 142.5676278,1.1123734e+04
 142.5880624,1.1126351e+04
 142.6084968,1.1130109e+04
 142.6289311,1.1132200e+04
 142.6493656,1.1143831e+04
 142.6698000,1.1131012e+04
 142.6902344,1.1131093e+04
 142.7106688,1.1135367e+04
 142.7311033,1.1140414e+04
 142.7515376,1.1129109e+04
 142.7719721,1.1141706e+04
 142.7924066,1.1133478e+04
 142.8128409,1.1133197e+04
 142.8332753,1.1120568e+04
 142.8537097,1.1137056e+04
 142.8741443,1.1128765e+04
 142.8945786,1.1122931e+04
 142.9150130,1.1131450e+04
 142.9354475,1.1120345e+04
 142.9558818,1.1115207e+04
 142.9763162,1.1117325e+04
 142.9967506,1.1123640e+04
 143.0171851,1.1114266e+04
 143.0376195,1.1109817e+04
 143.0580539,1.1116576e+04
 143.0784883,1.1099259e+04
 143.0989228,1.1094940e+04
 143.1193572,1.1093841e+04
 143.1397916,1.1093648e+04
 143.1602260,1.1075444e+04
 143.1806604,1.1087379e+04
 143.2010947,1.1070003e+04
 143.2215292,1.1077837e+04
 143.2419637,1.1069840e+04
 143.2623981,1.1064594e+04
 143.2828325,1.1050636e+04
 143.3032669,1.1053008e+04
 143.3237014,1.1044971e+04
 143.3441358,         null
 143.3645701,1.1035362e+04
 143.3850046,1.1027338e+04
 143.4054390,1.1027665e+04
 143.4258733,1.1026693e+04
 143.4463078,1.1032316e+04
 143.4667423,1.1007701e+04
 143.4871766,1.1007067e+04
 143.5076110,1.1002381e+04
 143.5280455,1.1004280e+04
 143.5484799,1.0994932e+04
 143.5689142,1.0983439e+04
 143.5893488,1.0975936e+04
 143.6097832,1.0973313e+04
 143.6302175,1.0965092e+04
 143.6506519,1.0961679e+04
 143.6710864,1.0955743e+04
 143.6915207,1.0945153e+04
 143.7119551,1.0942930e+04
 143.7323896,1.0939132e+04
 143.7528240,1.0931766e+04
 143.7732584,1.0929410e+04
 143.7936928,1.0932107e+04
 143.8141272,1.0912643e+04
 143.8345616,1.0908835e+04
 143.8549960,1.0901224e+04
 143.8754303,1.0894907e+04
 143.8958649,1.0885368e+04
 143.9162993,1.0884655e+04
 143.9367336,1.0875644e+04
 143.9571681,1.0871242e+04
 143.9776025,1.0867993e+04
 143.9980368,1.0858586e+04
 144.0184712,1.0857630e+04
 144.0389057,1.0846358e+04
 144.0593401,1.0841989e+04
 144.0797745,1.0839064e+04
 144.1002090,1.0838026e+04
 144.1206434,1.0826980e+04
 144.1410777,1.0822505e+04
 144.1615121,1.0813168e+04
 144.1819466,1.0803949e+04
 144.2023809,1.0804058e+04
 144.2228153,1.0796932e+04
 144.2432498,1.0801101e+04
 144.2636842,1.0781022e+04
 144.2841186,1.0780591e+04
 144.3045530,1.0769466e+04
 144.3249874,1.0769278e+04
 144.3454218,1.0757771e+04
 144.3658562,1.0745439e+04
 144.3862905,1.0747473e+04
 144.4067250,1.0731886e+04
 144.4271594,1.0728172e+04
 144.4475937,1.0722586e+04
 144.4680282,1.0719144e+04
 144.4884627,1.0723033e+04
 144.5088970,1.0707019e+04
 144.5293314,1.0699739e+04
 144.5497659,1.0690476e+04
 144.5702003,1.0685111e+04
 144.5906346,1.0672258e+04
 144.6110691,1.0676441e+04
 144.6315035,1.0664460e+04
 144.6519378,1.0661659e+04
 144.6723722,1.0655285e+04
 144.6928067,1.0647927e+04
 144.7132410,1.0637342e+04
 144.7336754,1.0643212e+04
 144.7541099,1.0632242e+04
 144.7745442,1.0615800e+04
 144.7949787,1.0621309e+04
 144.8154131,1.0611498e+04
 144.8358476,1.0610369e+04
 144.8562819,1.0601371e+04
 144.8767163,1.0599108e+04
 144.8971507,1.0595272e+04
 144.9175851,1.0594731e+04
 144.9380195,1.0586515e+04
 144.9584539,1.0581370e+04
 144.9788884,1.0579410e+04
 144.9993227,1.0568218e+04
 145.0197571,1.0573764e+04
 145.0401915,1.0564733e+04
 145.0606259,1.0561743e+04
 145.0810603,1.0550589e+04
 145.1014947,1.0555421e+04
 145.1219292,1.0549938e+04
 145.1423635,1.0552636e+04
 145.1627979,1.0548244e+04
 145.1832322,1.0543651e+04
 145.2036667,1.0535411e+04
 145.2241011,1.0533231e+04
 145.2445354,1.0536965e+04
 145.2649699,1.0522996e+04
 145.2854043,1.0524916e+04
 145.3058387,1.0526559e+04
 145.3262730,1.0513438e+04
 145.3467075,1.0508980e+04
 145.3671419,1.0519976e+04
 145.3875763,1.0498019e+04
 145.4080108,1.0496703e+04
 145.4284452,1.0501967e+04
 145.4488795,1.0494240e+04
 145.4693139,1.0483776e+04
 145.4897484,1.0482660e+04
 145.5101827,1.0466775e+04
 145.5306171,1.0472131e+04
 145.5510515,1.0465903e+04
 145.5714860,1.0458969e+04
 145.5919203,1.0457700e+04
 145.6123547,1.0456491e+04
 145.6327892,1.0449920e+04
 145.6532235,1.0443743e+04
 145.6736579,1.0436920e+04
 145.6940922,1.0419185e+04
 145.7145266,1.0423974e+04
 145.7349610,1.0409946e+04
 145.7553954,1.0417106e+04
 145.7758298,1.0398644e+04
 145.7962642,1.0397631e+04
 145.8166986,1.0389438e+04
 145.8371329,1.0385527e+04
 145.8575674,1.0379309e+04
 145.8780018,1.0376182e+04
 145.8984361,1.0370596e+04
 145.9188706,1.0366723e+04
 145.9393050,1.0361932e+04
 145.9597393,1.0357306e+04
 145.9801737,1.0352501e+04
 146.0006082,1.0339364e+04
 146.0210426,1.0338948e+04
 146.0414769,1.0335641e+04
 146.0619114,1.0317441e+04
 146.0823458,1.0319519e+04
 146.1027801,1.0317744e+04
 146.1232145,1.0308498e+04
 146.1436490,1.0310295e+04
 146.1640833,1.0308376e+04
 146.1845177,1.0300184e+04
 146.2049521,1.0295166e+04
 146.2253865,1.0287532e+04
 146.2458209,1.0286669e+04
 146.2662553,1.0287544e+04
 146.2866896,1.0282265e+04
 146.3071240,1.0271407e+04
 146.3275584,         null
 146.3479927,1.0259538e+04
 146.3684272,1.0262861e+04
 146.3888616,1.0260701e+04
 146.4092959,1.0262187e+04
 146.4297304,1.0259018e+04
 146.4501648,1.0243812e+04
 146.4705991,1.0247502e+04
 146.4910336,1.0242066e+04
 146.5114680,1.0246142e+04
 146.5319024,1.0232583e+04
 146.5523367,1.0231328e+04
 146.5727712,1.0226837e+04
 146.5932055,1.0222772e+04
 146.6136399,1.0223075e+04
 146.6340742,1.0227194e+04
 146.6545087,1.0221033e+04
 146.6749431,1.0216665e+04
 146.6953774,1.0213371e+04
 146.7158119,1.0214124e+04
 146.7362463,1.0211394e+04
 146.7566807,1.0214764e+04
 146.7771150,1.0218906e+04
 146.7975495,1.0210498e+04
 146.8179838,1.0210603e+04
 146.8384181,1.0217920e+04
 146.8588525,1.0218038e+04
 146.8792870,1.0214623e+04
 146.8997213,1.0208348e+04
 146.9201557,1.0212520e+04
 146.9405902,1.0214512e+04
 146.9610245,1.0220599e+04
 146.9814589,1.0215946e+04
 147.0018932,1.0221026e+04
 147.0223276,1.0220328e+04
 147.0427620,1.0230335e+04
 147.0631964,1.0224971e+04
 147.0836309,1.0223262e+04
 147.1040652,1.0237649e+04
 147.1244996,1.0240580e+04
 147.1449339,1.0246635e+04
 147.1653683,1.0251155e+04
 147.1858027,1.0256169e+04
 147.2062370,1.0261703e+04
 147.2266715,1.0259079e+04
 147.2471059,1.0279320e+04
 147.2675403,1.0280075e+04
 147.2879746,1.0278038e+04
 147.3084091,1.0295716e+04
 147.3288434,1.0287412e+04
 147.3492777,1.0302637e+04
 147.3697121,1.0309314e+04
 147.3901466,1.0314632e+04
 147.4105809,1.0324758e+04
 147.4310153,1.0322889e+04
 147.4514498,1.0344879e+04
 147.4718840,1.0357441e+04
 147.4923184,1.0353931e+04
 147.5127528,1.0365402e+04
 147.5331873,1.0379110e+04
 147.5536216,1.0387147e+04
 147.5740560,1.0399870e+04
 147.5944904,1.0408325e+04
 147.6149247,1.0418499e+04
 147.6353591,1.0420922e+04
 147.6557934,1.0441544e+04
 147.6762279,1.0441629e+04
 147.6966623,1.0457419e+04
 147.7170965,1.0469149e+04
 147.7375310,1.0476692e+04
 147.7579654,1.0494084e+04
 147.7783998,1.0501394e+04
 147.7988341,1.0513342e+04
 147.8192686,1.0522414e+04
 147.8397029,1.0528355e+04
 147.8601372,1.0540350e+04
 147.8805716,1.0555428e+04
 147.9010061,         null
 147.9214404,1.0571889e+04
 147.9418747,1.0589248e+04
 147.9623092,1.0602895e+04
 147.9827435,1.0616691e+04
 148.0031779,1.0620513e+04
 148.0236123,1.0627395e+04
 148.0440467,1.0646601e+04
 148.0644810,1.0647967e+04
 148.0849154,1.0664503e+04
 148.1053499,1.0670292e+04
 148.1257842,1.0686725e+04
 148.1462185,1.0688579e+04
 148.1666529,1.0703428e+04
 148.1870873,1.0709744e+04
 148.2075217,1.0745416e+04
 148.2279561,1.0736396e+04
 148.2483905,1.0753837e+04
 148.2688248,1.0760331e+04
 148.2892592,1.0773368e+04
 148.3096936,1.0786308e+04
 148.3301279,1.0798452e+04
 148.3505623,1.0799889e+04
 148.3709967,1.0812099e+04
 148.3914310,1.0816476e+04
 148.4118655,1.0833189e+04
 148.4322998,1.0843766e+04
 148.4527342,1.0847432e+04
 148.4731686,1.0859979e+04
 148.4936030,1.0865849e+04
 148.5140373,1.0871892e+04
 148.5344716,1.0880054e+04
 148.5549061,1.0889556e+04
 148.5753405,1.0899395e+04
 148.5957747,1.0898520e+04
 148.6162092,1.0914008e+04
 148.6366436,1.0916822e+04
 148.6570779,1.0927748e+04
 148.6775122,1.0926237e+04
 148.6979467,1.0933530e+04
 148.7183810,1.0945731e+04
 148.7388154,1.0953562e+04
 148.7592498,1.0947988e+04
 148.7796842,1.0961956e+04
 148.8001185,1.0971235e+04
 148.8205529,1.0978902e+04
 148.8409873,1.0969250e+04
 148.8614216,1.0983557e+04
 148.8818560,1.0985664e+04
 148.9022905,1.0993511e+04
 148.9227247,1.1003800e+04
 148.9431591,1.1001459e+04
 148.9635935,1.1002396e+04
 148.9840278,1.1014366e+04
 149.0044622,1.1003154e+04
 149.0248966,1.1011551e+04
 149.0453309,1.1017562e+04
 149.0657653,1.1019384e+04
 149.0861997,1.1031875e+04
 149.1066340,1.1024328e+04
 149.1270685,1.1015699e+04
 149.1475028,1.1035929e+04
 149.1679371,1.1031353e+04
 149.1883715,1.1025032e+04
 149.2088059,1.1031065e+04
 149.2292403,1.1033759e+04
 149.2496746,1.1031568e+04
 149.2701090,1.1032705e+04
 149.2905434,1.1035109e+04
 149.3109777,         null
 149.3314121,1.1033444e+04
 149.3518465,1.1030955e+04
 149.3722808,1.1036555e+04
 149.3927152,1.1034791e+04
 149.4131496,1.1026561e+04
 149.4335839,1.1026545e+04
 149.4540183,1.1029188e+04
 149.4744526,1.1018143e+04
 149.4948870,1.1029448e+04
 149.5153214,1.1022691e+04
 149.5357557,1.1022913e+04
 149.5561902,1.1012588e+04
 149.5766245,1.1008333e+04
 149.5970588,1.1009990e+04
 149.6174931,1.1001219e+04
 149.6379276,1.1003347e+04
 149.6583619,1.0998224e+04
 149.6787962,1.0991288e+04
 149.6992306,1.0989231e+04
 149.7196650,1.0985688e+04
 149.7400994,1.0982050e+04
 149.7605337,1.0967406e+04
 149.7809681,1.0974253e+04
 149.8014025,1.0963436e+04
 149.8218368,1.0969348e+04
 149.8422711,1.0963044e+04
 149.8627056,1.0950177e+04
 149.8831400,1.0946752e+04
 149.9035742,1.0946292e+04
 149.9240087,1.0935664e+04
 149.9444431,1.0942262e+04
 149.9648774,1.0954306e+04
 149.9853117,1.0930498e+04
 150.0057461,1.0923896e+04
 150.0261805,1.0922971e+04
 150.0466148,1.0926389e+04
 150.0670492,1.0906360e+04
 150.0874836,1.0909715e+04
 150.1079179,1.0900198e+04
 150.1283522,1.0900662e+04
 150.1487867,1.0886072e+04
 150.1692209,1.0885284e+04
 150.1896553,1.0875835e+04
 150.2100898,1.0875163e+04
 150.2305240,1.0877021e+04
 150.2509584,1.0868291e+04
 150.2713928,1.0854583e+04
 150.2918272,1.0853113e+04
 150.3122615,1.0842790e+04
 150.3326958,1.0836521e+04
 150.3531301,1.0833149e+04
 150.3735646,1.0831222e+04
 150.3939989,1.0829050e+04
 150.4144332,1.0819221e+04
 150.4348676,1.0814985e+04
 150.4553020,1.0800257e+04
 150.4757364,1.0804830e+04
 150.4961706,1.0794982e+04
 150.5166051,1.0803885e+04
 150.5370394,1.0785203e+04
 150.5574737,1.0780435e+04
 150.5779082,1.0766887e+04
 150.5983425,1.0773730e+04
 150.6187768,1.0758372e+04
 150.6392111,1.0748481e+04
 150.6596456,1.0750377e+04
 150.6800798,1.0732137e+04
 150.7005142,1.0726231e+04
 150.7209487,1.0728967e+04
 150.7413830,1.0716275e+04
 150.7618173,1.0709535e+04
 150.7822516,1.0715566e+04
 150.8026861,1.0699679e+04
 150.8231203,1.0687703e+04
 150.8435547,1.0686907e+04
 150.8639892,1.0688308e+04
 150.8844234,1.0676851e+04
 150.9048578,1.0671958e+04
 150.9252921,1.0653802e+04
 150.9457265,1.0652379e+04
 150.9661608,1.0639114e+04
 150.9865952,1.0631899e+04
 151.0070294,1.0624983e+04
 151.0274639,1.0616212e+04
 151.0478983,1.0611648e+04
 151.0683325,1.0603273e+04
 151.0887670,1.0599161e+04
 151.1092013,1.0590210e+04
 151.1296356,1.0573263e+04
 151.1500699,1.0578307e+04
 151.1705044,1.0571046e+04
 151.1909386,1.0574929e+04
 151.2113730,1.0563332e+04
 151.2318074,1.0548206e+04
 151.2522418,1.0530189e+04
 151.2726760,1.0526995e+04
 151.2931104,1.0525552e+04
 151.3135449,1.0516220e+04
 151.3339791,1.0513143e+04
 151.3544135,1.0515201e+04
 151.3748479,1.0502682e+04
 151.3952822,1.0487767e+04
 151.4157165,1.0487913e+04
 151.4361509,1.0481971e+04
 151.4565852,1.0480137e+04
 151.4770196,1.0471307e+04
 151.4974539,1.0464523e+04
 151.5178883,1.0454159e+04
 151.5383226,1.0458244e+04
 151.5587570,1.0455346e+04
 151.5791913,1.0448160e+04
 151.5996258,1.0440238e+04
 151.6200600,1.0438916e+04
 151.6404944,1.0441662e+04
 151.6609287,         null
 151.6813631,1.0421196e+04
 151.7017974,1.0423374e+04
 151.7222318,1.0415987e+04
 151.7426661,1.0412674e+04
 151.7631005,1.0407526e+04
 151.7835348,1.0395913e+04
 151.8039691,1.0397200e+04
 151.8244035,1.0392021e+04
 151.8448378,1.0380794e+04
 151.8652721,1.0371575e+04
 151.8857065,1.0379862e+04
 151.9061409,1.0360710e+04
 151.9265751,1.0362579e+04
 151.9470095,1.0350894e+04
 151.9674439,1.0348124e+04
 151.9878783,1.0345493e+04
 152.0083125,1.0335839e+04
 152.0287470,1.0325953e+04
 152.0491813,1.0322861e+04
 152.0696156,1.0317370e+04
 152.0900499,1.0320719e+04
 152.1104843,1.0302599e+04
 152.1309186,1.0295897e+04
 152.1513529,1.0300159e+04
 152.1717873,1.0283791e+04
 152.1922216,1.0272987e+04
 152.2126560,1.0272358e+04
 152.2330903,1.0268399e+04
 152.2535248,1.0255553e+04
 152.2739590,1.0244647e+04
 152.2943933,         null
 152.3148276,1.0241902e+04
 152.3352620,1.0239670e+04
 152.3556964,1.0222271e+04
 152.3761306,1.0220478e+04
 152.3965651,1.0216587e+04
 152.4169994,1.0199989e+04
 152.4374337,1.0205344e+04
 152.4578680,1.0189187e+04
 152.4783024,1.0191642e+04
 152.4987368,1.0187666e+04
 152.5191710,1.0185200e+04
 152.5396055,1.0165321e+04
 152.5600398,1.0159329e+04
 152.5804740,1.0163068e+04
 152.6009084,1.0152071e+04
 152.6213428,1.0145073e+04
 152.6417771,1.0139287e+04
 152.6622114,         null
 152.6826457,1.0135765e+04
 152.7030801,1.0123665e+04
 152.7235144,1.0109919e+04
 152.7439488,1.0121547e+04
 152.7643832,1.0105037e+04
 152.7848174,1.0102398e+04
 152.8052518,1.0100337e+04
 152.8256860,1.0087937e+04
 152.8461205,1.0080041e+04
 152.8665548,1.0082550e+04
 152.8869890,1.0078133e+04
 152.9074235,1.0078311e+04
 152.9278578,1.0066925e+04
 152.9482921,1.0072119e+04
 152.9687264,1.0071774e+04
 152.9891608,1.0062090e+04
 153.0095952,1.0067849e+04
 153.0300294,1.0055739e+04
 153.0504638,1.0055692e+04
 153.0708982,1.0048318e+04
 153.0913324,1.0045977e+04
 153.1117667,1.0053391e+04
 153.1322012,1.0047728e+04
 153.1526354,1.0042412e+04
 153.1730697,1.0037955e+04
 153.1935041,1.0040453e+04
 153.2139385,1.0042609e+04
 153.2343728,1.0044006e+04
 153.2548071,1.0038520e+04
 153.2752415,1.0037826e+04
 153.2956759,1.0027993e+04
 153.3161101,1.0041782e+04
 153.3365444,1.0037209e+04
 153.3569788,1.0039153e+04
 153.3774131,1.0036077e+04
 153.3978474,1.0045823e+04
 153.4182819,1.0042146e+04
 153.4387162,1.0045356e+04
 153.4591504,1.0043755e+04
 153.4795848,1.0039051e+04
 153.5000192,1.0038265e+04
 153.5204534,1.0052145e+04
 153.5408878,1.0067396e+04
 153.5613222,1.0064252e+04
 153.5817564,1.0063942e+04
 153.6021907,1.0071008e+04
 153.6226251,1.0088612e+04
 153.6430594,1.0080502e+04
 153.6634937,1.0083121e+04
 153.6839281,1.0084811e+04
 153.7043623,1.0095966e+04
 153.7247967,1.0104215e+04
 153.7452311,1.0105438e+04
 153.7656653,1.0102196e+04
 153.7860997,1.0123938e+04
 153.8065341,1.0123226e+04
 153.8269683,1.0136250e+04
 153.8474026,1.0141772e+04
 153.8678370,1.0151814e+04
 153.8882713,1.0157428e+04
 153.9087056,1.0161386e+04
 153.9291400,1.0174503e+04
 153.9495744,1.0189571e+04
 153.9700086,1.0194572e+04
 153.9904429,1.0193512e+04
 154.0108773,1.0212690e+04
 154.0313116,1.0216667e+04
 154.0517459,1.0226792e+04
 154.0721803,1.0234479e+04
 154.0926145,1.0249426e+04
 154.1130489,1.0261793e+04
 154.1334832,1.0267986e+04
 154.1539175,1.0274367e+04
 154.1743519,1.0285241e+04
 154.1947862,1.0284562e+04
 154.2152205,1.0305528e+04
 154.2356548,1.0323802e+04
 154.2560892,1.0325346e+04
 154.2765234,1.0326623e+04
 154.2969578,1.0348905e+04
 154.3173921,1.0358757e+04
 154.3378264,1.0375460e+04
 154.3582607,1.0377218e+04
 154.3786951,1.0408196e+04
 154.3991293,1.0410610e+04
 154.4195637,1.0419852e+04
 154.4399981,1.0424290e+04
 154.4604324,1.0429701e+04
 154.4808666,1.0445829e+04
 154.5013009,1.0446835e+04
 154.5217354,1.0461221e+04
 154.5421696,1.0476119e+04
 154.5626039,1.0488977e+04
 154.5830383,1.0504867e+04
 154.6034726,1.0512880e+04
 154.6239069,1.0521178e+04
 154.6443412,1.0538319e+04
 154.6647755,1.0544484e+04
 154.6852098,1.0561310e+04
 154.7056442,1.0557212e+04
 154.7260786,1.0584312e+04
 154.7465128,1.0594217e+04
 154.7669471,1.0599688e+04
 154.7873814,1.0622703e+04
 154.8078158,1.0618789e+04
 154.8282501,1.0625567e+04
 154.8486843,1.0636241e+04
 154.8691187,1.0644112e+04
 154.8895530,1.0656192e+04
 154.9099874,1.0647514e+04
 154.9304217,1.0677547e+04
 154.9508560,1.0678768e+04
 154.9712903,1.0679593e+04
 154.9917246,1.0693493e+04
 155.0121589,1.0696831e+04
 155.0325933,1.0707723e+04
 155.0530276,1.0722215e+04
 155.0734618,1.0724375e+04
 155.0938962,1.0731895e+04
 155.1143305,1.0738183e+04
 155.1347648,1.0745940e+04
 155.1551991,1.0750862e+04
 155.1756335,1.0765979e+04
 155.1960678,1.0758741e+04
 155.2165020,1.0762104e+04
 155.2369363,1.0776192e+04
 155.2573708,1.0784302e+04
 155.2778050,         null
 155.2982393,1.0798803e+04
 155.3186737,1.0804812e+04
 155.3391079,1.0805638e+04
 155.3595422,1.0800321e+04
 155.3799766,1.0804405e+04
 155.4004109,1.0807337e+04
 155.4208452,1.0815341e+04
 155.4412795,1.0819474e+04
 155.4617139,1.0823374e+04
 155.4821481,1.0831058e+04
 155.5025824,1.0833012e+04
 155.5230167,1.0843846e+04
 155.5434511,1.0846338e+04
 155.5638854,         null
 155.5843196,1.0849057e+04
 155.6047540,1.0853417e+04
 155.6251883,1.0846339e+04
 155.6456226,1.0858295e+04
 155.6660568,1.0855571e+04
 155.6864913,1.0865144e+04
 155.7069256,1.0857009e+04
 155.7273598,1.0869350e+04
 155.7477941,1.0860006e+04
 155.7682285,1.0865987e+04
 155.7886627,1.0864267e+04
 155.8090970,1.0874964e+04
 155.8295314,1.0868375e+04
 155.8499656,1.0871894e+04
 155.8704000,1.0862701e+04
 155.8908343,1.0866810e+04
 155.9112687,1.0873883e+04
 155.9317029,1.0861912e+04
 155.9521372,1.0865362e+04
 155.9725716,1.0865867e+04
 155.9930058,1.0859552e+04
 156.0134401,1.0862264e+04
 156.0338743,1.0862438e+04
 156.0543087,1.0853991e+04
 156.0747430,1.0854686e+04
 156.0951773,1.0863222e+04
 156.1156117,1.0850509e+04
 156.1360460,1.0838504e+04
 156.1564803,1.0844984e+04
 156.1769145,1.0843192e+04
 156.1973489,1.0839169e+04
 156.2177832,1.0842652e+04
 156.2382174,1.0838167e+04
 156.2586517,1.0839592e+04
 156.2790861,1.0834040e+04
 156.2995203,1.0824913e+04
 156.3199546,1.0827471e+04
 156.3403890,1.0827185e+04
 156.3608232,1.0820010e+04
 156.3812575,1.0830510e+04
 156.4016918,1.0820433e+04
 156.4221262,1.0814733e+04
 156.4425605,1.0813328e+04
 156.4629948,1.0807295e+04
 156.4834292,1.0815384e+04
 156.5038634,1.0804148e+04
 156.5242977,1.0796341e+04
 156.5447320,1.0802902e+04
 156.5651663,1.0795403e+04
 156.5856006,1.0793383e+04
 156.6060349,1.0793881e+04
 156.6264692,1.0785337e+04
 156.6469035,1.0796613e+04
 156.6673378,1.0783875e+04
 156.6877721,1.0788651e+04
 156.7082064,1.0781178e+04
 156.7286407,1.0777705e+04
 156.7490750,1.0774961e+04
 156.7695092,1.0781089e+04
 156.7899436,1.0778481e+04
 156.8103779,1.0772439e+04
 156.8308122,1.0768122e+04
 156.8512465,1.0756553e+04
 156.8716808,1.0770280e+04
 156.8921151,1.0768635e+04
 156.9125493,1.0752192e+04
 156.9329837,1.0756549e+04
 156.9534180,1.0745385e+04
 156.9738522,1.0743200e+04
 156.9942866,1.0744761e+04
 157.0147209,1.0744917e+04
 157.0351551,1.0737167e+04
 157.0555894,1.0733387e+04
 157.0760238,1.0740760e+04
 157.0964580,1.0733072e+04
 157.1168923,1.0731167e+04
 157.1373267,1.0720155e+04
 157.1577610,1.0726942e+04
 157.1781952,1.0712707e+04
 157.1986295,1.0706826e+04
 157.2190639,1.0705807e+04
 157.2394981,1.0692625e+04
 157.2599324,1.0699153e+04
 157.2803667,1.0677884e+04
 157.3008010,1.0678477e+04
 157.3212353,1.0676307e+04
 157.3416695,1.0677389e+04
 157.3621038,1.0670929e+04
 157.3825381,1.0660784e+04
 157.4029724,1.0652058e+04
 157.4234066,1.0641470e+04
 157.4438410,1.0637487e+04
 157.4642753,1.0631703e+04
 157.4847095,1.0632778e+04
 157.5051439,1.0623793e+04
 157.5255782,1.0620031e+04
 157.5460124,1.0603108e+04
 157.5664467,1.0601690e+04
 157.5868811,1.0590852e+04
 157.6073153,1.0599500e+04
 157.6277496,1.0578989e+04
 157.6481840,1.0572863e+04
 157.6686183,1.0575177e+04
 157.6890524,1.0561451e+04
 157.7094867,1.0562640e+04
 157.7299211,1.0551383e+04
 157.7503553,1.0547409e+04
 157.7707896,1.0539642e+04
 157.7912240,1.0526388e+04
 157.8116582,1.0523521e+04
 157.8320925,1.0519145e+04
 157.8525268,1.0512743e+04
 157.8729611,1.0511870e+04
 157.8933954,1.0501871e+04
 157.9138296,1.0487731e+04
 157.9342638,1.0480039e+04
 157.9546982,1.0472723e+04
 157.9751325,1.0468683e+04
 157.9955667,1.0460859e+04
 158.0160011,1.0461417e+04
 158.0364354,1.0451656e+04
 158.0568696,1.0440158e+04
 158.0773039,1.0442080e+04
 158.0977382,1.0419772e+04
 158.1181725,1.0420946e+04
 158.1386067,1.0419903e+04
 158.1590411,1.0406385e+04
 158.1794754,1.0400414e+04
 158.1999096,1.0386708e+04
 158.2203439,1.0383341e+04
 158.2407783,1.0386242e+04
 158.2612124,         null
 158.2816467,1.0367332e+04
 158.3020811,1.0357168e+04
 158.3225154,1.0349392e+04
 158.3429496,1.0333274e+04
 158.3633839,1.0339469e+04
 158.3838183,1.0326253e+04
 158.4042525,1.0313623e+04
 158.4246867,1.0304750e+04
 158.4451210,1.0298079e+04
 158.4655554,1.0294457e+04
 158.4859896,1.0287032e+04
 158.5064239,1.0287627e+04
 158.5268582,1.0276429e+04
 158.5472924,1.0260891e+04
 158.5677267,1.0253410e+04
 158.5881610,1.0250646e+04
 158.6085953,1.0243479e+04
 158.6290296,1.0236745e+04
 158.6494638,1.0231489e+04
 158.6698982,1.0215799e+04
 158.6903324,1.0204496e+04
 158.7107667,1.0200158e+04
 158.7312009,1.0189755e+04
 158.7516352,1.0185328e+04
 158.7720695,1.0177831e+04
 158.7925038,1.0163168e+04
 158.8129381,1.0150613e+04
 158.8333724,1.0149383e+04
 158.8538067,1.0140402e+04
 158.8742408,1.0137690e+04
 158.8946752,1.0129582e+04
 158.9151095,1.0129160e+04
 158.9355437,1.0113838e+04
 158.9559781,1.0101291e+04
 158.9764123,1.0097727e+04
 158.9968465,1.0097589e+04
 159.0172808,1.0093758e+04
 159.0377152,1.0074890e+04
 159.0581493,1.0075961e+04
 159.0785836,1.0064314e+04
 159.0990179,1.0062080e+04
 159.1194523,1.0051073e+04
 159.1398865,1.0046013e+04
 159.1603207,1.0036696e+04
 159.1807551,1.0031249e+04
 159.2011893,1.0020929e+04
 159.2216236,1.0024179e+04
 159.2420577,1.0015629e+04
 159.2624921,1.0007795e+04
 159.2829264,1.0004108e+04
 159.3033607,1.0000985e+04
 159.3237949,9.9917725e+03
 159.3442292,9.9903633e+03
 159.3646635,9.9849648e+03
 159.3850977,9.9769727e+03
 159.4055320,9.9675928e+03
 159.4259663,9.9740830e+03
 159.4464005,9.9490088e+03
 159.4668349,9.9612100e+03
 159.4872691,9.9650127e+03
 159.5077033,9.9553867e+03
 159.5281376,9.9542764e+03
 159.5485720,9.9456377e+03
 159.5690061,9.9544814e+03
 159.5894404,9.9473984e+03
 159.6098747,9.9481328e+03
 159.6303090,9.9517197e+03
 159.6507432,9.9452920e+03
 159.6711775,9.9416934e+03
 159.6916119,9.9408115e+03
 159.7120460,9.9414746e+03
 159.7324803,9.9401045e+03
 159.7529146,9.9362363e+03
 159.7733488,9.9414072e+03
 159.7937831,9.9423184e+03
 159.8142174,9.9377090e+03
 159.8346517,9.9334336e+03
 159.8550859,9.9345596e+03
 159.8755202,9.9416758e+03
 159.8959544,9.9404697e+03
 159.9163887,9.9488242e+03
 159.9368230,9.9413975e+03
 159.9572573,9.9451113e+03
 159.9776915,9.9497441e+03
 159.9981258,9.9526953e+03
 160.0185601,9.9547725e+03
 160.0389944,9.9754072e+03
 160.0594286,9.9677500e+03
 160.0798629,9.9606807e+03
 160.1002972,9.9832334e+03
 160.1207313,9.9727090e+03
 160.1411657,9.9820840e+03
 160.1616000,9.9928242e+03
 160.1820341,1.0009424e+04
 160.2024685,1.0009295e+04
 160.2229028,1.0022331e+04
 160.2433369,1.0027343e+04
 160.2637712,1.0026713e+04
 160.2842056,1.0040265e+04
 160.3046397,1.0053945e+04
 160.3250740,1.0058190e+04
 160.3455083,1.0069152e+04
 160.3659426,1.0080594e+04
 160.3863768,1.0087603e+04
 160.4068110,1.0099579e+04
 160.4272454,1.0106404e+04
 160.4476796,1.0112565e+04
 160.4681138,1.0122875e+04
 160.4885482,1.0125679e+04
 160.5089824,1.0135965e+04
 160.5294166,1.0160507e+04
 160.5498509,1.0159133e+04
 160.5702851,1.0164636e+04
 160.5907194,1.0182696e+04
 160.6111537,1.0195199e+04
 160.6315878,1.0200723e+04
 160.6520222,1.0204963e+04
 160.6724565,1.0217909e+04
 160.6928906,1.0234713e+04
 160.7133250,1.0237656e+04
 160.7337592,1.0250836e+04
 160.7541934,1.0262939e+04
 160.7746277,1.0271854e+04
 160.7950620,1.0278037e+04
 160.8154963,1.0298896e+04
 160.8359304,1.0306562e+04
 160.8563648,1.0322023e+04
 160.8767991,1.0331627e+04
 160.8972332,1.0334913e+04
 160.9176675,1.0336073e+04
 160.9381018,1.0349180e+04
 160.9585360,1.0366868e+04
 160.9789703,1.0378900e+04
 160.9994046,1.0390313e+04
 161.0198388,1.0400776e+04
 161.0402730,1.0408293e+04
 161.0607073,1.0426018e+04
 161.0811415,1.0429959e+04
 161.1015758,1.0437938e+04
 161.1220101,1.0454397e+04
 161.1424444,1.0464020e+04
 161.1628786,1.0479749e+04
 161.1833128,1.0486935e+04
 161.2037470,1.0497986e+04
 161.2241813,1.0504577e+04
 161.2446156,         null
 161.2650498,1.0531583e+04
 161.2854840,1.0541365e+04
 161.3059184,1.0550204e+04
 161.3263526,1.0565636e+04
 161.3467868,1.0571720e+04
 161.3672211,1.0574269e+04
 161.3876554,1.0596402e+04
 161.4080895,1.0597998e+04
 161.4285238,1.0608808e+04
 161.4489581,1.0614115e+04
 161.4693923,1.0619774e+04
 161.4898265,1.0625414e+04
 161.5102609,1.0642885e+04
 161.5306950,1.0633215e+04
 161.5511293,1.0647751e+04
 161.5715635,1.0655691e+04
 161.5919979,1.0660640e+04
 161.6124320,1.0668234e+04
 161.6328663,1.0661917e+04
 161.6533007,1.0660357e+04
 161.6737349,1.0680246e+04
 161.6941691,1.0677269e+04
 161.7146033,1.0691439e+04
 161.7350377,1.0697390e+04
 161.7554718,1.0696196e+04
 161.7759061,1.0700479e+04
 161.7963403,1.0710385e+04
 161.8167746,1.0721217e+04
 161.8372088,1.0726600e+04
 161.8576431,1.0721779e+04
 161.8780774,1.0727678e+04
 161.8985115,1.0726349e+04
 161.9189458,1.0734293e+04
 161.9393799,1.0742997e+04
 161.9598143,1.0747847e+04
 161.9802485,1.0738704e+04
 162.0006828,1.0750041e+04
 162.0211170,1.0742589e+04
 162.0415513,1.0749963e+04
 162.0619855,1.0761838e+04
 162.0824197,1.0762983e+04
 162.1028540,1.0761244e+04
 162.1232883,1.0760859e+04
 162.1437224,1.0768404e+04
 162.1641568,1.0770248e+04
 162.1845910,1.0766731e+04
 162.2050251,1.0771857e+04
 162.2254594,1.0771218e+04
 162.2458937,1.0765417e+04
 162.2663279,1.0771948e+04
 162.2867621,1.0772382e+04
 162.3071965,1.0780489e+04
 162.3276307,1.0777108e+04
 162.3480649,1.0778211e+04
 162.3684991,1.0779443e+04
 162.3889334,1.0763371e+04
 162.4093676,1.0770911e+04
 162.4298018,1.0773167e+04
 162.4502360,1.0773016e+04
 162.4706703,1.0768747e+04
 162.4911046,1.0759133e+04
 162.5115382,1.0762401e+04
 162.5319725,1.0764867e+04
 162.5524067,1.0761753e+04
 162.5728409,1.0763565e+04
 162.5932752,1.0761300e+04
 162.6137095,1.0758623e+04
 162.6341436,1.0761493e+04
 162.6545779,1.0765478e+04
 162.6750122,1.0766765e+04
 162.6954464,1.0766361e+04
 162.7158806,1.0757979e+04
 162.7363148,1.0752786e+04
 162.7567491,1.0756195e+04
 162.7771833,1.0753133e+04
 162.7976176,1.0749438e+04
 162.8180518,1.0754490e+04
 162.8384860,1.0748527e+04
 162.8589203,1.0743115e+04
 162.8793544,1.0751190e+04
 162.8997887,1.0745885e+04
 162.9202230,1.0740760e+04
 162.9406571,1.0736416e+04
 162.9610914,1.0734955e+04
 162.9815257,1.0735342e+04
 163.0019598,1.0735425e+04
 163.0223941,1.0724530e+04
 163.0428284,1.0723130e+04
 163.0632626,1.0735286e+04
 163.0836968,1.0732502e+04
 163.1041310,1.0719119e+04
 163.1245653,1.0725738e+04
 163.1449995,1.0726638e+04
 163.1654337,1.0725304e+04
 163.1858681,1.0717490e+04
 163.2063022,1.0710987e+04
 163.2267364,1.0718786e+04
 163.2471707,1.0715850e+04
 163.2676049,1.0710340e+04
 163.2880391,1.0701754e+04
 163.3084734,1.0713273e+04
 163.3289077,1.0694658e+04
 163.3493418,1.0707057e+04
 163.3697761,1.0696411e+04
 163.3902102,1.0694055e+04
 163.4106445,1.0693052e+04
 163.4310787,1.0679957e+04
 163.4515129,1.0693060e+04
 163.4719472,1.0688678e+04
 163.4923814,1.0684892e+04
 163.5128157,1.0685953e+04
 163.5332498,1.0680152e+04
 163.5536841,1.0687754e+04
 163.5741184,1.0684811e+04
 163.5945525,1.0685653e+04
 163.6149867,1.0672032e+04
 163.6354211,1.0676782e+04
 163.6558552,1.0664320e+04
 163.6762894,1.0660020e+04
 163.6967237,1.0661624e+04
 163.7171579,1.0661891e+04
 163.7375921,1.0649894e+04
 163.7580263,1.0643751e+04
 163.7784606,1.0640149e+04
 163.7988948,1.0635149e+04
 163.8193290,1.0633626e+04
 163.8397633,1.0625426e+04
 163.8601975,1.0622299e+04
 163.8806317,1.0623770e+04
 163.9010658,1.0612789e+04
 163.9215001,1.0606704e+04
 163.9419344,1.0593984e+04
 163.9623686,1.0591818e+04
 163.9828028,1.0587539e+04
 164.0032370,1.0583737e+04
 164.0236713,1.0580974e+04
 164.0441054,1.0578319e+04
 164.0645397,1.0562381e+04
 164.0849739,1.0557571e+04
 164.1054082,1.0544830e+04
 164.1258423,1.0541487e+04
 164.1462766,1.0534475e+04
 164.1667107,1.0526810e+04
 164.1871450,1.0517910e+04
 164.2075793,1.0518412e+04
 164.2280135,         null
 164.2484476,1.0501012e+04
 164.2688819,1.0499626e+04
 164.2893161,1.0491920e+04
 164.3097503,1.0488441e+04
 164.3301845,1.0482495e+04
 164.3506188,1.0470360e+04
 164.3710531,1.0460723e+04
 164.3914872,1.0460771e+04
 164.4119214,1.0453462e+04
 164.4323556,1.0450668e+04
 164.4527898,1.0438829e+04
 164.4732241,1.0431276e+04
 164.4936584,1.0423670e+04
 164.5140925,1.0412700e+04
 164.5345267,1.0408746e+04
 164.5549609,1.0391700e+04
 164.5753952,1.0388203e+04
 164.5958294,1.0385308e+04
 164.6162636,1.0376786e+04
 164.6366977,1.0364224e+04
 164.6571320,1.0365944e+04
 164.6775663,1.0350051e+04
 164.6980005,1.0345941e+04
 164.7184347,1.0337067e+04
 164.7388689,1.0334629e+04
 164.7593031,1.0316802e+04
 164.7797372,1.0308757e+04
 164.8001716,1.0300832e+04
 164.8206058,1.0294239e+04
 164.8410399,1.0285066e+04
 164.8614742,1.0278812e+04
 164.8819084,1.0260919e+04
 164.9023425,1.0256409e+04
 164.9227768,1.0252570e+04
 164.9432111,1.0240293e+04
 164.9636452,1.0229847e+04
 164.9840794,1.0218087e+04
