        TIME,  PDCSAP_FLUX
 131.5129277,3.2659156e+04
 131.5333621,3.2652752e+04
 131.5537964,3.2673557e+04
 131.5742306,3.2663225e+04
 131.5946649,3.2665949e+04
 131.6150993,3.2659930e+04
 131.6355335,3.2655605e+04
 131.6559678,3.2668814e+04
 131.6764023,3.2662666e+04
 131.6968366,3.2654619e+04
 131.7172708,3.2651760e+04
 131.7377051,3.2664342e+04
 131.7581395,3.2674557e+04
 131.7785737,3.2650686e+04
 131.7990080,3.2663012e+04
 131.8194424,3.2655346e+04
 131.8398766,3.2662086e+04
 131.8603109,3.2664869e+04
 131.8807453,3.2664023e+04
 131.9011796,3.2649527e+04
 131.9216139,3.2646861e+04
 131.9420482,3.2652488e+04
 131.9624825,3.2646225e+04
 131.9829168,3.2650270e+04
 132.0033511,3.2639064e+04
 132.0237853,3.2645564e+04
 132.0442197,3.2646311e+04
 132.0646540,3.2645166e+04
 132.0850882,3.2643119e+04
 132.1055225,3.2653906e+04
 132.1259570,3.2653600e+04
 132.1463912,3.2652348e+04
 132.1668255,3.2647650e+04
 132.1872599,3.2639617e+04
 132.2076942,3.2648826e+04
 132.2281284,3.2634016e+04
 132.2485627,3.2635297e+04
 132.2689971,3.2645334e+04
 132.2894313,3.2645568e+04
 132.3098656,3.2644354e+04
 132.3303000,3.2633912e+04
 132.3507342,3.2641152e+04
 132.3711685,3.2638930e+04
 132.3916028,3.2647213e+04
 132.4120372,3.2629627e+04
 132.4324715,3.2632381e+04
 132.4529058,3.2651713e+04
 132.4733402,3.2631244e+04
 132.4937744,3.2640273e+04
 132.5142087,3.2641973e+04
 132.5346429,3.2628791e+04
 132.5550773,3.2632510e+04
 132.5755116,3.2635029e+04
 132.5959458,3.2645078e+04
 132.6163802,3.2647736e+04
 132.6368145,3.2636762e+04
 132.6572488,3.2633705e+04
 132.6776830,3.2642811e+04
 132.6981174,3.2635627e+04
 132.7185517,3.2638125e+04
 132.7389859,3.2634822e+04
 132.7594203,3.2645621e+04
 132.7798546,3.2624646e+04
 132.8002888,3.2650312e+04
 132.8207231,3.2632629e+04
 132.8411575,3.2639504e+04
 132.8615918,3.2630777e+04
 132.8820261,3.2625242e+04
 132.9024605,3.2635938e+04
 132.9228947,3.2628033e+04
 132.9433290,3.2640338e+04
 132.9637633,3.2639148e+04
 132.9841977,3.2633537e+04
 133.0046319,3.2646984e+04
 133.0250662,3.2652375e+04
 133.0455005,3.2638145e+04
 133.0659348,3.2649725e+04
 133.0863691,3.2658719e+04
 133.1068034,3.2639959e+04
 133.1272377,3.2658871e+04
 133.1476720,3.2647596e+04
 133.1681063,3.2642686e+04
 133.1885406,3.2643924e+04
 133.2089750,3.2649633e+04
 133.2294092,3.2641844e+04
 133.2498435,3.2636203e+04
 133.2702778,3.2652861e+04
 133.2907121,3.2643385e+04
 133.3111464,3.2643049e+04
 133.3315806,3.2652264e+04
 133.3520150,3.2660893e+04
 133.3724493,3.2647268e+04
 133.3928836,3.2647465e+04
 133.4133179,3.2655084e+04
 133.4337522,3.2659143e+04
 133.4541865,3.2668875e+04
 133.4746207,3.2661416e+04
 133.4950551,3.2666225e+04
 133.5154894,3.2669943e+04
 133.5359236,3.2672014e+04
 133.5563580,3.2661834e+04
 133.5767923,3.2674535e+04
 133.5972265,3.2667709e+04
 133.6176608,3.2667832e+04
 133.6380952,3.2667785e+04
 133.6585295,3.2660930e+04
 133.6789637,3.2675639e+04
 133.6993981,3.2681959e+04
 133.7198324,3.2669723e+04
 133.7402666,3.2678982e+04
 133.7607008,3.2685895e+04
 133.7811352,3.2686904e+04
 133.8015694,3.2693064e+04
 133.8220037,3.2685018e+04
 133.8424380,3.2689355e+04
 133.8628723,3.2694889e+04
 133.8833066,3.2687756e+04
 133.9037409,3.2698811e+04
 133.9241752,3.2701182e+04
 133.9446095,3.2696918e+04
 133.9650438,3.2716693e+04
 133.9854780,3.2688949e+04
 134.0059124,3.2721633e+04
 134.0263467,3.2712768e+04
 134.0467809,3.2703234e+04
 134.0672153,3.2705471e+04
 134.0876496,3.2710877e+04
 134.1080838,3.2708326e+04
 134.1285181,3.2710258e+04
 134.1489525,3.2719840e+04
 134.1693868,3.2715344e+04
 134.1898209,3.2704695e+04
 134.2102553,3.2707096e+04
 134.2306896,3.2719686e+04
 134.2511238,3.2711596e+04
 134.2715581,3.2730352e+04
 134.2919925,3.2727381e+04
 134.3124267,3.2728688e+04
 134.3328610,3.2733096e+04
 134.3532954,3.2715643e+04
 134.3737296,3.2724182e+04
 134.3941639,         null
 134.4145982,3.2735148e+04
 134.4350325,3.2723480e+04
 134.4554668,3.2738701e+04
 134.4759011,3.2741244e+04
 134.4963354,3.2748111e+04
 134.5167696,3.2743721e+04
 134.5372039,3.2731428e+04
 134.5576381,3.2735666e+04
 134.5780725,3.2742197e+04
 134.5985068,3.2729043e+04
 134.6189410,3.2747162e+04
 134.6393753,3.2744289e+04
 134.6598097,3.2748812e+04
 134.6802440,3.2736930e+04
 134.7006783,3.2733893e+04
 134.7211125,3.2731988e+04
 134.7415468,3.2738057e+04
 134.7619810,3.2755887e+04
 134.7824153,3.2740428e+04
 134.8028497,3.2766453e+04
 134.8232840,3.2736271e+04
 134.8437182,3.2762000e+04
 134.8641526,3.2741166e+04
 134.8845869,3.2746232e+04
 134.9050211,3.2758879e+04
 134.9254553,3.2745334e+04
 134.9458897,3.2762785e+04
 134.9663240,3.2755178e+04
 134.9867582,3.2749146e+04
 135.0071926,3.2754402e+04
 135.0276269,3.2746914e+04
 135.0480611,3.2755092e+04
 135.0684954,3.2767977e+04
 135.0889297,3.2761531e+04
 135.1093639,3.2767008e+04
 135.1297982,3.2753875e+04
 135.1502326,3.2768496e+04
 135.1706669,3.2751266e+04
 135.1911011,3.2763525e+04
 135.2115354,3.2751859e+04
 135.2319698,3.2750195e+04
 135.2524039,3.2763371e+04
 135.2728382,3.2759094e+04
 135.2932724,3.2763496e+04
 135.3137068,3.2757221e+04
 135.3341411,3.2759367e+04
 135.3545753,3.2768000e+04
 135.3750097,3.2774121e+04
 135.3954439,3.2769227e+04
 135.4158782,3.2766145e+04
 135.4363124,3.2754967e+04
 135.4567468,3.2744818e+04
 135.4771811,3.2759256e+04
 135.4976153,3.2756492e+04
 135.5180496,3.2760768e+04
 135.5384839,3.2758346e+04
 135.5589181,3.2759797e+04
 135.5793524,3.2757178e+04
 135.5997868,3.2757307e+04
 135.6202210,3.2765914e+04
 135.6406553,3.2760373e+04
 135.6610896,3.2767787e+04
 135.6815239,3.2758801e+04
 135.7019581,3.2774488e+04
 135.7223924,3.2760020e+04
 135.7428268,3.2767863e+04
 135.7632610,3.2766520e+04
 135.7836952,3.2765861e+04
 135.8041296,3.2759963e+04
 135.8245638,3.2754912e+04
 135.8449981,3.2760818e+04
 135.8654324,3.2774742e+04
 135.8858666,3.2754861e+04
 135.9063009,3.2764477e+04
 135.9267352,3.2761174e+04
 135.9471694,3.2758191e+04
 135.9676038,3.2766988e+04
 135.9880381,3.2767900e+04
 136.0084722,3.2771629e+04
 136.0289066,3.2764887e+04
 136.0493409,3.2769953e+04
 136.0697751,3.2760689e+04
 136.0902094,3.2776742e+04
 136.1106437,3.2768164e+04
 136.1310780,3.2770445e+04
 136.1515122,3.2763723e+04
 136.1719466,3.2766936e+04
 136.1923809,3.2767553e+04
 136.2128150,3.2769406e+04
 136.2332493,3.2767033e+04
 136.2536837,3.2757939e+04
 136.2741179,3.2769414e+04
 136.2945522,3.2767600e+04
 136.3149865,3.2749820e+04
 136.3354207,3.2757977e+04
 136.3558550,3.2756574e+04
 136.3762893,3.2760188e+04
 136.3967235,3.2744578e+04
 136.4171578,3.2763520e+04
 136.4375921,3.2769129e+04
 136.4580265,3.2746199e+04
 136.4784607,3.2764268e+04
 136.4988949,3.2754742e+04
 136.5193292,3.2764295e+04
 136.5397635,3.2750311e+04
 136.5601978,3.2762262e+04
 136.5806320,3.2755986e+04
 136.6010663,3.2761773e+04
 136.6215006,3.2759443e+04
 136.6419349,3.2756707e+04
 136.6623691,3.2760607e+04
 136.6828034,3.2754285e+04
 136.7032377,3.2750824e+04
 136.7236720,3.2765105e+04
 136.7441062,3.2751324e+04
 136.7645405,3.2762023e+04
 136.7849748,3.2754408e+04
 136.8054090,3.2750814e+04
 136.8258434,3.2754721e+04
 136.8462776,3.2758689e+04
 136.8667119,3.2751855e+04
 136.8871461,3.2762678e+04
 136.9075804,3.2754525e+04
 136.9280147,3.2745273e+04
 136.9484489,3.2759512e+04
 136.9688833,3.2760750e+04
 136.9893175,3.2759111e+04
 137.0097517,3.2755172e+04
 137.0301860,3.2750158e+04
 137.0506204,3.2748264e+04
 137.0710545,3.2762238e+04
 137.0914888,3.2754959e+04
 137.1119232,3.2761900e+04
 137.1323574,3.2751580e+04
 137.1527916,3.2759717e+04
 137.1732259,3.2750473e+04
 137.1936603,3.2748664e+04
 137.2140944,3.2758949e+04
 137.2345287,3.2747156e+04
 137.2549629,3.2759461e+04
 137.2753973,3.2756852e+04
 137.2958315,3.2748684e+04
 137.3162657,3.2748762e+04
 137.3367001,3.2751623e+04
 137.3571343,3.2749383e+04
 137.3775686,         null
 137.3980028,3.2744092e+04
 137.4184372,3.2755471e+04
 137.4388714,3.2757561e+04
 137.4593056,3.2754312e+04
 137.4797400,3.2752188e+04
 137.5001742,3.2753982e+04
 137.5206084,3.2752773e+04
 137.5410427,3.2755135e+04
 137.5614771,3.2765213e+04
 137.5819112,3.2751402e+04
 137.6023455,3.2756512e+04
 137.6227799,3.2760949e+04
 137.6432141,3.2727480e+04
 137.6636483,3.2743660e+04
 137.6840826,3.2750150e+04
 137.7045169,3.2736703e+04
 137.7249511,3.2736557e+04
 137.7453854,3.2746988e+04
 137.7658197,3.2734066e+04
 137.7862539,3.2742783e+04
 137.8066882,3.2741855e+04
 137.8271223,3.2738463e+04
 137.8475567,3.2738900e+04
 137.8679910,3.2740891e+04
 137.8884252,3.2733387e+04
 137.9088594,3.2742406e+04
 137.9292938,3.2726746e+04
 137.9497280,3.2752439e+04
 137.9701622,3.2742557e+04
 137.9905966,3.2740291e+04
 138.0110308,3.2746623e+04
 138.0314650,3.2740002e+04
 138.0518993,3.2736604e+04
 138.0723336,3.2750754e+04
 138.0927679,3.2741328e+04
 138.1132021,3.2742926e+04
 138.1336364,3.2744027e+04
 138.1540707,3.2753215e+04
 138.1745049,3.2744980e+04
 138.1949391,3.2745430e+04
 138.2153735,3.2742926e+04
 138.2358078,3.2740209e+04
 138.2562419,3.2747924e+04
 138.2766763,3.2746932e+04
 138.2971105,3.2742693e+04
 138.3175447,3.2753527e+04
 138.3379790,3.2744869e+04
 138.3584133,3.2753203e+04
 138.3788476,3.2749455e+04
 138.3992818,3.2749582e+04
 138.4197161,3.2769785e+04
 138.4401504,3.2754172e+04
 138.4605846,3.2741156e+04
 138.4810188,3.2760879e+04
 138.5014532,3.2762018e+04
 138.5218873,3.2769676e+04
 138.5423216,3.2761062e+04
 138.5627559,3.2762475e+04
 138.5831901,3.2744975e+04
 138.6036244,3.2742131e+04
 138.6240587,3.2735756e+04
 138.6444929,3.2739930e+04
 138.6649272,3.2754277e+04
 138.6853614,3.2750689e+04
 138.7057956,3.2760957e+04
 138.7262300,3.2767998e+04
 138.7466642,3.2770926e+04
 138.7670984,3.2770543e+04
 138.7875327,3.2765328e+04
 138.8079670,3.2772980e+04
 138.8284012,3.2776176e+04
 138.8488354,3.2774391e+04
 138.8692698,3.2783910e+04
 138.8897040,3.2780102e+04
 138.9101382,3.2777270e+04
 138.9305726,3.2786883e+04
 138.9510068,3.2796008e+04
 138.9714410,3.2800965e+04
 138.9918752,3.2788098e+04
 139.0123096,3.2791855e+04
 139.0327437,3.2795688e+04
 139.0531780,3.2800555e+04
 139.0736124,3.2800234e+04
 139.0940465,3.2796512e+04
 139.1144808,3.2805730e+04
 139.1349150,3.2796273e+04
 139.1553493,3.2809023e+04
 139.1757835,3.2801324e+04
 139.1962178,3.2803543e+04
 139.2166520,3.2806293e+04
 139.2370863,3.2800281e+04
 139.2575206,3.2808805e+04
 139.2779547,3.2813422e+04
 139.2983891,3.2831312e+04
 139.3188233,3.2809781e+04
 139.3392576,3.2811578e+04
 139.3596918,3.2820918e+04
 139.3801261,3.2821914e+04
 139.4005604,3.2835430e+04
 139.4209945,3.2823266e+04
 139.4414289,3.2835156e+04
 139.4618631,3.2817207e+04
 139.4822973,3.2816617e+04
 139.5027315,3.2838336e+04
 139.5231659,3.2826309e+04
 139.5436000,3.2831188e+04
 139.5640343,3.2826582e+04
 139.5844687,3.2841965e+04
 139.6049028,3.2830484e+04
 139.6253371,3.2844852e+04
 139.6457713,3.2842910e+04
 139.6662057,3.2852758e+04
 139.6866398,3.2838125e+04
 139.7070741,3.2849301e+04
 139.7275083,3.2852250e+04
 139.7479426,3.2854293e+04
 139.7683768,3.2845434e+04
 139.7888111,3.2851953e+04
 139.8092453,3.2855973e+04
 139.8296796,3.2858953e+04
 139.8501138,3.2853379e+04
 139.8705481,3.2861773e+04
 139.8909823,3.2863070e+04
 139.9114166,3.2860301e+04
 139.9318508,3.2871148e+04
 139.9522852,3.2866590e+04
 139.9727194,3.2861820e+04
 139.9931536,3.2871469e+04
 140.0135878,3.2869336e+04
 140.0340221,3.2875430e+04
 140.0544564,3.2886328e+04
 140.0748906,3.2875016e+04
 140.0953249,3.2885305e+04
 140.1157591,3.2880668e+04
 140.1361934,3.2878289e+04
 140.1566275,3.2879629e+04
 140.1770619,3.2881492e+04
 140.1974961,3.2876801e+04
 140.2179302,3.2894691e+04
 140.2383646,3.2889074e+04
 140.2587988,3.2880996e+04
 140.2792330,3.2882578e+04
 140.2996672,3.2873672e+04
 140.3201016,3.2886641e+04
 140.3405357,3.2903086e+04
 140.3609700,         null
 140.3814042,3.2892723e+04
 140.4018386,3.2907965e+04
 140.4222727,3.2895242e+04
 140.4427070,3.2902141e+04
 140.4631413,3.2908344e+04
 140.4835755,3.2912566e+04
 140.5040097,3.2906805e+04
 140.5244439,3.2907488e+04
 140.5448782,3.2906641e+04
 140.5653125,3.2896055e+04
 140.5857467,3.2894484e+04
 140.6061809,3.2899664e+04
 140.6266152,3.2914531e+04
 140.6470494,3.2912969e+04
 140.6674836,3.2904938e+04
 140.6879179,3.2928332e+04
 140.7083522,3.2913344e+04
 140.7287863,3.2918625e+04
 140.7492207,3.2921426e+04
 140.7696549,3.2933367e+04
 140.7900891,3.2905656e+04
 140.8105233,3.2923801e+04
 140.8309576,3.2935359e+04
 140.8513919,3.2928066e+04
 140.8718260,3.2938363e+04
 140.8922603,3.2942016e+04
 140.9126946,3.2922516e+04
 140.9331288,3.2931125e+04
 140.9535630,3.2929355e+04
 140.9739973,3.2932293e+04
 140.9944315,3.2938641e+04
 141.0148657,3.2940602e+04
 141.0353000,3.2932973e+04
 141.0557342,3.2936059e+04
 141.0761685,3.2941844e+04
 141.0966027,3.2939371e+04
 141.1170369,3.2955148e+04
 141.1374712,3.2944281e+04
 141.1579054,3.2943680e+04
 141.1783396,3.2944629e+04
 141.1987739,3.2944582e+04
 141.2192081,3.2948605e+04
 141.2396423,3.2960559e+04
 141.2600766,3.2960652e+04
 141.2805109,3.2935398e+04
 141.3009450,3.2942457e+04
 141.3213792,3.2946637e+04
 141.3418136,3.2944160e+04
 141.3622478,3.2950566e+04
 141.3826820,3.2944930e+04
 141.4031162,3.2949938e+04
 141.4235505,3.2953211e+04
 141.4439848,3.2963379e+04
 141.4644189,3.2954582e+04
 141.4848533,3.2957594e+04
 141.5052875,3.2951000e+04
 141.5257216,3.2965188e+04
 141.5461559,3.2955215e+04
 141.5665901,3.2962793e+04
 141.5870245,3.2954824e+04
 141.6074586,3.2969801e+04
 141.6278929,3.2955129e+04
 141.6483272,3.2963008e+04
 141.6687613,3.2955633e+04
 141.6891955,3.2964391e+04
 141.7096299,3.2970938e+04
 141.7300640,3.2958039e+04
 141.7504982,3.2970461e+04
 141.7709326,3.2957680e+04
 141.7913667,3.2977898e+04
 141.8118010,3.2960340e+04
 141.8322352,3.2958430e+04
 141.8526694,3.2966480e+04
 141.8731037,3.2969680e+04
 141.8935379,3.2967980e+04
 141.9139722,3.2973062e+04
 141.9344064,3.2971535e+04
 141.9548406,3.2968305e+04
 141.9752747,3.2951191e+04
 141.9957091,3.2963047e+04
 142.0161433,3.2961234e+04
 142.0365774,3.2971711e+04
 142.0570117,3.2960297e+04
 142.0774460,3.2951828e+04
 142.0978802,3.2965941e+04
 142.1183144,3.2963590e+04
 142.1387487,3.2959703e+04
 142.1591829,3.2964020e+04
 142.1796171,3.2960152e+04
 142.2000513,3.2959797e+04
 142.2204856,3.2965051e+04
 142.2409198,3.2954477e+04
 142.2613540,3.2962762e+04
 142.2817883,3.2963582e+04
 142.3022225,3.2949570e+04
 142.3226567,3.2952000e+04
 142.3430909,3.2956605e+04
 142.3635253,3.2948633e+04
 142.3839594,3.2959559e+04
 142.4043936,3.2949805e+04
 142.4248280,3.2949777e+04
 142.4452621,3.2953133e+04
 142.4656963,3.2955113e+04
 142.4861304,3.2935879e+04
 142.5065648,3.2944527e+04
 142.5269990,3.2934270e+04
 142.5474332,3.2949332e+04
 142.5678674,3.2940180e+04
 142.5883017,3.2950422e+04
 142.6087359,3.2942738e+04
 142.6291701,3.2931855e+04
 142.6496044,3.2944105e+04
 142.6700386,3.2928242e+04
 142.6904727,3.2942074e+04
 142.7109070,3.2927047e+04
 142.7313413,3.2933293e+04
 142.7517754,3.2936633e+04
 142.7722097,3.2940582e+04
 142.7926440,3.2934711e+04
 142.8130781,3.2934449e+04
 142.8335123,3.2926555e+04
 142.8539466,3.2921090e+04
 142.8743809,3.2927105e+04
 142.8948150,3.2914867e+04
 142.9152492,3.2915754e+04
 142.9356836,3.2909227e+04
 142.9561177,3.2914062e+04
 142.9765519,3.2915883e+04
 142.9969861,3.2910230e+04
 143.0174204,3.2914562e+04
 143.0378546,3.2918523e+04
 143.0582888,3.2912234e+04
 143.0787231,3.2903293e+04
 143.0991573,3.2904141e+04
 143.1195915,3.2900078e+04
 143.1400257,3.2899492e+04
 143.1604600,3.2898664e+04
 143.1808942,3.2904422e+04
 143.2013283,3.2887484e+04
 143.2217625,3.2890758e+04
 143.2421969,3.2872762e+04
 143.2626311,3.2889586e+04
 143.2830653,3.2876582e+04
 143.3034995,3.2881809e+04
 143.3239337,3.2874816e+04
 143.3443680,         null
 143.3648021,3.2901770e+04
 143.3852364,3.2876871e+04
 143.4056706,3.2882777e+04
 143.4261048,3.2875062e+04
 143.4465391,3.2865027e+04
 143.4669733,3.2876188e+04
 143.4874074,3.2867141e+04
 143.5078416,3.2865207e+04
 143.5282760,3.2857270e+04
 143.5487102,3.2868508e+04
 143.5691443,3.2854227e+04
 143.5895786,3.2872664e+04
 143.6100129,3.2859301e+04
 143.6304470,3.2870074e+04
 143.6508812,3.2863664e+04
 143.6713155,3.2865531e+04
 143.6917496,3.2860816e+04
 143.7121839,3.2850594e+04
 143.7326181,3.2856207e+04
 143.7530523,3.2846117e+04
 143.7734865,3.2855098e+04
 143.7939207,3.2839844e+04
 143.8143550,3.2843086e+04
 143.8347892,3.2845703e+04
 143.8552234,3.2850121e+04
 143.8756575,3.2836195e+04
 143.8960918,3.2844219e+04
 143.9165260,3.2837246e+04
 143.9369602,3.2838031e+04
 143.9573945,3.2831945e+04
 143.9778287,3.2839141e+04
 143.9982628,3.2824980e+04
 144.0186970,3.2828676e+04
 144.0391314,3.2819008e+04
 144.0595656,3.2826086e+04
 144.0799997,3.2820051e+04
 144.1004340,3.2841047e+04
 144.1208682,3.2829402e+04
 144.1413023,3.2817664e+04
 144.1617366,3.2823109e+04
 144.1821709,3.2818641e+04
 144.2026050,3.2820129e+04
 144.2230392,3.2815957e+04
 144.2434735,3.2813383e+04
 144.2639076,3.2811008e+04
 144.2843418,3.2822719e+04
 144.3047761,3.2818094e+04
 144.3252103,3.2805820e+04
 144.3456445,3.2821312e+04
 144.3660787,3.2815918e+04
 144.3865128,3.2800324e+04
 144.4069471,3.2808582e+04
 144.4273813,3.2805270e+04
 144.4478155,3.2801309e+04
 144.4682498,3.2800781e+04
 144.4886840,3.2799102e+04
 144.5091181,3.2788121e+04
 144.5295523,3.2809305e+04
 144.5499866,3.2792688e+04
 144.5704208,3.2789641e+04
 144.5908549,3.2784008e+04
 144.6112893,3.2787219e+04
 144.6317235,3.2768867e+04
 144.6521576,3.2793543e+04
 144.6725918,3.2787539e+04
 144.6930261,3.2795895e+04
 144.7134602,3.2786824e+04
 144.7338944,3.2778246e+04
 144.7543287,3.2781273e+04
 144.7747629,3.2793348e+04
 144.7951971,3.2779027e+04
 144.8156313,3.2774879e+04
 144.8360656,3.2770105e+04
 144.8564997,3.2759896e+04
 144.8769339,3.2774477e+04
 144.8973681,3.2776090e+04
 144.9178023,3.2764582e+04
 144.9382365,3.2768750e+04
 144.9586707,3.2767182e+04
 144.9791051,3.2761248e+04
 144.9995392,3.2765938e+04
 145.0199734,3.2755768e+04
 145.0404076,3.2755516e+04
 145.0608418,3.2774250e+04
 145.0812760,3.2762037e+04
 145.1017102,3.2756396e+04
 145.1221445,3.2760920e+04
 145.1425786,3.2773930e+04
 145.1630128,3.2757693e+04
 145.1834469,3.2744834e+04
 145.2038812,3.2773383e+04
 145.2243154,3.2756059e+04
 145.2447496,3.2761600e+04
 145.2651839,3.2750389e+04
 145.2856181,3.2744895e+04
 145.3060523,3.2749465e+04
 145.3264864,3.2756219e+04
 145.3469207,3.2738965e+04
 145.3673549,3.2744035e+04
 145.3877890,3.2744432e+04
 145.4082233,3.2749521e+04
 145.4286575,3.2738156e+04
 145.4490916,3.2749020e+04
 145.4695258,3.2739330e+04
 145.4899601,3.2743465e+04
 145.5103942,3.2741488e+04
 145.5308284,3.2743527e+04
 145.5512626,3.2740412e+04
 145.5716969,3.2733604e+04
 145.5921310,3.2733285e+04
 145.6125652,3.2731701e+04
 145.6329995,3.2721699e+04
 145.6534337,3.2734021e+04
 145.6738679,3.2742615e+04
 145.6943020,3.2726648e+04
 145.7147363,3.2721275e+04
 145.7351705,3.2719656e+04
 145.7556047,3.2726117e+04
 145.7760389,3.2712627e+04
 145.7964731,3.2720311e+04
 145.8169073,3.2716201e+04
 145.8373414,3.2717631e+04
 145.8577757,3.2727324e+04
 145.8782099,3.2727404e+04
 145.8986440,3.2717732e+04
 145.9190783,3.2722029e+04
 145.9395125,3.2725260e+04
 145.9599466,3.2722975e+04
 145.9803808,3.2723764e+04
 146.0008151,3.2717928e+04
 146.0212493,3.2737230e+04
 146.0416834,3.2715631e+04
 146.0621177,3.2707123e+04
 146.0825519,3.2703580e+04
 146.1029860,3.2705441e+04
 146.1234202,3.2714914e+04
 146.1438545,3.2703973e+04
 146.1642886,3.2708525e+04
 146.1847228,3.2707006e+04
 146.2051570,3.2708236e+04
 146.2255912,3.2712414e+04
 146.2460254,3.2722395e+04
 146.2664596,3.2710117e+04
 146.2868938,3.2717988e+04
 146.3073280,3.2723529e+04
 146.3277622,         null
 146.3481963,3.2712375e+04
 146.3686305,3.2714121e+04
 146.3890647,3.2714400e+04
 146.4094988,3.2708486e+04
 146.4299331,3.2698346e+04
 146.4503673,3.2710713e+04
 146.4708014,3.2709066e+04
 146.4912357,3.2718891e+04
 146.5116699,3.2703859e+04
 146.5321041,3.2706867e+04
 146.5525382,3.2714736e+04
 146.5729725,3.2723566e+04
 146.5934067,3.2721963e+04
 146.6138409,3.2709678e+04
 146.6342750,3.2701342e+04
 146.6547093,3.2719738e+04
 146.6751435,3.2696113e+04
 146.6955776,3.2717852e+04
 146.7160119,3.2719242e+04
 146.7364461,3.2714926e+04
 146.7568803,3.2714889e+04
 146.7773143,3.2727445e+04
 146.7977486,3.2701754e+04
 146.8181828,3.2731791e+04
 146.8386169,3.2716205e+04
 146.8590511,3.2720594e+04
 146.8794854,3.2729062e+04
 146.8999195,3.2705629e+04
 146.9203537,3.2717734e+04
 146.9407880,3.2731033e+04
 146.9612221,3.2721064e+04
 146.9816563,3.2728998e+04
 147.0020905,3.2735232e+04
 147.0225246,3.2714264e+04
 147.0429588,3.2722541e+04
 147.0633930,3.2712371e+04
 147.0838273,3.2726936e+04
 147.1042614,3.2713938e+04
 147.1246956,3.2711164e+04
 147.1451297,3.2728553e+04
 147.1655640,3.2709568e+04
 147.1859982,3.2719523e+04
 147.2064323,3.2711592e+04
 147.2268665,3.2718076e+04
 147.2473007,3.2712504e+04
 147.2677349,3.2735822e+04
 147.2881690,3.2725732e+04
 147.3086033,3.2729037e+04
 147.3290375,3.2724088e+04
 147.3494716,3.2723516e+04
 147.3699058,3.2717951e+04
 147.3903401,3.2726779e+04
 147.4107741,3.2728752e+04
 147.4312083,3.2724379e+04
 147.4516426,3.2738311e+04
 147.4720767,3.2722527e+04
 147.4925109,3.2724893e+04
 147.5129451,3.2743363e+04
 147.5333794,3.2727035e+04
 147.5538134,3.2719938e+04
 147.5742476,3.2734266e+04
 147.5946819,3.2728918e+04
 147.6151160,3.2730461e+04
 147.6355502,3.2725986e+04
 147.6559843,3.2739012e+04
 147.6764186,3.2738383e+04
 147.6968527,3.2733480e+04
 147.7172868,3.2737242e+04
 147.7377211,3.2730486e+04
 147.7581553,3.2743910e+04
 147.7785895,3.2724332e+04
 147.7990236,3.2734578e+04
 147.8194578,3.2729969e+04
 147.8398920,3.2740627e+04
 147.8603261,3.2729904e+04
 147.8807603,3.2734189e+04
 147.9011946,         null
 147.9216287,3.2728740e+04
 147.9420628,3.2742945e+04
 147.9624971,3.2739711e+04
 147.9829312,3.2739273e+04
 148.0033654,3.2737684e+04
 148.0237996,3.2730613e+04
 148.0442339,3.2748637e+04
 148.0646679,3.2740621e+04
 148.0851021,3.2742275e+04
 148.1055364,3.2736646e+04
 148.1259705,3.2751613e+04
 148.1464047,3.2743951e+04
 148.1668388,3.2740295e+04
 148.1872730,3.2746723e+04
 148.2077072,3.2739900e+04
 148.2281414,3.2759709e+04
 148.2485757,3.2738441e+04
 148.2690097,3.2751729e+04
 148.2894439,3.2732064e+04
 148.3098781,3.2743117e+04
 148.3303123,3.2743584e+04
 148.3507465,3.2756039e+04
 148.3711806,3.2745492e+04
 148.3916147,3.2743281e+04
 148.4120490,3.2743127e+04
 148.4324832,3.2744266e+04
 148.4529173,3.2740701e+04
 148.4733515,3.2745418e+04
 148.4937857,3.2745131e+04
 148.5142199,3.2741127e+04
 148.5346540,3.2740021e+04
 148.5550882,3.2752209e+04
 148.5755224,3.2750490e+04
 148.5959565,3.2735727e+04
 148.6163908,3.2747469e+04
 148.6368249,3.2747092e+04
 148.6572590,3.2743684e+04
 148.6776932,3.2759436e+04
 148.6981275,3.2749342e+04
 148.7185615,3.2746127e+04
 148.7389957,3.2744795e+04
 148.7594300,3.2740434e+04
 148.7798642,3.2743635e+04
 148.8002982,3.2747383e+04
 148.8207324,3.2757268e+04
 148.8411667,3.2750680e+04
 148.8616008,3.2756762e+04
 148.8820349,3.2752951e+04
 148.9024692,3.2752346e+04
 148.9229033,3.2750701e+04
 148.9433375,3.2747887e+04
 148.9637716,3.2740402e+04
 148.9842058,3.2745988e+04
 149.0046400,3.2752963e+04
 149.0250741,3.2756080e+04
 149.0455082,3.2742273e+04
 149.0659425,3.2744475e+04
 149.0863767,3.2744057e+04
 149.1068107,3.2737604e+04
 149.1272450,3.2749455e+04
 149.1476792,3.2750746e+04
 149.1681133,3.2751268e+04
 149.1885474,3.2750850e+04
 149.2089817,3.2752934e+04
 149.2294159,3.2748137e+04
 149.2498499,3.2756393e+04
 149.2702842,3.2767207e+04
 149.2907184,3.2761408e+04
 149.3111524,         null
 149.3315866,3.2752172e+04
 149.3520209,3.2762900e+04
 149.3724550,3.2759137e+04
 149.3928891,3.2760850e+04
 149.4133234,3.2757928e+04
 149.4337575,3.2761012e+04
 149.4541916,3.2753562e+04
 149.4746258,3.2756738e+04
 149.4950600,3.2755896e+04
 149.5154941,3.2766160e+04
 149.5359283,3.2755238e+04
 149.5563626,3.2751197e+04
 149.5767966,3.2758584e+04
 149.5972308,3.2764238e+04
 149.6176649,3.2755045e+04
 149.6380991,3.2766273e+04
 149.6585333,3.2746178e+04
 149.6789674,3.2757760e+04
 149.6994015,3.2750545e+04
 149.7198358,3.2740854e+04
 149.7402700,3.2746154e+04
 149.7607040,3.2734668e+04
 149.7811383,3.2763619e+04
 149.8015725,3.2751818e+04
 149.8220065,3.2747791e+04
 149.8424407,3.2769887e+04
 149.8628750,3.2755736e+04
 149.8833091,3.2758297e+04
 149.9037432,3.2747844e+04
 149.9241774,3.2741531e+04
 149.9446116,3.2753994e+04
 149.9650458,3.2738168e+04
 149.9854798,3.2738957e+04
 150.0059141,3.2738857e+04
 150.0263483,3.2735592e+04
 150.0467823,3.2745189e+04
 150.0672166,3.2742482e+04
 150.0876508,3.2754939e+04
 150.1080848,3.2736434e+04
 150.1285190,3.2739510e+04
 150.1489532,3.2737789e+04
 150.1693873,3.2746830e+04
 150.1898215,3.2755787e+04
 150.2102557,3.2746527e+04
 150.2306898,3.2748736e+04
 150.2511239,3.2727760e+04
 150.2715581,3.2732275e+04
 150.2919924,3.2732236e+04
 150.3124264,3.2735424e+04
 150.3328606,3.2720164e+04
 150.3532946,3.2740883e+04
 150.3737289,3.2732205e+04
 150.3941631,3.2740721e+04
 150.4145971,3.2734305e+04
 150.4350314,3.2732525e+04
 150.4554655,3.2725082e+04
 150.4758997,3.2729000e+04
 150.4963338,3.2727342e+04
 150.5167680,3.2746363e+04
 150.5372022,3.2734951e+04
 150.5576362,3.2742729e+04
 150.5780705,3.2744557e+04
 150.5985047,3.2743695e+04
 150.6189387,3.2719600e+04
 150.6393729,3.2729432e+04
 150.6598071,3.2736973e+04
 150.6802412,3.2732273e+04
 150.7006753,3.2727295e+04
 150.7211096,3.2730598e+04
 150.7415438,3.2732648e+04
 150.7619778,3.2726207e+04
 150.7824120,3.2729096e+04
 150.8028462,3.2726861e+04
 150.8232803,3.2726359e+04
 150.8437144,3.2739799e+04
 150.8641487,3.2749045e+04
 150.8845827,3.2735906e+04
 150.9050169,3.2718834e+04
 150.9254510,3.2736615e+04
 150.9458852,3.2723520e+04
 150.9663194,3.2742303e+04
 150.9867535,3.2731309e+04
 151.0071876,3.2736246e+04
 151.0276218,3.2727930e+04
 151.0480560,3.2726533e+04
 151.0684900,3.2736766e+04
 151.0889243,3.2734658e+04
 151.1093584,3.2731732e+04
 151.1297925,3.2741795e+04
 151.1502266,3.2735189e+04
 151.1706609,3.2722332e+04
 151.1910949,3.2739680e+04
 151.2115291,3.2727531e+04
 151.2319633,3.2722861e+04
 151.2523975,3.2735490e+04
 151.2728315,3.2739209e+04
 151.2932657,3.2729445e+04
 151.3136999,3.2726020e+04
 151.3341340,3.2733180e+04
 151.3545681,3.2735861e+04
 151.3750024,3.2729061e+04
 151.3954364,3.2725592e+04
 151.4158706,3.2729477e+04
 151.4363047,3.2721873e+04
 151.4567389,3.2718531e+04
 151.4771730,3.2733371e+04
 151.4976072,3.2731523e+04
 151.5180413,3.2727199e+04
 151.5384755,3.2740352e+04
 151.5589096,3.2728365e+04
 151.5793438,3.2734270e+04
 151.5997780,3.2731342e+04
 151.6202121,3.2722271e+04
 151.6406462,3.2741545e+04
 151.6610804,         null
 151.6815145,3.2739379e+04
 151.7019487,3.2724760e+04
 151.7223828,3.2731191e+04
 151.7428170,3.2740338e+04
 151.7632511,3.2725979e+04
 151.7836853,3.2725764e+04
 151.8041193,3.2731977e+04
 151.8245536,3.2732992e+04
 151.8449877,3.2731109e+04
 151.8654217,3.2729543e+04
 151.8858560,3.2722041e+04
 151.9062901,3.2728682e+04
 151.9267242,3.2720898e+04
 151.9471583,3.2726918e+04
 151.9675926,3.2724547e+04
 151.9880267,3.2717338e+04
 152.0084608,3.2739703e+04
 152.0288950,3.2723809e+04
 152.0493291,3.2728213e+04
 152.0697632,3.2736471e+04
 152.0901973,3.2725713e+04
 152.1106316,3.2725855e+04
 152.1310656,3.2726793e+04
 152.1514998,3.2729814e+04
 152.1719339,3.2723629e+04
 152.1923680,3.2733125e+04
 152.2128022,3.2732156e+04
 152.2332363,3.2725779e+04
 152.2536706,3.2721082e+04
 152.2741046,3.2726805e+04
 152.2945387,         null
 152.3149728,3.2725025e+04
 152.3354070,3.2731441e+04
 152.3558412,3.2716381e+04
 152.3762752,3.2718027e+04
 152.3967095,3.2722535e+04
 152.4171436,3.2719203e+04
 152.4375777,3.2728697e+04
 152.4580118,3.2730076e+04
 152.4784460,3.2734309e+04
 152.4988801,3.2723947e+04
 152.5193142,3.2721275e+04
 152.5397484,3.2736629e+04
 152.5601826,3.2731693e+04
 152.5806166,3.2726623e+04
 152.6010507,3.2736049e+04
 152.6214850,3.2723754e+04
 152.6419190,3.2722740e+04
 152.6623532,         null
 152.6827873,3.2731762e+04
 152.7032214,3.2739639e+04
 152.7236556,3.2731961e+04
 152.7440897,3.2734012e+04
 152.7645239,3.2735281e+04
 152.7849580,3.2727217e+04
 152.8053921,3.2732555e+04
 152.8258261,3.2740787e+04
 152.8462604,3.2728611e+04
 152.8666945,3.2725656e+04
 152.8871286,3.2726545e+04
 152.9075628,3.2728061e+04
 152.9279969,3.2739572e+04
 152.9484311,3.2735936e+04
 152.9688651,3.2730652e+04
 152.9892993,3.2729422e+04
 153.0097335,3.2733035e+04
 153.0301675,3.2733123e+04
 153.0506017,3.2724373e+04
 153.0710359,3.2725814e+04
 153.0914699,3.2728404e+04
 153.1119040,3.2736363e+04
 153.1323383,3.2730197e+04
 153.1527723,3.2727623e+04
 153.1732064,3.2739740e+04
 153.1936406,3.2738398e+04
 153.2140748,3.2733506e+04
 153.2345089,3.2726240e+04
 153.2549430,3.2731988e+04
 153.2753772,3.2745680e+04
 153.2958113,3.2737096e+04
 153.3162454,3.2728143e+04
 153.3366795,3.2737428e+04
 153.3571136,3.2733938e+04
 153.3775477,3.2724805e+04
 153.3979819,3.2755621e+04
 153.4184161,3.2736275e+04
 153.4388502,3.2739604e+04
 153.4592843,3.2749592e+04
 153.4797184,3.2743783e+04
 153.5001526,3.2741029e+04
 153.5205867,3.2733701e+04
 153.5410208,3.2752258e+04
 153.5614550,3.2734285e+04
 153.5818890,3.2744695e+04
 153.6023232,3.2748420e+04
 153.6227573,3.2739910e+04
 153.6431914,3.2754568e+04
 153.6636256,3.2746107e+04
 153.6840597,3.2752424e+04
 153.7044937,3.2756783e+04
 153.7249279,3.2752260e+04
 153.7453621,3.2755250e+04
 153.7657961,3.2757377e+04
 153.7862303,3.2743100e+04
 153.8066644,3.2765229e+04
 153.8270985,3.2750199e+04
 153.8475326,3.2752941e+04
 153.8679668,3.2750395e+04
 153.8884008,3.2757031e+04
 153.9088350,3.2758590e+04
 153.9292692,3.2762744e+04
 153.9497033,3.2762502e+04
 153.9701373,3.2757350e+04
 153.9905715,3.2761457e+04
 154.0110057,3.2754305e+04
 154.0314397,3.2764727e+04
 154.0518738,3.2745428e+04
 154.0723081,3.2753773e+04
 154.0927421,3.2759592e+04
 154.1131762,3.2755021e+04
 154.1336103,3.2755537e+04
 154.1540445,3.2761045e+04
 154.1744786,3.2753643e+04
 154.1949127,3.2772297e+04
 154.2153468,3.2745445e+04
 154.2357809,3.2758289e+04
 154.2562151,3.2762191e+04
 154.2766491,3.2754475e+04
 154.2970833,3.2763453e+04
 154.3175174,3.2753549e+04
 154.3379514,3.2766188e+04
 154.3583856,3.2764449e+04
 154.3788198,3.2760703e+04
 154.3992538,3.2763826e+04
 154.4196879,3.2765141e+04
 154.4401221,3.2760580e+04
 154.4605563,3.2766504e+04
 154.4809903,3.2757854e+04
 154.5014244,3.2754967e+04
 154.5218586,3.2750576e+04
 154.5422926,3.2759664e+04
 154.5627268,3.2773457e+04
 154.5831610,3.2760492e+04
 154.6035950,3.2764438e+04
 154.6240291,3.2759729e+04
 154.6444632,3.2761193e+04
 154.6648974,3.2756891e+04
 154.6853315,3.2752594e+04
 154.7057656,3.2750965e+04
 154.7261998,3.2758490e+04
 154.7466338,3.2768102e+04
 154.7670679,3.2772953e+04
 154.7875021,3.2760881e+04
 154.8079362,3.2785949e+04
 154.8283703,3.2766797e+04
 154.8488043,3.2752299e+04
 154.8692385,3.2766076e+04
 154.8896726,3.2762023e+04
 154.9101067,3.2760074e+04
 154.9305409,3.2763078e+04
 154.9509750,3.2769344e+04
 154.9714091,3.2766061e+04
 154.9918432,3.2758465e+04
 155.0122772,3.2767859e+04
 155.0327114,3.2771734e+04
 155.0531455,3.2755250e+04
 155.0735796,3.2773391e+04
 155.0940138,3.2760115e+04
 155.1144479,3.2769781e+04
 155.1348819,3.2766201e+04
 155.1553160,3.2765926e+04
 155.1757502,3.2763598e+04
 155.1961843,3.2764105e+04
 155.2166184,3.2756508e+04
 155.2370525,3.2762322e+04
 155.2574867,3.2759756e+04
 155.2779207,         null
 155.2983548,3.2766893e+04
 155.3187890,3.2769848e+04
 155.3392230,3.2765146e+04
 155.3596571,3.2756840e+04
 155.3800912,3.2765906e+04
 155.4005253,3.2752449e+04
 155.4209595,3.2765682e+04
 155.4413936,3.2769754e+04
 155.4618278,3.2742061e+04
 155.4822618,3.2740809e+04
 155.5026959,3.2745111e+04
 155.5231299,3.2728996e+04
 155.5435641,3.2733900e+04
 155.5639982,         null
 155.5844322,3.2741771e+04
 155.6048664,3.2755510e+04
 155.6253005,3.2768238e+04
 155.6457347,3.2761354e+04
 155.6661687,3.2779289e+04
 155.6866029,3.2761486e+04
 155.7070370,3.2757742e+04
 155.7274710,3.2765232e+04
 155.7479051,3.2752215e+04
 155.7683393,3.2758229e+04
 155.7887733,3.2743980e+04
 155.8092074,3.2765416e+04
 155.8296416,3.2745131e+04
 155.8500756,3.2743748e+04
 155.8705097,3.2752826e+04
 155.8909438,3.2739324e+04
 155.9113780,3.2745752e+04
 155.9318120,3.2757535e+04
 155.9522461,3.2739246e+04
 155.9726803,3.2760738e+04
 155.9931144,3.2750977e+04
 156.0135485,3.2739246e+04
 156.0339825,3.2744111e+04
 156.0544167,3.2741861e+04
 156.0748508,3.2734980e+04
 156.0952849,3.2744057e+04
 156.1157190,3.2737043e+04
 156.1361531,3.2738301e+04
 156.1565872,3.2745094e+04
 156.1770212,3.2726867e+04
 156.1974554,3.2735064e+04
 156.2178895,3.2727096e+04
 156.2383235,3.2730287e+04
 156.2587576,3.2734801e+04
 156.2791918,3.2730496e+04
 156.2996258,3.2732076e+04
 156.3200599,3.2731773e+04
 156.3404941,3.2731201e+04
 156.3609281,3.2719609e+04
 156.3813622,3.2731840e+04
 156.4017963,3.2723709e+04
 156.4222305,3.2728855e+04
 156.4426645,3.2718396e+04
 156.4630986,3.2704596e+04
 156.4835328,3.2711516e+04
 156.5039668,3.2716232e+04
 156.5244009,3.2709186e+04
 156.5448350,3.2703770e+04
 156.5652691,3.2712305e+04
 156.5857032,3.2696965e+04
 156.6061373,3.2702852e+04
 156.6265714,3.2705268e+04
 156.6470055,3.2711549e+04
 156.6674396,3.2704012e+04
 156.6878737,3.2690111e+04
 156.7083078,3.2699477e+04
 156.7287419,3.2681121e+04
 156.7491760,3.2697857e+04
 156.7696099,3.2696762e+04
 156.7900441,3.2696365e+04
 156.8104782,3.2696051e+04
 156.8309123,3.2697256e+04
 156.8513464,3.2690471e+04
 156.8717805,3.2698770e+04
 156.8922146,3.2706129e+04
 156.9126486,3.2697055e+04
 156.9330828,3.2703455e+04
 156.9535169,3.2695418e+04
 156.9739509,3.2695832e+04
 156.9943851,3.2702539e+04
 157.0148192,3.2692061e+04
 157.0352532,3.2686408e+04
 157.0556873,3.2700877e+04
 157.0761215,3.2699309e+04
 157.0965555,3.2696533e+04
 157.1169895,3.2692322e+04
 157.1374237,3.2687990e+04
 157.1578578,3.2693549e+04
 157.1782918,3.2697939e+04
 157.1987259,3.2688652e+04
 157.2191601,3.2690869e+04
 157.2395941,3.2690307e+04
 157.2600282,3.2694422e+04
 157.2804623,3.2677996e+04
 157.3008964,3.2699373e+04
 157.3213305,3.2690166e+04
 157.3417646,3.2690449e+04
 157.3621986,3.2684707e+04
 157.3826327,3.2698996e+04
 157.4030668,3.2683104e+04
 157.4235008,3.2684363e+04
 157.4439350,3.2684562e+04
 157.4643691,3.2685637e+04
 157.4848031,3.2688244e+04
 157.5052373,3.2677197e+04
 157.5256714,3.2708244e+04
 157.5461053,3.2696354e+04
 157.5665394,3.2679822e+04
 157.5869736,3.2691838e+04
 157.6074076,3.2696412e+04
 157.6278417,3.2693178e+04
 157.6482759,3.2675467e+04
 157.6687100,3.2683420e+04
 157.6891440,3.2697406e+04
 157.7095780,3.2703389e+04
 157.7300122,3.2683611e+04
 157.7504462,3.2699857e+04
 157.7708803,3.2687602e+04
 157.7913145,3.2693287e+04
 157.8117485,3.2680041e+04
 157.8321825,3.2700102e+04
 157.8526166,3.2696164e+04
 157.8730507,3.2693686e+04
 157.8934848,3.2696766e+04
 157.9139189,3.2674277e+04
 157.9343529,3.2678434e+04
 157.9547871,3.2690488e+04
 157.9752211,3.2679980e+04
 157.9956551,3.2687697e+04
 158.0160893,3.2683199e+04
 158.0365234,3.2684865e+04
 158.0569574,3.2690420e+04
 158.0773915,3.2681281e+04
 158.0978256,3.2698498e+04
 158.1182597,3.2686725e+04
 158.1386937,3.2676578e+04
 158.1591279,3.2683535e+04
 158.1795620,3.2683979e+04
 158.1999959,3.2695814e+04
 158.2204300,3.2685684e+04
 158.2408642,3.2689682e+04
 158.2612982,         null
 158.2817323,3.2680777e+04
 158.3021664,3.2679707e+04
 158.3226005,3.2683559e+04
 158.3430345,3.2684887e+04
 158.3634686,3.2685648e+04
 158.3839028,3.2692865e+04
 158.4043368,3.2702393e+04
 158.4247708,3.2687160e+04
 158.4452049,3.2686672e+04
 158.4656391,3.2679859e+04
 158.4860731,3.2687490e+04
 158.5065071,3.2689107e+04
 158.5269413,3.2679977e+04
 158.5473753,3.2693811e+04
 158.5678094,3.2676453e+04
 158.5882434,3.2677086e+04
 158.6086775,3.2684949e+04
 158.6291116,3.2681463e+04
 158.6495457,3.2692002e+04
 158.6699798,3.2684863e+04
 158.6904138,3.2688441e+04
 158.7108479,3.2681863e+04
 158.7312819,3.2685889e+04
 158.7517160,3.2690920e+04
 158.7721501,3.2684213e+04
 158.7925842,3.2682088e+04
 158.8130183,3.2682482e+04
 158.8334523,3.2696514e+04
 158.8538864,3.2682102e+04
 158.8743204,3.2697652e+04
 158.8947546,3.2681686e+04
 158.9151886,3.2680928e+04
 158.9356226,3.2680965e+04
 158.9560568,3.2686875e+04
 158.9764909,3.2693242e+04
 158.9969248,3.2664531e+04
 159.0173589,3.2685871e+04
 159.0377931,3.2689592e+04
 159.0582270,3.2677543e+04
 159.0786611,3.2705699e+04
 159.0990952,3.2680154e+04
 159.1195294,3.2684234e+04
 159.1399633,3.2669633e+04
 159.1603974,3.2680051e+04
 159.1808316,3.2674734e+04
 159.2012655,3.2675414e+04
 159.2216996,3.2674855e+04
 159.2421336,3.2687131e+04
 159.2625678,3.2680711e+04
 159.2830018,3.2671115e+04
 159.3034359,3.2680695e+04
 159.3238700,3.2676834e+04
 159.3443040,3.2681008e+04
 159.3647381,3.2664318e+04
 159.3851721,3.2678518e+04
 159.4056062,3.2676863e+04
 159.4260403,3.2677275e+04
 159.4464743,3.2673895e+04
 159.4669084,3.2669611e+04
 159.4873425,3.2678604e+04
 159.5077765,3.2655473e+04
 159.5282105,3.2676020e+04
 159.5486447,3.2676498e+04
 159.5690787,3.2666516e+04
 159.5895127,3.2656586e+04
 159.6099468,3.2682545e+04
 159.6303810,3.2669664e+04
 159.6508149,3.2665729e+04
 159.6712490,3.2653875e+04
 159.6916832,3.2669223e+04
 159.7121171,3.2663428e+04
 159.7325512,3.2655395e+04
 159.7529853,3.2655484e+04
 159.7734193,3.2651365e+04
 159.7938534,3.2656865e+04
 159.8142875,3.2661725e+04
 159.8347215,3.2651734e+04
 159.8551556,3.2653600e+04
 159.8755896,3.2660275e+04
 159.8960236,3.2661953e+04
 159.9164578,3.2652861e+04
 159.9368918,3.2652414e+04
 159.9573259,3.2654721e+04
 159.9777600,3.2653340e+04
 159.9981940,3.2651533e+04
 160.0186281,3.2648219e+04
 160.0390621,3.2646861e+04
 160.0594962,3.2658887e+04
 160.0799303,3.2644844e+04
 160.1003643,3.2639154e+04
 160.1207983,3.2651254e+04
 160.1412324,3.2640326e+04
 160.1616665,3.2659520e+04
 160.1821005,3.2658332e+04
 160.2025346,3.2637811e+04
 160.2229687,3.2643369e+04
 160.2434026,3.2659875e+04
 160.2638367,3.2647312e+04
 160.2842709,3.2638729e+04
 160.3047048,3.2642098e+04
 160.3251389,3.2643137e+04
 160.3455730,3.2643852e+04
 160.3660071,3.2647596e+04
 160.3864411,3.2645178e+04
 160.4068751,3.2642166e+04
 160.4273093,3.2642826e+04
 160.4477432,3.2637609e+04
 160.4681773,3.2630154e+04
 160.4886114,3.2643711e+04
 160.5090454,3.2638277e+04
 160.5294795,3.2638746e+04
 160.5499135,3.2633209e+04
 160.5703476,3.2641449e+04
 160.5907816,3.2639068e+04
 160.6112157,3.2640283e+04
 160.6316496,3.2637490e+04
 160.6520838,3.2623881e+04
 160.6725178,3.2632070e+04
 160.6929518,3.2651688e+04
 160.7133859,3.2638250e+04
 160.7338200,3.2627195e+04
 160.7542540,3.2630270e+04
 160.7746880,3.2639467e+04
 160.7951222,3.2630881e+04
 160.8155562,3.2626701e+04
 160.8359902,3.2628453e+04
 160.8564243,3.2626539e+04
 160.8768584,3.2622547e+04
 160.8972923,3.2621814e+04
 160.9177264,3.2639199e+04
 160.9381605,3.2634689e+04
 160.9585945,3.2609791e+04
 160.9790285,3.2623936e+04
 160.9994627,3.2623055e+04
 161.0198966,3.2634373e+04
 161.0403307,3.2620957e+04
 161.0607647,3.2631686e+04
 161.0811988,3.2622566e+04
 161.1016328,3.2619879e+04
 161.1220669,3.2621828e+04
 161.1425010,3.2619107e+04
 161.1629350,3.2619984e+04
 161.1833690,3.2614801e+04
 161.2038030,3.2633957e+04
 161.2242371,3.2635379e+04
 161.2446712,         null
 161.2651052,3.2613760e+04
 161.2855392,3.2609107e+04
 161.3059733,3.2624072e+04
 161.3264074,3.2616715e+04
 161.3468413,3.2620357e+04
 161.3672755,3.2612811e+04
 161.3877095,3.2602949e+04
 161.4081435,3.2615654e+04
 161.4285775,3.2630943e+04
 161.4490116,3.2603553e+04
 161.4694456,3.2611322e+04
 161.4898796,3.2598998e+04
 161.5103138,3.2594969e+04
 161.5307477,3.2608414e+04
 161.5511818,3.2618096e+04
 161.5716158,3.2610463e+04
 161.5920500,3.2600029e+04
 161.6124839,3.2609398e+04
 161.6329180,3.2602557e+04
 161.6533521,3.2604166e+04
 161.6737861,3.2601754e+04
 161.6942201,3.2600160e+04
 161.7146541,3.2601439e+04
 161.7350883,3.2607809e+04
 161.7555222,3.2602900e+04
 161.7759563,3.2598613e+04
 161.7963903,3.2613557e+04
 161.8168243,3.2593254e+04
 161.8372584,3.2607988e+04
 161.8576924,3.2593805e+04
 161.8781266,3.2597758e+04
 161.8985605,3.2595760e+04
 161.9189945,3.2592230e+04
 161.9394285,3.2604934e+04
 161.9598626,3.2587029e+04
 161.9802967,3.2594979e+04
 162.0007307,3.2594543e+04
 162.0211647,3.2585252e+04
 162.0415988,3.2589820e+04
 162.0620328,3.2586250e+04
 162.0824668,3.2586068e+04
 162.1029009,3.2583830e+04
 162.1233349,3.2587963e+04
 162.1437689,3.2578982e+04
 162.1642030,3.2590166e+04
 162.1846371,3.2587760e+04
 162.2050710,3.2621322e+04
 162.2255050,3.2591293e+04
 162.2459392,3.2580840e+04
 162.2663731,3.2592014e+04
 162.2868071,3.2580846e+04
 162.3072413,3.2578658e+04
 162.3276753,3.2599566e+04
 162.3481093,3.2585756e+04
 162.3685433,3.2590178e+04
 162.3889774,3.2577967e+04
 162.4094114,3.2584945e+04
 162.4298454,3.2578773e+04
 162.4502793,3.2567529e+04
 162.4707135,3.2589434e+04
 162.4911475,3.2586725e+04
 162.5115809,3.2577604e+04
 162.5320151,3.2569682e+04
 162.5524490,3.2564824e+04
 162.5728830,3.2589584e+04
 162.5933171,3.2586699e+04
 162.6137512,3.2570570e+04
 162.6341851,3.2585551e+04
 162.6546192,3.2575768e+04
 162.6750533,3.2578488e+04
 162.6954872,3.2590285e+04
 162.7159213,3.2589432e+04
 162.7363553,3.2576857e+04
 162.7567893,3.2581105e+04
 162.7772234,3.2572648e+04
 162.7976574,3.2581039e+04
 162.8180914,3.2576223e+04
 162.8385255,3.2580496e+04
 162.8589595,3.2586547e+04
 162.8793934,3.2586193e+04
 162.8998275,3.2579373e+04
 162.9202616,3.2583088e+04
 162.9406955,3.2579629e+04
 162.9611295,3.2581279e+04
 162.9815637,3.2581881e+04
 163.0019976,3.2580951e+04
 163.0224316,3.2590689e+04
 163.0428658,3.2586857e+04
 163.0632998,3.2586590e+04
 163.0837337,3.2587895e+04
 163.1041677,3.2591596e+04
 163.1246019,3.2601832e+04
 163.1450358,3.2584717e+04
 163.1654698,3.2591510e+04
 163.1859039,3.2592592e+04
 163.2063379,3.2606092e+04
 163.2267719,3.2580098e+04
 163.2472059,3.2592311e+04
 163.2676400,3.2590947e+04
 163.2880740,3.2587129e+04
 163.3085080,3.2595812e+04
 163.3289421,3.2597512e+04
 163.3493761,3.2606379e+04
 163.3698101,3.2604773e+04
 163.3902440,3.2600646e+04
 163.4106781,3.2608908e+04
 163.4311122,3.2600627e+04
 163.4515461,3.2606402e+04
 163.4719802,3.2604611e+04
 163.4924142,3.2611900e+04
 163.5128482,3.2601230e+04
 163.5332822,3.2624326e+04
 163.5537163,3.2617670e+04
 163.5741503,3.2623947e+04
 163.5945842,3.2627234e+04
 163.6150183,3.2670938e+04
 163.6354524,3.2624205e+04
 163.6558863,3.2625107e+04
 163.6763203,3.2633174e+04
 163.6967544,3.2627924e+04
 163.7171884,3.2637246e+04
 163.7376224,3.2657980e+04
 163.7580564,3.2641594e+04
 163.7784904,3.2650143e+04
 163.7989244,3.2643941e+04
 163.8193585,3.2651051e+04
 163.8397926,3.2638229e+04
 163.8602265,3.2650484e+04
 163.8806605,3.2654869e+04
 163.9010944,3.2671379e+04
 163.9215286,3.2656994e+04
 163.9419626,3.2656689e+04
 163.9623966,3.2668127e+04
 163.9828306,3.2660836e+04
 164.0032646,3.2674332e+04
 164.0236987,3.2679963e+04
 164.0441326,3.2674969e+04
 164.0645667,3.2689801e+04
 164.0850007,3.2678314e+04
 164.1054347,3.2680221e+04
 164.1258686,3.2691047e+04
 164.1463028,3.2696363e+04
 164.1667367,3.2677199e+04
 164.1871707,3.2684773e+04
 164.2076048,3.2692742e+04
 164.2280388,         null
 164.2484727,3.2693693e+04
 164.2689067,3.2701512e+04
 164.2893408,3.2696836e+04
 164.3097748,3.2702604e+04
 164.3302088,3.2698766e+04
 164.3506429,3.2704695e+04
 164.3710769,3.2701697e+04
 164.3915108,3.2712779e+04
 164.4119448,3.2714896e+04
 164.4323789,3.2707312e+04
 164.4528129,3.2694984e+04
 164.4732469,3.2716170e+04
 164.4936810,3.2704674e+04
 164.5141149,3.2721227e+04
 164.5345489,3.2712236e+04
 164.5549829,3.2730199e+04
 164.5754169,3.2718891e+04
 164.5958510,3.2715924e+04
 164.6162850,3.2722268e+04
 164.6367189,3.2714811e+04
 164.6571530,3.2735918e+04
 164.6775870,3.2726402e+04
 164.6980210,3.2744092e+04
 164.7184550,3.2730922e+04
 164.7388890,3.2739434e+04
 164.7593230,3.2738426e+04
 164.7797569,3.2723619e+04
 164.8001911,3.2735895e+04
 164.8206251,3.2736486e+04
 164.8410590,3.2741424e+04
 164.8614931,3.2745832e+04
 164.8819271,3.2740979e+04
 164.9023610,3.2762406e+04
 164.9227950,3.2752617e+04
 164.9432291,3.2742055e+04
 164.9636630,3.2755459e+04
 164.9840970,3.2756377e+04
