        TIME,  PDCSAP_FLUX
 131.5119953,7.6966934e+03
 131.5324298,7.7040649e+03
 131.5528642,7.6992197e+03
 131.5732985,7.7018506e+03
 131.5937328,7.6980410e+03
 131.6141673,7.7009961e+03
 131.6346016,7.6969043e+03
 131.6550360,7.6981475e+03
 131.6754705,7.6987036e+03
 131.6959049,7.7024473e+03
 131.7163392,7.7037407e+03
 131.7367736,7.7081465e+03
 131.7572081,7.7016050e+03
 131.7776424,7.6965137e+03
 131.7980768,7.6977466e+03
 131.8185112,7.7012148e+03
 131.8389455,7.6995767e+03
 131.8593799,7.7030640e+03
 131.8798143,7.7111128e+03
 131.9002487,7.7028345e+03
 131.9206831,7.7006699e+03
 131.9411175,7.6994570e+03
 131.9615519,7.7035854e+03
 131.9819863,7.6964375e+03
 132.0024207,7.7040513e+03
 132.0228550,7.7030410e+03
 132.0432894,7.7006660e+03
 132.0637238,7.7049482e+03
 132.0841581,7.7019282e+03
 132.1045925,7.7038452e+03
 132.1250270,7.7055283e+03
 132.1454613,7.7018374e+03
 132.1658957,7.7014058e+03
 132.1863302,7.7044751e+03
 132.2067646,7.6964521e+03
 132.2271989,7.6989707e+03
 132.2476332,7.6999014e+03
 132.2680677,7.7014160e+03
 132.2885020,7.7009233e+03
 132.3089364,7.6998843e+03
 132.3293709,7.7010840e+03
 132.3498052,7.7015933e+03
 132.3702396,7.7035527e+03
 132.3906740,7.6969653e+03
 132.4111084,7.6990283e+03
 132.4315428,7.6971284e+03
 132.4519771,7.7023340e+03
 132.4724116,7.7081963e+03
 132.4928459,7.7040698e+03
 132.5132803,7.6986313e+03
 132.5337146,7.7042974e+03
 132.5541491,7.7056836e+03
 132.5745835,7.6982749e+03
 132.5950178,7.7053550e+03
 132.6154523,7.6980444e+03
 132.6358867,7.6982539e+03
 132.6563210,7.7004365e+03
 132.6767553,7.7037837e+03
 132.6971898,7.7012349e+03
 132.7176242,7.6494604e+03
 132.7380585,7.3420400e+03
 132.7584930,6.8338501e+03
 132.7789274,6.2002490e+03
 132.7993617,5.5238838e+03
 132.8197961,4.8724229e+03
 132.8402305,4.4879810e+03
 132.8606648,4.5850229e+03
 132.8810992,5.1082666e+03
 132.9015337,5.7736289e+03
 132.9219680,6.4467627e+03
 132.9424024,7.0435361e+03
 132.9628368,7.4836763e+03
 132.9832713,7.6892090e+03
 133.0037056,7.6951250e+03
 133.0241399,7.7028950e+03
 133.0445743,7.6994048e+03
 133.0650087,7.7040352e+03
 133.0854431,7.7046919e+03
 133.1058775,7.6997373e+03
 133.1263119,7.7031802e+03
 133.1467463,7.7087153e+03
 133.1671807,7.6982183e+03
 133.1876151,7.7034849e+03
 133.2080495,7.6980029e+03
 133.2284838,7.7000557e+03
 133.2489182,7.7057739e+03
 133.2693526,7.7040352e+03
 133.2897870,7.6972222e+03
 133.3102214,7.7056699e+03
 133.3306557,7.7003760e+03
 133.3510902,7.7004688e+03
 133.3715246,7.7022798e+03
 133.3919589,7.6983608e+03
 133.4123933,7.6985483e+03
 133.4328277,7.6975449e+03
 133.4532621,7.7033062e+03
 133.4736964,7.6987822e+03
 133.4941309,7.7000498e+03
 133.5145653,7.7006426e+03
 133.5349996,7.7016538e+03
 133.5554340,7.6999717e+03
 133.5758684,7.7006416e+03
 133.5963027,7.7025176e+03
 133.6167371,7.6987451e+03
 133.6371716,7.7066816e+03
 133.6576060,7.7011133e+03
 133.6780403,7.7039180e+03
 133.6984748,7.6903516e+03
 133.7189092,7.6975137e+03
 133.7393434,7.6935229e+03
 133.7597778,7.6977686e+03
 133.7802123,7.7029292e+03
 133.8006466,7.7051079e+03
 133.8210810,7.7057407e+03
 133.8415154,7.7040469e+03
 133.8619498,7.7070933e+03
 133.8823842,7.6999746e+03
 133.9028185,7.7011206e+03
 133.9232529,7.6993311e+03
 133.9436873,7.6952261e+03
 133.9641217,7.6971431e+03
 133.9845560,7.7017319e+03
 134.0049905,7.6935605e+03
 134.0254249,7.6946187e+03
 134.0458591,7.7001733e+03
 134.0662936,7.6957222e+03
 134.0867280,7.7028726e+03
 134.1071623,7.6998989e+03
 134.1275967,7.7009619e+03
 134.1480312,7.6939297e+03
 134.1684656,7.7005039e+03
 134.1888999,7.7023599e+03
 134.2093343,7.7042388e+03
 134.2297687,7.7019438e+03
 134.2502030,7.6949326e+03
 134.2706374,7.6982119e+03
 134.2910719,7.7177534e+03
 134.3115062,7.6991953e+03
 134.3319406,7.7013389e+03
 134.3523751,7.7008501e+03
 134.3728093,7.7042993e+03
 134.3932437,         null
 134.4136781,7.7082339e+03
 134.4341125,7.6940312e+03
 134.4545469,7.6942441e+03
 134.4749813,7.6988721e+03
 134.4954158,7.7028379e+03
 134.5158500,7.7052617e+03
 134.5362844,7.6967749e+03
 134.5567187,7.6992251e+03
 134.5771532,7.6971279e+03
 134.5975876,7.6984102e+03
 134.6180219,7.7047642e+03
 134.6384563,7.7061206e+03
 134.6588907,7.6993662e+03
 134.6793251,7.7040435e+03
 134.6997595,7.7001709e+03
 134.7201939,7.6978208e+03
 134.7406283,7.7003096e+03
 134.7610626,7.7008457e+03
 134.7814970,7.7006558e+03
 134.8019314,7.6983613e+03
 134.8223658,7.7074536e+03
 134.8428001,7.7053770e+03
 134.8632346,7.7056846e+03
 134.8836690,7.7013037e+03
 134.9041034,7.6997617e+03
 134.9245377,7.6926851e+03
 134.9449721,7.7008589e+03
 134.9654065,7.6998564e+03
 134.9858408,7.7027612e+03
 135.0062753,7.6966211e+03
 135.0267097,7.6993525e+03
 135.0471440,7.7038428e+03
 135.0675784,7.7104346e+03
 135.0880128,7.7064976e+03
 135.1084471,7.6979487e+03
 135.1288815,7.7003726e+03
 135.1493160,7.7003799e+03
 135.1697504,7.7029185e+03
 135.1901847,7.6974883e+03
 135.2106190,7.7025703e+03
 135.2310535,7.7014019e+03
 135.2514878,7.7117896e+03
 135.2719222,7.6966133e+03
 135.2923565,7.7022368e+03
 135.3127910,7.7020942e+03
 135.3332254,7.7052905e+03
 135.3536596,7.7184951e+03
 135.3740941,7.6960059e+03
 135.3945285,7.7024736e+03
 135.4149629,7.6964844e+03
 135.4353972,7.7028735e+03
 135.4558317,7.7022866e+03
 135.4762660,7.7009941e+03
 135.4967003,7.7120664e+03
 135.5171348,7.7067104e+03
 135.5375692,7.7028711e+03
 135.5580035,7.6987104e+03
 135.5784379,7.7025493e+03
 135.5988723,7.6944707e+03
 135.6193066,7.6995039e+03
 135.6397410,7.7052578e+03
 135.6601755,7.7032729e+03
 135.6806099,7.7028232e+03
 135.7010442,7.7061567e+03
 135.7214785,7.7052207e+03
 135.7419130,7.7017109e+03
 135.7623473,7.7011177e+03
 135.7827817,7.7003120e+03
 135.8032162,7.7054492e+03
 135.8236505,7.7046929e+03
 135.8440848,7.6993599e+03
 135.8645192,7.6994961e+03
 135.8849536,7.7081411e+03
 135.9053880,7.7040938e+03
 135.9258224,7.7069873e+03
 135.9462567,7.7018018e+03
 135.9666911,7.6945518e+03
 135.9871255,7.7072910e+03
 136.0075598,7.7031382e+03
 136.0279943,7.7046973e+03
 136.0484287,7.7003008e+03
 136.0688630,7.6991270e+03
 136.0892973,7.6986489e+03
 136.1097318,7.6987378e+03
 136.1301662,7.7036025e+03
 136.1506005,7.7099395e+03
 136.1710350,7.6967563e+03
 136.1914694,7.7010508e+03
 136.2119036,7.6960752e+03
 136.2323380,7.7066558e+03
 136.2527725,7.7021475e+03
 136.2732068,7.6998896e+03
 136.2936412,7.7058691e+03
 136.3140757,7.7151162e+03
 136.3345099,7.6979731e+03
 136.3549443,7.6988267e+03
 136.3753787,7.7050474e+03
 136.3958131,7.6984741e+03
 136.4162475,7.7062969e+03
 136.4366818,7.7029951e+03
 136.4571163,7.6981265e+03
 136.4775506,7.7074341e+03
 136.4979850,7.7102812e+03
 136.5184194,7.7057856e+03
 136.5388538,7.6981826e+03
 136.5592881,7.7001729e+03
 136.5797225,7.6985098e+03
 136.6001569,7.7013945e+03
 136.6205913,7.7025869e+03
 136.6410257,7.7040342e+03
 136.6614600,7.6985913e+03
 136.6818944,7.7020229e+03
 136.7023288,7.6970898e+03
 136.7227632,7.6992998e+03
 136.7431975,7.7037051e+03
 136.7636319,7.6942466e+03
 136.7840663,7.7017744e+03
 136.8045006,7.6988623e+03
 136.8249351,7.6989453e+03
 136.8453695,7.7003062e+03
 136.8658039,7.7055503e+03
 136.8862381,7.6985854e+03
 136.9066726,7.6995732e+03
 136.9271070,7.7048574e+03
 136.9475413,7.6998311e+03
 136.9679758,7.7025942e+03
 136.9884101,7.7059834e+03
 137.0088444,7.7006104e+03
 137.0292788,7.7059551e+03
 137.0497133,7.6992583e+03
 137.0701476,7.7043804e+03
 137.0905819,7.7037300e+03
 137.1110164,7.7036045e+03
 137.1314507,7.6979868e+03
 137.1518851,7.7052192e+03
 137.1723195,7.7051748e+03
 137.1927539,7.6979346e+03
 137.2131882,7.7009209e+03
 137.2336226,7.7024985e+03
 137.2540569,7.7044463e+03
 137.2744914,7.7032490e+03
 137.2949257,7.7010796e+03
 137.3153600,7.7023096e+03
 137.3357945,7.7030464e+03
 137.3562289,7.7032607e+03
 137.3766633,         null
 137.3970975,7.7031807e+03
 137.4175320,7.7006514e+03
 137.4379664,7.7039438e+03
 137.4584007,7.6987812e+03
 137.4788352,7.7007124e+03
 137.4992695,7.7041841e+03
 137.5197038,7.7062661e+03
 137.5401382,7.7018076e+03
 137.5605727,7.7040161e+03
 137.5810069,7.6990894e+03
 137.6014413,7.7056074e+03
 137.6218758,7.7012993e+03
 137.6423102,7.7041890e+03
 137.6627445,7.6938042e+03
 137.6831788,7.6995669e+03
 137.7036133,7.6999951e+03
 137.7240476,7.7025464e+03
 137.7444820,7.7053145e+03
 137.7649165,7.6993413e+03
 137.7853507,7.7067192e+03
 137.8057851,7.7020449e+03
 137.8262194,7.6982256e+03
 137.8466539,7.6965537e+03
 137.8670882,7.7076074e+03
 137.8875226,7.7036221e+03
 137.9079569,7.7101831e+03
 137.9283914,7.7068145e+03
 137.9488258,7.6988745e+03
 137.9692600,7.7081870e+03
 137.9896945,7.6939058e+03
 138.0101289,7.7039526e+03
 138.0305632,7.6991670e+03
 138.0509976,7.7001685e+03
 138.0714320,7.7047139e+03
 138.0918664,7.7027266e+03
 138.1123007,7.6966602e+03
 138.1327352,7.7008965e+03
 138.1531695,7.6938110e+03
 138.1736038,7.7038955e+03
 138.1940382,7.7023638e+03
 138.2144727,7.6999229e+03
 138.2349070,7.7072314e+03
 138.2553413,7.7064141e+03
 138.2757758,7.7118701e+03
 138.2962102,7.6982148e+03
 138.3166445,7.7022085e+03
 138.3370788,7.7031118e+03
 138.3575133,7.7011592e+03
 138.3779477,7.7058076e+03
 138.3983820,7.7056865e+03
 138.4188164,7.7042759e+03
 138.4392508,7.7015264e+03
 138.4596851,7.7070801e+03
 138.4801195,7.6978477e+03
 138.5005539,7.6983203e+03
 138.5209882,7.7006611e+03
 138.5414226,7.7091470e+03
 138.5618570,7.6983838e+03
 138.5822914,7.7039282e+03
 138.6027257,7.7025562e+03
 138.6231601,7.7083833e+03
 138.6435945,7.7012495e+03
 138.6640289,7.7084238e+03
 138.6844632,7.7042568e+03
 138.7048975,7.7098745e+03
 138.7253320,7.7028296e+03
 138.7457664,7.7021821e+03
 138.7662006,7.7099878e+03
 138.7866351,7.7020835e+03
 138.8070695,7.7028223e+03
 138.8275038,7.7038555e+03
 138.8479381,7.6989429e+03
 138.8683726,7.6977505e+03
 138.8888070,7.6966196e+03
 138.9092413,7.7080181e+03
 138.9296757,7.7067788e+03
 138.9501101,7.7015732e+03
 138.9705444,7.7009946e+03
 138.9909788,7.7038315e+03
 139.0114132,7.7035210e+03
 139.0318475,7.7110337e+03
 139.0522819,7.7103257e+03
 139.0727164,7.7009106e+03
 139.0931506,7.7060308e+03
 139.1135850,7.7015850e+03
 139.1340194,7.7070273e+03
 139.1544538,7.7043960e+03
 139.1748881,7.7017163e+03
 139.1953225,7.7005044e+03
 139.2157568,7.7054976e+03
 139.2361913,7.7220610e+03
 139.2566256,7.6984272e+03
 139.2770599,7.6998901e+03
 139.2974944,7.7003413e+03
 139.3179288,7.7025503e+03
 139.3383631,7.7004502e+03
 139.3587974,7.7040835e+03
 139.3792319,7.7046733e+03
 139.3996663,7.7030171e+03
 139.4201005,7.7025981e+03
 139.4405350,7.6956064e+03
 139.4609694,7.7024712e+03
 139.4814037,7.7071274e+03
 139.5018380,7.7030591e+03
 139.5222725,7.7001196e+03
 139.5427068,7.7006006e+03
 139.5631411,7.6971714e+03
 139.5835756,7.7022910e+03
 139.6040099,7.6990942e+03
 139.6244443,7.6971147e+03
 139.6448786,7.7038833e+03
 139.6653131,7.7005464e+03
 139.6857474,7.7041094e+03
 139.7061818,7.7048950e+03
 139.7266161,7.6990405e+03
 139.7470505,7.7110352e+03
 139.7674849,7.6947134e+03
 139.7879192,7.6988037e+03
 139.8083536,7.6998979e+03
 139.8287880,7.7035386e+03
 139.8492224,7.7043496e+03
 139.8696567,7.6972446e+03
 139.8900911,7.7065449e+03
 139.9105255,7.7025811e+03
 139.9309599,7.7018223e+03
 139.9513943,7.7025811e+03
 139.9718286,7.7054521e+03
 139.9922630,7.7059800e+03
 140.0126972,7.7043413e+03
 140.0331317,7.7083872e+03
 140.0535661,7.7012871e+03
 140.0740005,7.7002925e+03
 140.0944348,7.7036562e+03
 140.1148692,7.7108394e+03
 140.1353036,7.7008789e+03
 140.1557378,7.7020020e+03
 140.1761723,7.7053149e+03
 140.1966067,7.7028877e+03
 140.2170410,7.7006938e+03
 140.2374754,7.7046377e+03
 140.2579098,7.6996250e+03
 140.2783441,7.7020332e+03
 140.2987784,7.6960713e+03
 140.3192129,7.6990991e+03
 140.3396472,7.7003442e+03
 140.3600816,         null
 140.3805159,7.7029160e+03
 140.4009504,7.7095527e+03
 140.4213847,7.6933340e+03
 140.4418190,7.7062500e+03
 140.4622535,7.6996265e+03
 140.4826878,7.7063999e+03
 140.5031222,7.7011694e+03
 140.5235564,7.7033325e+03
 140.5439909,7.7058921e+03
 140.5644253,7.6992603e+03
 140.5848596,7.7094980e+03
 140.6052940,7.7076118e+03
 140.6257284,7.6989976e+03
 140.6461627,7.6991777e+03
 140.6665970,7.7051260e+03
 140.6870315,7.6932598e+03
 140.7074659,7.7015190e+03
 140.7279001,7.7052666e+03
 140.7483346,7.7002700e+03
 140.7687690,7.7035215e+03
 140.7892032,7.7057988e+03
 140.8096376,7.7054321e+03
 140.8300721,7.7019600e+03
 140.8505064,7.7021733e+03
 140.8709407,7.7015425e+03
 140.8913751,7.6996934e+03
 140.9118095,7.7012388e+03
 140.9322438,7.7081982e+03
 140.9526782,7.7054536e+03
 140.9731127,7.6999009e+03
 140.9935469,7.7003057e+03
 141.0139813,7.6977861e+03
 141.0344157,7.7058350e+03
 141.0548500,7.6983281e+03
 141.0752844,7.7004019e+03
 141.0957188,7.7019907e+03
 141.1161531,7.7029116e+03
 141.1365875,7.6977529e+03
 141.1570219,7.7010518e+03
 141.1774561,7.7030293e+03
 141.1978906,7.6996899e+03
 141.2183250,7.6960967e+03
 141.2387592,7.7034932e+03
 141.2591937,7.7070181e+03
 141.2796281,7.6966294e+03
 141.3000623,7.6980981e+03
 141.3204967,7.7037910e+03
 141.3409312,7.6994395e+03
 141.3613655,7.7035044e+03
 141.3817998,7.7071406e+03
 141.4022342,7.7050869e+03
 141.4226686,7.6995229e+03
 141.4431030,7.7018135e+03
 141.4635373,7.7012051e+03
 141.4839718,7.6993857e+03
 141.5044061,7.7061431e+03
 141.5248404,7.6963906e+03
 141.5452748,7.6984976e+03
 141.5657091,7.7025225e+03
 141.5861436,7.7142246e+03
 141.6065779,7.7018154e+03
 141.6270123,7.7034189e+03
 141.6474467,7.7005107e+03
 141.6678810,7.6993579e+03
 141.6883153,7.7064150e+03
 141.7087498,7.7003096e+03
 141.7291841,7.7053481e+03
 141.7496184,7.7012397e+03
 141.7700529,7.7203677e+03
 141.7904872,7.6984673e+03
 141.8109215,7.7023711e+03
 141.8313559,7.7043257e+03
 141.8517902,7.7004854e+03
 141.8722246,7.7023613e+03
 141.8926590,7.6970947e+03
 141.9130934,7.6971592e+03
 141.9335277,7.6969956e+03
 141.9539621,7.7064644e+03
 141.9743963,7.7001655e+03
 141.9948308,7.7029907e+03
 142.0152652,7.7055015e+03
 142.0356994,7.6996548e+03
 142.0561338,7.6967402e+03
 142.0765683,7.6940903e+03
 142.0970026,7.7036079e+03
 142.1174369,7.6998657e+03
 142.1378714,7.6969902e+03
 142.1583057,7.6965845e+03
 142.1787400,7.6995327e+03
 142.1991744,7.7063867e+03
 142.2196088,7.6977583e+03
 142.2400431,7.7032822e+03
 142.2604775,7.6981211e+03
 142.2809119,7.7042480e+03
 142.3013462,7.7005107e+03
 142.3217805,7.6983940e+03
 142.3422149,7.7005664e+03
 142.3626494,7.7000186e+03
 142.3830836,7.6993198e+03
 142.4035180,7.6972983e+03
 142.4239525,7.6982065e+03
 142.4443867,7.7002964e+03
 142.4648211,7.7024370e+03
 142.4852554,7.7043667e+03
 142.5056898,7.6959170e+03
 142.5261242,7.7017603e+03
 142.5465585,7.7023267e+03
 142.5669928,7.7045400e+03
 142.5874273,7.7076147e+03
 142.6078616,7.6939956e+03
 142.6282959,7.6993120e+03
 142.6487304,7.6977202e+03
 142.6691647,7.6990708e+03
 142.6895990,7.6942349e+03
 142.7100333,7.7017061e+03
 142.7304678,7.6980669e+03
 142.7509021,7.7037393e+03
 142.7713364,7.6964736e+03
 142.7917709,7.6990757e+03
 142.8122052,7.6966260e+03
 142.8326395,7.6957222e+03
 142.8530739,7.6943813e+03
 142.8735083,7.7015156e+03
 142.8939426,7.7007290e+03
 142.9143770,7.6986284e+03
 142.9348114,7.7020547e+03
 142.9552457,7.6937954e+03
 142.9756801,7.7019043e+03
 142.9961143,7.7009585e+03
 143.0165488,7.6849004e+03
 143.0369831,7.7024131e+03
 143.0574175,7.7012520e+03
 143.0778519,7.6982349e+03
 143.0982862,7.6941021e+03
 143.1187206,7.7022061e+03
 143.1391550,7.6996992e+03
 143.1595893,7.6655205e+03
 143.1800237,7.5139282e+03
 143.2004579,7.2801270e+03
 143.2208923,6.9889180e+03
 143.2413268,6.6502490e+03
 143.2617611,6.3238857e+03
 143.2821955,6.0201079e+03
 143.3026298,5.7935562e+03
 143.3230642,5.6827822e+03
 143.3434986,         null
 143.3639328,5.8814077e+03
 143.3843673,6.1477988e+03
 143.4048016,6.4706318e+03
 143.4252359,6.8040938e+03
 143.4456704,7.1168140e+03
 143.4661047,7.3957129e+03
 143.4865390,7.5955278e+03
 143.5069733,7.6874697e+03
 143.5274078,7.7028115e+03
 143.5478422,7.7016094e+03
 143.5682764,7.6965146e+03
 143.5887109,7.6997134e+03
 143.6091452,7.6996523e+03
 143.6295795,7.6969531e+03
 143.6500139,7.6990840e+03
 143.6704483,7.7037700e+03
 143.6908826,7.6995010e+03
 143.7113169,7.7039160e+03
 143.7317513,7.6992002e+03
 143.7521857,7.7008296e+03
 143.7726200,7.7009097e+03
 143.7930544,7.7021157e+03
 143.8134887,7.6989097e+03
 143.8339231,7.6981685e+03
 143.8543574,7.6935054e+03
 143.8747917,7.6966748e+03
 143.8952262,7.6957705e+03
 143.9156605,7.7037251e+03
 143.9360948,7.6966025e+03
 143.9565292,7.7001543e+03
 143.9769636,7.7047178e+03
 143.9973979,7.7041621e+03
 144.0178322,7.7069048e+03
 144.0382667,7.6985259e+03
 144.0587010,7.6959976e+03
 144.0791353,7.7008682e+03
 144.0995697,7.7074351e+03
 144.1200041,7.7000825e+03
 144.1404384,7.6959521e+03
 144.1608727,7.7032871e+03
 144.1813072,7.6965649e+03
 144.2017414,7.7019307e+03
 144.2221758,7.6969390e+03
 144.2426102,7.7001235e+03
 144.2630445,7.6957788e+03
 144.2834789,7.6985415e+03
 144.3039132,7.7012183e+03
 144.3243476,7.6999160e+03
 144.3447819,7.6923960e+03
 144.3652163,7.7004297e+03
 144.3856505,7.7009844e+03
 144.4060850,7.6931484e+03
 144.4265193,7.6985249e+03
 144.4469536,7.7075166e+03
 144.4673881,7.7008076e+03
 144.4878224,7.6918633e+03
 144.5082567,7.6985264e+03
 144.5286910,7.6999478e+03
 144.5491255,7.7001543e+03
 144.5695598,7.6973745e+03
 144.5899941,7.7039453e+03
 144.6104285,7.7001621e+03
 144.6308629,7.7012979e+03
 144.6512972,7.6944482e+03
 144.6717315,7.7115142e+03
 144.6921660,7.7093315e+03
 144.7126002,7.6986748e+03
 144.7330346,7.6949463e+03
 144.7534690,7.6998662e+03
 144.7739033,7.6965513e+03
 144.7943376,7.7019287e+03
 144.8147720,7.7047583e+03
 144.8352065,7.6997739e+03
 144.8556407,7.7059458e+03
 144.8760751,7.7052915e+03
 144.8965094,7.6955342e+03
 144.9169438,7.7012476e+03
 144.9373781,7.6970107e+03
 144.9578125,7.7026646e+03
 144.9782469,7.6972568e+03
 144.9986812,7.6964565e+03
 145.0191155,7.6941089e+03
 145.0395499,7.6990645e+03
 145.0599842,7.6946436e+03
 145.0804186,7.6986265e+03
 145.1008530,7.6935713e+03
 145.1212874,7.7204712e+03
 145.1417217,7.6973535e+03
 145.1621560,7.7017695e+03
 145.1825903,7.6976304e+03
 145.2030247,7.6972969e+03
 145.2234591,7.6986230e+03
 145.2438933,7.7011865e+03
 145.2643278,7.6969858e+03
 145.2847621,7.7002671e+03
 145.3051965,7.7112305e+03
 145.3256307,7.6960757e+03
 145.3460652,7.6964521e+03
 145.3664995,7.6952661e+03
 145.3869338,7.6891343e+03
 145.4073682,7.6986455e+03
 145.4278026,7.7032949e+03
 145.4482369,7.6939268e+03
 145.4686712,7.6954917e+03
 145.4891057,7.6942798e+03
 145.5095399,7.6962583e+03
 145.5299743,7.6978965e+03
 145.5504086,7.6889072e+03
 145.5708431,7.6939883e+03
 145.5912773,7.6984150e+03
 145.6117117,7.6955103e+03
 145.6321461,7.7004873e+03
 145.6525804,7.7049927e+03
 145.6730147,7.6997148e+03
 145.6934490,7.7057378e+03
 145.7138834,7.6935020e+03
 145.7343178,7.6998252e+03
 145.7547521,7.7025811e+03
 145.7751865,7.6960894e+03
 145.7956208,7.6966260e+03
 145.8160552,7.6971636e+03
 145.8364894,7.6968247e+03
 145.8569239,7.7007710e+03
 145.8773582,7.6998901e+03
 145.8977925,7.6955449e+03
 145.9182269,7.6983374e+03
 145.9386613,7.6903032e+03
 145.9590955,7.6963853e+03
 145.9795299,7.6962354e+03
 145.9999643,7.6971050e+03
 146.0203987,7.6992842e+03
 146.0408329,7.7066040e+03
 146.0612674,7.7036616e+03
 146.0817017,7.7066294e+03
 146.1021360,7.7045571e+03
 146.1225703,7.6949819e+03
 146.1430048,7.7028350e+03
 146.1634390,7.7095151e+03
 146.1838734,7.6998696e+03
 146.2043077,7.6974956e+03
 146.2247421,7.7053804e+03
 146.2451764,7.7040835e+03
 146.2656108,7.7026362e+03
 146.2860451,7.7059482e+03
 146.3064795,7.7049434e+03
 146.3269138,         null
 146.3473481,7.7000361e+03
 146.3677825,7.6935942e+03
 146.3882168,7.6997026e+03
 146.4086511,7.7059111e+03
 146.4290855,7.7043281e+03
 146.4495199,7.6991841e+03
 146.4699541,7.7072139e+03
 146.4903886,7.6983486e+03
 146.5108229,7.7050762e+03
 146.5312573,7.6993530e+03
 146.5516915,7.7198862e+03
 146.5721260,7.6920620e+03
 146.5925603,7.7045142e+03
 146.6129947,7.7051021e+03
 146.6334289,7.7019194e+03
 146.6538634,7.7025093e+03
 146.6742977,7.7014131e+03
 146.6947320,7.7010962e+03
 146.7151664,7.7028735e+03
 146.7356008,7.7030146e+03
 146.7560351,7.6986724e+03
 146.7764693,7.6978354e+03
 146.7969038,7.6997231e+03
 146.8173381,7.6968560e+03
 146.8377724,7.7015059e+03
 146.8582067,7.6977402e+03
 146.8786412,7.7022529e+03
 146.8990754,7.6999629e+03
 146.9195098,7.7042544e+03
 146.9399442,7.7015259e+03
 146.9603785,7.7008975e+03
 146.9808128,7.6971875e+03
 147.0012471,7.7024355e+03
 147.0216815,7.6960713e+03
 147.0421158,7.7015024e+03
 147.0625502,7.6963945e+03
 147.0829846,7.7093218e+03
 147.1034189,7.7057397e+03
 147.1238532,7.7144434e+03
 147.1442875,7.6963916e+03
 147.1647219,7.6944966e+03
 147.1851562,7.7021875e+03
 147.2055905,7.7088638e+03
 147.2260249,7.6943052e+03
 147.2464593,7.7016138e+03
 147.2668936,7.6990986e+03
 147.2873279,7.7008696e+03
 147.3077623,7.6992646e+03
 147.3281967,7.6990522e+03
 147.3486309,7.7039136e+03
 147.3690652,7.7030156e+03
 147.3894997,7.6957329e+03
 147.4099339,7.6968545e+03
 147.4303683,7.7013809e+03
 147.4508027,7.7058564e+03
 147.4712370,7.7054243e+03
 147.4916713,7.7054844e+03
 147.5121056,7.6930464e+03
 147.5325401,7.7030171e+03
 147.5529743,7.7110474e+03
 147.5734087,7.6952217e+03
 147.5938431,7.7013320e+03
 147.6142774,7.7028936e+03
 147.6347117,7.6997905e+03
 147.6551459,7.6980220e+03
 147.6755804,7.7008896e+03
 147.6960147,7.7027910e+03
 147.7164490,7.7039546e+03
 147.7368834,7.7007954e+03
 147.7573178,7.7028394e+03
 147.7777521,7.7054102e+03
 147.7981863,7.7001548e+03
 147.8186208,7.6992266e+03
 147.8390551,7.6964917e+03
 147.8594894,7.6964067e+03
 147.8799237,7.7055464e+03
 147.9003581,         null
 147.9207924,7.7093657e+03
 147.9412267,7.6980811e+03
 147.9616612,7.6995410e+03
 147.9820954,7.6970098e+03
 148.0025297,7.7043472e+03
 148.0229641,7.7020107e+03
 148.0433985,7.7028555e+03
 148.0638328,7.7025229e+03
 148.0842671,7.6975283e+03
 148.1047015,7.6995439e+03
 148.1251358,7.7039712e+03
 148.1455701,7.6956191e+03
 148.1660045,7.7059033e+03
 148.1864388,7.7041318e+03
 148.2068731,7.6957651e+03
 148.2273075,7.7040029e+03
 148.2477419,7.7005605e+03
 148.2681762,7.7015146e+03
 148.2886105,7.7035195e+03
 148.3090448,7.6962344e+03
 148.3294792,7.7054277e+03
 148.3499135,7.6990391e+03
 148.3703479,7.6953799e+03
 148.3907821,7.7026782e+03
 148.4112165,7.7058306e+03
 148.4316509,7.7081987e+03
 148.4520852,7.6993589e+03
 148.4725196,7.6953184e+03
 148.4929539,7.6984741e+03
 148.5133882,7.7040913e+03
 148.5338225,7.6984121e+03
 148.5542569,7.7012100e+03
 148.5746912,7.6996841e+03
 148.5951255,7.6995537e+03
 148.6155599,7.7042505e+03
 148.6359943,7.6986030e+03
 148.6564285,7.6948428e+03
 148.6768628,7.6988623e+03
 148.6972973,7.7058950e+03
 148.7177315,7.7024995e+03
 148.7381658,7.7035288e+03
 148.7586003,7.7051001e+03
 148.7790346,7.7013682e+03
 148.7994689,7.6941655e+03
 148.8199032,7.6958320e+03
 148.8403376,7.7023872e+03
 148.8607719,7.7000195e+03
 148.8812062,7.7020947e+03
 148.9016406,7.7020522e+03
 148.9220749,7.6982954e+03
 148.9425092,7.6994917e+03
 148.9629435,7.7045864e+03
 148.9833779,7.6974141e+03
 149.0038122,7.7036182e+03
 149.0242466,7.6999194e+03
 149.0446808,7.7023340e+03
 149.0651152,7.7012090e+03
 149.0855496,7.7058271e+03
 149.1059838,7.6995439e+03
 149.1264182,7.6993081e+03
 149.1468526,7.6987812e+03
 149.1672868,7.7008071e+03
 149.1877211,7.7123706e+03
 149.2081556,7.7057778e+03
 149.2285899,7.7093809e+03
 149.2490241,7.7006816e+03
 149.2694586,7.7003877e+03
 149.2898929,7.7017578e+03
 149.3103271,         null
 149.3307615,7.7022856e+03
 149.3511959,7.7038354e+03
 149.3716301,7.7009438e+03
 149.3920645,7.6958750e+03
 149.4124989,7.6967837e+03
 149.4329331,7.6945757e+03
 149.4533675,7.7052173e+03
 149.4738018,7.6998140e+03
 149.4942361,7.7107285e+03
 149.5146705,7.6950264e+03
 149.5351048,7.7025161e+03
 149.5555392,7.7012358e+03
 149.5759735,7.7005542e+03
 149.5964078,7.7065923e+03
 149.6168420,7.6979702e+03
 149.6372765,7.7086982e+03
 149.6577108,7.6985400e+03
 149.6781450,7.6983047e+03
 149.6985794,7.7015864e+03
 149.7190138,7.7074390e+03
 149.7394481,7.7044336e+03
 149.7598824,7.7070269e+03
 149.7803168,7.6979888e+03
 149.8007511,7.7068643e+03
 149.8211854,7.7034106e+03
 149.8416197,7.7018926e+03
 149.8620541,7.6993291e+03
 149.8824885,7.6961841e+03
 149.9029227,7.7041318e+03
 149.9233571,7.6957271e+03
 149.9437915,7.6973193e+03
 149.9642258,7.6965815e+03
 149.9846600,7.6962583e+03
 150.0050944,7.6989141e+03
 150.0255288,7.6942930e+03
 150.0459630,7.7000645e+03
 150.0663974,7.7044468e+03
 150.0868318,7.7040000e+03
 150.1072660,7.6959302e+03
 150.1277003,7.7011079e+03
 150.1481348,7.6982632e+03
 150.1685690,7.7010913e+03
 150.1890033,7.7017363e+03
 150.2094377,7.6989146e+03
 150.2298720,7.6996714e+03
 150.2503063,7.6996260e+03
 150.2707406,7.7005029e+03
 150.2911751,7.6953755e+03
 150.3116093,7.7014414e+03
 150.3320436,7.7026689e+03
 150.3524779,7.7216489e+03
 150.3729123,7.7165762e+03
 150.3933466,7.6966172e+03
 150.4137808,7.6996597e+03
 150.4342153,7.6995342e+03
 150.4546496,7.7031216e+03
 150.4750839,7.6906318e+03
 150.4955182,7.6998730e+03
 150.5159526,7.7001362e+03
 150.5363869,7.7011675e+03
 150.5568211,7.6955576e+03
 150.5772556,7.6964287e+03
 150.5976899,7.7080405e+03
 150.6181241,7.7022988e+03
 150.6385584,7.6994541e+03
 150.6589929,7.6945571e+03
 150.6794271,7.6990425e+03
 150.6998614,7.7083218e+03
 150.7202959,7.7015928e+03
 150.7407302,7.7041143e+03
 150.7611644,7.6993003e+03
 150.7815987,7.7001987e+03
 150.8020332,7.7053662e+03
 150.8224674,7.7065000e+03
 150.8429017,7.6954883e+03
 150.8633361,7.7031694e+03
 150.8837704,7.6991211e+03
 150.9042047,7.7016260e+03
 150.9246390,7.7015815e+03
 150.9450733,7.7056538e+03
 150.9655077,7.7035728e+03
 150.9859420,7.7045381e+03
 151.0063762,7.7134321e+03
 151.0268107,7.7023540e+03
 151.0472450,7.6988296e+03
 151.0676792,7.7035376e+03
 151.0881136,7.7054565e+03
 151.1085480,7.7023809e+03
 151.1289822,7.7008872e+03
 151.1494165,7.7000581e+03
 151.1698509,7.7059609e+03
 151.1902852,7.6997236e+03
 151.2107195,7.7049033e+03
 151.2311539,7.7010259e+03
 151.2515882,7.7035747e+03
 151.2720224,7.6998257e+03
 151.2924568,7.7069077e+03
 151.3128912,7.6972046e+03
 151.3333254,7.7078989e+03
 151.3537597,7.6936699e+03
 151.3741942,7.7016787e+03
 151.3946284,7.7032017e+03
 151.4150627,7.7015630e+03
 151.4354970,7.7083262e+03
 151.4559314,7.7075195e+03
 151.4763657,7.6981577e+03
 151.4968000,7.7091240e+03
 151.5172343,7.7008477e+03
 151.5376687,7.7007124e+03
 151.5581030,7.7046567e+03
 151.5785373,7.6962437e+03
 151.5989717,7.7034292e+03
 151.6194059,7.7001758e+03
 151.6398403,7.6975845e+03
 151.6602746,         null
 151.6807089,7.7013892e+03
 151.7011432,7.6997690e+03
 151.7215776,7.6940557e+03
 151.7420119,7.7073076e+03
 151.7624462,7.7029170e+03
 151.7828805,7.6988350e+03
 151.8033147,7.6964170e+03
 151.8237492,7.6988218e+03
 151.8441835,7.7011226e+03
 151.8646177,7.7057407e+03
 151.8850521,7.6925044e+03
 151.9054864,7.6980337e+03
 151.9259207,7.6957065e+03
 151.9463550,7.7011157e+03
 151.9667894,7.6972876e+03
 151.9872237,7.7022222e+03
 152.0076579,7.7031328e+03
 152.0280924,7.6958906e+03
 152.0485267,7.6967480e+03
 152.0689609,7.6949536e+03
 152.0893952,7.7007324e+03
 152.1098296,7.6951626e+03
 152.1302639,7.7072837e+03
 152.1506982,7.7127466e+03
 152.1711325,7.6910254e+03
 152.1915668,7.6947495e+03
 152.2120011,7.6987876e+03
 152.2324355,7.7007905e+03
 152.2528699,7.6970747e+03
 152.2733041,7.7023325e+03
 152.2937384,         null
 152.3141726,7.7006528e+03
 152.3346071,7.6983721e+03
 152.3550414,7.6955508e+03
 152.3754756,7.7091006e+03
 152.3959100,7.6934531e+03
 152.4163443,7.6958184e+03
 152.4367786,7.6998726e+03
 152.4572129,7.7022168e+03
 152.4776473,7.6984658e+03
 152.4980816,7.7081636e+03
 152.5185158,7.7014102e+03
 152.5389502,7.7045239e+03
 152.5593846,7.7089531e+03
 152.5798188,7.6978994e+03
 152.6002531,7.7021577e+03
 152.6206875,7.7056528e+03
 152.6411217,7.7024824e+03
 152.6615560,         null
 152.6819904,7.6935625e+03
 152.7024247,7.7041743e+03
 152.7228590,7.7071831e+03
 152.7432933,7.6936626e+03
 152.7637277,7.7035635e+03
 152.7841619,7.6972471e+03
 152.8045962,7.6988237e+03
 152.8250305,7.7036885e+03
 152.8454649,7.7007524e+03
 152.8658992,7.7003066e+03
 152.8863334,7.6997422e+03
 152.9067678,7.7018159e+03
 152.9272021,7.7062759e+03
 152.9476365,7.6984248e+03
 152.9680707,7.7041221e+03
 152.9885051,7.7050825e+03
 153.0089394,7.7017837e+03
 153.0293736,7.7048359e+03
 153.0498080,7.6994644e+03
 153.0702423,7.7048486e+03
 153.0906766,7.6762783e+03
 153.1111109,7.6988931e+03
 153.1315453,7.7046245e+03
 153.1519795,7.7033286e+03
 153.1724138,7.6964209e+03
 153.1928481,7.7046641e+03
 153.2132825,7.6955425e+03
 153.2337169,7.6997759e+03
 153.2541511,7.6961177e+03
 153.2745855,7.7052905e+03
 153.2950198,7.7018550e+03
 153.3154540,7.6966504e+03
 153.3358883,7.7077192e+03
 153.3563226,7.7041475e+03
 153.3767569,7.7157700e+03
 153.3971913,7.7017109e+03
 153.4176257,7.6989106e+03
 153.4380600,7.6946860e+03
 153.4584942,7.5706909e+03
 153.4789285,7.1701216e+03
 153.4993629,6.5992998e+03
 153.5197971,5.9456880e+03
 153.5402314,5.2400093e+03
 153.5606659,4.6500493e+03
 153.5811001,4.4108164e+03
 153.6015344,4.6874131e+03
 153.6219687,5.2942173e+03
 153.6424030,5.9962451e+03
 153.6628373,6.6493281e+03
 153.6832716,7.1558115e+03
 153.7037058,7.6094600e+03
 153.7241402,7.7045806e+03
 153.7445746,7.7024092e+03
 153.7650088,7.7061235e+03
 153.7854432,7.6988057e+03
 153.8058775,7.7013374e+03
 153.8263117,7.7033418e+03
 153.8467460,7.7006421e+03
 153.8671804,7.6985781e+03
 153.8876146,7.7038359e+03
 153.9080489,7.7035259e+03
 153.9284833,7.7012144e+03
 153.9489176,7.7041807e+03
 153.9693519,7.7043247e+03
 153.9897862,7.7041260e+03
 154.0102206,7.7066777e+03
 154.0306548,7.7065688e+03
 154.0510891,7.7030923e+03
 154.0715235,7.6969858e+03
 154.0919577,7.7042861e+03
 154.1123920,7.7016030e+03
 154.1328263,7.7010654e+03
 154.1532606,7.6954673e+03
 154.1736949,7.7036694e+03
 154.1941293,7.7017002e+03
 154.2145636,7.6974575e+03
 154.2349979,7.6997080e+03
 154.2554322,7.7024619e+03
 154.2758664,7.7032563e+03
 154.2963008,7.7091880e+03
 154.3167351,7.7018965e+03
 154.3371693,7.6988311e+03
 154.3576036,7.7054800e+03
 154.3780380,7.7050498e+03
 154.3984722,7.7076113e+03
 154.4189065,7.6997222e+03
 154.4393409,7.7032012e+03
 154.4597752,7.7030718e+03
 154.4802094,7.6984253e+03
 154.5006438,7.7032612e+03
 154.5210782,7.6985361e+03
 154.5415124,7.6992734e+03
 154.5619467,7.7043281e+03
 154.5823811,7.6977427e+03
 154.6028153,7.7028438e+03
 154.6232496,7.7051865e+03
 154.6436839,7.7090645e+03
 154.6641182,7.7083315e+03
 154.6845525,7.7013564e+03
 154.7049868,7.7070728e+03
 154.7254212,7.7034932e+03
 154.7458554,7.7027349e+03
 154.7662897,7.7006958e+03
 154.7867240,7.6989775e+03
 154.8071583,7.7049028e+03
 154.8275926,7.7035547e+03
 154.8480268,7.7072437e+03
 154.8684612,7.7105488e+03
 154.8888955,7.7006631e+03
 154.9093299,7.7042212e+03
 154.9297642,7.7059082e+03
 154.9501985,7.7069243e+03
 154.9706328,7.7060820e+03
 154.9910671,7.7030347e+03
 155.0115013,7.6955498e+03
 155.0319357,7.7109023e+03
 155.0523700,7.7132021e+03
 155.0728042,7.7023979e+03
 155.0932386,7.7065884e+03
 155.1136729,7.7027397e+03
 155.1341071,7.7061543e+03
 155.1545414,7.7049180e+03
 155.1749758,7.7010693e+03
 155.1954101,7.7028301e+03
 155.2158443,7.7052207e+03
 155.2362786,7.7053955e+03
 155.2567130,7.7066040e+03
 155.2771472,         null
 155.2975815,7.7080879e+03
 155.3180159,7.6994702e+03
 155.3384501,7.7063867e+03
 155.3588844,7.7028809e+03
 155.3793187,7.7106870e+03
 155.3997530,7.6951572e+03
 155.4201873,7.7144688e+03
 155.4406216,7.7072480e+03
 155.4610560,7.7108364e+03
 155.4814902,7.7021982e+03
 155.5019245,7.7044634e+03
 155.5223587,7.7022534e+03
 155.5427931,7.7091152e+03
 155.5632274,         null
 155.5836616,7.7048623e+03
 155.6040960,7.7064434e+03
 155.6245303,7.7128818e+03
 155.6449646,7.7046255e+03
 155.6653988,7.7045625e+03
 155.6858332,7.7000996e+03
 155.7062675,7.7090581e+03
 155.7267017,7.7031069e+03
 155.7471360,7.7032441e+03
 155.7675704,7.7018286e+03
 155.7880046,7.7016426e+03
 155.8084389,7.7002285e+03
 155.8288733,7.7009531e+03
 155.8493075,7.6991768e+03
 155.8697418,7.7044053e+03
 155.8901761,7.7058022e+03
 155.9106105,7.7023311e+03
 155.9310447,7.7070884e+03
 155.9514790,7.6980845e+03
 155.9719134,7.7058657e+03
 155.9923476,7.7060181e+03
 156.0127819,7.7076123e+03
 156.0332161,7.7157070e+03
 156.0536505,7.7085947e+03
 156.0740848,7.7057310e+03
 156.0945190,7.7010850e+03
 156.1149533,7.7111235e+03
 156.1353876,7.7030220e+03
 156.1558219,7.7023613e+03
 156.1762561,7.7047681e+03
 156.1966905,7.7058721e+03
 156.2171248,7.6968276e+03
 156.2375590,7.7120176e+03
 156.2579933,7.7002627e+03
 156.2784277,7.7084448e+03
 156.2988619,7.7012998e+03
 156.3192962,7.6997124e+03
 156.3397306,7.7009395e+03
 156.3601648,7.7036318e+03
 156.3805991,7.7062036e+03
 156.4010334,7.7033604e+03
 156.4214678,7.7009419e+03
 156.4419020,7.7002827e+03
 156.4623363,7.7037085e+03
 156.4827707,7.7075581e+03
 156.5032048,7.7045596e+03
 156.5236391,7.7035513e+03
 156.5440734,7.7051616e+03
 156.5645077,7.7071675e+03
 156.5849420,7.6983096e+03
 156.6053763,7.7015708e+03
 156.6258106,7.6999824e+03
 156.6462449,7.7101431e+03
 156.6666792,7.7200454e+03
 156.6871135,7.6969263e+03
 156.7075478,7.6941074e+03
 156.7279821,7.7052832e+03
 156.7484164,7.7058105e+03
 156.7688506,7.7046851e+03
 156.7892849,7.7030723e+03
 156.8097192,7.7049575e+03
 156.8301535,7.7055679e+03
 156.8505878,7.7036001e+03
 156.8710221,7.7014810e+03
 156.8914564,7.7030015e+03
 156.9118906,7.7058159e+03
 156.9323250,7.7027944e+03
 156.9527593,7.7054121e+03
 156.9731935,7.7020752e+03
 156.9936279,7.7044785e+03
 157.0140622,7.7075679e+03
 157.0344963,7.7055200e+03
 157.0549306,7.7074526e+03
 157.0753650,7.7044468e+03
 157.0957992,7.7014053e+03
 157.1162335,7.7023428e+03
 157.1366679,7.7013530e+03
 157.1571022,7.7068623e+03
 157.1775364,7.7000439e+03
 157.1979707,7.7021392e+03
 157.2184051,7.7007554e+03
 157.2388392,7.7103491e+03
 157.2592735,7.7099951e+03
 157.2797078,7.7057026e+03
 157.3001421,7.7031616e+03
 157.3205764,7.7068794e+03
 157.3410107,7.7031621e+03
 157.3614450,7.7036958e+03
 157.3818793,7.7064780e+03
 157.4023135,7.7038423e+03
 157.4227477,7.7069219e+03
 157.4431821,7.7022539e+03
 157.4636164,7.6990757e+03
 157.4840506,7.7014424e+03
 157.5044850,7.7010503e+03
 157.5249193,7.7035854e+03
 157.5453535,7.7149541e+03
 157.5657877,7.6951152e+03
 157.5862221,7.7026597e+03
 157.6066563,7.6978970e+03
 157.6270906,7.6998613e+03
 157.6475250,7.7057739e+03
 157.6679593,7.6974683e+03
 157.6883935,7.7016284e+03
 157.7088278,7.7046313e+03
 157.7292621,7.6975938e+03
 157.7496963,7.6998569e+03
 157.7701306,7.7023223e+03
 157.7905650,7.7080493e+03
 157.8109992,7.7009043e+03
 157.8314335,7.7188955e+03
 157.8518678,7.7034268e+03
 157.8723020,7.7011362e+03
 157.8927363,7.7052573e+03
 157.9131706,7.7044253e+03
 157.9336048,7.7045215e+03
 157.9540392,7.7048936e+03
 157.9744735,7.7064287e+03
 157.9949076,7.7091763e+03
 158.0153420,7.7032397e+03
 158.0357763,7.7060996e+03
 158.0562105,7.7058120e+03
 158.0766448,7.7017202e+03
 158.0970792,7.7042476e+03
 158.1175135,7.7035479e+03
 158.1379476,7.6980562e+03
 158.1583820,7.7041064e+03
 158.1788163,7.6980693e+03
 158.1992505,7.7000991e+03
 158.2196848,7.7088940e+03
 158.2401191,7.7006353e+03
 158.2605533,         null
 158.2809876,7.6954624e+03
 158.3014220,7.7040132e+03
 158.3218563,7.7032129e+03
 158.3422905,7.7040513e+03
 158.3627247,7.7025068e+03
 158.3831591,7.7062593e+03
 158.4035934,7.7027017e+03
 158.4240276,7.7007725e+03
 158.4444619,7.7045166e+03
 158.4648962,7.7070273e+03
 158.4853304,7.6975156e+03
 158.5057647,7.7030332e+03
 158.5261991,7.7093916e+03
 158.5466333,7.7042476e+03
 158.5670676,7.7059980e+03
 158.5875018,7.7002803e+03
 158.6079361,7.7033193e+03
 158.6283704,7.7081089e+03
 158.6488047,7.7028306e+03
 158.6692391,7.7049883e+03
 158.6896732,7.7044751e+03
 158.7101075,7.7007954e+03
 158.7305417,7.7028735e+03
 158.7509761,7.7047310e+03
 158.7714103,7.6966392e+03
 158.7918446,7.7060220e+03
 158.8122789,7.7049312e+03
 158.8327132,7.6957578e+03
 158.8531475,7.7046680e+03
 158.8735816,7.7052100e+03
 158.8940160,7.7050166e+03
 158.9144503,7.7006108e+03
 158.9348845,7.7000781e+03
 158.9553189,7.7073472e+03
 158.9757531,7.6994092e+03
 158.9961873,7.6984951e+03
 159.0166216,7.7036226e+03
 159.0370560,7.7000972e+03
 159.0574901,7.7000342e+03
 159.0779244,7.7058945e+03
 159.0983587,7.6990444e+03
 159.1187931,7.7033643e+03
 159.1392273,7.7025850e+03
 159.1596615,7.6974946e+03
 159.1800959,7.7046455e+03
 159.2005301,7.6988057e+03
 159.2209644,7.7034712e+03
 159.2413985,7.6996738e+03
 159.2618329,7.7012427e+03
 159.2822672,7.6993804e+03
 159.3027015,7.7029482e+03
 159.3231357,7.7018384e+03
 159.3435700,7.7008164e+03
 159.3640043,7.7068545e+03
 159.3844385,7.7092524e+03
 159.4048728,7.7044062e+03
 159.4253071,7.7065352e+03
 159.4457413,7.7009404e+03
 159.4661757,7.7095293e+03
 159.4866099,7.7077886e+03
 159.5070441,7.7031641e+03
 159.5274784,7.7076396e+03
 159.5479128,7.6999092e+03
 159.5683469,7.7044785e+03
 159.5887812,7.7006719e+03
 159.6092155,7.7016445e+03
 159.6296498,7.7045513e+03
 159.6500840,7.7034771e+03
 159.6705183,7.7027646e+03
 159.6909527,7.6903945e+03
 159.7113868,7.7025078e+03
 159.7318211,7.7078652e+03
 159.7522554,7.7070728e+03
 159.7726897,7.6978594e+03
 159.7931239,7.7016704e+03
 159.8135582,7.7146738e+03
 159.8339925,7.7050703e+03
 159.8544267,7.6998569e+03
 159.8748610,7.7012388e+03
 159.8952952,7.7012471e+03
 159.9157296,7.6933589e+03
 159.9361638,7.7052192e+03
 159.9565981,7.7111333e+03
 159.9770324,7.7015576e+03
 159.9974666,7.7032236e+03
 160.0179009,7.7047192e+03
 160.0383352,7.6980464e+03
 160.0587695,7.6961982e+03
 160.0792037,7.7034375e+03
 160.0996380,7.7011270e+03
 160.1200722,7.6985674e+03
 160.1405065,7.6979888e+03
 160.1609408,7.7004478e+03
 160.1813750,7.7022241e+03
 160.2018093,7.7001748e+03
 160.2222436,7.6993306e+03
 160.2426778,7.6998354e+03
 160.2631121,7.6989546e+03
 160.2835464,7.7013784e+03
 160.3039806,7.7034053e+03
 160.3244149,7.6937324e+03
 160.3448492,7.7028120e+03
 160.3652835,7.6997554e+03
 160.3857177,7.7028345e+03
 160.4061519,7.7003696e+03
 160.4265863,7.7048179e+03
 160.4470205,7.7035376e+03
 160.4674547,7.7005630e+03
 160.4878891,7.7019399e+03
 160.5083233,7.6994688e+03
 160.5287575,7.7045513e+03
 160.5491918,7.6977192e+03
 160.5696261,7.7010088e+03
 160.5900603,7.7048008e+03
 160.6104946,7.6994165e+03
 160.6309288,7.6999800e+03
 160.6513631,7.6899258e+03
 160.6717974,7.6985283e+03
 160.6922316,7.7003169e+03
 160.7126659,7.6999658e+03
 160.7331002,7.7067207e+03
 160.7535344,7.7026572e+03
 160.7739686,7.7012900e+03
 160.7944030,7.6979941e+03
 160.8148373,7.7017539e+03
 160.8352714,7.6970503e+03
 160.8557058,7.7029277e+03
 160.8761401,7.6990635e+03
 160.8965742,7.7052773e+03
 160.9170085,7.7037935e+03
 160.9374428,7.7047974e+03
 160.9578770,7.7057031e+03
 160.9783113,7.7066680e+03
 160.9987456,7.7012271e+03
 161.0191798,7.7052700e+03
 161.0396141,7.7019214e+03
 161.0600483,7.6964321e+03
 161.0804826,7.7018364e+03
 161.1009169,7.7011055e+03
 161.1213511,7.7002812e+03
 161.1417855,7.7008433e+03
 161.1622196,7.6976030e+03
 161.1826539,7.7045581e+03
 161.2030881,7.7020996e+03
 161.2235224,7.7053037e+03
 161.2439567,         null
 161.2643910,7.6955400e+03
 161.2848251,7.7033652e+03
 161.3052595,7.7017070e+03
 161.3256937,7.6996997e+03
 161.3461279,7.6995391e+03
 161.3665623,7.7045601e+03
 161.3869965,7.7018901e+03
 161.4074307,7.6986836e+03
 161.4278649,7.7085166e+03
 161.4482993,7.7488877e+03
 161.4687335,7.7292427e+03
 161.4891677,7.6962080e+03
 161.5096021,7.6961934e+03
 161.5300363,7.7029961e+03
 161.5504705,7.7030400e+03
 161.5709048,7.7031465e+03
 161.5913391,7.6982749e+03
 161.6117733,7.7016987e+03
 161.6322075,7.7135366e+03
 161.6526419,7.6975259e+03
 161.6730762,7.6981431e+03
 161.6935103,7.7013081e+03
 161.7139446,7.6948633e+03
 161.7343789,7.6952920e+03
 161.7548131,7.6981377e+03
 161.7752474,7.7013364e+03
 161.7956816,7.6983252e+03
 161.8161159,7.7058218e+03
 161.8365501,7.7039014e+03
 161.8569844,7.7041465e+03
 161.8774187,7.7041431e+03
 161.8978529,7.7004009e+03
 161.9182872,7.7248652e+03
 161.9387213,7.6999800e+03
 161.9591557,7.7055400e+03
 161.9795899,7.7001919e+03
 162.0000242,7.7066157e+03
 162.0204584,7.7049697e+03
 162.0408927,7.7075181e+03
 162.0613270,7.7020640e+03
 162.0817611,7.6999409e+03
 162.1021955,7.7015068e+03
 162.1226297,7.7032578e+03
 162.1430639,7.7018745e+03
 162.1634982,7.6981216e+03
 162.1839325,7.7024712e+03
 162.2043666,7.6966069e+03
 162.2248009,7.6989326e+03
 162.2452353,7.7074463e+03
 162.2656694,7.7039893e+03
 162.2861037,7.7036157e+03
 162.3065380,7.6990073e+03
 162.3269723,7.7025391e+03
 162.3474064,7.7040649e+03
 162.3678407,7.6981738e+03
 162.3882750,7.6959409e+03
 162.4087092,7.6980469e+03
 162.4291434,7.6990630e+03
 162.4495776,7.6986138e+03
 162.4700120,7.7005273e+03
 162.4904462,7.7027495e+03
 162.5108799,7.7031304e+03
 162.5313142,7.7034180e+03
 162.5517484,7.6949438e+03
 162.5721826,7.7022036e+03
 162.5926169,7.6988013e+03
 162.6130512,7.6990415e+03
 162.6334854,7.7024536e+03
 162.6539196,7.7021323e+03
 162.6743540,7.6972202e+03
 162.6947881,7.6989473e+03
 162.7152224,7.6985620e+03
 162.7356566,7.7036011e+03
 162.7560909,7.7012876e+03
 162.7765251,7.7066606e+03
 162.7969594,7.7062114e+03
 162.8173936,7.7013057e+03
 162.8378279,7.7037388e+03
 162.8582621,7.7062095e+03
 162.8786963,7.6972227e+03
 162.8991306,7.6961157e+03
 162.9195649,7.7008623e+03
 162.9399990,7.7010068e+03
 162.9604333,7.7024834e+03
 162.9808676,7.6966309e+03
 163.0013018,7.7012759e+03
 163.0217360,7.7025532e+03
 163.0421704,7.6913506e+03
 163.0626046,7.6994688e+03
 163.0830388,7.6999849e+03
 163.1034730,7.7062920e+03
 163.1239074,7.7003130e+03
 163.1443415,7.7031802e+03
 163.1647758,7.7090640e+03
 163.1852101,7.7018369e+03
 163.2056443,7.7008970e+03
 163.2260785,7.7019829e+03
 163.2465128,7.7019336e+03
 163.2669470,7.7012759e+03
 163.2873813,7.6972778e+03
 163.3078155,7.7005557e+03
 163.3282499,7.7139277e+03
 163.3486840,7.7014800e+03
 163.3691182,7.7011567e+03
 163.3895524,7.7026450e+03
 163.4099867,7.7005405e+03
 163.4304210,7.7005913e+03
 163.4508551,7.7017935e+03
 163.4712895,7.7023457e+03
 163.4917237,7.7039727e+03
 163.5121580,7.6955835e+03
 163.5325921,7.7069780e+03
 163.5530265,7.6983208e+03
 163.5734607,7.6985781e+03
 163.5938948,7.7062686e+03
 163.6143291,7.6993965e+03
 163.6347634,7.6988198e+03
 163.6551976,7.6741299e+03
 163.6756318,7.6943179e+03
 163.6960662,7.7686958e+03
 163.7165003,7.7019331e+03
 163.7369346,7.7005986e+03
 163.7573688,7.7048467e+03
 163.7778030,7.7003848e+03
 163.7982373,7.7040991e+03
 163.8186715,7.7048955e+03
 163.8391059,7.7022148e+03
 163.8595400,7.6928247e+03
 163.8799743,7.7061812e+03
 163.9004084,7.6248750e+03
 163.9208427,7.4464854e+03
 163.9412770,7.1740210e+03
 163.9617112,6.8637783e+03
 163.9821455,6.5274385e+03
 164.0025797,6.2173193e+03
 164.0230140,5.9102402e+03
 164.0434481,5.7115337e+03
 164.0638824,5.6512998e+03
 164.0843167,5.7302861e+03
 164.1047509,5.9418765e+03
 164.1251851,6.2375645e+03
 164.1456194,6.5675405e+03
 164.1660535,6.9006997e+03
 164.1864878,7.2054131e+03
 164.2069221,7.4678047e+03
 164.2273564,         null
 164.2477905,7.6690132e+03
 164.2682247,7.7039297e+03
 164.2886590,7.7002188e+03
 164.3090932,7.6958359e+03
 164.3295275,7.6983564e+03
 164.3499618,7.6952559e+03
 164.3703960,7.7027422e+03
 164.3908302,7.6587095e+03
 164.4112644,7.6671968e+03
 164.4316987,7.7030596e+03
 164.4521329,7.7059341e+03
 164.4725671,7.6962007e+03
 164.4930015,7.7049912e+03
 164.5134356,7.7039146e+03
 164.5338698,7.6933027e+03
 164.5543041,7.7041602e+03
 164.5747383,7.7084502e+03
 164.5951726,7.7021543e+03
 164.6156068,7.7047051e+03
 164.6360409,7.6984185e+03
 164.6564753,7.7028320e+03
 164.6769095,7.7103633e+03
 164.6973437,7.7000664e+03
 164.7177780,7.6956465e+03
 164.7382122,7.7074746e+03
 164.7586465,7.7047021e+03
 164.7790806,7.6995234e+03
 164.7995149,7.6995312e+03
 164.8199492,7.6978281e+03
 164.8403833,7.7040532e+03
 164.8608176,7.7050386e+03
 164.8812519,7.6963164e+03
 164.9016860,7.6975181e+03
 164.9221202,7.7009131e+03
 164.9425546,7.7024873e+03
 164.9629887,7.6990171e+03
 164.9834229,7.6667817e+03
