        TIME,  PDCSAP_FLUX
 131.5119708,1.8733426e+04
 131.5324052,1.8734941e+04
 131.5528396,1.8731633e+04
 131.5732738,1.8726398e+04
 131.5937082,1.8721225e+04
 131.6141426,1.8724105e+04
 131.6345769,1.8729135e+04
 131.6550112,1.8739711e+04
 131.6754457,1.8727150e+04
 131.6958800,1.8724426e+04
 131.7163142,1.8721434e+04
 131.7367486,1.8715172e+04
 131.7571830,1.8726129e+04
 131.7776173,1.8727973e+04
 131.7980516,1.8725865e+04
 131.8184861,1.8730885e+04
 131.8389203,1.8724680e+04
 131.8593547,1.8723674e+04
 131.8797890,1.8725346e+04
 131.9002234,1.8718838e+04
 131.9206577,1.8727535e+04
 131.9410921,1.8728838e+04
 131.9615264,1.8724330e+04
 131.9819608,1.8730561e+04
 132.0023951,1.8721166e+04
 132.0228293,1.8713658e+04
 132.0432638,1.8728457e+04
 132.0636981,1.8719521e+04
 132.0841324,1.8719203e+04
 132.1045667,1.8725346e+04
 132.1250012,1.8726311e+04
 132.1454354,1.8721529e+04
 132.1658698,1.8712318e+04
 132.1863042,1.8728584e+04
 132.2067386,1.8721627e+04
 132.2271728,1.8725600e+04
 132.2476072,1.8718805e+04
 132.2680416,1.8722412e+04
 132.2884758,1.8721217e+04
 132.3089102,1.8730076e+04
 132.3293446,1.8728150e+04
 132.3497789,1.8723070e+04
 132.3702132,1.8721861e+04
 132.3906476,1.8726238e+04
 132.4110819,1.8727289e+04
 132.4315163,1.8722035e+04
 132.4519506,1.8723857e+04
 132.4723851,1.8719471e+04
 132.4928193,1.8722256e+04
 132.5132537,1.8725021e+04
 132.5336879,1.8719896e+04
 132.5541223,1.8725508e+04
 132.5745567,1.8720881e+04
 132.5949909,1.8714123e+04
 132.6154254,1.8724875e+04
 132.6358597,1.8719973e+04
 132.6562941,1.8724074e+04
 132.6767283,1.8721773e+04
 132.6971628,1.8732627e+04
 132.7175971,1.8715209e+04
 132.7380314,1.8719426e+04
 132.7584658,1.8726389e+04
 132.7789001,1.8722770e+04
 132.7993344,1.8722896e+04
 132.8197687,1.8723555e+04
 132.8402032,1.8715271e+04
 132.8606374,1.8719594e+04
 132.8810718,1.8718172e+04
 132.9015062,1.8719121e+04
 132.9219405,1.8718887e+04
 132.9423748,1.8719350e+04
 132.9628091,1.8717246e+04
 132.9832436,1.8713273e+04
 133.0036778,1.8710689e+04
 133.0241122,1.8728453e+04
 133.0445465,1.8720732e+04
 133.0649809,1.8726488e+04
 133.0854152,1.8732049e+04
 133.1058496,1.8719928e+04
 133.1262839,1.8725842e+04
 133.1467182,1.8720164e+04
 133.1671526,1.8731127e+04
 133.1875869,1.8724127e+04
 133.2080214,1.8718406e+04
 133.2284556,1.8728857e+04
 133.2488900,1.8727531e+04
 133.2693243,1.8736770e+04
 133.2897587,1.8723002e+04
 133.3101930,1.8729041e+04
 133.3306272,1.8731533e+04
 133.3510617,1.8726783e+04
 133.3714960,1.8734406e+04
 133.3919304,1.8731115e+04
 133.4123647,1.8725951e+04
 133.4327991,1.8721895e+04
 133.4532334,1.8724742e+04
 133.4736677,1.8719809e+04
 133.4941021,1.8728812e+04
 133.5145364,1.8734514e+04
 133.5349707,1.8733953e+04
 133.5554051,1.8735092e+04
 133.5758395,1.8735111e+04
 133.5962737,1.8732807e+04
 133.6167081,1.8727848e+04
 133.6371425,1.8739260e+04
 133.6575769,1.8727373e+04
 133.6780111,1.8736285e+04
 133.6984455,1.8727932e+04
 133.7188799,1.8727432e+04
 133.7393141,1.8731496e+04
 133.7597485,1.8721928e+04
 133.7801829,1.8739910e+04
 133.8006172,1.8728785e+04
 133.8210515,1.8723598e+04
 133.8414858,1.8726402e+04
 133.8619202,1.8723188e+04
 133.8823545,1.8731461e+04
 133.9027889,1.8737049e+04
 133.9232232,1.8725871e+04
 133.9436576,1.8727100e+04
 133.9640919,1.8740686e+04
 133.9845261,1.8734613e+04
 134.0049606,1.8729834e+04
 134.0253949,1.8731121e+04
 134.0458292,1.8724961e+04
 134.0662636,1.8726977e+04
 134.0866980,1.8735330e+04
 134.1071322,1.8725273e+04
 134.1275666,1.8736770e+04
 134.1480010,1.8730342e+04
 134.1684353,1.8721951e+04
 134.1888696,1.8729434e+04
 134.2093040,1.8732508e+04
 134.2297384,1.8739420e+04
 134.2501726,1.8733896e+04
 134.2706069,1.8723383e+04
 134.2910414,1.8743467e+04
 134.3114756,1.8726137e+04
 134.3319100,1.8741131e+04
 134.3523444,1.8727223e+04
 134.3727787,1.8730580e+04
 134.3932130,         null
 134.4136473,1.8731592e+04
 134.4340817,1.8730787e+04
 134.4545160,1.8732258e+04
 134.4749504,1.8729766e+04
 134.4953848,1.8733213e+04
 134.5158191,1.8727805e+04
 134.5362534,1.8734395e+04
 134.5566876,1.8741395e+04
 134.5771221,1.8738447e+04
 134.5975564,1.8730447e+04
 134.6179907,1.8719773e+04
 134.6384250,1.8713396e+04
 134.6588595,1.8734412e+04
 134.6792938,1.8720631e+04
 134.6997281,1.8729693e+04
 134.7201625,1.8725002e+04
 134.7405968,1.8724326e+04
 134.7610311,1.8739174e+04
 134.7814654,1.8732070e+04
 134.8018998,1.8730664e+04
 134.8223342,1.8732256e+04
 134.8427684,1.8725055e+04
 134.8632029,1.8738051e+04
 134.8836372,1.8728131e+04
 134.9040716,1.8728885e+04
 134.9245058,1.8749029e+04
 134.9449402,1.8736092e+04
 134.9653746,1.8734496e+04
 134.9858088,1.8719994e+04
 135.0062433,1.8731160e+04
 135.0266776,1.8725004e+04
 135.0471118,1.8727162e+04
 135.0675462,1.8722434e+04
 135.0879806,1.8725861e+04
 135.1084149,1.8725430e+04
 135.1288492,1.8733920e+04
 135.1492836,1.8726461e+04
 135.1697180,1.8730543e+04
 135.1901522,1.8720492e+04
 135.2105866,1.8734848e+04
 135.2310210,1.8722424e+04
 135.2514552,1.8735311e+04
 135.2718896,1.8735709e+04
 135.2923238,1.8728543e+04
 135.3127583,1.8736115e+04
 135.3331926,1.8726404e+04
 135.3536269,1.8736600e+04
 135.3740613,1.8735131e+04
 135.3944956,1.8742512e+04
 135.4149300,1.8727629e+04
 135.4353642,1.8726924e+04
 135.4557987,1.8739678e+04
 135.4762330,1.8721309e+04
 135.4966672,1.8732996e+04
 135.5171017,1.8734615e+04
 135.5375360,1.8737703e+04
 135.5579703,1.8723875e+04
 135.5784046,1.8739963e+04
 135.5988390,1.8745191e+04
 135.6192733,1.8739904e+04
 135.6397076,1.8732195e+04
 135.6601421,1.8734889e+04
 135.6805764,1.8729523e+04
 135.7010106,1.8732410e+04
 135.7214450,1.8736438e+04
 135.7418794,1.8728564e+04
 135.7623137,1.8735592e+04
 135.7827480,1.8737221e+04
 135.8031824,1.8724881e+04
 135.8236167,1.8722111e+04
 135.8440510,1.8732268e+04
 135.8644854,1.8737471e+04
 135.8849197,1.8726635e+04
 135.9053540,1.8736342e+04
 135.9257884,1.8737236e+04
 135.9462226,1.8742938e+04
 135.9666570,1.8728375e+04
 135.9870914,1.8738873e+04
 136.0075256,1.8727010e+04
 136.0279601,1.8722164e+04
 136.0483944,1.8732971e+04
 136.0688286,1.8733994e+04
 136.0892630,1.8736584e+04
 136.1096974,1.8726783e+04
 136.1301318,1.8726098e+04
 136.1505660,1.8739039e+04
 136.1710004,1.8726555e+04
 136.1914348,1.8739023e+04
 136.2118690,1.8731834e+04
 136.2323034,1.8731578e+04
 136.2527378,1.8742213e+04
 136.2731720,1.8717727e+04
 136.2936064,1.8726113e+04
 136.3140408,1.8735213e+04
 136.3344750,1.8725717e+04
 136.3549094,1.8732023e+04
 136.3753437,1.8735816e+04
 136.3957781,1.8726992e+04
 136.4162124,1.8735859e+04
 136.4366467,1.8732475e+04
 136.4570812,1.8721941e+04
 136.4775154,1.8727375e+04
 136.4979497,1.8737383e+04
 136.5183841,1.8737699e+04
 136.5388184,1.8728648e+04
 136.5592528,1.8734213e+04
 136.5796871,1.8736805e+04
 136.6001214,1.8737184e+04
 136.6205558,1.8734932e+04
 136.6409901,1.8735164e+04
 136.6614245,1.8734590e+04
 136.6818588,1.8730715e+04
 136.7022931,1.8731869e+04
 136.7227275,1.8743137e+04
 136.7431617,1.8731080e+04
 136.7635961,1.8735545e+04
 136.7840305,1.8737643e+04
 136.8044647,1.8738369e+04
 136.8248992,1.8736982e+04
 136.8453335,1.8739953e+04
 136.8657678,1.8733182e+04
 136.8862021,1.8727316e+04
 136.9066365,1.8734045e+04
 136.9270708,1.8737730e+04
 136.9475051,1.8740771e+04
 136.9679395,1.8739891e+04
 136.9883738,1.8735346e+04
 137.0088081,1.8734945e+04
 137.0292424,1.8732037e+04
 137.0496769,1.8744377e+04
 137.0701111,1.8736463e+04
 137.0905454,1.8735531e+04
 137.1109799,1.8732293e+04
 137.1314141,1.8732035e+04
 137.1518484,1.8747191e+04
 137.1722828,1.8740500e+04
 137.1927172,1.8732490e+04
 137.2131514,1.8745246e+04
 137.2335858,1.8738777e+04
 137.2540200,1.8731141e+04
 137.2744545,1.8735703e+04
 137.2948888,1.8743223e+04
 137.3153230,1.8739961e+04
 137.3357575,1.8746396e+04
 137.3561918,1.8738475e+04
 137.3766261,         null
 137.3970604,1.8741922e+04
 137.4174948,1.8733365e+04
 137.4379291,1.8747553e+04
 137.4583634,1.8740504e+04
 137.4787978,1.8749330e+04
 137.4992322,1.8738887e+04
 137.5196664,1.8743576e+04
 137.5401007,1.8739240e+04
 137.5605352,1.8738707e+04
 137.5809694,1.8741225e+04
 137.6014037,1.8746576e+04
 137.6218382,1.8738127e+04
 137.6422725,1.8742594e+04
 137.6627067,1.8750428e+04
 137.6831411,1.8739488e+04
 137.7035755,1.8735074e+04
 137.7240097,1.8741973e+04
 137.7444441,1.8732541e+04
 137.7648785,1.8732924e+04
 137.7853127,1.8732850e+04
 137.8057471,1.8732240e+04
 137.8261813,1.8740367e+04
 137.8466157,1.8737734e+04
 137.8670501,1.8738162e+04
 137.8874844,1.8741123e+04
 137.9079187,1.8736656e+04
 137.9283531,1.8744031e+04
 137.9487874,1.8735273e+04
 137.9692217,1.8732604e+04
 137.9896561,1.8746789e+04
 138.0100904,1.8745621e+04
 138.0305247,1.8753910e+04
 138.0509590,1.8738602e+04
 138.0713934,1.8740873e+04
 138.0918278,1.8740533e+04
 138.1122620,1.8745363e+04
 138.1326964,1.8737457e+04
 138.1531308,1.8747070e+04
 138.1735650,1.8743633e+04
 138.1939993,1.8744998e+04
 138.2144338,1.8738631e+04
 138.2348681,1.8749660e+04
 138.2553023,1.8738271e+04
 138.2757368,1.8748066e+04
 138.2961711,1.8739764e+04
 138.3166053,1.8743307e+04
 138.3370397,1.8745238e+04
 138.3574741,1.8741832e+04
 138.3779084,1.8739252e+04
 138.3983427,1.8742318e+04
 138.4187771,1.8741973e+04
 138.4392114,1.8735377e+04
 138.4596457,1.8731299e+04
 138.4800800,1.8747045e+04
 138.5005144,1.8751887e+04
 138.5209487,1.8742926e+04
 138.5413830,1.8740945e+04
 138.5618173,1.8738295e+04
 138.5822517,1.8739455e+04
 138.6026860,1.8742090e+04
 138.6231203,1.8752412e+04
 138.6435547,1.8736877e+04
 138.6639890,1.8743191e+04
 138.6844233,1.8737490e+04
 138.7048576,1.8740695e+04
 138.7252920,1.8747770e+04
 138.7457263,1.8742115e+04
 138.7661606,1.8747910e+04
 138.7865950,1.8738939e+04
 138.8070293,1.8747957e+04
 138.8274635,1.8745762e+04
 138.8478979,1.8739389e+04
 138.8683323,1.8741389e+04
 138.8887666,1.8753832e+04
 138.9092009,1.8742408e+04
 138.9296353,1.8743164e+04
 138.9500696,1.8734590e+04
 138.9705039,1.8741221e+04
 138.9909382,1.8742592e+04
 139.0113726,1.8747793e+04
 139.0318069,1.8742635e+04
 139.0522412,1.8735396e+04
 139.0726756,1.8738736e+04
 139.0931099,1.8739650e+04
 139.1135442,1.8741834e+04
 139.1339785,1.8742209e+04
 139.1544129,1.8737762e+04
 139.1748472,1.8734303e+04
 139.1952815,1.8747596e+04
 139.2157157,1.8739072e+04
 139.2361502,1.8749064e+04
 139.2565845,1.8746666e+04
 139.2770187,1.8739506e+04
 139.2974532,1.8742947e+04
 139.3178875,1.8734273e+04
 139.3383218,1.8740070e+04
 139.3587561,1.8749295e+04
 139.3791905,1.8744363e+04
 139.3996248,1.8735430e+04
 139.4200591,1.8730652e+04
 139.4404935,1.8736555e+04
 139.4609278,1.8739924e+04
 139.4813620,1.8735693e+04
 139.5017964,1.8740787e+04
 139.5222308,1.8733303e+04
 139.5426650,1.8728197e+04
 139.5630994,1.8745020e+04
 139.5835338,1.8730611e+04
 139.6039680,1.8739738e+04
 139.6244024,1.8747055e+04
 139.6448367,1.8737982e+04
 139.6652711,1.8737023e+04
 139.6857053,1.8726973e+04
 139.7061397,1.8730908e+04
 139.7265740,1.8732463e+04
 139.7470083,1.8730461e+04
 139.7674427,1.8736770e+04
 139.7878770,1.8735119e+04
 139.8083113,1.8743240e+04
 139.8287457,1.8737410e+04
 139.8491800,1.8733535e+04
 139.8696143,1.8735045e+04
 139.8900486,1.8736412e+04
 139.9104830,1.8736531e+04
 139.9309173,1.8732436e+04
 139.9513517,1.8738102e+04
 139.9717860,1.8730658e+04
 139.9922203,1.8729465e+04
 140.0126545,1.8741141e+04
 140.0330889,1.8739475e+04
 140.0535233,1.8744051e+04
 140.0739576,1.8731418e+04
 140.0943919,1.8738227e+04
 140.1148263,1.8739027e+04
 140.1352606,1.8733211e+04
 140.1556948,1.8735459e+04
 140.1761292,1.8734635e+04
 140.1965636,1.8737586e+04
 140.2169978,1.8734064e+04
 140.2374322,1.8742859e+04
 140.2578666,1.8731973e+04
 140.2783008,1.8740123e+04
 140.2987351,1.8741375e+04
 140.3191695,1.8740797e+04
 140.3396038,1.8739004e+04
 140.3600381,         null
 140.3804724,1.8742535e+04
 140.4009068,1.8729475e+04
 140.4213411,1.8730316e+04
 140.4417754,1.8733262e+04
 140.4622098,1.8742119e+04
 140.4826441,1.8744707e+04
 140.5030784,1.8736314e+04
 140.5235126,1.8739551e+04
 140.5439470,1.8744729e+04
 140.5643814,1.8737057e+04
 140.5848157,1.8737994e+04
 140.6052500,1.8736828e+04
 140.6256843,1.8735994e+04
 140.6461187,1.8732900e+04
 140.6665529,1.8734027e+04
 140.6869873,1.8733271e+04
 140.7074217,1.8744330e+04
 140.7278559,1.8733250e+04
 140.7482903,1.8736947e+04
 140.7687246,1.8740393e+04
 140.7891589,1.8739607e+04
 140.8095932,1.8740410e+04
 140.8300276,1.8729949e+04
 140.8504619,1.8737652e+04
 140.8708962,1.8735566e+04
 140.8913305,1.8733998e+04
 140.9117649,1.8740535e+04
 140.9321991,1.8739006e+04
 140.9526335,1.8745926e+04
 140.9730679,1.8744900e+04
 140.9935021,1.8748551e+04
 141.0139364,1.8738889e+04
 141.0343708,1.8740227e+04
 141.0548051,1.8735844e+04
 141.0752394,1.8743828e+04
 141.0956737,1.8745471e+04
 141.1161081,1.8736967e+04
 141.1365424,1.8749090e+04
 141.1569767,1.8737764e+04
 141.1774109,1.8748879e+04
 141.1978454,1.8735895e+04
 141.2182797,1.8739895e+04
 141.2387139,1.8733852e+04
 141.2591483,1.8748311e+04
 141.2795827,1.8741604e+04
 141.3000169,1.8739551e+04
 141.3204512,1.8744268e+04
 141.3408856,1.8746629e+04
 141.3613200,1.8749283e+04
 141.3817542,1.8738863e+04
 141.4021885,1.8743865e+04
 141.4226229,1.8749361e+04
 141.4430573,1.8751029e+04
 141.4634915,1.8747730e+04
 141.4839259,1.8735266e+04
 141.5043602,1.8739529e+04
 141.5247945,1.8742422e+04
 141.5452288,1.8744098e+04
 141.5656631,1.8752463e+04
 141.5860975,1.8745824e+04
 141.6065318,1.8748791e+04
 141.6269662,1.8743162e+04
 141.6474005,1.8743236e+04
 141.6678347,1.8744344e+04
 141.6882690,1.8748527e+04
 141.7087035,1.8748029e+04
 141.7291377,1.8748445e+04
 141.7495720,1.8739143e+04
 141.7700064,1.8754930e+04
 141.7904407,1.8751271e+04
 141.8108750,1.8747158e+04
 141.8313093,1.8747738e+04
 141.8517436,1.8747527e+04
 141.8721780,1.8756457e+04
 141.8926123,1.8760082e+04
 141.9130467,1.8738584e+04
 141.9334809,1.8742852e+04
 141.9539152,1.8744959e+04
 141.9743495,1.8753412e+04
 141.9947839,1.8755492e+04
 142.0152182,1.8750012e+04
 142.0356524,1.8758840e+04
 142.0560868,1.8755406e+04
 142.0765212,1.8745768e+04
 142.0969555,1.8743240e+04
 142.1173897,1.8753062e+04
 142.1378241,1.8742451e+04
 142.1582585,1.8757574e+04
 142.1786927,1.8748219e+04
 142.1991270,1.8755455e+04
 142.2195614,1.8737537e+04
 142.2399957,1.8748678e+04
 142.2604300,1.8749529e+04
 142.2808644,1.8752318e+04
 142.3012986,1.8753559e+04
 142.3217329,1.8751441e+04
 142.3421673,1.8755299e+04
 142.3626017,1.8743572e+04
 142.3830359,1.8748383e+04
 142.4034702,1.8748631e+04
 142.4239046,1.8758057e+04
 142.4443389,1.8754867e+04
 142.4647732,1.8758865e+04
 142.4852074,1.8758289e+04
 142.5056418,1.8749518e+04
 142.5260762,1.8745480e+04
 142.5465105,1.8749342e+04
 142.5669447,1.8747547e+04
 142.5873791,1.8751299e+04
 142.6078134,1.8741271e+04
 142.6282477,1.8748359e+04
 142.6486821,1.8747215e+04
 142.6691164,1.8748053e+04
 142.6895506,1.8740357e+04
 142.7099849,1.8743814e+04
 142.7304194,1.8751734e+04
 142.7508536,1.8753320e+04
 142.7712879,1.8746631e+04
 142.7917223,1.8747904e+04
 142.8121565,1.8746711e+04
 142.8325909,1.8753221e+04
 142.8530252,1.8749189e+04
 142.8734596,1.8749932e+04
 142.8938938,1.8749047e+04
 142.9143281,1.8749068e+04
 142.9347625,1.8747361e+04
 142.9551968,1.8740645e+04
 142.9756311,1.8744988e+04
 142.9960653,1.8741855e+04
 143.0164997,1.8743033e+04
 143.0369340,1.8732842e+04
 143.0573684,1.8739895e+04
 143.0778027,1.8746447e+04
 143.0982370,1.8740697e+04
 143.1186713,1.8745248e+04
 143.1391056,1.8739053e+04
 143.1595400,1.8736291e+04
 143.1799743,1.8738135e+04
 143.2004085,1.8752639e+04
 143.2208428,1.8735699e+04
 143.2412772,1.8738521e+04
 143.2617115,1.8752203e+04
 143.2821459,1.8747541e+04
 143.3025802,1.8758947e+04
 143.3230145,1.8750486e+04
 143.3434488,         null
 143.3638830,1.8744201e+04
 143.3843175,1.8746646e+04
 143.4047518,1.8752615e+04
 143.4251860,1.8747529e+04
 143.4456204,1.8745689e+04
 143.4660547,1.8742266e+04
 143.4864889,1.8741723e+04
 143.5069233,1.8747053e+04
 143.5273577,1.8744852e+04
 143.5477920,1.8743697e+04
 143.5682262,1.8737699e+04
 143.5886606,1.8738854e+04
 143.6090949,1.8743197e+04
 143.6295292,1.8749086e+04
 143.6499635,1.8741211e+04
 143.6703979,1.8759896e+04
 143.6908321,1.8752113e+04
 143.7112664,1.8746777e+04
 143.7317007,1.8747396e+04
 143.7521351,1.8741064e+04
 143.7725694,1.8744125e+04
 143.7930037,1.8745789e+04
 143.8134380,1.8741568e+04
 143.8338723,1.8752775e+04
 143.8543066,1.8735027e+04
 143.8747408,1.8751389e+04
 143.8951753,1.8753082e+04
 143.9156096,1.8737229e+04
 143.9360438,1.8741967e+04
 143.9564782,1.8738803e+04
 143.9769125,1.8750168e+04
 143.9973467,1.8742863e+04
 144.0177811,1.8738240e+04
 144.0382155,1.8741113e+04
 144.0586498,1.8747584e+04
 144.0790840,1.8742961e+04
 144.0995184,1.8744520e+04
 144.1199527,1.8739707e+04
 144.1403869,1.8743727e+04
 144.1608213,1.8745660e+04
 144.1812557,1.8745471e+04
 144.2016899,1.8741863e+04
 144.2221242,1.8749119e+04
 144.2425586,1.8755455e+04
 144.2629928,1.8747783e+04
 144.2834271,1.8744449e+04
 144.3038615,1.8746783e+04
 144.3242958,1.8749305e+04
 144.3447301,1.8745033e+04
 144.3651644,1.8739643e+04
 144.3855986,1.8740984e+04
 144.4060330,1.8749795e+04
 144.4264673,1.8735215e+04
 144.4469016,1.8755971e+04
 144.4673360,1.8740334e+04
 144.4877703,1.8743047e+04
 144.5082045,1.8742438e+04
 144.5286388,1.8750221e+04
 144.5490732,1.8752613e+04
 144.5695075,1.8752834e+04
 144.5899418,1.8754838e+04
 144.6103762,1.8756148e+04
 144.6308105,1.8753400e+04
 144.6512447,1.8747016e+04
 144.6716790,1.8749832e+04
 144.6921134,1.8739238e+04
 144.7125476,1.8745961e+04
 144.7329819,1.8743980e+04
 144.7534164,1.8754471e+04
 144.7738506,1.8743709e+04
 144.7942849,1.8758527e+04
 144.8147192,1.8746496e+04
 144.8351536,1.8751555e+04
 144.8555878,1.8738785e+04
 144.8760221,1.8743727e+04
 144.8964564,1.8750002e+04
 144.9168908,1.8745559e+04
 144.9373251,1.8744973e+04
 144.9577594,1.8758381e+04
 144.9781938,1.8754875e+04
 144.9986280,1.8742689e+04
 145.0190623,1.8755975e+04
 145.0394966,1.8758699e+04
 145.0599309,1.8750217e+04
 145.0803652,1.8762117e+04
 145.1007996,1.8761594e+04
 145.1212340,1.8742225e+04
 145.1416682,1.8747803e+04
 145.1621025,1.8741902e+04
 145.1825367,1.8751818e+04
 145.2029711,1.8747398e+04
 145.2234054,1.8756164e+04
 145.2438396,1.8755914e+04
 145.2642740,1.8750975e+04
 145.2847084,1.8762018e+04
 145.3051427,1.8752469e+04
 145.3255769,1.8751105e+04
 145.3460113,1.8756469e+04
 145.3664456,1.8755855e+04
 145.3868798,1.8754256e+04
 145.4073142,1.8758281e+04
 145.4277485,1.8754525e+04
 145.4481827,1.8753354e+04
 145.4686170,1.8750896e+04
 145.4890514,1.8756898e+04
 145.5094857,1.8752855e+04
 145.5299200,1.8758113e+04
 145.5503543,1.8751840e+04
 145.5707887,1.8752131e+04
 145.5912229,1.8750434e+04
 145.6116572,1.8755223e+04
 145.6320916,1.8764066e+04
 145.6525258,1.8757180e+04
 145.6729601,1.8749979e+04
 145.6933943,1.8748691e+04
 145.7138287,1.8765295e+04
 145.7342631,1.8752600e+04
 145.7546974,1.8745986e+04
 145.7751317,1.8752686e+04
 145.7955660,1.8757043e+04
 145.8160003,1.8736801e+04
 145.8364345,1.8753215e+04
 145.8568689,1.8746090e+04
 145.8773032,1.8756922e+04
 145.8977374,1.8751035e+04
 145.9181718,1.8756008e+04
 145.9386061,1.8749262e+04
 145.9590403,1.8758150e+04
 145.9794747,1.8748498e+04
 145.9999091,1.8747549e+04
 146.0203434,1.8753850e+04
 146.0407776,1.8746148e+04
 146.0612120,1.8750283e+04
 146.0816463,1.8750676e+04
 146.1020805,1.8751133e+04
 146.1225148,1.8748086e+04
 146.1429492,1.8743771e+04
 146.1633834,1.8746084e+04
 146.1838177,1.8747912e+04
 146.2042520,1.8742594e+04
 146.2246863,1.8755895e+04
 146.2451206,1.8755402e+04
 146.2655550,1.8748334e+04
 146.2859893,1.8749617e+04
 146.3064236,1.8749148e+04
 146.3268579,         null
 146.3472921,1.8752902e+04
 146.3677265,1.8744062e+04
 146.3881608,1.8750006e+04
 146.4085950,1.8737156e+04
 146.4290294,1.8747869e+04
 146.4494637,1.8741834e+04
 146.4698979,1.8741154e+04
 146.4903323,1.8750748e+04
 146.5107666,1.8737477e+04
 146.5312009,1.8744760e+04
 146.5516351,1.8733246e+04
 146.5720695,1.8744559e+04
 146.5925038,1.8733146e+04
 146.6129381,1.8746363e+04
 146.6333724,1.8748178e+04
 146.6538068,1.8751396e+04
 146.6742411,1.8745469e+04
 146.6946753,1.8748568e+04
 146.7151097,1.8741771e+04
 146.7355440,1.8738562e+04
 146.7559783,1.8746127e+04
 146.7764125,1.8751330e+04
 146.7968469,1.8740244e+04
 146.8172812,1.8745137e+04
 146.8377154,1.8736303e+04
 146.8581497,1.8741311e+04
 146.8785841,1.8735822e+04
 146.8990183,1.8747418e+04
 146.9194526,1.8743684e+04
 146.9398870,1.8743686e+04
 146.9603212,1.8744100e+04
 146.9807555,1.8741064e+04
 147.0011898,1.8746180e+04
 147.0216241,1.8732998e+04
 147.0420584,1.8743736e+04
 147.0624927,1.8746283e+04
 147.0829271,1.8750510e+04
 147.1033613,1.8740123e+04
 147.1237956,1.8743664e+04
 147.1442298,1.8742219e+04
 147.1646642,1.8744955e+04
 147.1850985,1.8747359e+04
 147.2055328,1.8744771e+04
 147.2259672,1.8748057e+04
 147.2464015,1.8750246e+04
 147.2668358,1.8744283e+04
 147.2872700,1.8737727e+04
 147.3077044,1.8744240e+04
 147.3281387,1.8741014e+04
 147.3485729,1.8737801e+04
 147.3690072,1.8733189e+04
 147.3894416,1.8746061e+04
 147.4098758,1.8742846e+04
 147.4303101,1.8738180e+04
 147.4507445,1.8732182e+04
 147.4711787,1.8737520e+04
 147.4916130,1.8736645e+04
 147.5120473,1.8737322e+04
 147.5324817,1.8731613e+04
 147.5529159,1.8738270e+04
 147.5733502,1.8741580e+04
 147.5937846,1.8748625e+04
 147.6142188,1.8731232e+04
 147.6346531,1.8741125e+04
 147.6550873,1.8743742e+04
 147.6755217,1.8730482e+04
 147.6959560,1.8735010e+04
 147.7163902,1.8744955e+04
 147.7368246,1.8742549e+04
 147.7572589,1.8733459e+04
 147.7776932,1.8745012e+04
 147.7981274,1.8739303e+04
 147.8185618,1.8736959e+04
 147.8389961,1.8747195e+04
 147.8594303,1.8735580e+04
 147.8798646,1.8735873e+04
 147.9002990,         null
 147.9207332,1.8737373e+04
 147.9411675,1.8734979e+04
 147.9616019,1.8740998e+04
 147.9820361,1.8738980e+04
 148.0024704,1.8734559e+04
 148.0229047,1.8748053e+04
 148.0433391,1.8727777e+04
 148.0637733,1.8737729e+04
 148.0842076,1.8735420e+04
 148.1046420,1.8736725e+04
 148.1250762,1.8730016e+04
 148.1455105,1.8735129e+04
 148.1659448,1.8732074e+04
 148.1863791,1.8737639e+04
 148.2068134,1.8748242e+04
 148.2272477,1.8733574e+04
 148.2476821,1.8747889e+04
 148.2681163,1.8731141e+04
 148.2885505,1.8728945e+04
 148.3089848,1.8739213e+04
 148.3294191,1.8747240e+04
 148.3498534,1.8737838e+04
 148.3702877,1.8736449e+04
 148.3907219,1.8735096e+04
 148.4111563,1.8738271e+04
 148.4315906,1.8748412e+04
 148.4520249,1.8739230e+04
 148.4724592,1.8740756e+04
 148.4928935,1.8734939e+04
 148.5133278,1.8735271e+04
 148.5337620,1.8751027e+04
 148.5541964,1.8739773e+04
 148.5746307,1.8733650e+04
 148.5950649,1.8746195e+04
 148.6154993,1.8737396e+04
 148.6359336,1.8744518e+04
 148.6563678,1.8746768e+04
 148.6768021,1.8738520e+04
 148.6972365,1.8743027e+04
 148.7176707,1.8741699e+04
 148.7381050,1.8745336e+04
 148.7585394,1.8751900e+04
 148.7789737,1.8746393e+04
 148.7994079,1.8751475e+04
 148.8198422,1.8735725e+04
 148.8402765,1.8736689e+04
 148.8607107,1.8741779e+04
 148.8811450,1.8740785e+04
 148.9015794,1.8743074e+04
 148.9220136,1.8753199e+04
 148.9424479,1.8743328e+04
 148.9628822,1.8743645e+04
 148.9833165,1.8745971e+04
 149.0037508,1.8742115e+04
 149.0241851,1.8734100e+04
 149.0446193,1.8741441e+04
 149.0650537,1.8733051e+04
 149.0854880,1.8738453e+04
 149.1059222,1.8735158e+04
 149.1263566,1.8733879e+04
 149.1467909,1.8734438e+04
 149.1672251,1.8740207e+04
 149.1876594,1.8739635e+04
 149.2080937,1.8726121e+04
 149.2285280,1.8748611e+04
 149.2489622,1.8741703e+04
 149.2693966,1.8737406e+04
 149.2898309,1.8746955e+04
 149.3102651,         null
 149.3306994,1.8745865e+04
 149.3511338,1.8747184e+04
 149.3715680,1.8743738e+04
 149.3920023,1.8741811e+04
 149.4124367,1.8751090e+04
 149.4328709,1.8740693e+04
 149.4533052,1.8745672e+04
 149.4737395,1.8743469e+04
 149.4941737,1.8728908e+04
 149.5146080,1.8740426e+04
 149.5350423,1.8740914e+04
 149.5554767,1.8738729e+04
 149.5759109,1.8737574e+04
 149.5963452,1.8742811e+04
 149.6167794,1.8740641e+04
 149.6372138,1.8738012e+04
 149.6576481,1.8736508e+04
 149.6780823,1.8739598e+04
 149.6985166,1.8734023e+04
 149.7189509,1.8737660e+04
 149.7393852,1.8745010e+04
 149.7598194,1.8737070e+04
 149.7802538,1.8736461e+04
 149.8006881,1.8730406e+04
 149.8211223,1.8735674e+04
 149.8415566,1.8742266e+04
 149.8619910,1.8736104e+04
 149.8824253,1.8740262e+04
 149.9028595,1.8743951e+04
 149.9232939,1.8740131e+04
 149.9437281,1.8742182e+04
 149.9641624,1.8740393e+04
 149.9845966,1.8741902e+04
 150.0050310,1.8731416e+04
 150.0254653,1.8740738e+04
 150.0458995,1.8755566e+04
 150.0663339,1.8736805e+04
 150.0867682,1.8732428e+04
 150.1072024,1.8743014e+04
 150.1276366,1.8732275e+04
 150.1480710,1.8735445e+04
 150.1685052,1.8748641e+04
 150.1889395,1.8734381e+04
 150.2093739,1.8743770e+04
 150.2298081,1.8736902e+04
 150.2502424,1.8724568e+04
 150.2706767,1.8749562e+04
 150.2911111,1.8733072e+04
 150.3115452,1.8740125e+04
 150.3319795,1.8739215e+04
 150.3524137,1.8738637e+04
 150.3728481,1.8740225e+04
 150.3932824,1.8726934e+04
 150.4137166,1.8749617e+04
 150.4341510,1.8736719e+04
 150.4545853,1.8743656e+04
 150.4750195,1.8726250e+04
 150.4954537,1.8725539e+04
 150.5158881,1.8734061e+04
 150.5363224,1.8732355e+04
 150.5567566,1.8735604e+04
 150.5771910,1.8738230e+04
 150.5976253,1.8739158e+04
 150.6180595,1.8736053e+04
 150.6384937,1.8724752e+04
 150.6589281,1.8732760e+04
 150.6793623,1.8729674e+04
 150.6997966,1.8729225e+04
 150.7202310,1.8726482e+04
 150.7406653,1.8730814e+04
 150.7610995,1.8732342e+04
 150.7815337,1.8744143e+04
 150.8019681,1.8739107e+04
 150.8224023,1.8734277e+04
 150.8428366,1.8736773e+04
 150.8632710,1.8744096e+04
 150.8837052,1.8726584e+04
 150.9041395,1.8736949e+04
 150.9245737,1.8732445e+04
 150.9450080,1.8733369e+04
 150.9654423,1.8735650e+04
 150.9858766,1.8732025e+04
 151.0063108,1.8715975e+04
 151.0267452,1.8729420e+04
 151.0471794,1.8728436e+04
 151.0676136,1.8733432e+04
 151.0880480,1.8734373e+04
 151.1084823,1.8727539e+04
 151.1289165,1.8730238e+04
 151.1493508,1.8730844e+04
 151.1697852,1.8735240e+04
 151.1902193,1.8721721e+04
 151.2106536,1.8735406e+04
 151.2310880,1.8732137e+04
 151.2515223,1.8731932e+04
 151.2719565,1.8725152e+04
 151.2923908,1.8733252e+04
 151.3128251,1.8729975e+04
 151.3332593,1.8730027e+04
 151.3536936,1.8723225e+04
 151.3741280,1.8740852e+04
 151.3945622,1.8719137e+04
 151.4149965,1.8723688e+04
 151.4354307,1.8726326e+04
 151.4558650,1.8727707e+04
 151.4762993,1.8726945e+04
 151.4967336,1.8727645e+04
 151.5171679,1.8723564e+04
 151.5376021,1.8725525e+04
 151.5580364,1.8718340e+04
 151.5784707,1.8729092e+04
 151.5989051,1.8722230e+04
 151.6193393,1.8727105e+04
 151.6397736,1.8766424e+04
 151.6602078,         null
 151.6806421,1.8735873e+04
 151.7010764,1.8734051e+04
 151.7215107,1.8723703e+04
 151.7419450,1.8728000e+04
 151.7623792,1.8724875e+04
 151.7828135,1.8714027e+04
 151.8032477,1.8725818e+04
 151.8236821,1.8733439e+04
 151.8441164,1.8732684e+04
 151.8645505,1.8728900e+04
 151.8849849,1.8730756e+04
 151.9054192,1.8733570e+04
 151.9258534,1.8733975e+04
 151.9462877,1.8735285e+04
 151.9667220,1.8724615e+04
 151.9871563,1.8731000e+04
 152.0075905,1.8726400e+04
 152.0280249,1.8726205e+04
 152.0484592,1.8735068e+04
 152.0688933,1.8730604e+04
 152.0893276,1.8731941e+04
 152.1097620,1.8734283e+04
 152.1301962,1.8729801e+04
 152.1506305,1.8736443e+04
 152.1710647,1.8735945e+04
 152.1914990,1.8730615e+04
 152.2119333,1.8734684e+04
 152.2323676,1.8734289e+04
 152.2528020,1.8729514e+04
 152.2732361,1.8737875e+04
 152.2936704,         null
 152.3141046,1.8735432e+04
 152.3345390,1.8736436e+04
 152.3549732,1.8737223e+04
 152.3754074,1.8735271e+04
 152.3958418,1.8738803e+04
 152.4162761,1.8727701e+04
 152.4367104,1.8734916e+04
 152.4571445,1.8735625e+04
 152.4775789,1.8744539e+04
 152.4980132,1.8728590e+04
 152.5184474,1.8732369e+04
 152.5388817,1.8735021e+04
 152.5593160,1.8733928e+04
 152.5797502,1.8735820e+04
 152.6001845,1.8735422e+04
 152.6206188,1.8732480e+04
 152.6410530,1.8743920e+04
 152.6614873,         null
 152.6819216,1.8734896e+04
 152.7023558,1.8736059e+04
 152.7227901,1.8737746e+04
 152.7432244,1.8740543e+04
 152.7636588,1.8744355e+04
 152.7840929,1.8739018e+04
 152.8045272,1.8732082e+04
 152.8249614,1.8741869e+04
 152.8453958,1.8731994e+04
 152.8658301,1.8746709e+04
 152.8862642,1.8739229e+04
 152.9066986,1.8731396e+04
 152.9271329,1.8739375e+04
 152.9475671,1.8739020e+04
 152.9680013,1.8735104e+04
 152.9884357,1.8728420e+04
 153.0088700,1.8736428e+04
 153.0293041,1.8737166e+04
 153.0497385,1.8737592e+04
 153.0701728,1.8736342e+04
 153.0906070,1.8729145e+04
 153.1110412,1.8714145e+04
 153.1314756,1.8720359e+04
 153.1519098,1.8729062e+04
 153.1723441,1.8724010e+04
 153.1927783,1.8737357e+04
 153.2132127,1.8733781e+04
 153.2336470,1.8727766e+04
 153.2540812,1.8730312e+04
 153.2745155,1.8728523e+04
 153.2949498,1.8719762e+04
 153.3153840,1.8727115e+04
 153.3358182,1.8729006e+04
 153.3562525,1.8736984e+04
 153.3766868,1.8726369e+04
 153.3971211,1.8729428e+04
 153.4175554,1.8739133e+04
 153.4379897,1.8743756e+04
 153.4584239,1.8736578e+04
 153.4788582,1.8736266e+04
 153.4992925,1.8736418e+04
 153.5197267,1.8736162e+04
 153.5401610,1.8735484e+04
 153.5605953,1.8741314e+04
 153.5810295,1.8722209e+04
 153.6014638,1.8739854e+04
 153.6218981,1.8784361e+04
 153.6423323,1.8730012e+04
 153.6627666,1.8738154e+04
 153.6832009,1.8738732e+04
 153.7036350,1.8730430e+04
 153.7240694,1.8743971e+04
 153.7445037,1.8738195e+04
 153.7649378,1.8733059e+04
 153.7853722,1.8737008e+04
 153.8058065,1.8719449e+04
 153.8262407,1.8733189e+04
 153.8466749,1.8731742e+04
 153.8671093,1.8733619e+04
 153.8875435,1.8733193e+04
 153.9079777,1.8733947e+04
 153.9284121,1.8734971e+04
 153.9488464,1.8731842e+04
 153.9692805,1.8730738e+04
 153.9897148,1.8726391e+04
 154.0101492,1.8734600e+04
 154.0305833,1.8740965e+04
 154.0510176,1.8736422e+04
 154.0714520,1.8731496e+04
 154.0918862,1.8728928e+04
 154.1123204,1.8728852e+04
 154.1327547,1.8729033e+04
 154.1531890,1.8743482e+04
 154.1736232,1.8733838e+04
 154.1940575,1.8730721e+04
 154.2144918,1.8718008e+04
 154.2349260,1.8726178e+04
 154.2553603,1.8728701e+04
 154.2757945,1.8727748e+04
 154.2962288,1.8728400e+04
 154.3166631,1.8726275e+04
 154.3370973,1.8727121e+04
 154.3575315,1.8726963e+04
 154.3779659,1.8721648e+04
 154.3984001,1.8727139e+04
 154.4188343,1.8722250e+04
 154.4392687,1.8727117e+04
 154.4597030,1.8722705e+04
 154.4801371,1.8727490e+04
 154.5005714,1.8727342e+04
 154.5210058,1.8721037e+04
 154.5414399,1.8725027e+04
 154.5618742,1.8724262e+04
 154.5823086,1.8725492e+04
 154.6027427,1.8724938e+04
 154.6231770,1.8723742e+04
 154.6436113,1.8726906e+04
 154.6640455,1.8728885e+04
 154.6844798,1.8729383e+04
 154.7049141,1.8725141e+04
 154.7253484,1.8721637e+04
 154.7457826,1.8721818e+04
 154.7662168,1.8719963e+04
 154.7866511,1.8718166e+04
 154.8070854,1.8715914e+04
 154.8275196,1.8724672e+04
 154.8479538,1.8713689e+04
 154.8683882,1.8728805e+04
 154.8888224,1.8714898e+04
 154.9092567,1.8722404e+04
 154.9296910,1.8723408e+04
 154.9501252,1.8716990e+04
 154.9705595,1.8716930e+04
 154.9909938,1.8725396e+04
 155.0114279,1.8711969e+04
 155.0318623,1.8725508e+04
 155.0522965,1.8731486e+04
 155.0727307,1.8723502e+04
 155.0931651,1.8725799e+04
 155.1135993,1.8730828e+04
 155.1340335,1.8731789e+04
 155.1544678,1.8725543e+04
 155.1749021,1.8733697e+04
 155.1953364,1.8725252e+04
 155.2157705,1.8727918e+04
 155.2362048,1.8727113e+04
 155.2566392,1.8730205e+04
 155.2770733,         null
 155.2975076,1.8722549e+04
 155.3179419,1.8735006e+04
 155.3383761,1.8724289e+04
 155.3588104,1.8727420e+04
 155.3792446,1.8728047e+04
 155.3996789,1.8729102e+04
 155.4201132,1.8729527e+04
 155.4405474,1.8720469e+04
 155.4609818,1.8732074e+04
 155.4814159,1.8718373e+04
 155.5018502,1.8731188e+04
 155.5222844,1.8722377e+04
 155.5427187,1.8732971e+04
 155.5631530,         null
 155.5835871,1.8724785e+04
 155.6040215,1.8727867e+04
 155.6244558,1.8729062e+04
 155.6448900,1.8736383e+04
 155.6653242,1.8729688e+04
 155.6857585,1.8726891e+04
 155.7061928,1.8721842e+04
 155.7266270,1.8728416e+04
 155.7470612,1.8732484e+04
 155.7674956,1.8738994e+04
 155.7879297,1.8735811e+04
 155.8083640,1.8737453e+04
 155.8287983,1.8724963e+04
 155.8492325,1.8733295e+04
 155.8696668,1.8733516e+04
 155.8901010,1.8737463e+04
 155.9105354,1.8730275e+04
 155.9309695,1.8729422e+04
 155.9514038,1.8727445e+04
 155.9718382,1.8725004e+04
 155.9922723,1.8731914e+04
 156.0127066,1.8732744e+04
 156.0331407,1.8740801e+04
 156.0535751,1.8739643e+04
 156.0740093,1.8732205e+04
 156.0944436,1.8734207e+04
 156.1148779,1.8735678e+04
 156.1353121,1.8735416e+04
 156.1557464,1.8735982e+04
 156.1761805,1.8741867e+04
 156.1966149,1.8735268e+04
 156.2170491,1.8727734e+04
 156.2374833,1.8734701e+04
 156.2579176,1.8735133e+04
 156.2783519,1.8727443e+04
 156.2987861,1.8729820e+04
 156.3192203,1.8728826e+04
 156.3396547,1.8732783e+04
 156.3600888,1.8725951e+04
 156.3805231,1.8720424e+04
 156.4009573,1.8726914e+04
 156.4213917,1.8743168e+04
 156.4418259,1.8734080e+04
 156.4622601,1.8733879e+04
 156.4826945,1.8729461e+04
 156.5031286,1.8731852e+04
 156.5235629,1.8723260e+04
 156.5439971,1.8724951e+04
 156.5644314,1.8731211e+04
 156.5848656,1.8736621e+04
 156.6052999,1.8742281e+04
 156.6257341,1.8737018e+04
 156.6461684,1.8725799e+04
 156.6666026,1.8731918e+04
 156.6870369,1.8732836e+04
 156.7074712,1.8727881e+04
 156.7279054,1.8732318e+04
 156.7483397,1.8735271e+04
 156.7687738,1.8736809e+04
 156.7892082,1.8737033e+04
 156.8096424,1.8729527e+04
 156.8300767,1.8732883e+04
 156.8505109,1.8736393e+04
 156.8709452,1.8745525e+04
 156.8913794,1.8742598e+04
 156.9118136,1.8729674e+04
 156.9322479,1.8727463e+04
 156.9526822,1.8734166e+04
 156.9731163,1.8739143e+04
 156.9935507,1.8737334e+04
 157.0139849,1.8735072e+04
 157.0344191,1.8742455e+04
 157.0548533,1.8735074e+04
 157.0752877,1.8731027e+04
 157.0957218,1.8731832e+04
 157.1161561,1.8737670e+04
 157.1365904,1.8736680e+04
 157.1570247,1.8746184e+04
 157.1774588,1.8739469e+04
 157.1978931,1.8732873e+04
 157.2183274,1.8736242e+04
 157.2387616,1.8741191e+04
 157.2591958,1.8728367e+04
 157.2796301,1.8738590e+04
 157.3000643,1.8742035e+04
 157.3204986,1.8742352e+04
 157.3409328,1.8741949e+04
 157.3613671,1.8734113e+04
 157.3818013,1.8727857e+04
 157.4022356,1.8740652e+04
 157.4226697,1.8744105e+04
 157.4431041,1.8733869e+04
 157.4635383,1.8737562e+04
 157.4839725,1.8739984e+04
 157.5044068,1.8729713e+04
 157.5248411,1.8731020e+04
 157.5452752,1.8730686e+04
 157.5657095,1.8733740e+04
 157.5861438,1.8741492e+04
 157.6065780,1.8747721e+04
 157.6270122,1.8732916e+04
 157.6474466,1.8729838e+04
 157.6678808,1.8731367e+04
 157.6883150,1.8735471e+04
 157.7087492,1.8734105e+04
 157.7291836,1.8731293e+04
 157.7496177,1.8732594e+04
 157.7700520,1.8753211e+04
 157.7904863,1.8735477e+04
 157.8109205,1.8734477e+04
 157.8313547,1.8737189e+04
 157.8517889,1.8732727e+04
 157.8722232,1.8737875e+04
 157.8926574,1.8736111e+04
 157.9130917,1.8736697e+04
 157.9335258,1.8730975e+04
 157.9539602,1.8730127e+04
 157.9743944,1.8729307e+04
 157.9948286,1.8732029e+04
 158.0152629,1.8737795e+04
 158.0356972,1.8732527e+04
 158.0561313,1.8725463e+04
 158.0765655,1.8740232e+04
 158.0969999,1.8737305e+04
 158.1174341,1.8731662e+04
 158.1378683,1.8735480e+04
 158.1583026,1.8734639e+04
 158.1787369,1.8731738e+04
 158.1991710,1.8734244e+04
 158.2196053,1.8729627e+04
 158.2400396,1.8734445e+04
 158.2604737,         null
 158.2809080,1.8744859e+04
 158.3013423,1.8726523e+04
 158.3217766,1.8741750e+04
 158.3422107,1.8729217e+04
 158.3626450,1.8730123e+04
 158.3830793,1.8728062e+04
 158.4035135,1.8731639e+04
 158.4239477,1.8737889e+04
 158.4443819,1.8738441e+04
 158.4648163,1.8737109e+04
 158.4852504,1.8738811e+04
 158.5056847,1.8724941e+04
 158.5261190,1.8731592e+04
 158.5465531,1.8732588e+04
 158.5669874,1.8732594e+04
 158.5874216,1.8737814e+04
 158.6078559,1.8737227e+04
 158.6282901,1.8740119e+04
 158.6487244,1.8730281e+04
 158.6691587,1.8735715e+04
 158.6895928,1.8735627e+04
 158.7100271,1.8734551e+04
 158.7304612,1.8735037e+04
 158.7508956,1.8728609e+04
 158.7713298,1.8733801e+04
 158.7917640,1.8736938e+04
 158.8121983,1.8735107e+04
 158.8326325,1.8735730e+04
 158.8530668,1.8736787e+04
 158.8735009,1.8737863e+04
 158.8939352,1.8734691e+04
 158.9143695,1.8741980e+04
 158.9348036,1.8738854e+04
 158.9552380,1.8740477e+04
 158.9756722,1.8734709e+04
 158.9961063,1.8737873e+04
 159.0165406,1.8736400e+04
 159.0369749,1.8736525e+04
 159.0574091,1.8743656e+04
 159.0778433,1.8741514e+04
 159.0982775,1.8748260e+04
 159.1187119,1.8735617e+04
 159.1391460,1.8743234e+04
 159.1595802,1.8741158e+04
 159.1800146,1.8747730e+04
 159.2004487,1.8736900e+04
 159.2208830,1.8751729e+04
 159.2413171,1.8739217e+04
 159.2617514,1.8734732e+04
 159.2821857,1.8756357e+04
 159.3026199,1.8738553e+04
 159.3230542,1.8743166e+04
 159.3434884,1.8741736e+04
 159.3639226,1.8740260e+04
 159.3843568,1.8732303e+04
 159.4047911,1.8754438e+04
 159.4252253,1.8740975e+04
 159.4456595,1.8744611e+04
 159.4660938,1.8745039e+04
 159.4865280,1.8732514e+04
 159.5069622,1.8736418e+04
 159.5273964,1.8739008e+04
 159.5478308,1.8735420e+04
 159.5682649,1.8742750e+04
 159.5886991,1.8751229e+04
 159.6091334,1.8740182e+04
 159.6295677,1.8745104e+04
 159.6500018,1.8741467e+04
 159.6704361,1.8740414e+04
 159.6908704,1.8732625e+04
 159.7113045,1.8745994e+04
 159.7317388,1.8740039e+04
 159.7521730,1.8739893e+04
 159.7726072,1.8760531e+04
 159.7930415,1.8749199e+04
 159.8134757,1.8729502e+04
 159.8339099,1.8737895e+04
 159.8543442,1.8738711e+04
 159.8747784,1.8753533e+04
 159.8952125,1.8736113e+04
 159.9156469,1.8737557e+04
 159.9360811,1.8735852e+04
 159.9565153,1.8749387e+04
 159.9769496,1.8732912e+04
 159.9973838,1.8734039e+04
 160.0178180,1.8731021e+04
 160.0382523,1.8732518e+04
 160.0586865,1.8741979e+04
 160.0791207,1.8738145e+04
 160.0995550,1.8793404e+04
 160.1199891,1.8742764e+04
 160.1404234,1.8739652e+04
 160.1608577,1.8741635e+04
 160.1812918,1.8748186e+04
 160.2017261,1.8746562e+04
 160.2221604,1.8749932e+04
 160.2425945,1.8735316e+04
 160.2630287,1.8746207e+04
 160.2834630,1.8745559e+04
 160.3038972,1.8738854e+04
 160.3243314,1.8747760e+04
 160.3447657,1.8757002e+04
 160.3652000,1.8742340e+04
 160.3856341,1.8749527e+04
 160.4060683,1.8742938e+04
 160.4265027,1.8745408e+04
 160.4469368,1.8754471e+04
 160.4673710,1.8751262e+04
 160.4878053,1.8750127e+04
 160.5082395,1.8740951e+04
 160.5286737,1.8757088e+04
 160.5491079,1.8742508e+04
 160.5695422,1.8739541e+04
 160.5899764,1.8740123e+04
 160.6104106,1.8751672e+04
 160.6308448,1.8752678e+04
 160.6512791,1.8752473e+04
 160.6717133,1.8760334e+04
 160.6921474,1.8743410e+04
 160.7125818,1.8746320e+04
 160.7330160,1.8752629e+04
 160.7534501,1.8748840e+04
 160.7738843,1.8754332e+04
 160.7943187,1.8749332e+04
 160.8147529,1.8750520e+04
 160.8351870,1.8741092e+04
 160.8556214,1.8746963e+04
 160.8760556,1.8751285e+04
 160.8964897,1.8734812e+04
 160.9169239,1.8749387e+04
 160.9373583,1.8747387e+04
 160.9577924,1.8752535e+04
 160.9782266,1.8736156e+04
 160.9986609,1.8745008e+04
 161.0190951,1.8739541e+04
 161.0395293,1.8740811e+04
 161.0599635,1.8750639e+04
 161.0803977,1.8755725e+04
 161.1008320,1.8746559e+04
 161.1212662,1.8741736e+04
 161.1417005,1.8751297e+04
 161.1621346,1.8734213e+04
 161.1825689,1.8741232e+04
 161.2030030,1.8747244e+04
 161.2234373,1.8741191e+04
 161.2438715,         null
 161.2643058,1.8749721e+04
 161.2847399,1.8738002e+04
 161.3051742,1.8745346e+04
 161.3256084,1.8745332e+04
 161.3460426,1.8748100e+04
 161.3664769,1.8743672e+04
 161.3869111,1.8746799e+04
 161.4073452,1.8738318e+04
 161.4277795,1.8751678e+04
 161.4482138,1.8748900e+04
 161.4686479,1.8753020e+04
 161.4890821,1.8752988e+04
 161.5095165,1.8746600e+04
 161.5299506,1.8739947e+04
 161.5503848,1.8735783e+04
 161.5708190,1.8773889e+04
 161.5912533,1.8733445e+04
 161.6116875,1.8742285e+04
 161.6321217,1.8741893e+04
 161.6525560,1.8745764e+04
 161.6729902,1.8750172e+04
 161.6934244,1.8735678e+04
 161.7138586,1.8741215e+04
 161.7342929,1.8743246e+04
 161.7547270,1.8739473e+04
 161.7751612,1.8742102e+04
 161.7955955,1.8735924e+04
 161.8160297,1.8744715e+04
 161.8364639,1.8743080e+04
 161.8568981,1.8747150e+04
 161.8773324,1.8736367e+04
 161.8977666,1.8738283e+04
 161.9182008,1.8747914e+04
 161.9386349,1.8731738e+04
 161.9590692,1.8743189e+04
 161.9795034,1.8735844e+04
 161.9999377,1.8746561e+04
 162.0203719,1.8739449e+04
 162.0408061,1.8737965e+04
 162.0612403,1.8737133e+04
 162.0816744,1.8740643e+04
 162.1021088,1.8733551e+04
 162.1225430,1.8748949e+04
 162.1429771,1.8746207e+04
 162.1634114,1.8742859e+04
 162.1838456,1.8740928e+04
 162.2042797,1.8744959e+04
 162.2247140,1.8729934e+04
 162.2451483,1.8732633e+04
 162.2655824,1.8742805e+04
 162.2860166,1.8748395e+04
 162.3064509,1.8733113e+04
 162.3268851,1.8731869e+04
 162.3473193,1.8727752e+04
 162.3677535,1.8733369e+04
 162.3881878,1.8737279e+04
 162.4086219,1.8743242e+04
 162.4290561,1.8745820e+04
 162.4494902,1.8738803e+04
 162.4699246,1.8727945e+04
 162.4903588,1.8727299e+04
 162.5107924,1.8737523e+04
 162.5312267,1.8737012e+04
 162.5516608,1.8736551e+04
 162.5720950,1.8735645e+04
 162.5925293,1.8732523e+04
 162.6129636,1.8732248e+04
 162.6333977,1.8733639e+04
 162.6538319,1.8735244e+04
 162.6742662,1.8726750e+04
 162.6947003,1.8733318e+04
 162.7151345,1.8738150e+04
 162.7355688,1.8735064e+04
 162.7560030,1.8737691e+04
 162.7764372,1.8742863e+04
 162.7968714,1.8736918e+04
 162.8173056,1.8737463e+04
 162.8377398,1.8736752e+04
 162.8581740,1.8741695e+04
 162.8786082,1.8740789e+04
 162.8990425,1.8737584e+04
 162.9194767,1.8742785e+04
 162.9399108,1.8741977e+04
 162.9603450,1.8731400e+04
 162.9807793,1.8740746e+04
 163.0012134,1.8741328e+04
 163.0216476,1.8738479e+04
 163.0420820,1.8735234e+04
 163.0625162,1.8734164e+04
 163.0829503,1.8740092e+04
 163.1033845,1.8733113e+04
 163.1238188,1.8745402e+04
 163.1442529,1.8737676e+04
 163.1646871,1.8739639e+04
 163.1851214,1.8741963e+04
 163.2055556,1.8744178e+04
 163.2259898,1.8745541e+04
 163.2464240,1.8729172e+04
 163.2668582,1.8737666e+04
 163.2872924,1.8724799e+04
 163.3077266,1.8736895e+04
 163.3281609,1.8734203e+04
 163.3485950,1.8731471e+04
 163.3690292,1.8729229e+04
 163.3894633,1.8734418e+04
 163.4098977,1.8728955e+04
 163.4303319,1.8729285e+04
 163.4507660,1.8730832e+04
 163.4712003,1.8729090e+04
 163.4916345,1.8742678e+04
 163.5120687,1.8726654e+04
 163.5325028,1.8743842e+04
 163.5529371,1.8742838e+04
 163.5733713,1.8732006e+04
 163.5938054,1.8727621e+04
 163.6142396,1.8739129e+04
 163.6346740,1.8738736e+04
 163.6551081,1.8739242e+04
 163.6755423,1.8740508e+04
 163.6959766,1.8744354e+04
 163.7164107,1.8734500e+04
 163.7368449,1.8730361e+04
 163.7572791,1.8737617e+04
 163.7777133,1.8736982e+04
 163.7981475,1.8748932e+04
 163.8185817,1.8749994e+04
 163.8390160,1.8735840e+04
 163.8594501,1.8741633e+04
 163.8798843,1.8756873e+04
 163.9003184,1.8739627e+04
 163.9207527,1.8744182e+04
 163.9411870,1.8724023e+04
 163.9616212,1.8736867e+04
 163.9820554,1.8741068e+04
 164.0024896,1.8737512e+04
 164.0229238,1.8732613e+04
 164.0433579,1.8744646e+04
 164.0637922,1.8736762e+04
 164.0842264,1.8730412e+04
 164.1046606,1.8744811e+04
 164.1250947,1.8746982e+04
 164.1455290,1.8736322e+04
 164.1659631,1.8742820e+04
 164.1863973,1.8747982e+04
 164.2068316,1.8733211e+04
 164.2272658,         null
 164.2476999,1.8747869e+04
 164.2681341,1.8764623e+04
 164.2885683,1.8755715e+04
 164.3090025,1.8742893e+04
 164.3294367,1.8742943e+04
 164.3498710,1.8733830e+04
 164.3703052,1.8746686e+04
 164.3907393,1.8742857e+04
 164.4111735,1.8744928e+04
 164.4316077,1.8736172e+04
 164.4520420,1.8747850e+04
 164.4724762,1.8743914e+04
 164.4929105,1.8748559e+04
 164.5133446,1.8738812e+04
 164.5337788,1.8742133e+04
 164.5542130,1.8751441e+04
 164.5746472,1.8727920e+04
 164.5950814,1.8740945e+04
 164.6155156,1.8737529e+04
 164.6359497,1.8750596e+04
 164.6563840,1.8751660e+04
 164.6768182,1.8741869e+04
 164.6972524,1.8743443e+04
 164.7176866,1.8751939e+04
 164.7381208,1.8744203e+04
 164.7585550,1.8751449e+04
 164.7789891,1.8743553e+04
 164.7994234,1.8745594e+04
 164.8198576,1.8742475e+04
 164.8402917,1.8738627e+04
 164.8607260,1.8741936e+04
 164.8811602,1.8744174e+04
 164.9015943,1.8753484e+04
 164.9220285,1.8732258e+04
 164.9424628,1.8737709e+04
 164.9628969,1.8739180e+04
 164.9833311,1.8743346e+04
