        TIME,  PDCSAP_FLUX
 131.5118095,1.6063277e+04
 131.5322441,1.6067992e+04
 131.5526786,1.6063779e+04
 131.5731130,1.6073129e+04
 131.5935476,1.6055503e+04
 131.6139822,1.6063558e+04
 131.6344166,1.6064644e+04
 131.6548511,1.6065138e+04
 131.6752857,1.6074200e+04
 131.6957202,1.6062786e+04
 131.7161546,1.6062852e+04
 131.7365891,1.6066423e+04
 131.7570237,1.6062902e+04
 131.7774581,1.6065302e+04
 131.7978926,1.6066382e+04
 131.8183272,1.6063751e+04
 131.8387616,1.6059746e+04
 131.8591961,1.6069765e+04
 131.8796306,1.6058031e+04
 131.9000651,1.6065227e+04
 131.9204996,1.6069761e+04
 131.9409341,1.6064497e+04
 131.9613686,1.6063066e+04
 131.9818032,1.6065312e+04
 132.0022377,1.6065061e+04
 132.0226721,1.6067362e+04
 132.0431067,1.6061230e+04
 132.0635412,1.6055447e+04
 132.0839756,1.6066062e+04
 132.1044101,1.6062037e+04
 132.1248447,1.6055114e+04
 132.1452791,1.6072133e+04
 132.1657136,1.6063189e+04
 132.1861482,1.6064810e+04
 132.2065827,1.6061595e+04
 132.2270171,1.6058133e+04
 132.2474516,1.6060127e+04
 132.2678862,1.6053355e+04
 132.2883206,1.6055055e+04
 132.3087551,1.6060984e+04
 132.3291897,1.6067636e+04
 132.3496241,1.6059809e+04
 132.3700586,1.6077834e+04
 132.3904931,1.6060362e+04
 132.4109277,1.6055925e+04
 132.4313622,1.6059155e+04
 132.4517967,1.6071259e+04
 132.4722313,1.6065478e+04
 132.4926657,1.6062832e+04
 132.5131002,1.6073876e+04
 132.5335346,1.6056346e+04
 132.5539692,1.6067940e+04
 132.5744037,1.6053016e+04
 132.5948381,1.6064328e+04
 132.6152727,1.6055959e+04
 132.6357072,1.6061522e+04
 132.6561417,1.6063660e+04
 132.6765761,1.6057060e+04
 132.6970107,1.6069438e+04
 132.7174452,1.6063063e+04
 132.7378796,1.6060386e+04
 132.7583142,1.6065733e+04
 132.7787487,1.6066491e+04
 132.7991831,1.6056909e+04
 132.8196176,1.6066100e+04
 132.8400523,1.6067712e+04
 132.8604867,1.6052381e+04
 132.8809212,1.6061717e+04
 132.9013558,1.6058512e+04
 132.9217902,1.6053749e+04
 132.9422247,1.6063694e+04
 132.9626592,1.6062347e+04
 132.9830938,1.6069030e+04
 133.0035282,1.6080804e+04
 133.0239627,1.6061738e+04
 133.0443972,1.6062818e+04
 133.0648317,1.6063382e+04
 133.0852662,1.6072090e+04
 133.1057007,1.6066622e+04
 133.1261352,1.6061010e+04
 133.1465697,1.6055570e+04
 133.1670042,1.6062663e+04
 133.1874387,1.6067862e+04
 133.2078733,1.6059928e+04
 133.2283077,1.6058116e+04
 133.2487422,1.6064928e+04
 133.2691767,1.6066669e+04
 133.2896112,1.6050402e+04
 133.3100458,1.6064071e+04
 133.3304802,1.6056294e+04
 133.3509148,1.6054435e+04
 133.3713493,1.6068096e+04
 133.3917838,1.6059373e+04
 133.4122183,1.6061814e+04
 133.4326528,1.6058396e+04
 133.4530873,1.6061703e+04
 133.4735217,1.6064164e+04
 133.4939563,1.6058612e+04
 133.5143908,1.6046825e+04
 133.5348252,1.6054576e+04
 133.5552598,1.6054068e+04
 133.5756943,1.6063566e+04
 133.5961287,1.6072143e+04
 133.6165632,1.6068478e+04
 133.6369978,1.6059300e+04
 133.6574323,1.6042784e+04
 133.6778667,1.6056218e+04
 133.6983013,1.6066830e+04
 133.7187358,1.6062218e+04
 133.7391702,1.6071745e+04
 133.7596047,1.6053535e+04
 133.7800393,1.6064669e+04
 133.8004737,1.6058437e+04
 133.8209082,1.6065767e+04
 133.8413428,1.6056583e+04
 133.8617773,1.6060453e+04
 133.8822118,1.6060700e+04
 133.9026463,1.6055166e+04
 133.9230808,1.6066592e+04
 133.9435153,1.6056056e+04
 133.9639498,1.6066207e+04
 133.9843842,1.6065554e+04
 134.0048188,1.6054830e+04
 134.0252533,1.6058896e+04
 134.0456877,1.6065892e+04
 134.0661223,1.6052087e+04
 134.0865568,1.6054154e+04
 134.1069912,1.6059966e+04
 134.1274257,1.6058907e+04
 134.1478603,1.6057612e+04
 134.1682948,1.6060184e+04
 134.1887292,1.6067861e+04
 134.2091638,1.6054267e+04
 134.2295983,1.6063172e+04
 134.2500327,1.6064154e+04
 134.2704672,1.6065478e+04
 134.2909018,1.6063662e+04
 134.3113362,1.6066737e+04
 134.3317707,1.6053654e+04
 134.3522053,1.6050828e+04
 134.3726397,1.6051396e+04
 134.3930742,         null
 134.4135087,1.6063213e+04
 134.4339432,1.6063110e+04
 134.4543778,1.6059228e+04
 134.4748123,1.6051920e+04
 134.4952469,1.6056585e+04
 134.5156813,1.6057556e+04
 134.5361158,1.6055753e+04
 134.5565502,1.6062598e+04
 134.5769848,1.6055359e+04
 134.5974193,1.6054643e+04
 134.6178537,1.6081033e+04
 134.6382882,1.6046075e+04
 134.6587228,1.6063366e+04
 134.6791573,1.6058602e+04
 134.6995918,1.6053370e+04
 134.7200263,1.6052086e+04
 134.7404608,1.6066140e+04
 134.7608952,1.6052733e+04
 134.7813297,1.6052092e+04
 134.8017643,1.6060281e+04
 134.8221988,1.6061962e+04
 134.8426332,1.6063220e+04
 134.8630678,1.6049282e+04
 134.8835023,1.6055006e+04
 134.9039368,1.6057713e+04
 134.9243712,1.6056436e+04
 134.9448058,1.6063858e+04
 134.9652403,1.6061736e+04
 134.9856747,1.6049178e+04
 135.0061093,1.6054184e+04
 135.0265438,1.6062713e+04
 135.0469782,1.6046203e+04
 135.0674127,1.6056748e+04
 135.0878473,1.6050335e+04
 135.1082817,1.6054735e+04
 135.1287162,1.6051131e+04
 135.1491508,1.6051855e+04
 135.1695853,1.6055986e+04
 135.1900197,1.6051023e+04
 135.2104542,1.6051096e+04
 135.2308888,1.6052497e+04
 135.2513232,1.6052271e+04
 135.2717577,1.6054730e+04
 135.2921922,1.6051939e+04
 135.3126268,1.6049209e+04
 135.3330613,1.6060828e+04
 135.3534957,1.6060681e+04
 135.3739303,1.6066300e+04
 135.3943648,1.6044822e+04
 135.4147993,1.6051004e+04
 135.4352337,1.6051785e+04
 135.4556683,1.6058038e+04
 135.4761028,1.6057066e+04
 135.4965372,1.6043413e+04
 135.5169718,1.6049791e+04
 135.5374063,1.6054537e+04
 135.5578407,1.6052551e+04
 135.5782752,1.6056143e+04
 135.5987098,1.6063844e+04
 135.6191442,1.6050903e+04
 135.6395787,1.6047558e+04
 135.6600133,1.6043439e+04
 135.6804478,1.6053455e+04
 135.7008822,1.6058721e+04
 135.7213167,1.6046763e+04
 135.7417513,1.6045944e+04
 135.7621857,1.6049963e+04
 135.7826202,1.6048249e+04
 135.8030548,1.6049199e+04
 135.8234892,1.6049192e+04
 135.8439237,1.6058301e+04
 135.8643582,1.6053646e+04
 135.8847927,1.6052588e+04
 135.9052272,1.6038704e+04
 135.9256617,1.6045910e+04
 135.9460961,1.6052598e+04
 135.9665307,1.6040529e+04
 135.9869652,1.6061852e+04
 136.0073996,1.6048546e+04
 136.0278342,1.6047739e+04
 136.0482687,1.6046875e+04
 136.0687031,1.6062117e+04
 136.0891376,1.6048821e+04
 136.1095722,1.6048112e+04
 136.1300067,1.6044151e+04
 136.1504411,1.6053670e+04
 136.1708757,1.6054120e+04
 136.1913102,1.6054813e+04
 136.2117446,1.6052602e+04
 136.2321791,1.6050136e+04
 136.2526137,1.6047042e+04
 136.2730481,1.6053393e+04
 136.2934826,1.6047860e+04
 136.3139172,1.6048991e+04
 136.3343516,1.6057792e+04
 136.3547861,1.6063766e+04
 136.3752206,1.6061966e+04
 136.3956551,1.6072827e+04
 136.4160896,1.6059700e+04
 136.4365241,1.6079741e+04
 136.4569587,1.6041242e+04
 136.4773931,1.6054926e+04
 136.4978276,1.6057244e+04
 136.5182621,1.6050708e+04
 136.5386966,1.6057380e+04
 136.5591311,1.6050197e+04
 136.5795656,1.6059789e+04
 136.6000001,1.6039195e+04
 136.6204346,1.6054737e+04
 136.6408691,1.6052440e+04
 136.6613036,1.6050166e+04
 136.6817381,1.6048604e+04
 136.7021726,1.6050410e+04
 136.7226071,1.6067407e+04
 136.7430415,1.6052863e+04
 136.7634761,1.6047626e+04
 136.7839106,1.6047755e+04
 136.8043450,1.6052248e+04
 136.8247796,1.6057591e+04
 136.8452141,1.6055786e+04
 136.8656486,1.6045558e+04
 136.8860830,1.6065942e+04
 136.9065176,1.6059164e+04
 136.9269521,1.6053656e+04
 136.9473865,1.6062517e+04
 136.9678211,1.6055957e+04
 136.9882556,1.6049290e+04
 137.0086900,1.6058003e+04
 137.0291245,1.6048849e+04
 137.0495591,1.6050349e+04
 137.0699935,1.6055634e+04
 137.0904280,1.6054858e+04
 137.1108626,1.6053325e+04
 137.1312970,1.6048900e+04
 137.1517315,1.6054982e+04
 137.1721660,1.6049705e+04
 137.1926006,1.6057963e+04
 137.2130350,1.6057818e+04
 137.2334695,1.6061649e+04
 137.2539039,1.6057406e+04
 137.2743385,1.6055361e+04
 137.2947730,1.6049001e+04
 137.3152074,1.6057945e+04
 137.3356420,1.6053904e+04
 137.3560765,1.6049374e+04
 137.3765110,         null
 137.3969454,1.6055123e+04
 137.4173800,1.6056101e+04
 137.4378145,1.6057353e+04
 137.4582489,1.6053143e+04
 137.4786835,1.6061134e+04
 137.4991180,1.6058000e+04
 137.5195524,1.6049730e+04
 137.5399869,1.6065128e+04
 137.5604215,1.6058438e+04
 137.5808559,1.6052067e+04
 137.6012904,1.6057368e+04
 137.6217250,1.6074622e+04
 137.6421595,1.6050273e+04
 137.6625939,1.6053813e+04
 137.6830284,1.6063646e+04
 137.7034630,1.6062470e+04
 137.7238973,1.6051413e+04
 137.7443318,1.6064110e+04
 137.7647664,1.6054288e+04
 137.7852008,1.6054122e+04
 137.8056353,1.6059630e+04
 137.8260697,1.6055374e+04
 137.8465043,1.6064279e+04
 137.8669388,1.6059472e+04
 137.8873733,1.6052054e+04
 137.9078077,1.6056596e+04
 137.9282423,1.6053623e+04
 137.9486768,1.6056456e+04
 137.9691112,1.6044530e+04
 137.9895458,1.6067938e+04
 138.0099803,1.6052900e+04
 138.0304147,1.6048607e+04
 138.0508492,1.6069178e+04
 138.0712838,1.6057708e+04
 138.0917183,1.6055446e+04
 138.1121527,1.6061105e+04
 138.1325873,1.6053982e+04
 138.1530218,1.6052493e+04
 138.1734562,1.6045429e+04
 138.1938907,1.6046096e+04
 138.2143253,1.6051386e+04
 138.2347598,1.6053843e+04
 138.2551942,1.6066599e+04
 138.2756288,1.6066366e+04
 138.2960633,1.6067576e+04
 138.3164977,1.6057177e+04
 138.3369322,1.6053989e+04
 138.3573668,1.6054974e+04
 138.3778013,1.6051571e+04
 138.3982357,1.6050245e+04
 138.4186703,1.6058830e+04
 138.4391047,1.6049811e+04
 138.4595391,1.6049470e+04
 138.4799736,1.6068974e+04
 138.5004082,1.6055680e+04
 138.5208426,1.6052905e+04
 138.5412771,1.6053150e+04
 138.5617116,1.6058059e+04
 138.5821461,1.6054562e+04
 138.6025806,1.6062864e+04
 138.6230151,1.6052344e+04
 138.6434496,1.6061028e+04
 138.6638841,1.6063446e+04
 138.6843186,1.6045655e+04
 138.7047530,1.6041519e+04
 138.7251876,1.6065199e+04
 138.7456221,1.6058915e+04
 138.7660565,1.6056772e+04
 138.7864911,1.6056587e+04
 138.8069256,1.6045333e+04
 138.8273600,1.6057424e+04
 138.8477945,1.6053555e+04
 138.8682291,1.6053245e+04
 138.8886636,1.6061249e+04
 138.9090980,1.6059560e+04
 138.9295325,1.6062851e+04
 138.9499670,1.6046282e+04
 138.9704014,1.6059643e+04
 138.9908359,1.6061876e+04
 139.0112705,1.6058498e+04
 139.0317049,1.6050231e+04
 139.0521394,1.6043913e+04
 139.0725740,1.6051073e+04
 139.0930084,1.6053146e+04
 139.1134429,1.6064743e+04
 139.1338774,1.6059766e+04
 139.1543119,1.6051902e+04
 139.1747464,1.6050659e+04
 139.1951809,1.6055129e+04
 139.2156153,1.6064739e+04
 139.2360499,1.6056692e+04
 139.2564844,1.6056716e+04
 139.2769188,1.6059869e+04
 139.2973534,1.6052280e+04
 139.3177879,1.6051575e+04
 139.3382223,1.6055442e+04
 139.3586567,1.6057175e+04
 139.3790913,1.6058021e+04
 139.3995258,1.6057609e+04
 139.4199602,1.6058370e+04
 139.4403948,1.6057724e+04
 139.4608293,1.6053829e+04
 139.4812637,1.6057025e+04
 139.5016982,1.6050931e+04
 139.5221328,1.6058957e+04
 139.5425672,1.6082940e+04
 139.5630017,1.6063769e+04
 139.5834363,1.6060527e+04
 139.6038707,1.6061092e+04
 139.6243052,1.6061867e+04
 139.6447397,1.6069751e+04
 139.6651743,1.6058593e+04
 139.6856086,1.6061304e+04
 139.7060431,1.6058488e+04
 139.7264776,1.6064593e+04
 139.7469121,1.6059577e+04
 139.7673466,1.6062374e+04
 139.7877811,1.6068285e+04
 139.8082156,1.6062908e+04
 139.8286501,1.6061490e+04
 139.8490846,1.6063489e+04
 139.8695191,1.6058708e+04
 139.8899536,1.6059315e+04
 139.9103881,1.6076245e+04
 139.9308226,1.6055187e+04
 139.9512572,1.6052978e+04
 139.9716916,1.6061984e+04
 139.9921260,1.6052554e+04
 140.0125604,1.6057019e+04
 140.0329950,1.6064687e+04
 140.0534295,1.6068933e+04
 140.0738640,1.6058447e+04
 140.0942985,1.6059200e+04
 140.1147330,1.6055947e+04
 140.1351675,1.6056897e+04
 140.1556019,1.6057865e+04
 140.1760365,1.6059128e+04
 140.1964710,1.6054964e+04
 140.2169054,1.6055947e+04
 140.2373400,1.6058342e+04
 140.2577744,1.6069738e+04
 140.2782088,1.6053379e+04
 140.2986433,1.6060406e+04
 140.3190779,1.6057707e+04
 140.3395123,1.6059764e+04
 140.3599468,         null
 140.3803813,1.6070310e+04
 140.4008159,1.6061957e+04
 140.4212503,1.6066251e+04
 140.4416848,1.6053339e+04
 140.4621194,1.6056029e+04
 140.4825538,1.6056379e+04
 140.5029882,1.6062488e+04
 140.5234226,1.6060579e+04
 140.5438572,1.6058258e+04
 140.5642917,1.6063097e+04
 140.5847262,1.6062961e+04
 140.6051607,1.6057721e+04
 140.6255952,1.6060172e+04
 140.6460297,1.6059577e+04
 140.6664641,1.6076396e+04
 140.6868987,1.6065129e+04
 140.7073332,1.6065134e+04
 140.7277676,1.6054666e+04
 140.7482021,1.6063142e+04
 140.7686366,1.6055267e+04
 140.7890710,1.6049706e+04
 140.8095055,1.6058063e+04
 140.8299401,1.6064370e+04
 140.8503746,1.6069368e+04
 140.8708090,1.6060211e+04
 140.8912435,1.6072063e+04
 140.9116781,1.6074664e+04
 140.9321125,1.6054877e+04
 140.9525469,1.6059626e+04
 140.9729815,1.6057694e+04
 140.9934159,1.6061071e+04
 141.0138504,1.6054603e+04
 141.0342849,1.6076002e+04
 141.0547194,1.6069311e+04
 141.0751539,1.6073977e+04
 141.0955884,1.6066627e+04
 141.1160229,1.6063821e+04
 141.1364574,1.6060620e+04
 141.1568918,1.6065513e+04
 141.1773262,1.6072859e+04
 141.1977608,1.6061739e+04
 141.2181953,1.6064777e+04
 141.2386297,1.6064103e+04
 141.2590643,1.6066494e+04
 141.2794988,1.6064806e+04
 141.2999332,1.6073186e+04
 141.3203677,1.6061797e+04
 141.3408023,1.6061229e+04
 141.3612367,1.6068875e+04
 141.3816711,1.6062917e+04
 141.4021056,1.6069630e+04
 141.4225402,1.6072539e+04
 141.4429747,1.6075135e+04
 141.4634091,1.6059333e+04
 141.4838437,1.6067888e+04
 141.5042782,1.6063197e+04
 141.5247126,1.6067469e+04
 141.5451470,1.6067608e+04
 141.5655815,1.6067725e+04
 141.5860161,1.6075189e+04
 141.6064505,1.6071498e+04
 141.6268851,1.6063556e+04
 141.6473196,1.6058305e+04
 141.6677540,1.6056888e+04
 141.6881885,1.6065132e+04
 141.7086231,1.6061370e+04
 141.7290574,1.6066362e+04
 141.7494919,1.6059446e+04
 141.7699265,1.6057544e+04
 141.7903609,1.6068516e+04
 141.8107954,1.6057441e+04
 141.8312299,1.6054960e+04
 141.8516644,1.6059335e+04
 141.8720989,1.6062879e+04
 141.8925333,1.6076789e+04
 141.9129679,1.6060141e+04
 141.9334023,1.6069293e+04
 141.9538368,1.6070503e+04
 141.9742712,1.6068487e+04
 141.9947058,1.6057551e+04
 142.0151403,1.6067730e+04
 142.0355747,1.6060211e+04
 142.0560091,1.6054373e+04
 142.0764437,1.6060066e+04
 142.0968782,1.6065625e+04
 142.1173126,1.6061667e+04
 142.1377472,1.6046717e+04
 142.1581817,1.6060452e+04
 142.1786161,1.6061664e+04
 142.1990506,1.6059001e+04
 142.2194851,1.6051711e+04
 142.2399195,1.6066049e+04
 142.2603540,1.6063627e+04
 142.2807886,1.6066789e+04
 142.3012230,1.6051968e+04
 142.3216575,1.6056303e+04
 142.3420920,1.6059598e+04
 142.3625265,1.6069236e+04
 142.3829609,1.6055740e+04
 142.4033954,1.6061604e+04
 142.4238300,1.6070889e+04
 142.4442644,1.6051666e+04
 142.4646989,1.6056852e+04
 142.4851333,1.6067973e+04
 142.5055678,1.6056574e+04
 142.5260023,1.6057922e+04
 142.5464368,1.6064650e+04
 142.5668712,1.6068058e+04
 142.5873058,1.6064448e+04
 142.6077403,1.6067528e+04
 142.6281747,1.6063866e+04
 142.6486092,1.6062668e+04
 142.6690437,1.6061365e+04
 142.6894781,1.6063250e+04
 142.7099126,1.6062980e+04
 142.7303472,1.6069013e+04
 142.7507816,1.6060112e+04
 142.7712161,1.6068907e+04
 142.7916506,1.6055765e+04
 142.8120850,1.6060188e+04
 142.8325195,1.6058909e+04
 142.8529540,1.6052734e+04
 142.8733886,1.6060577e+04
 142.8938230,1.6056292e+04
 142.9142575,1.6058673e+04
 142.9346920,1.6057854e+04
 142.9551264,1.6059006e+04
 142.9755609,1.6057582e+04
 142.9959953,1.6061025e+04
 143.0164299,1.6067400e+04
 143.0368644,1.6054570e+04
 143.0572988,1.6058603e+04
 143.0777333,1.6061006e+04
 143.0981678,1.6070592e+04
 143.1186023,1.6063108e+04
 143.1390368,1.6134340e+04
 143.1594713,1.6061230e+04
 143.1799057,1.6054571e+04
 143.2003401,1.6056180e+04
 143.2207746,1.6048650e+04
 143.2412092,1.6059948e+04
 143.2616437,1.6067777e+04
 143.2820782,1.6063218e+04
 143.3025126,1.6056984e+04
 143.3229471,1.6058655e+04
 143.3433816,         null
 143.3638160,1.6066371e+04
 143.3842506,1.6059470e+04
 143.4046851,1.6049844e+04
 143.4251194,1.6057211e+04
 143.4455540,1.6055834e+04
 143.4659885,1.6067276e+04
 143.4864229,1.6047150e+04
 143.5068574,1.6058946e+04
 143.5272920,1.6048688e+04
 143.5477264,1.6062521e+04
 143.5681608,1.6055982e+04
 143.5885954,1.6067162e+04
 143.6090299,1.6057229e+04
 143.6294643,1.6063397e+04
 143.6498988,1.6065074e+04
 143.6703333,1.6047539e+04
 143.6907677,1.6057255e+04
 143.7112022,1.6057674e+04
 143.7316367,1.6060642e+04
 143.7520712,1.6063855e+04
 143.7725056,1.6059219e+04
 143.7929401,1.6056498e+04
 143.8133746,1.6051719e+04
 143.8338091,1.6060444e+04
 143.8542436,1.6060010e+04
 143.8746780,1.6056385e+04
 143.8951125,1.6050250e+04
 143.9155470,1.6059825e+04
 143.9359814,1.6067211e+04
 143.9564160,1.6050562e+04
 143.9768505,1.6055835e+04
 143.9972848,1.6053898e+04
 144.0177193,1.6065240e+04
 144.0381539,1.6059252e+04
 144.0585884,1.6056256e+04
 144.0790228,1.6055274e+04
 144.0994573,1.6057368e+04
 144.1198918,1.6066965e+04
 144.1403262,1.6060883e+04
 144.1607607,1.6053103e+04
 144.1811953,1.6056039e+04
 144.2016297,1.6051452e+04
 144.2220641,1.6056703e+04
 144.2424987,1.6048709e+04
 144.2629331,1.6067521e+04
 144.2833676,1.6058649e+04
 144.3038021,1.6062885e+04
 144.3242365,1.6054890e+04
 144.3446710,1.6051733e+04
 144.3651055,1.6038217e+04
 144.3855399,1.6052238e+04
 144.4059745,1.6055613e+04
 144.4264089,1.6053071e+04
 144.4468433,1.6055058e+04
 144.4672779,1.6055050e+04
 144.4877124,1.6060177e+04
 144.5081467,1.6060529e+04
 144.5285812,1.6049251e+04
 144.5490158,1.6065100e+04
 144.5694503,1.6044430e+04
 144.5898847,1.6055717e+04
 144.6103192,1.6055931e+04
 144.6307537,1.6069261e+04
 144.6511881,1.6059998e+04
 144.6716226,1.6049813e+04
 144.6920572,1.6049654e+04
 144.7124915,1.6057699e+04
 144.7329260,1.6043625e+04
 144.7533606,1.6054056e+04
 144.7737950,1.6040261e+04
 144.7942295,1.6063856e+04
 144.8146639,1.6068063e+04
 144.8350985,1.6055370e+04
 144.8555329,1.6058661e+04
 144.8759674,1.6053759e+04
 144.8964018,1.6053794e+04
 144.9168363,1.6052859e+04
 144.9372708,1.6062299e+04
 144.9577053,1.6050626e+04
 144.9781399,1.6047749e+04
 144.9985742,1.6048704e+04
 145.0190087,1.6043878e+04
 145.0394432,1.6052803e+04
 145.0598777,1.6053519e+04
 145.0803121,1.6050389e+04
 145.1007466,1.6051757e+04
 145.1211812,1.6053761e+04
 145.1416156,1.6049658e+04
 145.1620500,1.6045674e+04
 145.1824844,1.6045798e+04
 145.2029190,1.6050077e+04
 145.2233535,1.6047786e+04
 145.2437879,1.6047021e+04
 145.2642224,1.6055197e+04
 145.2846569,1.6042421e+04
 145.3050914,1.6053979e+04
 145.3255258,1.6052778e+04
 145.3459603,1.6052405e+04
 145.3663948,1.6060310e+04
 145.3868292,1.6053749e+04
 145.4072638,1.6044320e+04
 145.4276982,1.6054823e+04
 145.4481326,1.6053917e+04
 145.4685671,1.6038907e+04
 145.4890017,1.6054584e+04
 145.5094360,1.6046729e+04
 145.5298705,1.6051017e+04
 145.5503050,1.6049986e+04
 145.5707396,1.6052419e+04
 145.5911739,1.6042788e+04
 145.6116084,1.6052815e+04
 145.6320430,1.6041388e+04
 145.6524774,1.6051198e+04
 145.6729118,1.6056230e+04
 145.6933462,1.6051206e+04
 145.7137808,1.6053502e+04
 145.7342153,1.6057585e+04
 145.7546497,1.6058002e+04
 145.7750842,1.6057963e+04
 145.7955187,1.6053370e+04
 145.8159532,1.6055181e+04
 145.8363875,1.6054197e+04
 145.8568221,1.6060097e+04
 145.8772566,1.6048674e+04
 145.8976910,1.6044165e+04
 145.9181255,1.6058767e+04
 145.9385600,1.6050254e+04
 145.9589944,1.6042257e+04
 145.9794289,1.6053672e+04
 145.9998634,1.6050382e+04
 146.0202979,1.6047628e+04
 146.0407323,1.6052546e+04
 146.0611669,1.6055696e+04
 146.0816013,1.6044329e+04
 146.1020357,1.6052279e+04
 146.1224702,1.6043105e+04
 146.1429048,1.6054269e+04
 146.1633391,1.6048388e+04
 146.1837736,1.6043132e+04
 146.2042081,1.6041098e+04
 146.2246425,1.6049087e+04
 146.2450770,1.6046559e+04
 146.2655115,1.6052790e+04
 146.2859460,1.6039212e+04
 146.3063804,1.6050143e+04
 146.3268149,         null
 146.3472493,1.6046171e+04
 146.3676839,1.6062785e+04
 146.3881183,1.6056315e+04
 146.4085527,1.6050913e+04
 146.4289873,1.6057670e+04
 146.4494217,1.6051965e+04
 146.4698561,1.6042263e+04
 146.4902907,1.6051754e+04
 146.5107252,1.6058966e+04
 146.5311596,1.6059076e+04
 146.5515940,1.6047283e+04
 146.5720286,1.6062124e+04
 146.5924630,1.6056037e+04
 146.6128975,1.6038497e+04
 146.6333319,1.6047916e+04
 146.6537665,1.6057622e+04
 146.6742009,1.6054122e+04
 146.6946353,1.6055640e+04
 146.7150699,1.6041245e+04
 146.7355043,1.6052724e+04
 146.7559388,1.6052796e+04
 146.7763732,1.6045717e+04
 146.7968078,1.6044195e+04
 146.8172422,1.6049149e+04
 146.8376766,1.6056113e+04
 146.8581111,1.6048552e+04
 146.8785456,1.6049975e+04
 146.8989800,1.6050857e+04
 146.9194145,1.6045061e+04
 146.9398490,1.6050609e+04
 146.9602834,1.6041662e+04
 146.9807179,1.6042816e+04
 147.0011524,1.6046657e+04
 147.0215868,1.6049801e+04
 147.0420213,1.6054983e+04
 147.0624558,1.6057844e+04
 147.0828903,1.6040509e+04
 147.1033247,1.6045521e+04
 147.1237592,1.6048177e+04
 147.1441935,1.6055136e+04
 147.1646281,1.6043833e+04
 147.1850626,1.6052931e+04
 147.2054969,1.6049893e+04
 147.2259315,1.6042574e+04
 147.2463660,1.6041897e+04
 147.2668005,1.6045146e+04
 147.2872348,1.6051225e+04
 147.3076694,1.6051599e+04
 147.3281039,1.6055582e+04
 147.3485382,1.6044483e+04
 147.3689727,1.6045376e+04
 147.3894073,1.6048852e+04
 147.4098416,1.6045952e+04
 147.4302761,1.6050734e+04
 147.4507107,1.6057224e+04
 147.4711450,1.6047255e+04
 147.4915795,1.6050534e+04
 147.5120140,1.6055836e+04
 147.5324485,1.6052961e+04
 147.5528829,1.6057657e+04
 147.5733174,1.6051922e+04
 147.5937519,1.6043281e+04
 147.6141863,1.6043474e+04
 147.6346208,1.6041784e+04
 147.6550551,1.6044420e+04
 147.6754897,1.6059819e+04
 147.6959242,1.6055748e+04
 147.7163585,1.6048519e+04
 147.7367931,1.6049621e+04
 147.7572276,1.6050368e+04
 147.7776620,1.6048900e+04
 147.7980964,1.6057927e+04
 147.8185310,1.6053600e+04
 147.8389654,1.6056643e+04
 147.8593998,1.6050677e+04
 147.8798343,1.6047511e+04
 147.9002688,         null
 147.9207032,1.6051813e+04
 147.9411377,1.6050812e+04
 147.9615722,1.6042041e+04
 147.9820066,1.6045755e+04
 148.0024411,1.6045484e+04
 148.0228755,1.6040395e+04
 148.0433101,1.6053241e+04
 148.0637445,1.6048690e+04
 148.0841789,1.6058469e+04
 148.1046135,1.6058295e+04
 148.1250479,1.6055261e+04
 148.1454823,1.6057624e+04
 148.1659168,1.6049978e+04
 148.1863513,1.6054521e+04
 148.2067857,1.6052177e+04
 148.2272202,1.6052312e+04
 148.2476548,1.6056495e+04
 148.2680891,1.6055987e+04
 148.2885236,1.6043783e+04
 148.3089580,1.6054584e+04
 148.3293925,1.6046678e+04
 148.3498270,1.6045513e+04
 148.3702614,1.6050995e+04
 148.3906958,1.6046246e+04
 148.4111304,1.6058542e+04
 148.4315648,1.6053167e+04
 148.4519993,1.6051875e+04
 148.4724338,1.6045404e+04
 148.4928682,1.6047548e+04
 148.5133027,1.6054298e+04
 148.5337370,1.6052762e+04
 148.5541716,1.6048067e+04
 148.5746061,1.6050962e+04
 148.5950404,1.6049830e+04
 148.6154750,1.6045456e+04
 148.6359095,1.6049019e+04
 148.6563438,1.6044946e+04
 148.6767783,1.6046195e+04
 148.6972129,1.6054220e+04
 148.7176472,1.6047254e+04
 148.7380817,1.6045958e+04
 148.7585162,1.6053756e+04
 148.7789507,1.6054827e+04
 148.7993851,1.6052891e+04
 148.8198195,1.6060410e+04
 148.8402541,1.6041425e+04
 148.8606884,1.6050340e+04
 148.8811229,1.6053969e+04
 148.9015575,1.6052489e+04
 148.9219918,1.6061639e+04
 148.9424263,1.6042765e+04
 148.9628608,1.6049521e+04
 148.9832952,1.6051004e+04
 149.0037297,1.6050580e+04
 149.0241641,1.6054193e+04
 149.0445985,1.6056317e+04
 149.0650331,1.6056382e+04
 149.0854675,1.6045864e+04
 149.1059019,1.6047690e+04
 149.1263364,1.6050687e+04
 149.1467709,1.6048671e+04
 149.1672053,1.6058116e+04
 149.1876397,1.6057746e+04
 149.2080743,1.6061396e+04
 149.2285087,1.6055298e+04
 149.2489431,1.6057511e+04
 149.2693777,1.6053383e+04
 149.2898121,1.6057973e+04
 149.3102465,         null
 149.3306809,1.6050770e+04
 149.3511155,1.6056175e+04
 149.3715499,1.6049175e+04
 149.3919843,1.6049396e+04
 149.4124189,1.6074785e+04
 149.4328532,1.6053224e+04
 149.4532877,1.6057004e+04
 149.4737222,1.6049531e+04
 149.4941566,1.6053098e+04
 149.5145911,1.6057598e+04
 149.5350255,1.6058849e+04
 149.5554601,1.6054689e+04
 149.5758945,1.6064873e+04
 149.5963289,1.6052038e+04
 149.6167633,1.6049105e+04
 149.6371978,1.6062312e+04
 149.6576323,1.6070962e+04
 149.6780666,1.6057382e+04
 149.6985011,1.6057262e+04
 149.7189357,1.6055326e+04
 149.7393701,1.6064274e+04
 149.7598045,1.6057804e+04
 149.7802390,1.6054752e+04
 149.8006735,1.6055286e+04
 149.8211078,1.6064104e+04
 149.8415423,1.6057108e+04
 149.8619769,1.6063184e+04
 149.8824113,1.6061838e+04
 149.9028457,1.6058991e+04
 149.9232802,1.6064048e+04
 149.9437147,1.6057421e+04
 149.9641491,1.6064200e+04
 149.9845835,1.6065346e+04
 150.0050181,1.6062903e+04
 150.0254525,1.6060308e+04
 150.0458869,1.6059848e+04
 150.0663214,1.6057582e+04
 150.0867559,1.6059237e+04
 150.1071902,1.6056224e+04
 150.1276247,1.6062479e+04
 150.1480593,1.6055105e+04
 150.1684936,1.6062762e+04
 150.1889281,1.6064190e+04
 150.2093626,1.6057979e+04
 150.2297970,1.6052438e+04
 150.2502314,1.6057480e+04
 150.2706659,1.6053444e+04
 150.2911004,1.6053341e+04
 150.3115348,1.6065566e+04
 150.3319693,1.6051689e+04
 150.3524036,1.6062680e+04
 150.3728382,1.6061407e+04
 150.3932726,1.6052729e+04
 150.4137070,1.6063415e+04
 150.4341415,1.6065577e+04
 150.4545760,1.6060987e+04
 150.4750104,1.6066813e+04
 150.4954448,1.6061239e+04
 150.5158793,1.6064593e+04
 150.5363138,1.6059683e+04
 150.5567482,1.6059323e+04
 150.5771827,1.6063751e+04
 150.5976172,1.6056302e+04
 150.6180515,1.6060264e+04
 150.6384860,1.6061551e+04
 150.6589205,1.6061164e+04
 150.6793549,1.6060878e+04
 150.6997893,1.6058465e+04
 150.7202239,1.6058961e+04
 150.7406583,1.6063206e+04
 150.7610927,1.6062710e+04
 150.7815271,1.6069549e+04
 150.8019617,1.6075494e+04
 150.8223960,1.6062260e+04
 150.8428305,1.6058934e+04
 150.8632650,1.6057839e+04
 150.8836994,1.6061914e+04
 150.9041339,1.6062614e+04
 150.9245683,1.6060874e+04
 150.9450028,1.6060692e+04
 150.9654372,1.6070084e+04
 150.9858717,1.6066145e+04
 151.0063060,1.6069409e+04
 151.0267406,1.6062193e+04
 151.0471750,1.6060825e+04
 151.0676094,1.6061095e+04
 151.0880439,1.6065396e+04
 151.1084784,1.6062247e+04
 151.1289127,1.6071918e+04
 151.1493472,1.6063844e+04
 151.1697817,1.6070377e+04
 151.1902161,1.6063243e+04
 151.2106505,1.6067981e+04
 151.2310851,1.6066875e+04
 151.2515195,1.6060580e+04
 151.2719539,1.6056754e+04
 151.2923883,1.6048285e+04
 151.3128229,1.6047731e+04
 151.3332572,1.6034234e+04
 151.3536917,1.6035124e+04
 151.3741262,1.6045198e+04
 151.3945606,1.6043966e+04
 151.4149950,1.6046288e+04
 151.4354295,1.6052793e+04
 151.4558639,1.6047000e+04
 151.4762984,1.6037233e+04
 151.4967328,1.6058736e+04
 151.5171673,1.6069810e+04
 151.5376017,1.6065323e+04
 151.5580362,1.6069305e+04
 151.5784706,1.6070110e+04
 151.5989052,1.6059831e+04
 151.6193395,1.6063699e+04
 151.6397740,1.6065366e+04
 151.6602084,         null
 151.6806429,1.6058924e+04
 151.7010773,1.6066688e+04
 151.7215118,1.6066807e+04
 151.7419462,1.6054581e+04
 151.7623806,1.6055593e+04
 151.7828151,1.6073940e+04
 151.8032494,1.6058280e+04
 151.8236840,1.6080697e+04
 151.8441184,1.6065895e+04
 151.8645528,1.6070552e+04
 151.8849873,1.6063122e+04
 151.9054218,1.6055938e+04
 151.9258561,1.6060880e+04
 151.9462906,1.6064021e+04
 151.9667251,1.6070060e+04
 151.9871596,1.6066023e+04
 152.0075939,1.6055201e+04
 152.0280285,1.6062428e+04
 152.0484629,1.6059524e+04
 152.0688973,1.6063021e+04
 152.0893317,1.6055943e+04
 152.1097662,1.6061561e+04
 152.1302006,1.6057570e+04
 152.1506350,1.6063117e+04
 152.1710695,1.6050434e+04
 152.1915039,1.6068240e+04
 152.2119384,1.6066203e+04
 152.2323728,1.6051924e+04
 152.2528074,1.6061149e+04
 152.2732417,1.6059895e+04
 152.2936762,         null
 152.3141105,1.6057965e+04
 152.3345450,1.6058380e+04
 152.3549795,1.6058270e+04
 152.3754138,1.6065335e+04
 152.3958484,1.6046393e+04
 152.4162828,1.6060155e+04
 152.4367173,1.6053279e+04
 152.4571516,1.6057026e+04
 152.4775862,1.6057188e+04
 152.4980206,1.6059966e+04
 152.5184549,1.6058381e+04
 152.5388895,1.6076254e+04
 152.5593239,1.6062899e+04
 152.5797583,1.6060533e+04
 152.6001927,1.6064136e+04
 152.6206273,1.6058637e+04
 152.6410616,1.6059931e+04
 152.6614960,         null
 152.6819305,1.6066368e+04
 152.7023649,1.6064297e+04
 152.7227994,1.6053313e+04
 152.7432338,1.6052685e+04
 152.7636684,1.6065934e+04
 152.7841027,1.6055887e+04
 152.8045371,1.6057056e+04
 152.8249715,1.6042521e+04
 152.8454060,1.6064305e+04
 152.8658405,1.6062659e+04
 152.8862748,1.6063935e+04
 152.9067094,1.6072850e+04
 152.9271438,1.6053236e+04
 152.9475782,1.6060890e+04
 152.9680126,1.6057357e+04
 152.9884471,1.6062432e+04
 153.0088816,1.6057617e+04
 153.0293159,1.6062473e+04
 153.0497504,1.6051045e+04
 153.0701849,1.6062940e+04
 153.0906192,1.6065052e+04
 153.1110537,1.6058452e+04
 153.1314882,1.6062574e+04
 153.1519226,1.6065960e+04
 153.1723570,1.6061944e+04
 153.1927914,1.6069127e+04
 153.2132260,1.6064507e+04
 153.2336604,1.6064215e+04
 153.2540948,1.6062071e+04
 153.2745293,1.6066156e+04
 153.2949637,1.6059614e+04
 153.3153981,1.6061712e+04
 153.3358325,1.6058183e+04
 153.3562669,1.6066610e+04
 153.3767014,1.6051055e+04
 153.3971358,1.6065475e+04
 153.4175704,1.6052275e+04
 153.4380048,1.6054642e+04
 153.4584391,1.6058883e+04
 153.4788736,1.6058073e+04
 153.4993081,1.6056161e+04
 153.5197425,1.6046109e+04
 153.5401769,1.6057108e+04
 153.5606114,1.6067564e+04
 153.5810458,1.6063619e+04
 153.6014802,1.6063078e+04
 153.6219147,1.6058715e+04
 153.6423491,1.6056922e+04
 153.6627835,1.6056588e+04
 153.6832180,1.6046658e+04
 153.7036523,1.6054896e+04
 153.7240868,1.6072582e+04
 153.7445213,1.6059059e+04
 153.7649556,1.6049935e+04
 153.7853901,1.6060071e+04
 153.8058246,1.6060120e+04
 153.8262589,1.6055877e+04
 153.8466934,1.6055667e+04
 153.8671279,1.6055182e+04
 153.8875622,1.6056733e+04
 153.9079967,1.6055044e+04
 153.9284312,1.6049589e+04
 153.9488656,1.6052462e+04
 153.9693000,1.6055153e+04
 153.9897344,1.6051338e+04
 154.0101689,1.6050181e+04
 154.0306033,1.6058675e+04
 154.0510377,1.6053979e+04
 154.0714723,1.6049561e+04
 154.0919066,1.6057154e+04
 154.1123410,1.6057528e+04
 154.1327755,1.6050798e+04
 154.1532099,1.6057027e+04
 154.1736443,1.6049568e+04
 154.1940788,1.6063856e+04
 154.2145132,1.6049321e+04
 154.2349476,1.6048052e+04
 154.2553821,1.6051684e+04
 154.2758164,1.6058701e+04
 154.2962509,1.6059330e+04
 154.3166854,1.6055201e+04
 154.3371197,1.6064684e+04
 154.3575541,1.6053662e+04
 154.3779887,1.6054393e+04
 154.3984230,1.6047657e+04
 154.4188574,1.6052460e+04
 154.4392920,1.6049504e+04
 154.4597264,1.6045643e+04
 154.4801607,1.6053723e+04
 154.5005952,1.6057599e+04
 154.5210297,1.6051959e+04
 154.5414640,1.6054002e+04
 154.5618985,1.6059126e+04
 154.5823330,1.6053940e+04
 154.6027673,1.6052215e+04
 154.6232018,1.6059774e+04
 154.6436362,1.6055043e+04
 154.6640706,1.6055776e+04
 154.6845051,1.6061228e+04
 154.7049395,1.6054129e+04
 154.7253740,1.6061364e+04
 154.7458084,1.6062630e+04
 154.7662428,1.6049843e+04
 154.7866772,1.6069771e+04
 154.8071117,1.6056822e+04
 154.8275461,1.6057910e+04
 154.8479804,1.6058427e+04
 154.8684149,1.6060093e+04
 154.8888494,1.6057395e+04
 154.9092838,1.6061542e+04
 154.9297182,1.6054387e+04
 154.9501527,1.6050946e+04
 154.9705871,1.6063846e+04
 154.9910215,1.6055370e+04
 155.0114559,1.6058466e+04
 155.0318904,1.6046414e+04
 155.0523248,1.6056450e+04
 155.0727591,1.6053033e+04
 155.0931937,1.6064049e+04
 155.1136281,1.6056912e+04
 155.1340624,1.6051692e+04
 155.1544969,1.6057312e+04
 155.1749314,1.6057061e+04
 155.1953658,1.6056977e+04
 155.2158001,1.6062749e+04
 155.2362346,1.6056979e+04
 155.2566691,1.6052081e+04
 155.2771034,         null
 155.2975379,1.6057642e+04
 155.3179724,1.6047112e+04
 155.3384067,1.6059686e+04
 155.3588411,1.6053090e+04
 155.3792756,1.6059853e+04
 155.3997100,1.6054906e+04
 155.4201444,1.6055926e+04
 155.4405789,1.6052803e+04
 155.4610134,1.6049093e+04
 155.4814477,1.6060051e+04
 155.5018821,1.6046596e+04
 155.5223165,1.6050100e+04
 155.5427510,1.6055007e+04
 155.5631854,         null
 155.5836197,1.6054869e+04
 155.6040543,1.6052645e+04
 155.6244887,1.6057482e+04
 155.6449231,1.6054794e+04
 155.6653575,1.6052996e+04
 155.6857920,1.6053036e+04
 155.7062264,1.6060282e+04
 155.7266607,1.6053943e+04
 155.7470952,1.6052331e+04
 155.7675297,1.6046016e+04
 155.7879640,1.6062945e+04
 155.8083984,1.6055466e+04
 155.8288330,1.6060682e+04
 155.8492673,1.6049887e+04
 155.8697017,1.6047688e+04
 155.8901361,1.6050872e+04
 155.9105707,1.6054634e+04
 155.9310050,1.6050969e+04
 155.9514394,1.6061852e+04
 155.9718739,1.6043229e+04
 155.9923083,1.6055587e+04
 156.0127427,1.6059267e+04
 156.0331770,1.6068408e+04
 156.0536115,1.6060446e+04
 156.0740459,1.6044344e+04
 156.0944804,1.6056583e+04
 156.1149148,1.6047905e+04
 156.1353492,1.6053879e+04
 156.1557836,1.6044391e+04
 156.1762180,1.6049274e+04
 156.1966525,1.6051238e+04
 156.2170869,1.6051880e+04
 156.2375212,1.6053180e+04
 156.2579557,1.6059468e+04
 156.2783902,1.6054888e+04
 156.2988245,1.6057453e+04
 156.3192589,1.6062237e+04
 156.3396934,1.6051566e+04
 156.3601278,1.6056326e+04
 156.3805622,1.6052064e+04
 156.4009966,1.6057227e+04
 156.4214311,1.6060951e+04
 156.4418655,1.6060849e+04
 156.4622999,1.6065104e+04
 156.4827344,1.6046797e+04
 156.5031687,1.6058353e+04
 156.5236031,1.6061615e+04
 156.5440376,1.6061069e+04
 156.5644720,1.6056681e+04
 156.5849064,1.6066506e+04
 156.6053408,1.6064244e+04
 156.6257752,1.6056099e+04
 156.6462097,1.6068558e+04
 156.6666441,1.6054264e+04
 156.6870785,1.6062640e+04
 156.7075129,1.6058866e+04
 156.7279473,1.6053354e+04
 156.7483818,1.6051906e+04
 156.7688161,1.6058630e+04
 156.7892506,1.6049918e+04
 156.8096850,1.6058954e+04
 156.8301194,1.6055035e+04
 156.8505539,1.6057795e+04
 156.8709883,1.6046793e+04
 156.8914227,1.6059337e+04
 156.9118570,1.6048627e+04
 156.9322915,1.6058907e+04
 156.9527259,1.6049105e+04
 156.9731603,1.6054406e+04
 156.9935948,1.6058608e+04
 157.0140292,1.6057061e+04
 157.0344635,1.6049115e+04
 157.0548979,1.6054828e+04
 157.0753325,1.6054660e+04
 157.0957668,1.6061295e+04
 157.1162012,1.6056536e+04
 157.1366357,1.6049725e+04
 157.1570701,1.6054689e+04
 157.1775044,1.6051296e+04
 157.1979389,1.6045405e+04
 157.2183734,1.6052252e+04
 157.2388077,1.6059044e+04
 157.2592421,1.6051769e+04
 157.2796765,1.6057382e+04
 157.3001109,1.6061659e+04
 157.3205453,1.6060205e+04
 157.3409798,1.6055166e+04
 157.3614142,1.6053287e+04
 157.3818486,1.6047725e+04
 157.4022830,1.6046024e+04
 157.4227173,1.6053917e+04
 157.4431518,1.6051461e+04
 157.4635863,1.6050706e+04
 157.4840206,1.6064612e+04
 157.5044551,1.6058246e+04
 157.5248895,1.6058329e+04
 157.5453238,1.6048334e+04
 157.5657582,1.6060854e+04
 157.5861927,1.6073268e+04
 157.6066271,1.6052361e+04
 157.6270615,1.6051747e+04
 157.6474960,1.6061141e+04
 157.6679304,1.6062070e+04
 157.6883647,1.6056720e+04
 157.7087991,1.6055309e+04
 157.7292336,1.6050927e+04
 157.7496680,1.6054978e+04
 157.7701024,1.6053323e+04
 157.7905369,1.6054169e+04
 157.8109712,1.6049664e+04
 157.8314056,1.6055290e+04
 157.8518400,1.6055899e+04
 157.8722744,1.6048572e+04
 157.8927088,1.6062979e+04
 157.9131433,1.6046658e+04
 157.9335776,1.6065844e+04
 157.9540121,1.6053028e+04
 157.9744465,1.6063648e+04
 157.9948808,1.6057887e+04
 158.0153153,1.6060861e+04
 158.0357497,1.6055437e+04
 158.0561840,1.6056614e+04
 158.0766184,1.6053831e+04
 158.0970530,1.6057638e+04
 158.1174874,1.6058002e+04
 158.1379217,1.6049350e+04
 158.1583562,1.6056611e+04
 158.1787906,1.6049834e+04
 158.1992249,1.6067559e+04
 158.2196593,1.6052615e+04
 158.2400938,1.6057321e+04
 158.2605281,         null
 158.2809625,1.6057011e+04
 158.3013971,1.6057982e+04
 158.3218315,1.6056601e+04
 158.3422658,1.6056933e+04
 158.3627002,1.6053663e+04
 158.3831347,1.6059995e+04
 158.4035691,1.6055134e+04
 158.4240034,1.6058041e+04
 158.4444378,1.6051274e+04
 158.4648723,1.6064679e+04
 158.4853066,1.6059384e+04
 158.5057410,1.6061314e+04
 158.5261756,1.6062104e+04
 158.5466099,1.6065220e+04
 158.5670443,1.6060838e+04
 158.5874787,1.6063175e+04
 158.6079131,1.6058720e+04
 158.6283475,1.6045265e+04
 158.6487819,1.6057461e+04
 158.6692164,1.6061549e+04
 158.6896507,1.6055823e+04
 158.7100851,1.6053574e+04
 158.7305194,1.6064229e+04
 158.7509539,1.6065421e+04
 158.7713883,1.6056131e+04
 158.7918227,1.6054258e+04
 158.8122572,1.6055062e+04
 158.8326916,1.6056118e+04
 158.8531260,1.6058254e+04
 158.8735603,1.6074589e+04
 158.8939948,1.6067347e+04
 158.9144292,1.6066243e+04
 158.9348635,1.6071820e+04
 158.9552980,1.6065477e+04
 158.9757324,1.6058449e+04
 158.9961667,1.6066161e+04
 159.0166011,1.6067124e+04
 159.0370356,1.6052168e+04
 159.0574699,1.6048241e+04
 159.0779043,1.6071018e+04
 159.0983387,1.6056844e+04
 159.1187732,1.6053336e+04
 159.1392075,1.6050418e+04
 159.1596419,1.6057293e+04
 159.1800764,1.6076801e+04
 159.2005107,1.6066812e+04
 159.2209451,1.6056772e+04
 159.2413795,1.6071497e+04
 159.2618140,1.6060399e+04
 159.2822484,1.6048093e+04
 159.3026828,1.6052095e+04
 159.3231172,1.6063373e+04
 159.3435516,1.6058242e+04
 159.3639860,1.6062861e+04
 159.3844203,1.6057288e+04
 159.4048548,1.6060197e+04
 159.4252892,1.6053831e+04
 159.4457235,1.6071096e+04
 159.4661580,1.6048790e+04
 159.4865924,1.6059016e+04
 159.5070267,1.6055669e+04
 159.5274611,1.6060674e+04
 159.5478956,1.6066175e+04
 159.5683299,1.6063610e+04
 159.5887643,1.6057975e+04
 159.6091987,1.6053729e+04
 159.6296332,1.6081918e+04
 159.6500675,1.6059803e+04
 159.6705019,1.6066633e+04
 159.6909364,1.6071513e+04
 159.7113707,1.6056441e+04
 159.7318051,1.6060845e+04
 159.7522395,1.6062685e+04
 159.7726739,1.6069438e+04
 159.7931083,1.6059794e+04
 159.8135427,1.6074732e+04
 159.8339771,1.6063961e+04
 159.8544115,1.6067500e+04
 159.8748459,1.6063307e+04
 159.8952802,1.6065729e+04
 159.9157147,1.6067007e+04
 159.9361491,1.6071872e+04
 159.9565835,1.6076971e+04
 159.9770179,1.6065994e+04
 159.9974523,1.6056926e+04
 160.0178867,1.6070114e+04
 160.0383211,1.6063617e+04
 160.0587555,1.6071407e+04
 160.0791899,1.6066145e+04
 160.0996243,1.6064386e+04
 160.1200586,1.6067718e+04
 160.1404931,1.6061806e+04
 160.1609275,1.6074266e+04
 160.1813618,1.6058115e+04
 160.2017963,1.6052102e+04
 160.2222306,1.6059827e+04
 160.2426649,1.6062844e+04
 160.2630993,1.6053827e+04
 160.2835338,1.6052062e+04
 160.3039681,1.6055517e+04
 160.3244025,1.6072279e+04
 160.3448370,1.6053550e+04
 160.3652714,1.6053245e+04
 160.3857057,1.6061178e+04
 160.4061401,1.6067277e+04
 160.4265746,1.6050088e+04
 160.4470089,1.6057936e+04
 160.4674433,1.6052361e+04
 160.4878778,1.6067585e+04
 160.5083121,1.6061900e+04
 160.5287465,1.6067256e+04
 160.5491809,1.6068236e+04
 160.5696153,1.6062054e+04
 160.5900497,1.6057561e+04
 160.6104841,1.6063916e+04
 160.6309183,1.6054504e+04
 160.6513528,1.6062125e+04
 160.6717872,1.6063128e+04
 160.6922215,1.6071879e+04
 160.7126560,1.6055499e+04
 160.7330904,1.6062834e+04
 160.7535247,1.6057251e+04
 160.7739591,1.6055937e+04
 160.7943936,1.6058441e+04
 160.8148280,1.6059856e+04
 160.8352623,1.6066145e+04
 160.8556968,1.6061115e+04
 160.8761312,1.6062219e+04
 160.8965655,1.6058006e+04
 160.9169998,1.6064226e+04
 160.9374343,1.6060688e+04
 160.9578686,1.6059890e+04
 160.9783030,1.6058267e+04
 160.9987375,1.6069083e+04
 161.0191718,1.6059317e+04
 161.0396062,1.6065427e+04
 161.0600406,1.6054348e+04
 161.0804750,1.6064519e+04
 161.1009094,1.6056941e+04
 161.1213438,1.6061107e+04
 161.1417782,1.6067646e+04
 161.1622125,1.6059507e+04
 161.1826469,1.6062308e+04
 161.2030812,1.6053808e+04
 161.2235157,1.6063002e+04
 161.2439501,         null
 161.2643845,1.6057461e+04
 161.2848188,1.6063194e+04
 161.3052533,1.6058267e+04
 161.3256876,1.6061271e+04
 161.3461219,1.6061384e+04
 161.3665564,1.6062799e+04
 161.3869908,1.6067456e+04
 161.4074251,1.6054130e+04
 161.4278595,1.6063527e+04
 161.4482940,1.6064702e+04
 161.4687283,1.6069180e+04
 161.4891627,1.6065566e+04
 161.5095971,1.6062267e+04
 161.5300314,1.6060852e+04
 161.5504658,1.6063523e+04
 161.5709002,1.6059408e+04
 161.5913347,1.6061536e+04
 161.6117690,1.6071194e+04
 161.6322034,1.6065453e+04
 161.6526379,1.6078053e+04
 161.6730722,1.6065112e+04
 161.6935065,1.6072469e+04
 161.7139409,1.6072336e+04
 161.7343754,1.6063467e+04
 161.7548097,1.6069253e+04
 161.7752441,1.6067457e+04
 161.7956785,1.6061854e+04
 161.8161128,1.6073916e+04
 161.8365472,1.6064352e+04
 161.8569816,1.6065555e+04
 161.8774161,1.6057269e+04
 161.8978504,1.6056100e+04
 161.9182848,1.6060459e+04
 161.9387190,1.6058480e+04
 161.9591535,1.6061500e+04
 161.9795879,1.6051003e+04
 162.0000223,1.6069728e+04
 162.0204567,1.6063813e+04
 162.0408911,1.6062762e+04
 162.0613254,1.6061697e+04
 162.0817597,1.6058002e+04
 162.1021942,1.6054320e+04
 162.1226286,1.6057667e+04
 162.1430629,1.6064656e+04
 162.1634974,1.6056739e+04
 162.1839317,1.6065588e+04
 162.2043660,1.6060305e+04
 162.2248004,1.6054662e+04
 162.2452349,1.6057319e+04
 162.2656692,1.6064867e+04
 162.2861036,1.6059497e+04
 162.3065380,1.6056765e+04
 162.3269724,1.6068270e+04
 162.3474067,1.6047341e+04
 162.3678411,1.6065212e+04
 162.3882756,1.6048182e+04
 162.4087098,1.6064286e+04
 162.4291442,1.6065408e+04
 162.4495785,1.6063831e+04
 162.4700130,1.6059563e+04
 162.4904474,1.6073240e+04
 162.5108811,1.6052234e+04
 162.5313156,1.6062204e+04
 162.5517499,1.6070001e+04
 162.5721843,1.6057710e+04
 162.5926187,1.6054521e+04
 162.6130531,1.6062772e+04
 162.6334874,1.6053633e+04
 162.6539218,1.6049495e+04
 162.6743563,1.6059843e+04
 162.6947906,1.6056719e+04
 162.7152249,1.6058018e+04
 162.7356593,1.6060552e+04
 162.7560937,1.6061410e+04
 162.7765281,1.6060198e+04
 162.7969625,1.6055793e+04
 162.8173968,1.6056578e+04
 162.8378312,1.6052944e+04
 162.8582656,1.6053284e+04
 162.8786999,1.6059607e+04
 162.8991343,1.6049437e+04
 162.9195687,1.6061798e+04
 162.9400030,1.6059853e+04
 162.9604374,1.6062742e+04
 162.9808718,1.6070190e+04
 163.0013061,1.6050832e+04
 163.0217405,1.6054401e+04
 163.0421750,1.6053061e+04
 163.0626094,1.6059375e+04
 163.0830436,1.6062902e+04
 163.1034780,1.6064762e+04
 163.1239125,1.6048926e+04
 163.1443468,1.6044346e+04
 163.1647811,1.6052725e+04
 163.1852156,1.6065997e+04
 163.2056499,1.6059257e+04
 163.2260843,1.6067352e+04
 163.2465186,1.6064377e+04
 163.2669530,1.6056048e+04
 163.2873874,1.6077481e+04
 163.3078218,1.6064566e+04
 163.3282562,1.6057973e+04
 163.3486905,1.6066636e+04
 163.3691249,1.6067178e+04
 163.3895592,1.6051208e+04
 163.4099936,1.6066338e+04
 163.4304280,1.6064688e+04
 163.4508623,1.6057804e+04
 163.4712967,1.6054527e+04
 163.4917311,1.6056087e+04
 163.5121655,1.6054643e+04
 163.5325998,1.6057558e+04
 163.5530342,1.6057447e+04
 163.5734686,1.6056368e+04
 163.5939029,1.6050698e+04
 163.6143372,1.6060392e+04
 163.6347717,1.6056689e+04
 163.6552060,1.6060529e+04
 163.6756404,1.6053615e+04
 163.6960748,1.6044289e+04
 163.7165091,1.6051859e+04
 163.7369435,1.6061753e+04
 163.7573778,1.6056155e+04
 163.7778122,1.6060812e+04
 163.7982466,1.6050292e+04
 163.8186810,1.6048643e+04
 163.8391154,1.6052199e+04
 163.8595497,1.6053961e+04
 163.8799841,1.6056604e+04
 163.9004183,1.6072008e+04
 163.9208528,1.6055105e+04
 163.9412872,1.6065756e+04
 163.9617215,1.6047894e+04
 163.9821559,1.6061263e+04
 164.0025903,1.6062378e+04
 164.0230247,1.6057090e+04
 164.0434589,1.6051179e+04
 164.0638934,1.6045873e+04
 164.0843278,1.6052680e+04
 164.1047621,1.6067219e+04
 164.1251964,1.6061023e+04
 164.1456309,1.6054239e+04
 164.1660651,1.6054335e+04
 164.1864995,1.6055814e+04
 164.2069340,1.6051951e+04
 164.2273683,         null
 164.2478026,1.6054263e+04
 164.2682370,1.6053142e+04
 164.2886713,1.6064688e+04
 164.3091057,1.6054714e+04
 164.3295401,1.6052537e+04
 164.3499745,1.6061466e+04
 164.3704089,1.6051532e+04
 164.3908432,1.6056763e+04
 164.4112775,1.6053202e+04
 164.4317119,1.6054014e+04
 164.4521463,1.6054816e+04
 164.4725806,1.6056110e+04
 164.4930151,1.6043637e+04
 164.5134494,1.6057953e+04
 164.5338837,1.6058109e+04
 164.5543181,1.6044722e+04
 164.5747525,1.6048830e+04
 164.5951868,1.6054932e+04
 164.6156212,1.6053644e+04
 164.6360554,1.6049414e+04
 164.6564899,1.6045950e+04
 164.6769243,1.6047050e+04
 164.6973586,1.6051051e+04
 164.7177930,1.6050236e+04
 164.7382274,1.6052973e+04
 164.7586617,1.6049305e+04
 164.7790960,1.6045205e+04
 164.7995304,1.6057105e+04
 164.8199648,1.6039396e+04
 164.8403991,1.6049536e+04
 164.8608335,1.6062795e+04
 164.8812679,1.6046918e+04
 164.9017022,1.6049682e+04
 164.9221365,1.6045697e+04
 164.9425710,1.6051836e+04
 164.9630052,1.6050006e+04
 164.9834396,1.6047737e+04
