        TIME,  PDCSAP_FLUX
 131.5129296,5.5396621e+03
 131.5333641,5.5450962e+03
 131.5537986,5.5377881e+03
 131.5742330,5.5320576e+03
 131.5946675,5.5326011e+03
 131.6151021,5.5328408e+03
 131.6355364,5.5414370e+03
 131.6559709,5.5452275e+03
 131.6764055,5.5342417e+03
 131.6968400,5.5423223e+03
 131.7172743,5.5350029e+03
 131.7377088,5.5442695e+03
 131.7581434,5.5395581e+03
 131.7785778,5.5355225e+03
 131.7990122,5.5374883e+03
 131.8194468,5.5414678e+03
 131.8398812,5.5439131e+03
 131.8603157,5.5347627e+03
 131.8807501,5.5335913e+03
 131.9011846,5.5281392e+03
 131.9216191,5.5339072e+03
 131.9420536,5.5356299e+03
 131.9624880,5.5453618e+03
 131.9829225,5.5357373e+03
 132.0033570,5.5348608e+03
 132.0237914,5.5435894e+03
 132.0442259,5.5349639e+03
 132.0646604,5.5458750e+03
 132.0850948,5.5374966e+03
 132.1055293,5.5454072e+03
 132.1259638,5.5406504e+03
 132.1463982,5.5442861e+03
 132.1668327,5.5343843e+03
 132.1872673,5.5425801e+03
 132.2077017,5.5347764e+03
 132.2281361,5.5394922e+03
 132.2485706,5.5374526e+03
 132.2690051,5.5403149e+03
 132.2894395,5.5341250e+03
 132.3098740,5.5410864e+03
 132.3303086,5.5337705e+03
 132.3507429,5.5315327e+03
 132.3711774,5.5369434e+03
 132.3916119,5.5335952e+03
 132.4120464,5.5391035e+03
 132.4324808,5.5346694e+03
 132.4529153,5.5402964e+03
 132.4733499,5.5429082e+03
 132.4937842,5.5401416e+03
 132.5142187,5.5337852e+03
 132.5346531,5.5342778e+03
 132.5550876,5.5446274e+03
 132.5755221,5.5355405e+03
 132.5959565,5.5396909e+03
 132.6163911,5.5325737e+03
 132.6368255,5.5378022e+03
 132.6572600,5.5386704e+03
 132.6776944,5.5395103e+03
 132.6981289,5.5407974e+03
 132.7185634,5.5420889e+03
 132.7389978,5.5436323e+03
 132.7594323,5.5439019e+03
 132.7798668,5.5438184e+03
 132.8003012,5.5379438e+03
 132.8207357,5.5453970e+03
 132.8411702,5.5321543e+03
 132.8616046,5.5358901e+03
 132.8820391,5.5378701e+03
 132.9024736,5.5414277e+03
 132.9229080,5.5294004e+03
 132.9433425,5.5333999e+03
 132.9637769,5.5342222e+03
 132.9842115,5.5391680e+03
 133.0046459,5.5377070e+03
 133.0250803,5.5353062e+03
 133.0455148,5.5394175e+03
 133.0659493,5.5351357e+03
 133.0863837,5.5400601e+03
 133.1068182,5.5346113e+03
 133.1272527,5.5311865e+03
 133.1476871,5.5404917e+03
 133.1681216,5.5347754e+03
 133.1885561,5.5331216e+03
 133.2089906,5.5343438e+03
 133.2294250,5.5353804e+03
 133.2498595,5.5399155e+03
 133.2702939,5.5364512e+03
 133.2907284,5.5470566e+03
 133.3111629,5.5387441e+03
 133.3315972,5.5411147e+03
 133.3520318,5.5355835e+03
 133.3724663,5.5321030e+03
 133.3929007,5.5321177e+03
 133.4133352,5.5365342e+03
 133.4337697,5.5369854e+03
 133.4542041,5.5364160e+03
 133.4746385,5.5361694e+03
 133.4950730,5.5395864e+03
 133.5155075,5.5385928e+03
 133.5359419,5.5361689e+03
 133.5563764,5.5402837e+03
 133.5768109,5.5376953e+03
 133.5972453,5.5381743e+03
 133.6176797,5.5375264e+03
 133.6381143,5.5357603e+03
 133.6585488,5.5303750e+03
 133.6789831,5.5384800e+03
 133.6994177,5.5341963e+03
 133.7198521,5.5422261e+03
 133.7402865,5.5403672e+03
 133.7607210,5.5368604e+03
 133.7811555,5.5365605e+03
 133.8015899,5.5365103e+03
 133.8220244,5.5390254e+03
 133.8424588,5.5445781e+03
 133.8628933,5.5368008e+03
 133.8833277,5.5442773e+03
 133.9037622,5.5358789e+03
 133.9241967,5.5408896e+03
 133.9446311,5.5355767e+03
 133.9650656,5.5354155e+03
 133.9854999,5.5409673e+03
 134.0059345,5.5348457e+03
 134.0263690,5.5417158e+03
 134.0468033,5.5361929e+03
 134.0672379,5.5382451e+03
 134.0876723,5.5388296e+03
 134.1081067,5.5405581e+03
 134.1285412,5.5358662e+03
 134.1489757,5.5314551e+03
 134.1694102,5.5421011e+03
 134.1898445,5.5392197e+03
 134.2102791,5.5315962e+03
 134.2307136,5.5396885e+03
 134.2511479,5.5400967e+03
 134.2715824,5.5402798e+03
 134.2920169,5.5325688e+03
 134.3124513,5.5458013e+03
 134.3328858,5.5343320e+03
 134.3533203,5.5408569e+03
 134.3737547,5.5416802e+03
 134.3941891,         null
 134.4146236,5.5364033e+03
 134.4350580,5.5347021e+03
 134.4554925,5.5439746e+03
 134.4759270,5.5341099e+03
 134.4963615,5.5390498e+03
 134.5167959,5.5428130e+03
 134.5372303,5.5376128e+03
 134.5576647,5.5455171e+03
 134.5780992,5.5450117e+03
 134.5985337,5.5472847e+03
 134.6189681,5.5375840e+03
 134.6394025,5.5335171e+03
 134.6598371,5.5441094e+03
 134.6802715,5.5433027e+03
 134.7007060,5.5409067e+03
 134.7211404,5.5461211e+03
 134.7415749,5.5391528e+03
 134.7620092,5.5332856e+03
 134.7824437,5.5431016e+03
 134.8028783,5.5487661e+03
 134.8233127,5.5441289e+03
 134.8437471,5.5402939e+03
 134.8641816,5.5396133e+03
 134.8846161,5.5343604e+03
 134.9050505,5.5435439e+03
 134.9254849,5.5359731e+03
 134.9459194,5.5417695e+03
 134.9663539,5.5431680e+03
 134.9867882,5.5339478e+03
 135.0072228,5.5386367e+03
 135.0276573,5.5453184e+03
 135.0480916,5.5407852e+03
 135.0685261,5.5393140e+03
 135.0889606,5.5441621e+03
 135.1093950,5.5450054e+03
 135.1298294,5.5459541e+03
 135.1502640,5.5449429e+03
 135.1706984,5.5394614e+03
 135.1911328,5.5320737e+03
 135.2115672,5.5308599e+03
 135.2320018,5.5327495e+03
 135.2524361,5.5272334e+03
 135.2728706,5.5436885e+03
 135.2933049,5.5484868e+03
 135.3137395,5.5406489e+03
 135.3341739,5.5417578e+03
 135.3546083,5.5389556e+03
 135.3750428,5.5352847e+03
 135.3954773,5.5391084e+03
 135.4159117,5.5385698e+03
 135.4363461,5.5407017e+03
 135.4567806,5.5432310e+03
 135.4772151,5.5435298e+03
 135.4976494,5.5455249e+03
 135.5180840,5.5410864e+03
 135.5385184,5.5407861e+03
 135.5589528,5.5433057e+03
 135.5793872,5.5488608e+03
 135.5998218,5.5406558e+03
 135.6202561,5.5504819e+03
 135.6406906,5.5433506e+03
 135.6611251,5.5366816e+03
 135.6815596,5.5430552e+03
 135.7019939,5.5438105e+03
 135.7224284,5.5491489e+03
 135.7428629,5.5396519e+03
 135.7632973,5.5416069e+03
 135.7837317,5.5387544e+03
 135.8041663,5.5428750e+03
 135.8246006,5.5433076e+03
 135.8450351,5.5491240e+03
 135.8654695,5.5454688e+03
 135.8859040,5.5444082e+03
 135.9063384,5.5445029e+03
 135.9267728,5.5512817e+03
 135.9472072,5.5453838e+03
 135.9676417,5.5468516e+03
 135.9880762,5.5388901e+03
 136.0085105,5.5410957e+03
 136.0289451,5.5461284e+03
 136.0493795,5.5394683e+03
 136.0698139,5.5493154e+03
 136.0902483,5.5411060e+03
 136.1106829,5.5395103e+03
 136.1311173,5.5436187e+03
 136.1515516,5.5439331e+03
 136.1719862,5.5497598e+03
 136.1924206,5.5481494e+03
 136.2128550,5.5486699e+03
 136.2332894,5.5457139e+03
 136.2537240,5.5423608e+03
 136.2741583,5.5385874e+03
 136.2945928,5.5465000e+03
 136.3150273,5.5439375e+03
 136.3354616,5.5482695e+03
 136.3558961,5.5448618e+03
 136.3763305,5.5510039e+03
 136.3967650,5.5381958e+03
 136.4171994,5.5382007e+03
 136.4376339,5.5442612e+03
 136.4580684,5.5477070e+03
 136.4785027,5.5459399e+03
 136.4989372,5.5419668e+03
 136.5193716,5.5433369e+03
 136.5398061,5.5463579e+03
 136.5602405,5.5545654e+03
 136.5806750,5.5473447e+03
 136.6011094,5.5451104e+03
 136.6215438,5.5417363e+03
 136.6419783,5.5440229e+03
 136.6624127,5.5451870e+03
 136.6828472,5.5430688e+03
 136.7032816,5.5417061e+03
 136.7237160,5.5487505e+03
 136.7441504,5.5535430e+03
 136.7645849,5.5462915e+03
 136.7850194,5.5481353e+03
 136.8054537,5.5480610e+03
 136.8258882,5.5499922e+03
 136.8463227,5.5511445e+03
 136.8667571,5.5482285e+03
 136.8871915,5.5502339e+03
 136.9076260,5.5513613e+03
 136.9280604,5.5403535e+03
 136.9484948,5.5489590e+03
 136.9689293,5.5503442e+03
 136.9893638,5.5516035e+03
 137.0097981,5.5504033e+03
 137.0302325,5.5514717e+03
 137.0506671,5.5499487e+03
 137.0711014,5.5510562e+03
 137.0915358,5.5419824e+03
 137.1119704,5.5535049e+03
 137.1324047,5.5442280e+03
 137.1528392,5.5477090e+03
 137.1732736,5.5459731e+03
 137.1937081,5.5526699e+03
 137.2141425,5.5505142e+03
 137.2345769,5.5528613e+03
 137.2550112,5.5475454e+03
 137.2754458,5.5475684e+03
 137.2958802,5.5493940e+03
 137.3163146,5.5491182e+03
 137.3367491,5.5502485e+03
 137.3571835,5.5562993e+03
 137.3776180,         null
 137.3980523,5.5410376e+03
 137.4184868,5.5466646e+03
 137.4389213,5.5492061e+03
 137.4593556,5.5516904e+03
 137.4797901,5.5431587e+03
 137.5002246,5.5406079e+03
 137.5206589,5.5471724e+03
 137.5410933,5.5492603e+03
 137.5615279,5.5531099e+03
 137.5819622,5.5495918e+03
 137.6023966,5.5448857e+03
 137.6228312,5.5446221e+03
 137.6432656,5.5474360e+03
 137.6636999,5.5460073e+03
 137.6841344,5.5446851e+03
 137.7045689,5.5462817e+03
 137.7250032,5.5481323e+03
 137.7454377,5.5499453e+03
 137.7658722,5.5490723e+03
 137.7863065,5.5491309e+03
 137.8067410,5.5480396e+03
 137.8271753,5.5490142e+03
 137.8476098,5.5529644e+03
 137.8680443,5.5586572e+03
 137.8884787,5.5601733e+03
 137.9089130,5.5499258e+03
 137.9293476,5.5435190e+03
 137.9497820,5.5480420e+03
 137.9702163,5.5479424e+03
 137.9906508,5.5455928e+03
 138.0110853,5.5558711e+03
 138.0315196,5.5484272e+03
 138.0519540,5.5520078e+03
 138.0723886,5.5489771e+03
 138.0928230,5.5459463e+03
 138.1132573,5.5475664e+03
 138.1336919,5.5489321e+03
 138.1541263,5.5488188e+03
 138.1745606,5.5469170e+03
 138.1949950,5.5478872e+03
 138.2154296,5.5476094e+03
 138.2358640,5.5502871e+03
 138.2562983,5.5525820e+03
 138.2767329,5.5473086e+03
 138.2971673,5.5491870e+03
 138.3176016,5.5540894e+03
 138.3380360,5.5467983e+03
 138.3584706,5.5432749e+03
 138.3789050,5.5417583e+03
 138.3993393,5.5500962e+03
 138.4197739,5.5589668e+03
 138.4402083,5.5510293e+03
 138.4606426,5.5493647e+03
 138.4810770,5.5466343e+03
 138.5015116,5.5428379e+03
 138.5219459,5.5468496e+03
 138.5423803,5.5466851e+03
 138.5628147,5.5355024e+03
 138.5832492,5.5407993e+03
 138.6036836,5.5398154e+03
 138.6241180,5.5451914e+03
 138.6445524,5.5445786e+03
 138.6649869,5.5458989e+03
 138.6854213,5.5508223e+03
 138.7058556,5.5469351e+03
 138.7262901,5.5471816e+03
 138.7467246,5.5420771e+03
 138.7671589,5.5417720e+03
 138.7875934,5.5485542e+03
 138.8080278,5.5510454e+03
 138.8284622,5.5470918e+03
 138.8488966,5.5549385e+03
 138.8693311,5.5528877e+03
 138.8897655,5.5447446e+03
 138.9101999,5.5509551e+03
 138.9306344,5.5510942e+03
 138.9510688,5.5467583e+03
 138.9715031,5.5497788e+03
 138.9919375,5.5445024e+03
 139.0123721,5.5519727e+03
 139.0328064,5.5460239e+03
 139.0532408,5.5534150e+03
 139.0736753,5.5420488e+03
 139.0941097,5.5487520e+03
 139.1145441,5.5447964e+03
 139.1349785,5.5516958e+03
 139.1554129,5.5472051e+03
 139.1758473,5.5500308e+03
 139.1962818,5.5495845e+03
 139.2167161,5.5476147e+03
 139.2371506,5.5470337e+03
 139.2575850,5.5482158e+03
 139.2780193,5.5404150e+03
 139.2984539,5.5546768e+03
 139.3188883,5.5531025e+03
 139.3393227,5.5526201e+03
 139.3597570,5.5473042e+03
 139.3801915,5.5573218e+03
 139.4006260,5.5473667e+03
 139.4210603,5.5557891e+03
 139.4414948,5.5530981e+03
 139.4619292,5.5526250e+03
 139.4823635,5.5583247e+03
 139.5027980,5.5492798e+03
 139.5232325,5.5513926e+03
 139.5436668,5.5546743e+03
 139.5641012,5.5518267e+03
 139.5845357,5.5550762e+03
 139.6049700,5.5442100e+03
 139.6254045,5.5561514e+03
 139.6458389,5.5546665e+03
 139.6662734,5.5533794e+03
 139.6867077,5.5512319e+03
 139.7071421,5.5540615e+03
 139.7275766,5.5510742e+03
 139.7480110,5.5487896e+03
 139.7684454,5.5605640e+03
 139.7888798,5.5586069e+03
 139.8093142,5.5575015e+03
 139.8297486,5.5525537e+03
 139.8501830,5.5534038e+03
 139.8706175,5.5560093e+03
 139.8910519,5.5535356e+03
 139.9114863,5.5547139e+03
 139.9319207,5.5570005e+03
 139.9523552,5.5470415e+03
 139.9727895,5.5509922e+03
 139.9932240,5.5444409e+03
 140.0136583,5.5490620e+03
 140.0340928,5.5518667e+03
 140.0545272,5.5669658e+03
 140.0749616,5.5542554e+03
 140.0953960,5.5562524e+03
 140.1158304,5.5550430e+03
 140.1362648,5.5580010e+03
 140.1566992,5.5567510e+03
 140.1771337,5.5558770e+03
 140.1975681,5.5550552e+03
 140.2180024,5.5570469e+03
 140.2384369,5.5541606e+03
 140.2588713,5.5517671e+03
 140.2793056,5.5527319e+03
 140.2997400,5.5571099e+03
 140.3201746,5.5523613e+03
 140.3406089,5.5537827e+03
 140.3610433,         null
 140.3814777,5.5577905e+03
 140.4019122,5.5538960e+03
 140.4223465,5.5540122e+03
 140.4427809,5.5575200e+03
 140.4632154,5.5548262e+03
 140.4836497,5.5595864e+03
 140.5040842,5.5559824e+03
 140.5245185,5.5605664e+03
 140.5449530,5.5612231e+03
 140.5653874,5.5613545e+03
 140.5858218,5.5586685e+03
 140.6062562,5.5591802e+03
 140.6266906,5.5564434e+03
 140.6471250,5.5638657e+03
 140.6675593,5.5606934e+03
 140.6879938,5.5599268e+03
 140.7084282,5.5549907e+03
 140.7288626,5.5528379e+03
 140.7492971,5.5556094e+03
 140.7697315,5.5628662e+03
 140.7901658,5.5576157e+03
 140.8106002,5.5601099e+03
 140.8310347,5.5602339e+03
 140.8514691,5.5594351e+03
 140.8719034,5.5587520e+03
 140.8923378,5.5584844e+03
 140.9127723,5.5495742e+03
 140.9332066,5.5633271e+03
 140.9536410,5.5544634e+03
 140.9740755,5.5558433e+03
 140.9945098,5.5529478e+03
 141.0149442,5.5506572e+03
 141.0353787,5.5556445e+03
 141.0558131,5.5516265e+03
 141.0762475,5.5496841e+03
 141.0966819,5.5574443e+03
 141.1171163,5.5594248e+03
 141.1375507,5.5612798e+03
 141.1579851,5.5521621e+03
 141.1784194,5.5582866e+03
 141.1988539,5.5569858e+03
 141.2192883,5.5537041e+03
 141.2397226,5.5503794e+03
 141.2601571,5.5550225e+03
 141.2805915,5.5703594e+03
 141.3010258,5.5642466e+03
 141.3214602,5.5568633e+03
 141.3418947,5.5532480e+03
 141.3623291,5.5532026e+03
 141.3827634,5.5540073e+03
 141.4031978,5.5517114e+03
 141.4236323,5.5578018e+03
 141.4440667,5.5637427e+03
 141.4645010,5.5595737e+03
 141.4849355,5.5520098e+03
 141.5053699,5.5503799e+03
 141.5258042,5.5565859e+03
 141.5462386,5.5488516e+03
 141.5666730,5.5517178e+03
 141.5871075,5.5514512e+03
 141.6075418,5.5506479e+03
 141.6279763,5.5504961e+03
 141.6484107,5.5503374e+03
 141.6688450,5.5497720e+03
 141.6892794,5.5557383e+03
 141.7097139,5.5613350e+03
 141.7301482,5.5479502e+03
 141.7505826,5.5640083e+03
 141.7710171,5.5530586e+03
 141.7914514,5.5513223e+03
 141.8118858,5.5566880e+03
 141.8323202,5.5556309e+03
 141.8527546,5.5566982e+03
 141.8731890,5.5553984e+03
 141.8936234,5.5456763e+03
 141.9140579,5.5589551e+03
 141.9344922,5.5432778e+03
 141.9549266,5.5509507e+03
 141.9753609,5.5531250e+03
 141.9957954,5.5587764e+03
 142.0162298,5.5567974e+03
 142.0366641,5.5481055e+03
 142.0570985,5.5558247e+03
 142.0775330,5.5553794e+03
 142.0979674,5.5487993e+03
 142.1184017,5.5483770e+03
 142.1388362,5.5496235e+03
 142.1592706,5.5502383e+03
 142.1797049,5.5520415e+03
 142.2001393,5.5574546e+03
 142.2205738,5.5578086e+03
 142.2410081,5.5604067e+03
 142.2614425,5.5588032e+03
 142.2818769,5.5608774e+03
 142.3023112,5.5551270e+03
 142.3227456,5.5569419e+03
 142.3431800,5.5558179e+03
 142.3636145,5.5514741e+03
 142.3840488,5.5544897e+03
 142.4044832,5.5614526e+03
 142.4249177,5.5559146e+03
 142.4453520,5.5582476e+03
 142.4657864,5.5586089e+03
 142.4862207,5.5568896e+03
 142.5066552,5.5525884e+03
 142.5270896,5.5523408e+03
 142.5475240,5.5527632e+03
 142.5679583,5.5646465e+03
 142.5883927,5.5518423e+03
 142.6088271,5.5600190e+03
 142.6292614,5.5593311e+03
 142.6496959,5.5542573e+03
 142.6701303,5.5601230e+03
 142.6905646,5.5471172e+03
 142.7109990,5.5452949e+03
 142.7314335,5.5526377e+03
 142.7518678,5.5596436e+03
 142.7723022,5.5553481e+03
 142.7927367,5.5558496e+03
 142.8131709,5.5576909e+03
 142.8336053,5.5617559e+03
 142.8540397,5.5527388e+03
 142.8744742,5.5535840e+03
 142.8949085,5.5554199e+03
 142.9153429,5.5474907e+03
 142.9357774,5.5575776e+03
 142.9562117,5.5599834e+03
 142.9766461,5.5456216e+03
 142.9970803,5.5582568e+03
 143.0175148,5.5567690e+03
 143.0379492,5.5568530e+03
 143.0583836,5.5551138e+03
 143.0788180,5.5554072e+03
 143.0992524,5.5643232e+03
 143.1196868,5.5609399e+03
 143.1401212,5.5616455e+03
 143.1605555,5.5513223e+03
 143.1809899,5.5600503e+03
 143.2014242,5.5620420e+03
 143.2218586,5.5848999e+03
 143.2422931,5.5575840e+03
 143.2627275,5.5572729e+03
 143.2831619,5.5564136e+03
 143.3035962,5.5559790e+03
 143.3240306,5.5556797e+03
 143.3444650,         null
 143.3648993,5.5538765e+03
 143.3853338,5.5474175e+03
 143.4057682,5.5567441e+03
 143.4262025,5.5636763e+03
 143.4466369,5.5575273e+03
 143.4670713,5.5560747e+03
 143.4875056,5.5556973e+03
 143.5079400,5.5588672e+03
 143.5283745,5.5574229e+03
 143.5488089,5.5606343e+03
 143.5692431,5.5600620e+03
 143.5896776,5.5642559e+03
 143.6101120,5.5588535e+03
 143.6305463,5.5542007e+03
 143.6509807,5.5687832e+03
 143.6714152,5.5530820e+03
 143.6918494,5.5588354e+03
 143.7122838,5.5610938e+03
 143.7327182,5.5595381e+03
 143.7531526,5.5624404e+03
 143.7735870,5.5630005e+03
 143.7940213,5.5656157e+03
 143.8144557,5.5561812e+03
 143.8348901,5.5591089e+03
 143.8553245,5.5498760e+03
 143.8757588,5.5552168e+03
 143.8961932,5.5550049e+03
 143.9166276,5.5623950e+03
 143.9370619,5.5588643e+03
 143.9574964,5.5530771e+03
 143.9779308,5.5569365e+03
 143.9983650,5.5595522e+03
 144.0187994,5.5584761e+03
 144.0392339,5.5558169e+03
 144.0596683,5.5594375e+03
 144.0801026,5.5594341e+03
 144.1005370,5.5595688e+03
 144.1209714,5.5602324e+03
 144.1414057,5.5566807e+03
 144.1618401,5.5552773e+03
 144.1822745,5.5543521e+03
 144.2027088,5.5572412e+03
 144.2231432,5.5499946e+03
 144.2435777,5.5536978e+03
 144.2640120,5.5556343e+03
 144.2844463,5.5619502e+03
 144.3048807,5.5496665e+03
 144.3253151,5.5614126e+03
 144.3457495,5.5484097e+03
 144.3661838,5.5523164e+03
 144.3866181,5.5571562e+03
 144.4070526,5.5577661e+03
 144.4274870,5.5601133e+03
 144.4479212,5.5542920e+03
 144.4683557,5.5530498e+03
 144.4887901,5.5575142e+03
 144.5092244,5.5596504e+03
 144.5296587,5.5516841e+03
 144.5500932,5.5608584e+03
 144.5705276,5.5518901e+03
 144.5909619,5.5580464e+03
 144.6113963,5.5561973e+03
 144.6318307,5.5625674e+03
 144.6522650,5.5524463e+03
 144.6726993,5.5578750e+03
 144.6931338,5.5568999e+03
 144.7135681,5.5567959e+03
 144.7340025,5.5481396e+03
 144.7544369,5.5521411e+03
 144.7748712,5.5530063e+03
 144.7953056,5.5496470e+03
 144.8157400,5.5529600e+03
 144.8361744,5.5539131e+03
 144.8566087,5.5530283e+03
 144.8770431,5.5529966e+03
 144.8974774,5.5483486e+03
 144.9179118,5.5498281e+03
 144.9383462,5.5482808e+03
 144.9587805,5.5547910e+03
 144.9792150,5.5528101e+03
 144.9996493,5.5540654e+03
 145.0200837,5.5515791e+03
 145.0405180,5.5419839e+03
 145.0609524,5.5529155e+03
 145.0813868,5.5445117e+03
 145.1018211,5.5542666e+03
 145.1222556,5.5537690e+03
 145.1426899,5.5463677e+03
 145.1631242,5.5518242e+03
 145.1835585,5.5486143e+03
 145.2039930,5.5499717e+03
 145.2244273,5.5397017e+03
 145.2448616,5.5434990e+03
 145.2652961,5.5412500e+03
 145.2857304,5.5401016e+03
 145.3061648,5.5509268e+03
 145.3265991,5.5490835e+03
 145.3470335,5.5547935e+03
 145.3674679,5.5525220e+03
 145.3879022,5.5447520e+03
 145.4083366,5.5564819e+03
 145.4287710,5.5568857e+03
 145.4492053,5.5567227e+03
 145.4696396,5.5518770e+03
 145.4900741,5.5476147e+03
 145.5105084,5.5487437e+03
 145.5309427,5.5490239e+03
 145.5513771,5.5477539e+03
 145.5718116,5.5474707e+03
 145.5922458,5.5535791e+03
 145.6126802,5.5482109e+03
 145.6331147,5.5536289e+03
 145.6535489,5.5527588e+03
 145.6739833,5.5481279e+03
 145.6944175,5.5449199e+03
 145.7148520,5.5490874e+03
 145.7352864,5.5485850e+03
 145.7557207,5.5499028e+03
 145.7761551,5.5457031e+03
 145.7965895,5.5524976e+03
 145.8170238,5.5506968e+03
 145.8374581,5.5427544e+03
 145.8578925,5.5441128e+03
 145.8783269,5.5499463e+03
 145.8987612,5.5522275e+03
 145.9191956,5.5449287e+03
 145.9396300,5.5456069e+03
 145.9600643,5.5527280e+03
 145.9804986,5.5484810e+03
 146.0009331,5.5493740e+03
 146.0213674,5.5465854e+03
 146.0418017,5.5541631e+03
 146.0622362,5.5506714e+03
 146.0826705,5.5424453e+03
 146.1031048,5.5490938e+03
 146.1235391,5.5452129e+03
 146.1439736,5.5490854e+03
 146.1644079,5.5519893e+03
 146.1848422,5.5560039e+03
 146.2052766,5.5491079e+03
 146.2257109,5.5448784e+03
 146.2461453,5.5496143e+03
 146.2665796,5.5516772e+03
 146.2870140,5.5468213e+03
 146.3074484,5.5442646e+03
 146.3278827,         null
 146.3483170,5.5533657e+03
 146.3687514,5.5528281e+03
 146.3891858,5.5612612e+03
 146.4096200,5.5643066e+03
 146.4300545,5.5501846e+03
 146.4504889,5.5517280e+03
 146.4709231,5.5545293e+03
 146.4913576,5.5460947e+03
 146.5117919,5.5530703e+03
 146.5322263,5.5614883e+03
 146.5526605,5.5583721e+03
 146.5730950,5.5493726e+03
 146.5935293,5.5493848e+03
 146.6139637,5.5537026e+03
 146.6343979,5.5510586e+03
 146.6548324,5.5513838e+03
 146.6752668,5.5518052e+03
 146.6957010,5.5595464e+03
 146.7161355,5.5514639e+03
 146.7365698,5.5572461e+03
 146.7570042,5.5513052e+03
 146.7774384,5.5469561e+03
 146.7978729,5.5415508e+03
 146.8183072,5.5566055e+03
 146.8387415,5.5514312e+03
 146.8591758,5.5516836e+03
 146.8796103,5.5521855e+03
 146.9000445,5.5482671e+03
 146.9204789,5.5501299e+03
 146.9409133,5.5496768e+03
 146.9613476,5.5462363e+03
 146.9817819,5.5507139e+03
 147.0022163,5.5458892e+03
 147.0226506,5.5593008e+03
 147.0430850,5.5522036e+03
 147.0635193,5.5491855e+03
 147.0839538,5.5552051e+03
 147.1043880,5.5479722e+03
 147.1248224,5.5513848e+03
 147.1452566,5.5589873e+03
 147.1656911,5.5490952e+03
 147.1861254,5.5508491e+03
 147.2065597,5.5504907e+03
 147.2269941,5.5451567e+03
 147.2474285,5.5482900e+03
 147.2678628,5.5455464e+03
 147.2882971,5.5559126e+03
 147.3087315,5.5512446e+03
 147.3291659,5.5484629e+03
 147.3496001,5.5568457e+03
 147.3700345,5.5509121e+03
 147.3904689,5.5506807e+03
 147.4109032,5.5491221e+03
 147.4313375,5.5432183e+03
 147.4517720,5.5512515e+03
 147.4722062,5.5442607e+03
 147.4926405,5.5400454e+03
 147.5130749,5.5461362e+03
 147.5335093,5.5511211e+03
 147.5539436,5.5525259e+03
 147.5743779,5.5412847e+03
 147.5948124,5.5513540e+03
 147.6152466,5.5504365e+03
 147.6356810,5.5512026e+03
 147.6561152,5.5488569e+03
 147.6765497,5.5467178e+03
 147.6969840,5.5397310e+03
 147.7174182,5.5490835e+03
 147.7378527,5.5559004e+03
 147.7582870,5.5476113e+03
 147.7787214,5.5469854e+03
 147.7991556,5.5503516e+03
 147.8195901,5.5442422e+03
 147.8400244,5.5429126e+03
 147.8604586,5.5452915e+03
 147.8808930,5.5454585e+03
 147.9013274,         null
 147.9217617,5.5483066e+03
 147.9421960,5.5471567e+03
 147.9626304,5.5540327e+03
 147.9830647,5.5602363e+03
 148.0034990,5.5451299e+03
 148.0239334,5.5560259e+03
 148.0443678,5.5548047e+03
 148.0648020,5.5514917e+03
 148.0852364,5.5441831e+03
 148.1056708,5.5509102e+03
 148.1261051,5.5413823e+03
 148.1465394,5.5547280e+03
 148.1669737,5.5533970e+03
 148.1874081,5.5429761e+03
 148.2078424,5.5506968e+03
 148.2282768,5.5449058e+03
 148.2487112,5.5470308e+03
 148.2691454,5.5454712e+03
 148.2895798,5.5461660e+03
 148.3100141,5.5474839e+03
 148.3304485,5.5469189e+03
 148.3508828,5.5466470e+03
 148.3713171,5.5550063e+03
 148.3917514,5.5486050e+03
 148.4121858,5.5438608e+03
 148.4326201,5.5433643e+03
 148.4530545,5.5387402e+03
 148.4734888,5.5463550e+03
 148.4939231,5.5493608e+03
 148.5143575,5.5499048e+03
 148.5347917,5.5427090e+03
 148.5552262,5.5465259e+03
 148.5756605,5.5408506e+03
 148.5960947,5.5348047e+03
 148.6165292,5.5419834e+03
 148.6369635,5.5466562e+03
 148.6573977,5.5441528e+03
 148.6778321,5.5409463e+03
 148.6982665,5.5436953e+03
 148.7187007,5.5438716e+03
 148.7391351,5.5416016e+03
 148.7595695,5.5368555e+03
 148.7800038,5.5442090e+03
 148.8004381,5.5438687e+03
 148.8208724,5.5512412e+03
 148.8413068,5.5459106e+03
 148.8617411,5.5460781e+03
 148.8821754,5.5411582e+03
 148.9026098,5.5466323e+03
 148.9230441,5.5392812e+03
 148.9434784,5.5413960e+03
 148.9639127,5.5474033e+03
 148.9843470,5.5437930e+03
 149.0047814,5.5369194e+03
 149.0252157,5.5473887e+03
 149.0456499,5.5420400e+03
 149.0660844,5.5452197e+03
 149.0865187,5.5441060e+03
 149.1069529,5.5430889e+03
 149.1273874,5.5457593e+03
 149.1478217,5.5422241e+03
 149.1682559,5.5477246e+03
 149.1886902,5.5361074e+03
 149.2091247,5.5461172e+03
 149.2295590,5.5406494e+03
 149.2499932,5.5427222e+03
 149.2704277,5.5459126e+03
 149.2908620,5.5466235e+03
 149.3112962,         null
 149.3317305,5.5363550e+03
 149.3521650,5.5463135e+03
 149.3725992,5.5483213e+03
 149.3930335,5.5479883e+03
 149.4134679,5.5413672e+03
 149.4339022,5.5460386e+03
 149.4543365,5.5424116e+03
 149.4747708,5.5406763e+03
 149.4952052,5.5465186e+03
 149.5156395,5.5459658e+03
 149.5360738,5.5448232e+03
 149.5565082,5.5392783e+03
 149.5769425,5.5435073e+03
 149.5973768,5.5314868e+03
 149.6178110,5.5398789e+03
 149.6382454,5.5384453e+03
 149.6586797,5.5389199e+03
 149.6791140,5.5484092e+03
 149.6995483,5.5442017e+03
 149.7199827,5.5378833e+03
 149.7404170,5.5423804e+03
 149.7608513,5.5436030e+03
 149.7812857,5.5460952e+03
 149.8017200,5.5517334e+03
 149.8221542,5.5450161e+03
 149.8425886,5.5401147e+03
 149.8630230,5.5411738e+03
 149.8834573,5.5450801e+03
 149.9038915,5.5404668e+03
 149.9243259,5.5433550e+03
 149.9447603,5.5448262e+03
 149.9651946,5.5508677e+03
 149.9856288,5.5427490e+03
 150.0060632,5.5399761e+03
 150.0264975,5.5344790e+03
 150.0469318,5.5489390e+03
 150.0673662,5.5434849e+03
 150.0878005,5.5487979e+03
 150.1082347,5.5456357e+03
 150.1286690,5.5323584e+03
 150.1491035,5.5358135e+03
 150.1695377,5.5342910e+03
 150.1899720,5.5383994e+03
 150.2104064,5.5427642e+03
 150.2308406,5.5420854e+03
 150.2512750,5.5372632e+03
 150.2717093,5.5415215e+03
 150.2921437,5.5432725e+03
 150.3125779,5.5384351e+03
 150.3330122,5.5405239e+03
 150.3534464,5.5361016e+03
 150.3738809,5.5410171e+03
 150.3943152,5.5429487e+03
 150.4147494,5.5338857e+03
 150.4351838,5.5379746e+03
 150.4556181,5.5345249e+03
 150.4760524,5.5304321e+03
 150.4964867,5.5403770e+03
 150.5169211,5.5401187e+03
 150.5373554,5.5424204e+03
 150.5577896,5.5421763e+03
 150.5782240,5.5445596e+03
 150.5986583,5.5362217e+03
 150.6190925,5.5465386e+03
 150.6395269,5.5353267e+03
 150.6599613,5.5423335e+03
 150.6803955,5.5467725e+03
 150.7008298,5.5384653e+03
 150.7212642,5.5448032e+03
 150.7416985,5.5434385e+03
 150.7621327,5.5420488e+03
 150.7825670,5.5359341e+03
 150.8030015,5.5378174e+03
 150.8234357,5.5446890e+03
 150.8438700,5.5395825e+03
 150.8643044,5.5399097e+03
 150.8847386,5.5420923e+03
 150.9051729,5.5354883e+03
 150.9256072,5.5390000e+03
 150.9460415,5.5356724e+03
 150.9664758,5.5336841e+03
 150.9869102,5.5432920e+03
 151.0073444,5.5363042e+03
 151.0277788,5.5374121e+03
 151.0482131,5.5364663e+03
 151.0686473,5.5372158e+03
 151.0890817,5.5354058e+03
 151.1095160,5.5328701e+03
 151.1299502,5.5463799e+03
 151.1503845,5.5507397e+03
 151.1708189,5.5459766e+03
 151.1912531,5.5434785e+03
 151.2116875,5.5357275e+03
 151.2321219,5.5364746e+03
 151.2525562,5.5358833e+03
 151.2729904,5.5382119e+03
 151.2934247,5.5353750e+03
 151.3138591,5.5402676e+03
 151.3342933,5.5351660e+03
 151.3547276,5.5512656e+03
 151.3751620,5.5377271e+03
 151.3955962,5.5365171e+03
 151.4160305,5.5396855e+03
 151.4364648,5.5381855e+03
 151.4568991,5.5356514e+03
 151.4773334,5.5349390e+03
 151.4977677,5.5347388e+03
 151.5182021,5.5414082e+03
 151.5386364,5.5384751e+03
 151.5590707,5.5406772e+03
 151.5795050,5.5367163e+03
 151.5999394,5.5351035e+03
 151.6203736,5.5364248e+03
 151.6408079,5.5476494e+03
 151.6612422,         null
 151.6816765,5.5390454e+03
 151.7021108,5.5425376e+03
 151.7225451,5.5409492e+03
 151.7429794,5.5457358e+03
 151.7634137,5.5391035e+03
 151.7838480,5.5337124e+03
 151.8042822,5.5410430e+03
 151.8247166,5.5317427e+03
 151.8451509,5.5444414e+03
 151.8655851,5.5316123e+03
 151.8860195,5.5405923e+03
 151.9064538,5.5385366e+03
 151.9268880,5.5289839e+03
 151.9473223,5.5245864e+03
 151.9677567,5.5352124e+03
 151.9881910,5.5399570e+03
 152.0086252,5.5388750e+03
 152.0290596,5.5356401e+03
 152.0494939,5.5334629e+03
 152.0699281,5.5377007e+03
 152.0903624,5.5317905e+03
 152.1107968,5.5366406e+03
 152.1312310,5.5286123e+03
 152.1516653,5.5375864e+03
 152.1720996,5.5288794e+03
 152.1925339,5.5357129e+03
 152.2129682,5.5309932e+03
 152.2334025,5.5336152e+03
 152.2538369,5.5379937e+03
 152.2742711,5.5359858e+03
 152.2947054,         null
 152.3151396,5.5385620e+03
 152.3355740,5.5450195e+03
 152.3560083,5.5414478e+03
 152.3764424,5.5386973e+03
 152.3968768,5.5349292e+03
 152.4173111,5.5367139e+03
 152.4377454,5.5454780e+03
 152.4581796,5.5469097e+03
 152.4786140,5.5436030e+03
 152.4990483,5.5380625e+03
 152.5194825,5.5386357e+03
 152.5399169,5.5331904e+03
 152.5603512,5.5409038e+03
 152.5807854,5.5333110e+03
 152.6012197,5.5355737e+03
 152.6216541,5.5326768e+03
 152.6420883,5.5323770e+03
 152.6625226,         null
 152.6829569,5.5302422e+03
 152.7033911,5.5381816e+03
 152.7238254,5.5358794e+03
 152.7442597,5.5376343e+03
 152.7646941,5.5414648e+03
 152.7851283,5.5343887e+03
 152.8055626,5.5459341e+03
 152.8259968,5.5391079e+03
 152.8464312,5.5376367e+03
 152.8668655,5.5375034e+03
 152.8872997,5.5385566e+03
 152.9077341,5.5357300e+03
 152.9281683,5.5325073e+03
 152.9486026,5.5430078e+03
 152.9690368,5.5387505e+03
 152.9894712,5.5338750e+03
 153.0099055,5.5370166e+03
 153.0303397,5.5366802e+03
 153.0507741,5.5385454e+03
 153.0712084,5.5326465e+03
 153.0916426,5.5378706e+03
 153.1120768,5.5366172e+03
 153.1325112,5.5416328e+03
 153.1529454,5.5351934e+03
 153.1733797,5.5347290e+03
 153.1938140,5.5403271e+03
 153.2142484,5.5296484e+03
 153.2346827,5.5472051e+03
 153.2551168,5.5397573e+03
 153.2755512,5.5343027e+03
 153.2959855,5.5483730e+03
 153.3164197,5.5410820e+03
 153.3368540,5.5337871e+03
 153.3572883,5.5324106e+03
 153.3777226,5.5359219e+03
 153.3981568,5.5393325e+03
 153.4185912,5.5392646e+03
 153.4390255,5.5335132e+03
 153.4594597,5.5331514e+03
 153.4798940,5.5370366e+03
 153.5003284,5.5462637e+03
 153.5207625,5.5491294e+03
 153.5411968,5.5382710e+03
 153.5616312,5.5347676e+03
 153.5820654,5.5341343e+03
 153.6024997,5.5344668e+03
 153.6229340,5.5356006e+03
 153.6433682,5.5396650e+03
 153.6638025,5.5383677e+03
 153.6842368,5.5421304e+03
 153.7046710,5.5391069e+03
 153.7251054,5.5371147e+03
 153.7455396,5.5456865e+03
 153.7659738,5.5387349e+03
 153.7864082,5.5410029e+03
 153.8068425,5.5437764e+03
 153.8272767,5.5376558e+03
 153.8477109,5.5344429e+03
 153.8681453,5.5348423e+03
 153.8885795,5.5396294e+03
 153.9090138,5.5383086e+03
 153.9294482,5.5377437e+03
 153.9498824,5.5420234e+03
 153.9703166,5.5417480e+03
 153.9907509,5.5407510e+03
 154.0111853,5.5377197e+03
 154.0316194,5.5410352e+03
 154.0520537,5.5416904e+03
 154.0724881,5.5413110e+03
 154.0929223,5.5434658e+03
 154.1133566,5.5461519e+03
 154.1337908,5.5367446e+03
 154.1542251,5.5377339e+03
 154.1746594,5.5363091e+03
 154.1950937,5.5316440e+03
 154.2155279,5.5361104e+03
 154.2359622,5.5440596e+03
 154.2563965,5.5430806e+03
 154.2768307,5.5444312e+03
 154.2972650,5.5378076e+03
 154.3176993,5.5369004e+03
 154.3381335,5.5456733e+03
 154.3585678,5.5387559e+03
 154.3790021,5.5409087e+03
 154.3994363,5.5427480e+03
 154.4198706,5.5500776e+03
 154.4403049,5.5455068e+03
 154.4607392,5.5383540e+03
 154.4811734,5.5412148e+03
 154.5016077,5.5348062e+03
 154.5220420,5.5357510e+03
 154.5424762,5.5442954e+03
 154.5629105,5.5409673e+03
 154.5833449,5.5437998e+03
 154.6037790,5.5443472e+03
 154.6242133,5.5417314e+03
 154.6446476,5.5449214e+03
 154.6650818,5.5332036e+03
 154.6855161,5.5358320e+03
 154.7059504,5.5412017e+03
 154.7263847,5.5471631e+03
 154.7468189,5.5483330e+03
 154.7672532,5.5464238e+03
 154.7876875,5.5427432e+03
 154.8081217,5.5430811e+03
 154.8285560,5.5461167e+03
 154.8489902,5.5408340e+03
 154.8694245,5.5474575e+03
 154.8898588,5.5379873e+03
 154.9102931,5.5420171e+03
 154.9307273,5.5517764e+03
 154.9511616,5.5481187e+03
 154.9715959,5.5343809e+03
 154.9920301,5.5373335e+03
 155.0124643,5.5455464e+03
 155.0328987,5.5451338e+03
 155.0533329,5.5411978e+03
 155.0737671,5.5459707e+03
 155.0942015,5.5462402e+03
 155.1146357,5.5396577e+03
 155.1350699,5.5379697e+03
 155.1555042,5.5468384e+03
 155.1759385,5.5434971e+03
 155.1963728,5.5405215e+03
 155.2168070,5.5425771e+03
 155.2372412,5.5382471e+03
 155.2576756,5.5348950e+03
 155.2781097,         null
 155.2985440,5.5380010e+03
 155.3189784,5.5351895e+03
 155.3394125,5.5461846e+03
 155.3598468,5.5374849e+03
 155.3802811,5.5502734e+03
 155.4007153,5.5416709e+03
 155.4211496,5.5399385e+03
 155.4415838,5.5436914e+03
 155.4620182,5.5546172e+03
 155.4824524,5.5425596e+03
 155.5028866,5.5433677e+03
 155.5233208,5.5418560e+03
 155.5437551,5.5465264e+03
 155.5641894,         null
 155.5846236,5.5484785e+03
 155.6050579,5.5367358e+03
 155.6254922,5.5501357e+03
 155.6459264,5.5388433e+03
 155.6663606,5.5407788e+03
 155.6867950,5.5418711e+03
 155.7072292,5.5396816e+03
 155.7276634,5.5474375e+03
 155.7480976,5.5385239e+03
 155.7685320,5.5412373e+03
 155.7889662,5.5419990e+03
 155.8094004,5.5442163e+03
 155.8298348,5.5492842e+03
 155.8502689,5.5473276e+03
 155.8707032,5.5413130e+03
 155.8911374,5.5464907e+03
 155.9115718,5.5471987e+03
 155.9320060,5.5499131e+03
 155.9524402,5.5419126e+03
 155.9728746,5.5509199e+03
 155.9933087,5.5532031e+03
 156.0137430,5.5350742e+03
 156.0341771,5.5449248e+03
 156.0546115,5.5331860e+03
 156.0750457,5.5410420e+03
 156.0954800,5.5451685e+03
 156.1159143,5.5533560e+03
 156.1363485,5.5362383e+03
 156.1567828,5.5339639e+03
 156.1772169,5.5393340e+03
 156.1976513,5.5460015e+03
 156.2180855,5.5380293e+03
 156.2385197,5.5570854e+03
 156.2589539,5.5437349e+03
 156.2793883,5.5391509e+03
 156.2998224,5.5502642e+03
 156.3202567,5.5480039e+03
 156.3406910,5.5438740e+03
 156.3611252,5.5478652e+03
 156.3815594,5.5493247e+03
 156.4019937,5.5376533e+03
 156.4224280,5.5449297e+03
 156.4428622,5.5415352e+03
 156.4632964,5.5399834e+03
 156.4837308,5.5450107e+03
 156.5041649,5.5500542e+03
 156.5245992,5.5476216e+03
 156.5450334,5.5447993e+03
 156.5654677,5.5493101e+03
 156.5859019,5.5413403e+03
 156.6063362,5.5684131e+03
 156.6267704,5.5534092e+03
 156.6472047,5.5483687e+03
 156.6676389,5.5475405e+03
 156.6880732,5.5390532e+03
 156.7085074,5.5500640e+03
 156.7289417,5.5437393e+03
 156.7493759,5.5481797e+03
 156.7698101,5.5475830e+03
 156.7902444,5.5428428e+03
 156.8106786,5.5449990e+03
 156.8311129,5.5395010e+03
 156.8515471,5.5403818e+03
 156.8719814,5.5435000e+03
 156.8924156,5.5476733e+03
 156.9128498,5.5520938e+03
 156.9332841,5.5402471e+03
 156.9537184,5.5515527e+03
 156.9741525,5.5385083e+03
 156.9945869,5.5375024e+03
 157.0150211,5.5373477e+03
 157.0354552,5.5378096e+03
 157.0558895,5.5439258e+03
 157.0763238,5.5513149e+03
 157.0967580,5.5488628e+03
 157.1171922,5.5443154e+03
 157.1376266,5.5537964e+03
 157.1580608,5.5382778e+03
 157.1784949,5.5426245e+03
 157.1989292,5.5451113e+03
 157.2193635,5.5477227e+03
 157.2397977,5.5467285e+03
 157.2602319,5.5526934e+03
 157.2806661,5.5457681e+03
 157.3011004,5.5511533e+03
 157.3215346,5.5475859e+03
 157.3419689,5.5396650e+03
 157.3624031,5.5482363e+03
 157.3828373,5.5493271e+03
 157.4032716,5.5477510e+03
 157.4237057,5.5460747e+03
 157.4441401,5.5430879e+03
 157.4645743,5.5418716e+03
 157.4850084,5.5375918e+03
 157.5054428,5.5478926e+03
 157.5258770,5.5452192e+03
 157.5463112,5.5552002e+03
 157.5667454,5.5500537e+03
 157.5871797,5.5484751e+03
 157.6076139,5.5388887e+03
 157.6280481,5.5491694e+03
 157.6484824,5.5451938e+03
 157.6689167,5.5467397e+03
 157.6893508,5.5451343e+03
 157.7097850,5.5501064e+03
 157.7302194,5.5432700e+03
 157.7506535,5.5477876e+03
 157.7710878,5.5422412e+03
 157.7915221,5.5441523e+03
 157.8119562,5.5450166e+03
 157.8323905,5.5402837e+03
 157.8528247,5.5499858e+03
 157.8732589,5.5539268e+03
 157.8936932,5.5489609e+03
 157.9141274,5.5450996e+03
 157.9345615,5.5434639e+03
 157.9549959,5.5496304e+03
 157.9754301,5.5430386e+03
 157.9958642,5.5497793e+03
 158.0162986,5.5473374e+03
 158.0367328,5.5472231e+03
 158.0571669,5.5484937e+03
 158.0776011,5.5430156e+03
 158.0980355,5.5450806e+03
 158.1184697,5.5522412e+03
 158.1389038,5.5459082e+03
 158.1593382,5.5455908e+03
 158.1797724,5.5513306e+03
 158.2002065,5.5483735e+03
 158.2206408,5.5534697e+03
 158.2410751,5.5562148e+03
 158.2615092,         null
 158.2819434,5.5546333e+03
 158.3023778,5.5433130e+03
 158.3228120,5.5493867e+03
 158.3432461,5.5522656e+03
 158.3636804,5.5506265e+03
 158.3841147,5.5471011e+03
 158.4045489,5.5485259e+03
 158.4249830,5.5527446e+03
 158.4454173,5.5525244e+03
 158.4658516,5.5450093e+03
 158.4862857,5.5584937e+03
 158.5067200,5.5508032e+03
 158.5271543,5.5475459e+03
 158.5475884,5.5426699e+03
 158.5680226,5.5511294e+03
 158.5884569,5.5370879e+03
 158.6088911,5.5323716e+03
 158.6293253,5.5378022e+03
 158.6497595,5.5446616e+03
 158.6701939,5.5453096e+03
 158.6906280,5.5475791e+03
 158.7110622,5.5426553e+03
 158.7314963,5.5556421e+03
 158.7519306,5.5459600e+03
 158.7723649,5.5510938e+03
 158.7927991,5.5536240e+03
 158.8132333,5.5518701e+03
 158.8336675,5.5564087e+03
 158.8541018,5.5516997e+03
 158.8745359,5.5507427e+03
 158.8949702,5.5593896e+03
 158.9154044,5.5527271e+03
 158.9358386,5.5522661e+03
 158.9562729,5.5517603e+03
 158.9767071,5.5514253e+03
 158.9971412,5.5526914e+03
 159.0175754,5.5544160e+03
 159.0380098,5.5470493e+03
 159.0584439,5.5458613e+03
 159.0788781,5.5506396e+03
 159.0993123,5.5457539e+03
 159.1197466,5.5482012e+03
 159.1401807,5.5530630e+03
 159.1606150,5.5534629e+03
 159.1810493,5.5525571e+03
 159.2014834,5.5459385e+03
 159.2219176,5.5536025e+03
 159.2423517,5.5525537e+03
 159.2627861,5.5376494e+03
 159.2832203,5.5607119e+03
 159.3036545,5.5568047e+03
 159.3240887,5.5499214e+03
 159.3445229,5.5475811e+03
 159.3649571,5.5469116e+03
 159.3853913,5.5527397e+03
 159.4058256,5.5531489e+03
 159.4262598,5.5417676e+03
 159.4466939,5.5422910e+03
 159.4671282,5.5476431e+03
 159.4875624,5.5441904e+03
 159.5079965,5.5488438e+03
 159.5284308,5.5487163e+03
 159.5488651,5.5455645e+03
 159.5692992,5.5453774e+03
 159.5897334,5.5475962e+03
 159.6101676,5.5563496e+03
 159.6306019,5.5442622e+03
 159.6510360,5.5500923e+03
 159.6714703,5.5391230e+03
 159.6919046,5.5444204e+03
 159.7123387,5.5481729e+03
 159.7327729,5.5469541e+03
 159.7532071,5.5464551e+03
 159.7736413,5.5546392e+03
 159.7940755,5.5527798e+03
 159.8145097,5.5430908e+03
 159.8349439,5.5531904e+03
 159.8553782,5.5480044e+03
 159.8758124,5.5452505e+03
 159.8962465,5.5478491e+03
 159.9166808,5.5529946e+03
 159.9371150,5.5550913e+03
 159.9575492,5.5523076e+03
 159.9779834,5.5530254e+03
 159.9984176,5.5386826e+03
 160.0188518,5.5455674e+03
 160.0392860,5.5441865e+03
 160.0597202,5.5498081e+03
 160.0801545,5.5416938e+03
 160.1005887,5.5405869e+03
 160.1210228,5.5471909e+03
 160.1414571,5.5473301e+03
 160.1618913,5.5416724e+03
 160.1823254,5.5505532e+03
 160.2027597,5.5427710e+03
 160.2231939,5.5500112e+03
 160.2436280,5.5464199e+03
 160.2640622,5.5455576e+03
 160.2844965,5.5513291e+03
 160.3049306,5.5454512e+03
 160.3253648,5.5475215e+03
 160.3457991,5.5482988e+03
 160.3662333,5.5419878e+03
 160.3866674,5.5396689e+03
 160.4071016,5.5450449e+03
 160.4275359,5.5418003e+03
 160.4479701,5.5441011e+03
 160.4684043,5.5468071e+03
 160.4888386,5.5467627e+03
 160.5092727,5.5472944e+03
 160.5297069,5.5470210e+03
 160.5501411,5.5442642e+03
 160.5705753,5.5510630e+03
 160.5910095,5.5493408e+03
 160.6114437,5.5458594e+03
 160.6318778,5.5415688e+03
 160.6523121,5.5414043e+03
 160.6727463,5.5440815e+03
 160.6931804,5.5506870e+03
 160.7136147,5.5416660e+03
 160.7340489,5.5436680e+03
 160.7544830,5.5464209e+03
 160.7749172,5.5467002e+03
 160.7953515,5.5542964e+03
 160.8157857,5.5494771e+03
 160.8362198,5.5460718e+03
 160.8566541,5.5440566e+03
 160.8770883,5.5517139e+03
 160.8975224,5.5449780e+03
 160.9179566,5.5527832e+03
 160.9383909,5.5465396e+03
 160.9588250,5.5505630e+03
 160.9792591,5.5493296e+03
 160.9996934,5.5508027e+03
 161.0201275,5.5482158e+03
 161.0405617,5.5477119e+03
 161.0609959,5.5401479e+03
 161.0814301,5.5453525e+03
 161.1018643,5.5417007e+03
 161.1222985,5.5434863e+03
 161.1427328,5.5498379e+03
 161.1631669,5.5491489e+03
 161.1836011,5.5461396e+03
 161.2040352,5.5440903e+03
 161.2244695,5.5537319e+03
 161.2449037,         null
 161.2653379,5.5483828e+03
 161.2857720,5.5507832e+03
 161.3062063,5.5489229e+03
 161.3266405,5.5513154e+03
 161.3470745,5.5496626e+03
 161.3675088,5.5444834e+03
 161.3879430,5.5510186e+03
 161.4083771,5.5482026e+03
 161.4288113,5.5441958e+03
 161.4492456,5.5413374e+03
 161.4696797,5.5438398e+03
 161.4901139,5.5492397e+03
 161.5105482,5.5511343e+03
 161.5309823,5.5517900e+03
 161.5514165,5.5525835e+03
 161.5718506,5.5556919e+03
 161.5922849,5.5500757e+03
 161.6127190,5.5468931e+03
 161.6331532,5.5617095e+03
 161.6535875,5.5456216e+03
 161.6740217,5.5590581e+03
 161.6944558,5.5468145e+03
 161.7148900,5.5474834e+03
 161.7353243,5.5472505e+03
 161.7557583,5.5466519e+03
 161.7761925,5.5434023e+03
 161.7966267,5.5408145e+03
 161.8170609,5.5533882e+03
 161.8374951,5.5489937e+03
 161.8579293,5.5435024e+03
 161.8783636,5.5446309e+03
 161.8987976,5.5443867e+03
 161.9192318,5.5439663e+03
 161.9396659,5.5430127e+03
 161.9601002,5.5453623e+03
 161.9805344,5.5441074e+03
 162.0009686,5.5411743e+03
 162.0214028,5.5541831e+03
 162.0418369,5.5470918e+03
 162.0622711,5.5496440e+03
 162.0827052,5.5519033e+03
 162.1031395,5.5517178e+03
 162.1235737,5.5477656e+03
 162.1440078,5.5520581e+03
 162.1644420,5.5464478e+03
 162.1848762,5.5565771e+03
 162.2053103,5.5517974e+03
 162.2257445,5.5420889e+03
 162.2461788,5.5508320e+03
 162.2666128,5.5476689e+03
 162.2870470,5.5479922e+03
 162.3074813,5.5469263e+03
 162.3279155,5.5549805e+03
 162.3483496,5.5506689e+03
 162.3687837,5.5495396e+03
 162.3892180,5.5466797e+03
 162.4096521,5.5436079e+03
 162.4300863,5.5564087e+03
 162.4505204,5.5444624e+03
 162.4709546,5.5436606e+03
 162.4913888,5.5515483e+03
 162.5118224,5.5506885e+03
 162.5322567,5.5405962e+03
 162.5526907,5.5504019e+03
 162.5731249,5.5438438e+03
 162.5935591,5.5496143e+03
 162.6139934,5.5538633e+03
 162.6344275,5.5510347e+03
 162.6548616,5.5458779e+03
 162.6752959,5.5467842e+03
 162.6957300,5.5529214e+03
 162.7161642,5.5515327e+03
 162.7365983,5.5558760e+03
 162.7570325,5.5438643e+03
 162.7774667,5.5517852e+03
 162.7979009,5.5502935e+03
 162.8183350,5.5574316e+03
 162.8387692,5.5558179e+03
 162.8592034,5.5519653e+03
 162.8796375,5.5559526e+03
 162.9000717,5.5463525e+03
 162.9205059,5.5467646e+03
 162.9409400,5.5568691e+03
 162.9613741,5.5568467e+03
 162.9818084,5.5445181e+03
 163.0022425,5.5534062e+03
 163.0226767,5.5522593e+03
 163.0431109,5.5492588e+03
 163.0635451,5.5424453e+03
 163.0839792,5.5489648e+03
 163.1044133,5.5480713e+03
 163.1248476,5.5436836e+03
 163.1452817,5.5521934e+03
 163.1657159,5.5472124e+03
 163.1861501,5.5472588e+03
 163.2065842,5.5518916e+03
 163.2270184,5.5490649e+03
 163.2474525,5.5488335e+03
 163.2678867,5.5530615e+03
 163.2883209,5.5415723e+03
 163.3087550,5.5473096e+03
 163.3291893,5.5530034e+03
 163.3496234,5.5493989e+03
 163.3700575,5.5534463e+03
 163.3904916,5.5516440e+03
 163.4109259,5.5506631e+03
 163.4313600,5.5507896e+03
 163.4517941,5.5488540e+03
 163.4722284,5.5540420e+03
 163.4926625,5.5573779e+03
 163.5130967,5.5465142e+03
 163.5335308,5.5551499e+03
 163.5539650,5.5521792e+03
 163.5743992,5.5479849e+03
 163.5948333,5.5488911e+03
 163.6152674,5.5559683e+03
 163.6357017,5.5496665e+03
 163.6561358,5.5454824e+03
 163.6765699,5.5464712e+03
 163.6970042,5.5501338e+03
 163.7174382,5.5513311e+03
 163.7378724,5.5502397e+03
 163.7583066,5.5466460e+03
 163.7787407,5.5494312e+03
 163.7991749,5.5408262e+03
 163.8196091,5.5522607e+03
 163.8400433,5.5480747e+03
 163.8604774,5.5448701e+03
 163.8809115,5.5470342e+03
 163.9013456,5.5450566e+03
 163.9217799,5.5502642e+03
 163.9422140,5.5470464e+03
 163.9626482,5.5481304e+03
 163.9830823,5.5526001e+03
 164.0035165,5.5460249e+03
 164.0239507,5.5483223e+03
 164.0443847,5.5546978e+03
 164.0648190,5.5452271e+03
 164.0852531,5.5497090e+03
 164.1056873,5.5469258e+03
 164.1261213,5.5495464e+03
 164.1465556,5.5464360e+03
 164.1669897,5.5521562e+03
 164.1874238,5.5467939e+03
 164.2078581,5.5506553e+03
 164.2282922,         null
 164.2487263,5.5449502e+03
 164.2691604,5.5498242e+03
 164.2895946,5.5462749e+03
 164.3100288,5.5488848e+03
 164.3304629,5.5432700e+03
 164.3508972,5.5417954e+03
 164.3713313,5.5478574e+03
 164.3917654,5.5465972e+03
 164.4121995,5.5574785e+03
 164.4326337,5.5446421e+03
 164.4530678,5.5476143e+03
 164.4735020,5.5550356e+03
 164.4939362,5.5457266e+03
 164.5143703,5.5542129e+03
 164.5348044,5.5490957e+03
 164.5552386,5.5509106e+03
 164.5756728,5.5425518e+03
 164.5961069,5.5493335e+03
 164.6165411,5.5511230e+03
 164.6369751,5.5487427e+03
 164.6574094,5.5454053e+03
 164.6778435,5.5488823e+03
 164.6982777,5.5513149e+03
 164.7187118,5.5546655e+03
 164.7391460,5.5425659e+03
 164.7595801,5.5471768e+03
 164.7800142,5.5414834e+03
 164.8004484,5.5504336e+03
 164.8208826,5.5529214e+03
 164.8413166,5.5498989e+03
 164.8617509,5.5487515e+03
 164.8821850,5.5401797e+03
 164.9026190,5.5536260e+03
 164.9230532,5.5502988e+03
 164.9434874,5.5538013e+03
 164.9639215,5.5523481e+03
 164.9843556,5.5491357e+03
