        TIME,  PDCSAP_FLUX
 131.5122340,2.7259926e+04
 131.5326686,2.7251760e+04
 131.5531030,2.7255916e+04
 131.5735374,2.7258736e+04
 131.5939718,2.7261424e+04
 131.6144064,2.7267621e+04
 131.6348407,2.7261889e+04
 131.6552751,2.7245545e+04
 131.6757097,2.7271689e+04
 131.6961441,2.7255188e+04
 131.7165785,2.7259541e+04
 131.7370129,2.7248195e+04
 131.7574475,2.7251260e+04
 131.7778818,2.7253488e+04
 131.7983162,2.7251582e+04
 131.8187508,2.7253766e+04
 131.8391851,2.7253062e+04
 131.8596196,2.7251578e+04
 131.8800540,2.7258723e+04
 131.9004884,2.7258156e+04
 131.9209229,2.7249113e+04
 131.9413573,2.7267648e+04
 131.9617918,2.7261092e+04
 131.9822262,2.7252902e+04
 132.0026607,2.7257096e+04
 132.0230950,2.7264383e+04
 132.0435295,2.7255400e+04
 132.0639640,2.7253615e+04
 132.0843983,2.7254893e+04
 132.1048328,2.7250842e+04
 132.1252673,2.7255510e+04
 132.1457016,2.7269930e+04
 132.1661361,2.7254268e+04
 132.1865706,2.7252482e+04
 132.2070051,2.7254279e+04
 132.2274394,2.7265451e+04
 132.2478738,2.7254438e+04
 132.2683084,2.7246264e+04
 132.2887427,2.7256777e+04
 132.3091772,2.7253510e+04
 132.3296117,2.7252713e+04
 132.3500460,2.7248814e+04
 132.3704805,2.7261850e+04
 132.3909149,2.7259627e+04
 132.4113494,2.7255424e+04
 132.4317838,2.7247293e+04
 132.4522182,2.7251041e+04
 132.4726528,2.7260811e+04
 132.4930871,2.7252852e+04
 132.5135216,2.7255912e+04
 132.5339559,2.7264111e+04
 132.5543904,2.7253543e+04
 132.5748249,2.7263053e+04
 132.5952592,2.7258641e+04
 132.6156938,2.7242602e+04
 132.6361282,2.7256945e+04
 132.6565626,2.7250350e+04
 132.6769970,2.7250992e+04
 132.6974315,2.7254617e+04
 132.7178660,2.7256869e+04
 132.7383003,2.7251162e+04
 132.7587348,2.7245781e+04
 132.7791693,2.7256590e+04
 132.7996036,2.7260322e+04
 132.8200381,2.7252004e+04
 132.8404726,2.7258922e+04
 132.8609069,2.7256713e+04
 132.8813414,2.7254436e+04
 132.9017759,2.7256162e+04
 132.9222103,2.7267943e+04
 132.9426447,2.7258250e+04
 132.9630791,2.7252822e+04
 132.9835137,2.7255270e+04
 133.0039480,2.7254248e+04
 133.0243824,2.7254400e+04
 133.0448169,2.7259867e+04
 133.0652513,2.7255643e+04
 133.0856858,2.7252227e+04
 133.1061202,2.7249432e+04
 133.1265546,2.7255650e+04
 133.1469891,2.7252117e+04
 133.1674235,2.7258746e+04
 133.1878580,2.7248930e+04
 133.2082925,2.7255422e+04
 133.2287268,2.7254969e+04
 133.2491613,2.7254172e+04
 133.2695957,2.7267471e+04
 133.2900301,2.7266934e+04
 133.3104646,2.7272654e+04
 133.3308989,2.7268564e+04
 133.3513335,2.7248828e+04
 133.3717679,2.7263770e+04
 133.3922023,2.7264934e+04
 133.4126368,2.7259143e+04
 133.4330712,2.7266691e+04
 133.4535056,2.7254625e+04
 133.4739400,2.7250779e+04
 133.4943745,2.7255785e+04
 133.5148089,2.7251729e+04
 133.5352433,2.7251135e+04
 133.5556778,2.7254703e+04
 133.5761123,2.7252436e+04
 133.5965466,2.7256471e+04
 133.6169810,2.7246084e+04
 133.6374156,2.7264168e+04
 133.6578500,2.7252225e+04
 133.6782843,2.7263014e+04
 133.6987189,2.7252795e+04
 133.7191533,2.7246426e+04
 133.7395876,2.7259465e+04
 133.7600221,2.7257732e+04
 133.7804566,2.7265930e+04
 133.8008910,2.7260908e+04
 133.8213254,2.7269328e+04
 133.8417598,2.7256121e+04
 133.8621943,2.7252896e+04
 133.8826287,2.7251709e+04
 133.9030631,2.7260438e+04
 133.9234976,2.7254451e+04
 133.9439320,2.7267580e+04
 133.9643664,2.7256148e+04
 133.9848008,2.7246363e+04
 134.0052353,2.7260621e+04
 134.0256697,2.7248365e+04
 134.0461041,2.7255994e+04
 134.0665386,2.7257641e+04
 134.0869731,2.7250131e+04
 134.1074074,2.7260621e+04
 134.1278418,2.7266877e+04
 134.1482764,2.7254664e+04
 134.1687108,2.7254086e+04
 134.1891451,2.7260676e+04
 134.2095797,2.7259643e+04
 134.2300141,2.7249596e+04
 134.2504484,2.7249291e+04
 134.2708829,2.7259029e+04
 134.2913174,2.7264492e+04
 134.3117517,2.7261682e+04
 134.3321862,2.7263484e+04
 134.3526207,2.7255912e+04
 134.3730550,2.7257109e+04
 134.3934895,         null
 134.4139239,2.7249424e+04
 134.4343583,2.7253385e+04
 134.4547928,2.7275070e+04
 134.4752272,2.7249166e+04
 134.4956617,2.7261227e+04
 134.5160961,2.7266545e+04
 134.5365305,2.7257686e+04
 134.5569648,2.7262840e+04
 134.5773994,2.7247438e+04
 134.5978338,2.7265133e+04
 134.6182681,2.7263697e+04
 134.6387026,2.7250354e+04
 134.6591371,2.7250832e+04
 134.6795715,2.7255748e+04
 134.7000060,2.7255936e+04
 134.7204404,2.7250230e+04
 134.7408748,2.7252500e+04
 134.7613092,2.7264549e+04
 134.7817436,2.7259594e+04
 134.8021781,2.7259020e+04
 134.8226126,2.7267732e+04
 134.8430469,2.7252426e+04
 134.8634814,2.7253902e+04
 134.8839159,2.7246926e+04
 134.9043503,2.7261980e+04
 134.9247846,2.7259000e+04
 134.9452192,2.7258676e+04
 134.9656536,2.7261123e+04
 134.9860879,2.7256682e+04
 135.0065225,2.7261984e+04
 135.0269569,2.7262254e+04
 135.0473912,2.7254514e+04
 135.0678256,2.7257918e+04
 135.0882602,2.7254146e+04
 135.1086945,2.7263631e+04
 135.1291289,2.7262311e+04
 135.1495635,2.7256398e+04
 135.1699979,2.7255092e+04
 135.1904322,2.7256418e+04
 135.2108667,2.7261695e+04
 135.2313012,2.7259893e+04
 135.2517355,2.7263584e+04
 135.2721700,2.7264662e+04
 135.2926043,2.7260518e+04
 135.3130388,2.7260059e+04
 135.3334733,2.7272137e+04
 135.3539076,2.7257303e+04
 135.3743421,2.7259836e+04
 135.3947765,2.7258291e+04
 135.4152110,2.7262434e+04
 135.4356453,2.7252164e+04
 135.4560798,2.7254164e+04
 135.4765143,2.7263066e+04
 135.4969486,2.7253627e+04
 135.5173831,2.7257428e+04
 135.5378176,2.7259570e+04
 135.5582519,2.7257133e+04
 135.5786863,2.7254438e+04
 135.5991208,2.7253258e+04
 135.6195552,2.7240385e+04
 135.6399896,2.7258992e+04
 135.6604241,2.7256451e+04
 135.6808586,2.7255859e+04
 135.7012929,2.7257814e+04
 135.7217273,2.7260381e+04
 135.7421618,2.7254484e+04
 135.7625962,2.7261062e+04
 135.7830306,2.7258021e+04
 135.8034651,2.7249951e+04
 135.8238995,2.7258656e+04
 135.8443339,2.7271314e+04
 135.8647683,2.7254416e+04
 135.8852028,2.7251463e+04
 135.9056372,2.7253820e+04
 135.9260716,2.7270141e+04
 135.9465059,2.7254061e+04
 135.9669405,2.7259736e+04
 135.9873749,2.7259320e+04
 136.0078092,2.7267545e+04
 136.0282437,2.7251105e+04
 136.0486782,2.7252939e+04
 136.0691125,2.7257043e+04
 136.0895469,2.7253654e+04
 136.1099815,2.7254961e+04
 136.1304159,2.7257152e+04
 136.1508502,2.7263314e+04
 136.1712847,2.7262391e+04
 136.1917192,2.7265805e+04
 136.2121535,2.7256508e+04
 136.2325879,2.7269365e+04
 136.2530225,2.7264652e+04
 136.2734568,2.7262896e+04
 136.2938912,2.7271732e+04
 136.3143257,2.7252186e+04
 136.3347601,2.7257070e+04
 136.3551945,2.7263299e+04
 136.3756289,2.7261543e+04
 136.3960633,2.7261979e+04
 136.4164978,2.7245096e+04
 136.4369322,2.7261533e+04
 136.4573667,2.7256615e+04
 136.4778010,2.7258543e+04
 136.4982355,2.7269648e+04
 136.5186699,2.7266268e+04
 136.5391043,2.7253588e+04
 136.5595388,2.7255225e+04
 136.5799732,2.7255221e+04
 136.6004076,2.7269658e+04
 136.6208420,2.7258652e+04
 136.6412765,2.7258949e+04
 136.6617109,2.7255109e+04
 136.6821453,2.7258525e+04
 136.7025797,2.7254295e+04
 136.7230142,2.7267738e+04
 136.7434485,2.7263533e+04
 136.7638830,2.7256877e+04
 136.7843174,2.7268779e+04
 136.8047518,2.7251762e+04
 136.8251863,2.7275615e+04
 136.8456207,2.7249941e+04
 136.8660551,2.7264994e+04
 136.8864895,2.7256969e+04
 136.9069240,2.7257062e+04
 136.9273584,2.7261035e+04
 136.9477927,2.7256740e+04
 136.9682273,2.7251285e+04
 136.9886617,2.7252457e+04
 137.0090960,2.7266979e+04
 137.0295304,2.7252393e+04
 137.0499650,2.7247850e+04
 137.0703993,2.7264668e+04
 137.0908337,2.7259271e+04
 137.1112682,2.7269902e+04
 137.1317026,2.7253939e+04
 137.1521370,2.7256395e+04
 137.1725714,2.7268713e+04
 137.1930059,2.7260938e+04
 137.2134402,2.7268293e+04
 137.2338747,2.7266658e+04
 137.2543090,2.7266383e+04
 137.2747435,2.7248607e+04
 137.2951779,2.7253939e+04
 137.3156123,2.7262598e+04
 137.3360468,2.7259773e+04
 137.3564812,2.7256102e+04
 137.3769156,         null
 137.3973500,2.7254932e+04
 137.4177845,2.7272588e+04
 137.4382189,2.7261330e+04
 137.4586532,2.7238043e+04
 137.4790877,2.7268490e+04
 137.4995222,2.7245430e+04
 137.5199565,2.7258943e+04
 137.5403909,2.7264043e+04
 137.5608254,2.7251990e+04
 137.5812598,2.7267869e+04
 137.6016942,2.7256561e+04
 137.6221287,2.7253645e+04
 137.6425631,2.7247377e+04
 137.6629974,2.7269807e+04
 137.6834319,2.7262262e+04
 137.7038664,2.7267846e+04
 137.7243007,2.7257855e+04
 137.7447351,2.7259318e+04
 137.7651697,2.7255781e+04
 137.7856040,2.7261137e+04
 137.8060384,2.7262480e+04
 137.8264727,2.7253822e+04
 137.8469072,2.7255756e+04
 137.8673417,2.7248648e+04
 137.8877761,2.7253881e+04
 137.9082104,2.7264311e+04
 137.9286449,2.7264592e+04
 137.9490793,2.7249889e+04
 137.9695137,2.7254627e+04
 137.9899482,2.7257918e+04
 138.0103826,2.7258461e+04
 138.0308169,2.7257436e+04
 138.0512513,2.7267703e+04
 138.0716859,2.7266451e+04
 138.0921203,2.7257965e+04
 138.1125546,2.7257559e+04
 138.1329891,2.7252082e+04
 138.1534235,2.7256707e+04
 138.1738579,2.7256969e+04
 138.1942923,2.7257834e+04
 138.2147268,2.7252969e+04
 138.2351612,2.7269393e+04
 138.2555955,2.7253877e+04
 138.2760301,2.7258334e+04
 138.2964645,2.7260996e+04
 138.3168988,2.7259596e+04
 138.3373332,2.7263887e+04
 138.3577677,2.7263328e+04
 138.3782022,2.7262490e+04
 138.3986365,2.7256322e+04
 138.4190710,2.7251275e+04
 138.4395054,2.7261473e+04
 138.4599397,2.7253123e+04
 138.4803741,2.7262984e+04
 138.5008087,2.7260123e+04
 138.5212430,2.7256434e+04
 138.5416774,2.7265490e+04
 138.5621118,2.7256139e+04
 138.5825462,2.7253533e+04
 138.6029807,2.7252688e+04
 138.6234151,2.7266740e+04
 138.6438495,2.7266730e+04
 138.6642839,2.7256389e+04
 138.6847183,2.7249061e+04
 138.7051526,2.7264549e+04
 138.7255872,2.7263404e+04
 138.7460216,2.7260549e+04
 138.7664559,2.7264752e+04
 138.7868904,2.7265512e+04
 138.8073248,2.7265738e+04
 138.8277591,2.7254346e+04
 138.8481936,2.7265455e+04
 138.8686281,2.7249592e+04
 138.8890625,2.7272631e+04
 138.9094968,2.7251961e+04
 138.9299313,2.7246539e+04
 138.9503657,2.7259133e+04
 138.9708001,2.7261277e+04
 138.9912345,2.7269334e+04
 139.0116690,2.7265748e+04
 139.0321033,2.7256344e+04
 139.0525377,2.7254893e+04
 139.0729722,2.7259980e+04
 139.0934066,2.7267393e+04
 139.1138410,2.7260658e+04
 139.1342754,2.7268654e+04
 139.1547098,2.7242732e+04
 139.1751442,2.7264158e+04
 139.1955786,2.7255846e+04
 139.2160129,2.7261912e+04
 139.2364475,2.7268598e+04
 139.2568819,2.7259566e+04
 139.2773162,2.7265707e+04
 139.2977507,2.7260695e+04
 139.3181851,2.7260639e+04
 139.3386195,2.7272402e+04
 139.3590539,2.7255467e+04
 139.3794884,2.7265699e+04
 139.3999228,2.7270738e+04
 139.4203571,2.7254262e+04
 139.4407916,2.7268426e+04
 139.4612260,2.7273174e+04
 139.4816603,2.7252600e+04
 139.5020948,2.7262184e+04
 139.5225293,2.7262902e+04
 139.5429636,2.7251256e+04
 139.5633980,2.7265320e+04
 139.5838325,2.7250113e+04
 139.6042668,2.7254703e+04
 139.6247012,2.7258170e+04
 139.6451356,2.7257344e+04
 139.6655702,2.7263033e+04
 139.6860045,2.7258709e+04
 139.7064389,2.7254080e+04
 139.7268733,2.7253660e+04
 139.7473077,2.7261732e+04
 139.7677421,2.7256480e+04
 139.7881765,2.7256977e+04
 139.8086109,2.7265504e+04
 139.8290454,2.7257023e+04
 139.8494798,2.7267766e+04
 139.8699142,2.7263246e+04
 139.8903486,2.7257561e+04
 139.9107830,2.7259986e+04
 139.9312174,2.7256996e+04
 139.9516519,2.7249984e+04
 139.9720862,2.7252604e+04
 139.9925207,2.7254734e+04
 140.0129550,2.7253621e+04
 140.0333895,2.7261789e+04
 140.0538239,2.7254914e+04
 140.0742583,2.7254391e+04
 140.0946927,2.7251980e+04
 140.1151271,2.7251777e+04
 140.1355615,2.7265406e+04
 140.1559958,2.7254904e+04
 140.1764304,2.7248260e+04
 140.1968648,2.7259357e+04
 140.2172991,2.7253018e+04
 140.2377336,2.7246377e+04
 140.2581680,2.7332596e+04
 140.2786023,2.7254344e+04
 140.2990367,2.7264365e+04
 140.3194712,2.7267861e+04
 140.3399055,2.7258336e+04
 140.3603400,         null
 140.3807744,2.7267057e+04
 140.4012089,2.7264926e+04
 140.4216432,2.7260182e+04
 140.4420776,2.7255160e+04
 140.4625121,2.7263051e+04
 140.4829464,2.7253928e+04
 140.5033808,2.7256264e+04
 140.5238151,2.7258693e+04
 140.5442496,2.7265105e+04
 140.5646840,2.7272162e+04
 140.5851185,2.7255791e+04
 140.6055529,2.7267932e+04
 140.6259873,2.7252629e+04
 140.6464217,2.7262121e+04
 140.6668560,2.7260867e+04
 140.6872905,2.7266873e+04
 140.7077249,2.7258211e+04
 140.7281592,2.7255270e+04
 140.7485937,2.7250709e+04
 140.7690281,2.7260598e+04
 140.7894624,2.7253820e+04
 140.8098968,2.7247756e+04
 140.8303314,2.7263252e+04
 140.8507658,2.7251570e+04
 140.8712001,2.7256488e+04
 140.8916345,2.7252088e+04
 140.9120690,2.7257473e+04
 140.9325033,2.7253996e+04
 140.9529377,2.7263506e+04
 140.9733722,2.7262088e+04
 140.9938065,2.7255293e+04
 141.0142409,2.7254955e+04
 141.0346753,2.7261207e+04
 141.0551097,2.7262145e+04
 141.0755441,2.7265291e+04
 141.0959785,2.7254395e+04
 141.1164130,2.7255582e+04
 141.1368474,2.7257020e+04
 141.1572818,2.7269656e+04
 141.1777161,2.7261875e+04
 141.1981506,2.7264980e+04
 141.2185850,2.7265340e+04
 141.2390193,2.7253078e+04
 141.2594538,2.7252178e+04
 141.2798882,2.7253348e+04
 141.3003225,2.7269762e+04
 141.3207569,2.7264932e+04
 141.3411914,2.7251693e+04
 141.3616258,2.7257904e+04
 141.3820601,2.7257930e+04
 141.4024945,2.7258111e+04
 141.4229290,2.7262844e+04
 141.4433634,2.7255641e+04
 141.4637977,2.7262338e+04
 141.4842323,2.7253783e+04
 141.5046667,2.7265205e+04
 141.5251010,2.7256863e+04
 141.5455354,2.7266721e+04
 141.5659698,2.7256975e+04
 141.5864043,2.7264818e+04
 141.6068386,2.7251555e+04
 141.6272731,2.7257816e+04
 141.6477075,2.7254395e+04
 141.6681418,2.7249053e+04
 141.6885762,2.7242174e+04
 141.7090107,2.7258432e+04
 141.7294450,2.7277977e+04
 141.7498794,2.7268982e+04
 141.7703139,2.7261719e+04
 141.7907482,2.7267406e+04
 141.8111826,2.7263740e+04
 141.8316170,2.7264936e+04
 141.8520514,2.7251287e+04
 141.8724858,2.7269445e+04
 141.8929202,2.7260512e+04
 141.9133547,2.7263984e+04
 141.9337890,2.7273861e+04
 141.9542234,2.7253215e+04
 141.9746577,2.7248949e+04
 141.9950922,2.7263844e+04
 142.0155266,2.7251205e+04
 142.0359609,2.7257344e+04
 142.0563953,2.7258279e+04
 142.0768298,2.7256654e+04
 142.0972642,2.7258467e+04
 142.1176985,2.7259467e+04
 142.1381330,2.7255846e+04
 142.1585675,2.7251057e+04
 142.1790018,2.7273584e+04
 142.1994362,2.7268520e+04
 142.2198707,2.7260068e+04
 142.2403050,2.7277371e+04
 142.2607394,2.7257531e+04
 142.2811739,2.7270143e+04
 142.3016082,2.7259461e+04
 142.3220426,2.7271873e+04
 142.3424770,2.7259088e+04
 142.3629115,2.7266734e+04
 142.3833458,2.7261506e+04
 142.4037802,2.7258230e+04
 142.4242147,2.7269385e+04
 142.4446490,2.7263373e+04
 142.4650834,2.7257352e+04
 142.4855177,2.7257820e+04
 142.5059522,2.7252375e+04
 142.5263866,2.7262174e+04
 142.5468210,2.7259252e+04
 142.5672553,2.7260639e+04
 142.5876898,2.7262158e+04
 142.6081242,2.7256143e+04
 142.6285585,2.7254078e+04
 142.6489930,2.7261562e+04
 142.6694273,2.7247068e+04
 142.6898616,2.7263787e+04
 142.7102960,2.7265238e+04
 142.7307305,2.7259594e+04
 142.7511648,2.7244807e+04
 142.7715992,2.7254461e+04
 142.7920337,2.7245877e+04
 142.8124680,2.7250377e+04
 142.8329024,2.7260445e+04
 142.8533368,2.7254307e+04
 142.8737713,2.7246873e+04
 142.8942056,2.7250207e+04
 142.9146400,2.7252689e+04
 142.9350745,2.7251115e+04
 142.9555088,2.7257078e+04
 142.9759432,2.7253684e+04
 142.9963775,2.7259670e+04
 143.0168120,2.7247738e+04
 143.0372464,2.7252639e+04
 143.0576808,2.7261316e+04
 143.0781152,2.7252877e+04
 143.0985496,2.7271035e+04
 143.1189840,2.7264656e+04
 143.1394184,2.7252982e+04
 143.1598528,2.7260336e+04
 143.1802872,2.7253744e+04
 143.2007215,2.7260129e+04
 143.2211559,2.7269645e+04
 143.2415904,2.7250850e+04
 143.2620248,2.7257814e+04
 143.2824592,2.7256320e+04
 143.3028936,2.7263830e+04
 143.3233280,2.7267877e+04
 143.3437623,         null
 143.3641966,2.7270885e+04
 143.3846311,2.7255803e+04
 143.4050655,2.7275783e+04
 143.4254998,2.7257146e+04
 143.4459343,2.7265057e+04
 143.4663687,2.7251646e+04
 143.4868030,2.7268982e+04
 143.5072374,2.7269477e+04
 143.5276719,2.7250375e+04
 143.5481063,2.7257615e+04
 143.5685406,2.7285131e+04
 143.5889751,2.7265238e+04
 143.6094095,2.7258803e+04
 143.6298438,2.7257332e+04
 143.6502782,2.7258090e+04
 143.6707127,2.7261355e+04
 143.6911469,2.7285588e+04
 143.7115813,2.7261879e+04
 143.7320157,2.7254148e+04
 143.7524501,2.7257418e+04
 143.7728845,2.7269904e+04
 143.7933189,2.7257342e+04
 143.8137533,2.7261033e+04
 143.8341877,2.7263098e+04
 143.8546221,2.7264650e+04
 143.8750564,2.7258045e+04
 143.8954909,2.7264842e+04
 143.9159253,2.7265936e+04
 143.9363596,2.7260572e+04
 143.9567941,2.7250871e+04
 143.9772284,2.7255287e+04
 143.9976627,2.7261449e+04
 144.0180971,2.7265566e+04
 144.0385316,2.7253744e+04
 144.0589660,2.7267924e+04
 144.0794003,2.7248229e+04
 144.0998348,2.7251457e+04
 144.1202692,2.7259881e+04
 144.1407035,2.7254646e+04
 144.1611379,2.7262547e+04
 144.1815724,2.7260779e+04
 144.2020066,2.7268955e+04
 144.2224410,2.7254957e+04
 144.2428755,2.7265594e+04
 144.2633098,2.7267463e+04
 144.2837442,2.7254441e+04
 144.3041786,2.7257215e+04
 144.3246130,2.7253791e+04
 144.3450474,2.7258535e+04
 144.3654818,2.7259182e+04
 144.3859161,2.7254479e+04
 144.4063505,2.7256641e+04
 144.4267849,2.7258748e+04
 144.4472192,2.7256707e+04
 144.4676537,2.7266312e+04
 144.4880881,2.7257422e+04
 144.5085224,2.7274436e+04
 144.5289568,2.7251836e+04
 144.5493913,2.7267742e+04
 144.5698257,2.7258945e+04
 144.5902599,2.7264348e+04
 144.6106944,2.7264574e+04
 144.6311288,2.7260137e+04
 144.6515631,2.7247180e+04
 144.6719975,2.7287201e+04
 144.6924320,2.7265404e+04
 144.7128663,2.7266014e+04
 144.7333007,2.7260432e+04
 144.7537352,2.7257209e+04
 144.7741694,2.7255098e+04
 144.7946038,2.7257104e+04
 144.8150382,2.7262785e+04
 144.8354727,2.7261471e+04
 144.8559070,2.7264482e+04
 144.8763414,2.7255359e+04
 144.8967758,2.7256793e+04
 144.9172101,2.7249129e+04
 144.9376445,2.7255861e+04
 144.9580789,2.7268428e+04
 144.9785134,2.7260828e+04
 144.9989477,2.7264879e+04
 145.0193821,2.7256197e+04
 145.0398165,2.7250879e+04
 145.0602509,2.7248021e+04
 145.0806852,2.7260010e+04
 145.1011196,2.7261357e+04
 145.1215541,2.7250410e+04
 145.1419884,2.7263998e+04
 145.1624228,2.7273934e+04
 145.1828571,2.7257908e+04
 145.2032916,2.7268303e+04
 145.2237259,2.7256445e+04
 145.2441602,2.7254266e+04
 145.2645947,2.7259539e+04
 145.2850291,2.7253221e+04
 145.3054635,2.7259443e+04
 145.3258978,2.7260145e+04
 145.3463322,2.7255334e+04
 145.3667666,2.7258006e+04
 145.3872009,2.7269023e+04
 145.4076354,2.7246855e+04
 145.4280698,2.7252246e+04
 145.4485041,2.7258000e+04
 145.4689384,2.7259566e+04
 145.4893729,2.7258959e+04
 145.5098072,2.7260545e+04
 145.5302416,2.7266824e+04
 145.5506760,2.7259057e+04
 145.5711105,2.7268646e+04
 145.5915447,2.7253182e+04
 145.6119791,2.7257158e+04
 145.6324136,2.7250078e+04
 145.6528479,2.7253537e+04
 145.6732823,2.7250488e+04
 145.6937166,2.7254521e+04
 145.7141510,2.7266668e+04
 145.7345854,2.7266004e+04
 145.7550198,2.7260758e+04
 145.7754542,2.7256424e+04
 145.7958886,2.7261297e+04
 145.8163229,2.7244414e+04
 145.8367572,2.7260016e+04
 145.8571917,2.7263871e+04
 145.8776261,2.7262645e+04
 145.8980604,2.7265352e+04
 145.9184949,2.7253654e+04
 145.9389292,2.7272855e+04
 145.9593635,2.7262566e+04
 145.9797979,2.7263432e+04
 146.0002324,2.7247650e+04
 146.0206668,2.7260684e+04
 146.0411010,2.7262760e+04
 146.0615355,2.7263061e+04
 146.0819699,2.7252678e+04
 146.1024042,2.7262293e+04
 146.1228386,2.7256105e+04
 146.1432730,2.7253006e+04
 146.1637073,2.7260695e+04
 146.1841417,2.7261785e+04
 146.2045761,2.7273279e+04
 146.2250105,2.7266391e+04
 146.2454448,2.7257998e+04
 146.2658792,2.7254959e+04
 146.2863136,2.7272307e+04
 146.3067480,2.7252572e+04
 146.3271823,         null
 146.3476166,2.7257115e+04
 146.3680511,2.7256645e+04
 146.3884855,2.7266318e+04
 146.4089198,2.7257496e+04
 146.4293542,2.7262482e+04
 146.4497886,2.7250672e+04
 146.4702229,2.7249471e+04
 146.4906574,2.7268465e+04
 146.5110918,2.7264840e+04
 146.5315261,2.7258676e+04
 146.5519604,2.7266688e+04
 146.5723949,2.7254602e+04
 146.5928293,2.7251873e+04
 146.6132636,2.7256783e+04
 146.6336979,2.7262152e+04
 146.6541324,2.7261961e+04
 146.6745668,2.7263725e+04
 146.6950010,2.7250416e+04
 146.7154355,2.7263541e+04
 146.7358699,2.7256701e+04
 146.7563043,2.7268934e+04
 146.7767385,2.7256041e+04
 146.7971730,2.7255363e+04
 146.8176074,2.7248422e+04
 146.8380417,2.7263887e+04
 146.8584761,2.7254057e+04
 146.8789105,2.7256900e+04
 146.8993448,2.7265859e+04
 146.9197792,2.7259549e+04
 146.9402137,2.7253973e+04
 146.9606479,2.7261271e+04
 146.9810823,2.7257609e+04
 147.0015167,2.7246479e+04
 147.0219511,2.7261318e+04
 147.0423854,2.7272758e+04
 147.0628198,2.7257764e+04
 147.0832543,2.7266561e+04
 147.1036885,2.7257611e+04
 147.1241229,2.7262846e+04
 147.1445572,2.7253650e+04
 147.1649917,2.7259375e+04
 147.1854260,2.7263279e+04
 147.2058603,2.7259943e+04
 147.2262948,2.7261344e+04
 147.2467292,2.7256928e+04
 147.2671635,2.7265416e+04
 147.2875978,2.7252744e+04
 147.3080323,2.7259320e+04
 147.3284667,2.7262170e+04
 147.3489009,2.7264377e+04
 147.3693353,2.7261828e+04
 147.3897698,2.7264375e+04
 147.4102040,2.7262654e+04
 147.4306384,2.7258631e+04
 147.4510729,2.7265131e+04
 147.4715072,2.7256908e+04
 147.4919415,2.7256467e+04
 147.5123759,2.7260740e+04
 147.5328104,2.7269305e+04
 147.5532446,2.7251721e+04
 147.5736790,2.7249463e+04
 147.5941135,2.7251867e+04
 147.6145478,2.7258799e+04
 147.6349821,2.7257857e+04
 147.6554164,2.7258535e+04
 147.6758509,2.7264445e+04
 147.6962852,2.7260562e+04
 147.7167195,2.7262703e+04
 147.7371540,2.7265748e+04
 147.7575883,2.7266338e+04
 147.7780227,2.7245418e+04
 147.7984570,2.7263381e+04
 147.8188915,2.7267756e+04
 147.8393258,2.7265783e+04
 147.8597601,2.7259713e+04
 147.8801945,2.7262268e+04
 147.9006289,         null
 147.9210632,2.7260496e+04
 147.9414976,2.7266242e+04
 147.9619320,2.7261221e+04
 147.9823663,2.7259803e+04
 148.0028007,2.7268398e+04
 148.0232350,2.7252646e+04
 148.0436695,2.7259264e+04
 148.0641038,2.7261301e+04
 148.0845382,2.7257355e+04
 148.1049726,2.7258354e+04
 148.1254069,2.7260125e+04
 148.1458413,2.7261412e+04
 148.1662756,2.7264852e+04
 148.1867100,2.7269695e+04
 148.2071444,2.7260654e+04
 148.2275787,2.7263305e+04
 148.2480132,2.7257986e+04
 148.2684475,2.7264133e+04
 148.2888818,2.7266760e+04
 148.3093162,2.7255145e+04
 148.3297506,2.7261354e+04
 148.3501849,2.7257031e+04
 148.3706193,2.7257328e+04
 148.3910536,2.7254846e+04
 148.4114880,2.7265551e+04
 148.4319224,2.7263977e+04
 148.4523568,2.7252637e+04
 148.4727911,2.7253801e+04
 148.4932255,2.7257539e+04
 148.5136598,2.7269203e+04
 148.5340941,2.7261129e+04
 148.5545286,2.7258875e+04
 148.5749629,2.7244422e+04
 148.5953972,2.7267818e+04
 148.6158317,2.7254043e+04
 148.6362660,2.7260844e+04
 148.6567003,2.7253115e+04
 148.6771347,2.7257512e+04
 148.6975691,2.7253248e+04
 148.7180034,2.7257637e+04
 148.7384378,2.7264559e+04
 148.7588722,2.7263162e+04
 148.7793066,2.7252246e+04
 148.7997409,2.7256701e+04
 148.8201752,2.7259256e+04
 148.8406097,2.7253438e+04
 148.8610439,2.7264033e+04
 148.8814783,2.7264650e+04
 148.9019128,2.7262430e+04
 148.9223470,2.7257742e+04
 148.9427814,2.7260098e+04
 148.9632158,2.7264471e+04
 148.9836501,2.7260223e+04
 149.0040845,2.7253418e+04
 149.0245188,2.7262889e+04
 149.0449531,2.7255037e+04
 149.0653876,2.7259254e+04
 149.0858219,2.7258855e+04
 149.1062562,2.7253051e+04
 149.1266906,2.7265553e+04
 149.1471250,2.7264557e+04
 149.1675593,2.7261652e+04
 149.1879936,2.7264400e+04
 149.2084281,2.7267535e+04
 149.2288625,2.7268859e+04
 149.2492967,2.7251777e+04
 149.2697312,2.7262484e+04
 149.2901655,2.7255434e+04
 149.3105998,         null
 149.3310342,2.7262576e+04
 149.3514686,2.7264131e+04
 149.3719029,2.7255984e+04
 149.3923372,2.7252637e+04
 149.4127717,2.7263967e+04
 149.4332060,2.7254807e+04
 149.4536403,2.7260205e+04
 149.4740747,2.7260617e+04
 149.4945090,2.7254820e+04
 149.5149434,2.7269240e+04
 149.5353777,2.7255658e+04
 149.5558122,2.7258180e+04
 149.5762465,2.7260082e+04
 149.5966808,2.7241914e+04
 149.6171151,2.7248451e+04
 149.6375495,2.7251852e+04
 149.6579839,2.7246234e+04
 149.6784182,2.7241105e+04
 149.6988525,2.7256076e+04
 149.7192870,2.7258207e+04
 149.7397213,2.7261908e+04
 149.7601556,2.7262211e+04
 149.7805900,2.7248242e+04
 149.8010244,2.7254062e+04
 149.8214587,2.7258799e+04
 149.8418930,2.7271600e+04
 149.8623275,2.7263201e+04
 149.8827618,2.7261705e+04
 149.9031961,2.7248559e+04
 149.9236305,2.7258338e+04
 149.9440649,2.7258846e+04
 149.9644993,2.7257641e+04
 149.9849335,2.7259916e+04
 150.0053680,2.7252111e+04
 150.0258023,2.7262939e+04
 150.0462366,2.7269277e+04
 150.0666710,2.7248947e+04
 150.0871054,2.7259404e+04
 150.1075396,2.7252980e+04
 150.1279740,2.7261240e+04
 150.1484084,2.7248104e+04
 150.1688427,2.7258451e+04
 150.1892771,2.7249562e+04
 150.2097115,2.7257693e+04
 150.2301458,2.7256576e+04
 150.2505801,2.7261605e+04
 150.2710145,2.7257322e+04
 150.2914489,2.7255109e+04
 150.3118832,2.7249566e+04
 150.3323175,2.7259957e+04
 150.3527518,2.7254482e+04
 150.3731862,2.7257146e+04
 150.3936206,2.7266152e+04
 150.4140548,2.7254467e+04
 150.4344893,2.7253783e+04
 150.4549237,2.7259361e+04
 150.4753580,2.7269572e+04
 150.4957923,2.7255732e+04
 150.5162267,2.7252207e+04
 150.5366611,2.7260398e+04
 150.5570953,2.7262785e+04
 150.5775298,2.7259824e+04
 150.5979641,2.7254924e+04
 150.6183984,2.7257086e+04
 150.6388327,2.7255646e+04
 150.6592672,2.7253814e+04
 150.6797014,2.7256191e+04
 150.7001358,2.7270131e+04
 150.7205702,2.7260408e+04
 150.7410046,2.7260809e+04
 150.7614388,2.7259275e+04
 150.7818732,2.7255818e+04
 150.8023076,2.7255643e+04
 150.8227419,2.7251062e+04
 150.8431762,2.7260770e+04
 150.8636107,2.7263666e+04
 150.8840449,2.7260814e+04
 150.9044793,2.7263629e+04
 150.9249136,2.7261605e+04
 150.9453480,2.7251562e+04
 150.9657823,2.7259273e+04
 150.9862167,2.7258846e+04
 151.0066509,2.7249549e+04
 151.0270854,2.7244617e+04
 151.0475197,2.7264244e+04
 151.0679540,2.7267994e+04
 151.0883884,2.7265770e+04
 151.1088228,2.7264260e+04
 151.1292570,2.7263252e+04
 151.1496914,2.7255354e+04
 151.1701258,2.7254053e+04
 151.1905601,2.7245826e+04
 151.2109944,2.7251016e+04
 151.2314289,2.7256027e+04
 151.2518632,2.7260256e+04
 151.2722974,2.7263318e+04
 151.2927318,2.7255174e+04
 151.3131662,2.7258586e+04
 151.3336005,2.7257961e+04
 151.3540348,2.7255689e+04
 151.3744693,2.7256344e+04
 151.3949035,2.7267279e+04
 151.4153379,2.7270445e+04
 151.4357722,2.7252018e+04
 151.4562066,2.7265391e+04
 151.4766409,2.7262295e+04
 151.4970753,2.7254881e+04
 151.5175096,2.7257080e+04
 151.5379439,2.7263105e+04
 151.5583783,2.7258033e+04
 151.5788126,2.7253559e+04
 151.5992471,2.7256102e+04
 151.6196813,2.7259512e+04
 151.6401157,2.7251332e+04
 151.6605500,         null
 151.6809844,2.7249744e+04
 151.7014187,2.7257170e+04
 151.7218530,2.7268348e+04
 151.7422874,2.7256062e+04
 151.7627217,2.7256182e+04
 151.7831561,2.7246895e+04
 151.8035903,2.7258197e+04
 151.8240248,2.7270885e+04
 151.8444591,2.7252473e+04
 151.8648934,2.7263057e+04
 151.8853278,2.7249500e+04
 151.9057621,2.7259387e+04
 151.9261964,2.7271301e+04
 151.9466307,2.7271590e+04
 151.9670652,2.7256883e+04
 151.9874995,2.7251818e+04
 152.0079338,2.7260391e+04
 152.0283682,2.7264123e+04
 152.0488025,2.7253721e+04
 152.0692368,2.7263475e+04
 152.0896711,2.7257117e+04
 152.1101056,2.7268805e+04
 152.1305398,2.7262584e+04
 152.1509741,2.7261137e+04
 152.1714085,2.7257668e+04
 152.1918428,2.7257309e+04
 152.2122772,2.7271002e+04
 152.2327115,2.7261953e+04
 152.2531459,2.7265625e+04
 152.2735802,2.7260658e+04
 152.2940145,         null
 152.3144488,2.7255053e+04
 152.3348832,2.7267648e+04
 152.3553175,2.7268012e+04
 152.3757518,2.7260801e+04
 152.3961862,2.7263385e+04
 152.4166206,2.7264396e+04
 152.4370549,2.7260875e+04
 152.4574891,2.7261449e+04
 152.4779236,2.7275172e+04
 152.4983579,2.7260799e+04
 152.5187922,2.7267332e+04
 152.5392266,2.7261420e+04
 152.5596609,2.7271475e+04
 152.5800952,2.7263531e+04
 152.6005295,2.7259391e+04
 152.6209639,2.7258732e+04
 152.6413982,2.7267283e+04
 152.6618325,         null
 152.6822669,2.7256498e+04
 152.7027012,2.7255621e+04
 152.7231355,2.7259408e+04
 152.7435699,2.7250508e+04
 152.7640043,2.7262016e+04
 152.7844385,2.7268426e+04
 152.8048729,2.7261785e+04
 152.8253071,2.7250730e+04
 152.8457416,2.7260820e+04
 152.8661759,2.7257928e+04
 152.8866101,2.7260738e+04
 152.9070446,2.7268945e+04
 152.9274789,2.7254602e+04
 152.9479132,2.7269004e+04
 152.9683475,2.7261752e+04
 152.9887819,2.7257549e+04
 153.0092162,2.7262666e+04
 153.0296505,2.7262652e+04
 153.0500849,2.7255137e+04
 153.0705192,2.7258998e+04
 153.0909535,2.7256256e+04
 153.1113878,2.7256703e+04
 153.1318222,2.7260645e+04
 153.1522565,2.7260914e+04
 153.1726908,2.7260539e+04
 153.1931251,2.7251498e+04
 153.2135596,2.7246561e+04
 153.2339939,2.7279492e+04
 153.2544281,2.7260379e+04
 153.2748626,2.7255000e+04
 153.2952969,2.7250541e+04
 153.3157311,2.7266385e+04
 153.3361655,2.7258625e+04
 153.3565998,2.7252094e+04
 153.3770341,2.7266297e+04
 153.3974685,2.7263270e+04
 153.4179029,2.7276549e+04
 153.4383372,2.7258553e+04
 153.4587715,2.7254666e+04
 153.4792058,2.7262551e+04
 153.4996402,2.7255340e+04
 153.5200745,2.7264293e+04
 153.5405088,2.7263492e+04
 153.5609432,2.7268543e+04
 153.5813775,2.7282629e+04
 153.6018118,2.7253867e+04
 153.6222461,2.7254836e+04
 153.6426804,2.7259037e+04
 153.6631148,2.7258736e+04
 153.6835491,2.7261154e+04
 153.7039833,2.7260416e+04
 153.7244178,2.7267516e+04
 153.7448521,2.7265391e+04
 153.7652863,2.7266521e+04
 153.7857208,2.7263232e+04
 153.8061551,2.7249281e+04
 153.8265893,2.7249811e+04
 153.8470236,2.7257895e+04
 153.8674581,2.7259508e+04
 153.8878923,2.7259438e+04
 153.9083266,2.7260053e+04
 153.9287611,2.7249123e+04
 153.9491954,2.7260525e+04
 153.9696296,2.7265795e+04
 153.9900639,2.7269219e+04
 154.0104984,2.7262787e+04
 154.0309326,2.7260826e+04
 154.0513669,2.7257162e+04
 154.0718014,2.7263908e+04
 154.0922356,2.7262744e+04
 154.1126699,2.7258254e+04
 154.1331042,2.7263322e+04
 154.1535386,2.7254201e+04
 154.1739729,2.7262123e+04
 154.1944072,2.7252045e+04
 154.2148415,2.7251041e+04
 154.2352759,2.7263176e+04
 154.2557102,2.7263904e+04
 154.2761444,2.7265783e+04
 154.2965788,2.7256340e+04
 154.3170132,2.7263469e+04
 154.3374474,2.7256740e+04
 154.3578817,2.7271578e+04
 154.3783161,2.7257469e+04
 154.3987504,2.7269648e+04
 154.4191847,2.7261527e+04
 154.4396191,2.7251408e+04
 154.4600534,2.7257641e+04
 154.4804877,2.7250877e+04
 154.5009220,2.7262025e+04
 154.5213564,2.7264979e+04
 154.5417906,2.7265990e+04
 154.5622250,2.7248627e+04
 154.5826594,2.7268643e+04
 154.6030936,2.7263535e+04
 154.6235279,2.7251086e+04
 154.6439623,2.7255998e+04
 154.6643966,2.7257760e+04
 154.6848309,2.7263010e+04
 154.7052652,2.7272996e+04
 154.7256996,2.7262471e+04
 154.7461339,2.7255119e+04
 154.7665682,2.7264994e+04
 154.7870025,2.7261348e+04
 154.8074368,2.7247539e+04
 154.8278712,2.7264916e+04
 154.8483054,2.7263145e+04
 154.8687398,2.7253920e+04
 154.8891741,2.7263363e+04
 154.9096084,2.7255449e+04
 154.9300428,2.7255207e+04
 154.9504771,2.7271168e+04
 154.9709114,2.7259949e+04
 154.9913457,2.7253697e+04
 155.0117799,2.7249959e+04
 155.0322144,2.7261156e+04
 155.0526487,2.7250930e+04
 155.0730829,2.7269230e+04
 155.0935173,2.7253578e+04
 155.1139516,2.7255898e+04
 155.1343859,2.7262957e+04
 155.1548202,2.7264590e+04
 155.1752546,2.7255760e+04
 155.1956889,2.7259789e+04
 155.2161231,2.7258500e+04
 155.2365575,2.7253057e+04
 155.2569919,2.7270527e+04
 155.2774261,         null
 155.2978604,2.7267822e+04
 155.3182948,2.7257025e+04
 155.3387290,2.7258469e+04
 155.3591634,2.7253996e+04
 155.3795977,2.7263836e+04
 155.4000320,2.7261467e+04
 155.4204663,2.7255516e+04
 155.4409006,2.7255273e+04
 155.4613350,2.7262244e+04
 155.4817693,2.7264672e+04
 155.5022036,2.7263502e+04
 155.5226378,2.7262898e+04
 155.5430722,2.7257246e+04
 155.5635065,         null
 155.5839407,2.7258184e+04
 155.6043752,2.7262803e+04
 155.6248095,2.7250072e+04
 155.6452438,2.7280863e+04
 155.6656780,2.7259152e+04
 155.6861124,2.7266910e+04
 155.7065467,2.7255227e+04
 155.7269810,2.7255848e+04
 155.7474153,2.7258803e+04
 155.7678497,2.7260203e+04
 155.7882839,2.7254848e+04
 155.8087182,2.7260723e+04
 155.8291526,2.7262486e+04
 155.8495868,2.7261801e+04
 155.8700212,2.7253576e+04
 155.8904555,2.7251697e+04
 155.9108899,2.7263287e+04
 155.9313241,2.7255057e+04
 155.9517584,2.7261529e+04
 155.9721928,2.7257738e+04
 155.9926270,2.7263043e+04
 156.0130613,2.7265590e+04
 156.0334956,2.7263383e+04
 156.0539300,2.7254402e+04
 156.0743643,2.7269611e+04
 156.0947986,2.7249750e+04
 156.1152329,2.7257541e+04
 156.1356672,2.7263492e+04
 156.1561015,2.7254625e+04
 156.1765357,2.7263896e+04
 156.1969702,2.7264453e+04
 156.2174045,2.7267629e+04
 156.2378387,2.7261193e+04
 156.2582730,2.7263125e+04
 156.2787074,2.7254949e+04
 156.2991416,2.7262566e+04
 156.3195759,2.7259990e+04
 156.3400103,2.7283332e+04
 156.3604445,2.7247170e+04
 156.3808788,2.7256248e+04
 156.4013132,2.7259959e+04
 156.4217476,2.7264719e+04
 156.4421818,2.7265061e+04
 156.4626161,2.7269512e+04
 156.4830505,2.7265420e+04
 156.5034847,2.7259836e+04
 156.5239190,2.7260482e+04
 156.5443533,2.7262963e+04
 156.5647876,2.7255084e+04
 156.5852219,2.7255178e+04
 156.6056562,2.7262492e+04
 156.6260906,2.7258111e+04
 156.6465249,2.7259486e+04
 156.6669592,2.7255918e+04
 156.6873935,2.7251549e+04
 156.7078278,2.7263191e+04
 156.7282621,2.7268191e+04
 156.7486964,2.7261150e+04
 156.7691306,2.7254275e+04
 156.7895650,2.7269393e+04
 156.8099993,2.7259637e+04
 156.8304336,2.7259273e+04
 156.8508679,2.7265088e+04
 156.8713022,2.7259029e+04
 156.8917365,2.7258580e+04
 156.9121707,2.7258738e+04
 156.9326051,2.7272295e+04
 156.9530395,2.7260240e+04
 156.9734737,2.7271711e+04
 156.9939081,2.7262887e+04
 157.0143424,2.7264703e+04
 157.0347766,2.7261004e+04
 157.0552109,2.7264385e+04
 157.0756453,2.7260764e+04
 157.0960795,2.7263635e+04
 157.1165138,2.7250758e+04
 157.1369482,2.7263693e+04
 157.1573825,2.7264629e+04
 157.1778167,2.7258877e+04
 157.1982510,2.7265635e+04
 157.2186854,2.7268830e+04
 157.2391196,2.7258600e+04
 157.2595539,2.7260010e+04
 157.2799882,2.7259920e+04
 157.3004225,2.7258277e+04
 157.3208568,2.7270766e+04
 157.3412911,2.7260285e+04
 157.3617254,2.7262729e+04
 157.3821597,2.7262088e+04
 157.4025940,2.7265850e+04
 157.4230282,2.7268457e+04
 157.4434626,2.7267174e+04
 157.4638969,2.7268264e+04
 157.4843311,2.7274877e+04
 157.5047655,2.7267318e+04
 157.5251998,2.7268113e+04
 157.5456340,2.7259768e+04
 157.5660683,2.7261168e+04
 157.5865027,2.7261160e+04
 157.6069369,2.7257838e+04
 157.6273712,2.7250314e+04
 157.6478056,2.7256857e+04
 157.6682399,2.7271096e+04
 157.6886741,2.7256682e+04
 157.7091084,2.7277779e+04
 157.7295428,2.7263328e+04
 157.7499770,2.7273629e+04
 157.7704113,2.7258982e+04
 157.7908457,2.7276838e+04
 157.8112799,2.7274643e+04
 157.8317142,2.7265826e+04
 157.8521485,2.7260506e+04
 157.8725828,2.7270805e+04
 157.8930171,2.7268160e+04
 157.9134514,2.7259891e+04
 157.9338856,2.7267389e+04
 157.9543200,2.7267320e+04
 157.9747543,2.7259273e+04
 157.9951885,2.7263324e+04
 158.0156229,2.7262953e+04
 158.0360572,2.7272418e+04
 158.0564914,2.7264818e+04
 158.0769257,2.7253195e+04
 158.0973601,2.7257334e+04
 158.1177944,2.7259377e+04
 158.1382286,2.7258766e+04
 158.1586630,2.7264016e+04
 158.1790973,2.7268504e+04
 158.1995315,2.7261904e+04
 158.2199658,2.7260957e+04
 158.2404002,2.7269789e+04
 158.2608344,         null
 158.2812686,2.7262691e+04
 158.3017030,2.7260029e+04
 158.3221373,2.7258076e+04
 158.3425715,2.7260588e+04
 158.3630058,2.7273129e+04
 158.3834402,2.7273953e+04
 158.4038745,2.7269768e+04
 158.4243087,2.7252381e+04
 158.4447430,2.7249354e+04
 158.4651774,2.7264109e+04
 158.4856116,2.7261441e+04
 158.5060459,2.7262184e+04
 158.5264803,2.7267031e+04
 158.5469145,2.7260615e+04
 158.5673488,2.7262770e+04
 158.5877830,2.7262969e+04
 158.6082173,2.7265672e+04
 158.6286516,2.7273084e+04
 158.6490859,2.7268285e+04
 158.6695203,2.7260404e+04
 158.6899545,2.7268273e+04
 158.7103888,2.7267221e+04
 158.7308230,2.7263910e+04
 158.7512574,2.7259473e+04
 158.7716917,2.7253457e+04
 158.7921260,2.7270625e+04
 158.8125602,2.7263607e+04
 158.8329945,2.7264830e+04
 158.8534288,2.7260957e+04
 158.8738630,2.7256391e+04
 158.8942974,2.7271699e+04
 158.9147317,2.7256020e+04
 158.9351659,2.7266316e+04
 158.9556003,2.7262297e+04
 158.9760346,2.7260703e+04
 158.9964688,2.7259475e+04
 159.0169030,2.7259504e+04
 159.0373374,2.7251293e+04
 159.0577716,2.7278072e+04
 159.0782059,2.7272363e+04
 159.0986402,2.7273789e+04
 159.1190746,2.7266281e+04
 159.1395088,2.7259533e+04
 159.1599431,2.7264953e+04
 159.1803774,2.7258102e+04
 159.2008116,2.7265131e+04
 159.2212459,2.7268404e+04
 159.2416801,2.7262498e+04
 159.2621145,2.7267691e+04
 159.2825488,2.7262035e+04
 159.3029831,2.7267949e+04
 159.3234173,2.7264758e+04
 159.3438516,2.7251355e+04
 159.3642859,2.7263996e+04
 159.3847201,2.7261281e+04
 159.4051545,2.7260297e+04
 159.4255888,2.7264092e+04
 159.4460230,2.7272045e+04
 159.4664573,2.7259627e+04
 159.4868916,2.7250977e+04
 159.5073258,2.7264098e+04
 159.5277601,2.7261580e+04
 159.5481945,2.7263260e+04
 159.5686287,2.7264605e+04
 159.5890630,2.7264354e+04
 159.6094972,2.7264143e+04
 159.6299316,2.7264293e+04
 159.6503658,2.7263211e+04
 159.6708001,2.7267500e+04
 159.6912345,2.7273467e+04
 159.7116687,2.7265451e+04
 159.7321029,2.7261281e+04
 159.7525372,2.7262328e+04
 159.7729715,2.7261713e+04
 159.7934058,2.7261572e+04
 159.8138401,2.7267139e+04
 159.8342743,2.7256072e+04
 159.8547086,2.7250186e+04
 159.8751429,2.7260359e+04
 159.8955771,2.7267605e+04
 159.9160115,2.7263611e+04
 159.9364458,2.7259396e+04
 159.9568800,2.7256162e+04
 159.9773143,2.7270084e+04
 159.9977486,2.7258436e+04
 160.0181829,2.7261875e+04
 160.0386172,2.7267889e+04
 160.0590514,2.7268389e+04
 160.0794857,2.7249779e+04
 160.0999200,2.7263514e+04
 160.1203542,2.7273635e+04
 160.1407886,2.7260133e+04
 160.1612228,2.7253416e+04
 160.1816570,2.7277424e+04
 160.2020914,2.7259041e+04
 160.2225257,2.7263016e+04
 160.2429598,2.7264582e+04
 160.2633941,2.7263080e+04
 160.2838285,2.7269477e+04
 160.3042627,2.7267004e+04
 160.3246970,2.7253076e+04
 160.3451313,2.7262195e+04
 160.3655656,2.7269617e+04
 160.3859998,2.7268531e+04
 160.4064341,2.7261547e+04
 160.4268684,2.7267104e+04
 160.4473026,2.7264070e+04
 160.4677369,2.7266441e+04
 160.4881713,2.7266438e+04
 160.5086054,2.7263395e+04
 160.5290397,2.7260768e+04
 160.5494740,2.7265553e+04
 160.5699083,2.7266908e+04
 160.5903425,2.7264932e+04
 160.6107768,2.7268029e+04
 160.6312110,2.7262836e+04
 160.6516454,2.7266045e+04
 160.6720796,2.7269527e+04
 160.6925138,2.7258615e+04
 160.7129482,2.7265723e+04
 160.7333825,2.7256121e+04
 160.7538166,2.7248016e+04
 160.7742509,2.7255695e+04
 160.7946853,2.7259939e+04
 160.8151196,2.7263621e+04
 160.8355537,2.7253926e+04
 160.8559881,2.7261600e+04
 160.8764224,2.7259385e+04
 160.8968566,2.7264689e+04
 160.9172908,2.7263986e+04
 160.9377252,2.7256285e+04
 160.9581594,2.7254416e+04
 160.9785936,2.7264025e+04
 160.9990280,2.7263164e+04
 161.0194622,2.7268670e+04
 161.0398965,2.7268064e+04
 161.0603307,2.7262949e+04
 161.0807650,2.7264600e+04
 161.1011993,2.7261670e+04
 161.1216335,2.7277086e+04
 161.1420679,2.7251781e+04
 161.1625021,2.7263326e+04
 161.1829364,2.7255277e+04
 161.2033705,2.7259846e+04
 161.2238049,2.7260816e+04
 161.2442392,         null
 161.2646734,2.7261867e+04
 161.2851076,2.7256172e+04
 161.3055420,2.7265406e+04
 161.3259762,2.7268207e+04
 161.3464104,2.7244367e+04
 161.3668448,2.7257584e+04
 161.3872791,2.7259105e+04
 161.4077132,2.7270801e+04
 161.4281475,2.7270084e+04
 161.4485819,2.7265162e+04
 161.4690160,2.7256672e+04
 161.4894503,2.7258211e+04
 161.5098847,2.7270234e+04
 161.5303188,2.7262092e+04
 161.5507531,2.7260227e+04
 161.5711874,2.7264262e+04
 161.5916217,2.7262801e+04
 161.6120559,2.7266703e+04
 161.6324902,2.7256160e+04
 161.6529245,2.7260488e+04
 161.6733588,2.7267291e+04
 161.6937930,2.7258211e+04
 161.7142272,2.7267979e+04
 161.7346616,2.7253135e+04
 161.7550958,2.7257373e+04
 161.7755300,2.7265445e+04
 161.7959643,2.7267312e+04
 161.8163985,2.7256197e+04
 161.8368328,2.7261775e+04
 161.8572671,2.7257861e+04
 161.8777014,2.7267646e+04
 161.8981356,2.7259588e+04
 161.9185699,2.7263078e+04
 161.9390040,2.7265672e+04
 161.9594384,2.7260318e+04
 161.9798727,2.7262305e+04
 162.0003069,2.7265072e+04
 162.0207412,2.7270723e+04
 162.0411754,2.7263688e+04
 162.0616097,2.7264459e+04
 162.0820439,2.7258461e+04
 162.1024782,2.7261984e+04
 162.1229125,2.7263668e+04
 162.1433467,2.7264734e+04
 162.1637810,2.7254398e+04
 162.1842153,2.7255549e+04
 162.2046494,2.7262766e+04
 162.2250837,2.7259154e+04
 162.2455181,2.7266344e+04
 162.2659522,2.7261918e+04
 162.2863865,2.7271158e+04
 162.3068208,2.7267225e+04
 162.3272551,2.7267516e+04
 162.3476893,2.7264861e+04
 162.3681235,2.7269164e+04
 162.3885579,2.7265115e+04
 162.4089920,2.7266324e+04
 162.4294263,2.7274021e+04
 162.4498605,2.7260744e+04
 162.4702948,2.7273098e+04
 162.4907291,2.7273846e+04
 162.5111627,2.7262248e+04
 162.5315971,2.7273701e+04
 162.5520313,2.7271893e+04
 162.5724655,2.7267670e+04
 162.5928998,2.7259264e+04
 162.6133341,2.7268520e+04
 162.6337683,2.7259494e+04
 162.6542025,2.7265537e+04
 162.6746369,2.7275428e+04
 162.6950711,2.7274541e+04
 162.7155053,2.7258160e+04
 162.7359396,2.7272191e+04
 162.7563738,2.7257570e+04
 162.7768081,2.7271164e+04
 162.7972423,2.7274182e+04
 162.8176766,2.7262238e+04
 162.8381109,2.7258902e+04
 162.8585451,2.7260486e+04
 162.8789793,2.7264234e+04
 162.8994136,2.7260957e+04
 162.9198479,2.7279998e+04
 162.9402820,2.7255738e+04
 162.9607163,2.7260539e+04
 162.9811506,2.7264963e+04
 163.0015848,2.7259928e+04
 163.0220191,2.7284398e+04
 163.0424534,2.7278240e+04
 163.0628877,2.7273146e+04
 163.0833218,2.7274311e+04
 163.1037561,2.7260572e+04
 163.1241904,2.7268127e+04
 163.1446246,2.7265922e+04
 163.1650588,2.7261928e+04
 163.1854932,2.7259787e+04
 163.2059273,2.7270691e+04
 163.2263616,2.7262057e+04
 163.2467958,2.7263619e+04
 163.2672301,2.7267904e+04
 163.2876643,2.7264318e+04
 163.3080986,2.7261803e+04
 163.3285329,2.7259301e+04
 163.3489671,2.7259596e+04
 163.3694013,2.7266877e+04
 163.3898355,2.7261291e+04
 163.4102698,2.7267016e+04
 163.4307041,2.7270041e+04
 163.4511382,2.7272363e+04
 163.4715726,2.7261793e+04
 163.4920068,2.7258234e+04
 163.5124411,2.7269672e+04
 163.5328752,2.7265197e+04
 163.5533096,2.7262219e+04
 163.5737438,2.7275393e+04
 163.5941780,2.7258393e+04
 163.6146122,2.7268637e+04
 163.6350466,2.7263682e+04
 163.6554807,2.7267859e+04
 163.6759150,2.7266275e+04
 163.6963493,2.7273881e+04
 163.7167835,2.7274396e+04
 163.7372177,2.7262158e+04
 163.7576520,2.7274244e+04
 163.7780862,2.7263762e+04
 163.7985205,2.7277453e+04
 163.8189547,2.7259643e+04
 163.8393891,2.7262217e+04
 163.8598232,2.7274580e+04
 163.8802575,2.7259332e+04
 163.9006916,2.7259855e+04
 163.9211259,2.7257617e+04
 163.9415602,2.7265246e+04
 163.9619944,2.7262543e+04
 163.9824287,2.7255508e+04
 164.0028629,2.7272459e+04
 164.0232972,2.7262760e+04
 164.0437313,2.7261217e+04
 164.0641657,2.7254891e+04
 164.0845999,2.7275334e+04
 164.1050342,2.7260723e+04
 164.1254683,2.7266893e+04
 164.1459026,2.7253637e+04
 164.1663368,2.7256811e+04
 164.1867710,2.7263893e+04
 164.2072054,2.7262824e+04
 164.2276396,         null
 164.2480738,2.7263379e+04
 164.2685080,2.7267469e+04
 164.2889422,2.7264262e+04
 164.3093765,2.7257977e+04
 164.3298107,2.7265537e+04
 164.3502451,2.7266918e+04
 164.3706793,2.7274617e+04
 164.3911135,2.7268787e+04
 164.4115477,2.7271438e+04
 164.4319819,2.7262082e+04
 164.4524162,2.7257775e+04
 164.4728504,2.7270898e+04
 164.4932848,2.7250158e+04
 164.5137189,2.7264119e+04
 164.5341531,2.7267662e+04
 164.5545874,2.7277881e+04
 164.5750216,2.7267869e+04
 164.5954559,2.7269299e+04
 164.6158901,2.7256795e+04
 164.6363242,2.7266969e+04
 164.6567586,2.7263354e+04
 164.6771928,2.7267756e+04
 164.6976271,2.7264188e+04
 164.7180613,2.7262129e+04
 164.7384955,2.7255945e+04
 164.7589298,2.7271578e+04
 164.7793639,2.7274600e+04
 164.7997982,2.7270477e+04
 164.8202325,2.7257697e+04
 164.8406666,2.7267326e+04
 164.8611010,2.7262162e+04
 164.8815352,2.7312861e+04
 164.9019693,2.7261727e+04
 164.9224036,2.7259775e+04
 164.9428379,2.7267734e+04
 164.9632720,2.7268324e+04
 164.9837063,2.7270729e+04
