        TIME,  PDCSAP_FLUX
 131.5116819,2.9463723e+04
 131.5321163,2.9472084e+04
 131.5525506,2.9480805e+04
 131.5729848,2.9463939e+04
 131.5934191,2.9468100e+04
 131.6138535,2.9465377e+04
 131.6342877,2.9469027e+04
 131.6547220,2.9456061e+04
 131.6751564,2.9462240e+04
 131.6955907,2.9460600e+04
 131.7160249,2.9460580e+04
 131.7364592,2.9458904e+04
 131.7568935,2.9447842e+04
 131.7773277,2.9474541e+04
 131.7977620,2.9468957e+04
 131.8181964,2.9462520e+04
 131.8386306,2.9453672e+04
 131.8590649,2.9472805e+04
 131.8794992,2.9470830e+04
 131.8999335,2.9470873e+04
 131.9203678,2.9475760e+04
 131.9408021,2.9471178e+04
 131.9612364,2.9457689e+04
 131.9816707,2.9455010e+04
 132.0021050,2.9482072e+04
 132.0225392,2.9456631e+04
 132.0429736,2.9462592e+04
 132.0634079,2.9458918e+04
 132.0838421,2.9453453e+04
 132.1042764,2.9466957e+04
 132.1247108,2.9465982e+04
 132.1451450,2.9473090e+04
 132.1655793,2.9453127e+04
 132.1860137,2.9474715e+04
 132.2064480,2.9465559e+04
 132.2268822,2.9462947e+04
 132.2473165,2.9478561e+04
 132.2677509,2.9461562e+04
 132.2881851,2.9463928e+04
 132.3086194,2.9467764e+04
 132.3290538,2.9456316e+04
 132.3494880,2.9452033e+04
 132.3699223,2.9464428e+04
 132.3903566,2.9467107e+04
 132.4107909,2.9458824e+04
 132.4312252,2.9458375e+04
 132.4516595,2.9467139e+04
 132.4720939,2.9463855e+04
 132.4925281,2.9470328e+04
 132.5129624,2.9462502e+04
 132.5333966,2.9457748e+04
 132.5538310,2.9476650e+04
 132.5742653,2.9481287e+04
 132.5946995,2.9475656e+04
 132.6151339,2.9474143e+04
 132.6355682,2.9468609e+04
 132.6560025,2.9473109e+04
 132.6764367,2.9477441e+04
 132.6968711,2.9457061e+04
 132.7173054,2.9460523e+04
 132.7377396,2.9465699e+04
 132.7581740,2.9471234e+04
 132.7786083,2.9466902e+04
 132.7990425,2.9473840e+04
 132.8194768,2.9470990e+04
 132.8399112,2.9464486e+04
 132.8603454,2.9470752e+04
 132.8807797,2.9459463e+04
 132.9012141,2.9464871e+04
 132.9216483,2.9473551e+04
 132.9420826,2.9464994e+04
 132.9625168,2.9471471e+04
 132.9829512,2.9460604e+04
 133.0033854,2.9476527e+04
 133.0238197,2.9477355e+04
 133.0442540,2.9458076e+04
 133.0646883,2.9467561e+04
 133.0851226,2.9474385e+04
 133.1055569,2.9456559e+04
 133.1259912,2.9472979e+04
 133.1464255,2.9467338e+04
 133.1668598,2.9481061e+04
 133.1872941,2.9464609e+04
 133.2077285,2.9470982e+04
 133.2281627,2.9475855e+04
 133.2485970,2.9467215e+04
 133.2690313,2.9461355e+04
 133.2894656,2.9465395e+04
 133.3098999,2.9463266e+04
 133.3303341,2.9470467e+04
 133.3507685,2.9475588e+04
 133.3712028,2.9452584e+04
 133.3916371,2.9462701e+04
 133.4120714,2.9461545e+04
 133.4325057,2.9468346e+04
 133.4529400,2.9467602e+04
 133.4733742,2.9466035e+04
 133.4938086,2.9458445e+04
 133.5142429,2.9456842e+04
 133.5346771,2.9471518e+04
 133.5551115,2.9464088e+04
 133.5755458,2.9478881e+04
 133.5959800,2.9476381e+04
 133.6164143,2.9466193e+04
 133.6368487,2.9472207e+04
 133.6572830,2.9460238e+04
 133.6777172,2.9468102e+04
 133.6981516,2.9470363e+04
 133.7185859,2.9474568e+04
 133.7390201,2.9462348e+04
 133.7594544,2.9468891e+04
 133.7798888,2.9456141e+04
 133.8003230,2.9460127e+04
 133.8207573,2.9454074e+04
 133.8411916,2.9464621e+04
 133.8616259,2.9459707e+04
 133.8820602,2.9463010e+04
 133.9024945,2.9462158e+04
 133.9229288,2.9462311e+04
 133.9433631,2.9453414e+04
 133.9637974,2.9467762e+04
 133.9842316,2.9453801e+04
 134.0046660,2.9462666e+04
 134.0251003,2.9473568e+04
 134.0455345,2.9462205e+04
 134.0659689,2.9452457e+04
 134.0864032,2.9465594e+04
 134.1068374,2.9459113e+04
 134.1272717,2.9462895e+04
 134.1477061,2.9457148e+04
 134.1681404,2.9459559e+04
 134.1885745,2.9461486e+04
 134.2090089,2.9465564e+04
 134.2294432,2.9461504e+04
 134.2498774,2.9440820e+04
 134.2703117,2.9461184e+04
 134.2907461,2.9461932e+04
 134.3111803,2.9455332e+04
 134.3316146,2.9453756e+04
 134.3520490,2.9456867e+04
 134.3724832,2.9459764e+04
 134.3929175,         null
 134.4133518,2.9451967e+04
 134.4337861,2.9467275e+04
 134.4542204,2.9457627e+04
 134.4746547,2.9462004e+04
 134.4950891,2.9447232e+04
 134.5155233,2.9457436e+04
 134.5359576,2.9465338e+04
 134.5563918,2.9468029e+04
 134.5768262,2.9449533e+04
 134.5972605,2.9451797e+04
 134.6176947,2.9462441e+04
 134.6381290,2.9446975e+04
 134.6585634,2.9468398e+04
 134.6789977,2.9461479e+04
 134.6994320,2.9466135e+04
 134.7198663,2.9447053e+04
 134.7403006,2.9457975e+04
 134.7607348,2.9460201e+04
 134.7811691,2.9457906e+04
 134.8016035,2.9467920e+04
 134.8220378,2.9469562e+04
 134.8424720,2.9457873e+04
 134.8629064,2.9456594e+04
 134.8833407,2.9447348e+04
 134.9037750,2.9453271e+04
 134.9242092,2.9459158e+04
 134.9446436,2.9458764e+04
 134.9650779,2.9460842e+04
 134.9855121,2.9466957e+04
 135.0059465,2.9461098e+04
 135.0263808,2.9450809e+04
 135.0468150,2.9447865e+04
 135.0672493,2.9459828e+04
 135.0876837,2.9467830e+04
 135.1081179,2.9451520e+04
 135.1285522,2.9461248e+04
 135.1489866,2.9458488e+04
 135.1694209,2.9451035e+04
 135.1898551,2.9449688e+04
 135.2102894,2.9449668e+04
 135.2307238,2.9459332e+04
 135.2511579,2.9450082e+04
 135.2715922,2.9461152e+04
 135.2920264,2.9443189e+04
 135.3124608,2.9471496e+04
 135.3328951,2.9441311e+04
 135.3533293,2.9466197e+04
 135.3737637,2.9454561e+04
 135.3941980,2.9459338e+04
 135.4146323,2.9449990e+04
 135.4350665,2.9455732e+04
 135.4555009,2.9461145e+04
 135.4759352,2.9464504e+04
 135.4963694,2.9451906e+04
 135.5168038,2.9452256e+04
 135.5372381,2.9459217e+04
 135.5576723,2.9473496e+04
 135.5781066,2.9467621e+04
 135.5985410,2.9456670e+04
 135.6189752,2.9457645e+04
 135.6394095,2.9449779e+04
 135.6598439,2.9454576e+04
 135.6802782,2.9444533e+04
 135.7007124,2.9451105e+04
 135.7211467,2.9442475e+04
 135.7415811,2.9439121e+04
 135.7620153,2.9451635e+04
 135.7824496,2.9459723e+04
 135.8028840,2.9457510e+04
 135.8233182,2.9450389e+04
 135.8437525,2.9439320e+04
 135.8641868,2.9446359e+04
 135.8846211,2.9451979e+04
 135.9050554,2.9446268e+04
 135.9254897,2.9463199e+04
 135.9459239,2.9445900e+04
 135.9663583,2.9457250e+04
 135.9867926,2.9446725e+04
 136.0072268,2.9456574e+04
 136.0276612,2.9451219e+04
 136.0480955,2.9461943e+04
 136.0685297,2.9460732e+04
 136.0889640,2.9457430e+04
 136.1093984,2.9466084e+04
 136.1298327,2.9460184e+04
 136.1502668,2.9459545e+04
 136.1707012,2.9454250e+04
 136.1911355,2.9452742e+04
 136.2115697,2.9466947e+04
 136.2320040,2.9464176e+04
 136.2524384,2.9458646e+04
 136.2728726,2.9461146e+04
 136.2933069,2.9464664e+04
 136.3137413,2.9450326e+04
 136.3341755,2.9464848e+04
 136.3546098,2.9453621e+04
 136.3750441,2.9453877e+04
 136.3954784,2.9451783e+04
 136.4159127,2.9460041e+04
 136.4363470,2.9462562e+04
 136.4567814,2.9460697e+04
 136.4772156,2.9459818e+04
 136.4976499,2.9467012e+04
 136.5180842,2.9467438e+04
 136.5385185,2.9456037e+04
 136.5589528,2.9458818e+04
 136.5793871,2.9456104e+04
 136.5998214,2.9470982e+04
 136.6202557,2.9459219e+04
 136.6406900,2.9463324e+04
 136.6611243,2.9460275e+04
 136.6815586,2.9466510e+04
 136.7019929,2.9453965e+04
 136.7224272,2.9467527e+04
 136.7428614,2.9460580e+04
 136.7632958,2.9464881e+04
 136.7837301,2.9458887e+04
 136.8041643,2.9478814e+04
 136.8245987,2.9462398e+04
 136.8450330,2.9445434e+04
 136.8654673,2.9454721e+04
 136.8859014,2.9461572e+04
 136.9063358,2.9470395e+04
 136.9267701,2.9450555e+04
 136.9472043,2.9452572e+04
 136.9676387,2.9450047e+04
 136.9880730,2.9474955e+04
 137.0085072,2.9459824e+04
 137.0289415,2.9465244e+04
 137.0493759,2.9463051e+04
 137.0698101,2.9455754e+04
 137.0902444,2.9466889e+04
 137.1106788,2.9476910e+04
 137.1311130,2.9457143e+04
 137.1515473,2.9464281e+04
 137.1719816,2.9459008e+04
 137.1924160,2.9461996e+04
 137.2128502,2.9466660e+04
 137.2332845,2.9466209e+04
 137.2537187,2.9465404e+04
 137.2741531,2.9450281e+04
 137.2945874,2.9471033e+04
 137.3150216,2.9461828e+04
 137.3354560,2.9475303e+04
 137.3558903,2.9472486e+04
 137.3763246,         null
 137.3967588,2.9472717e+04
 137.4171932,2.9458627e+04
 137.4376275,2.9453955e+04
 137.4580617,2.9474062e+04
 137.4784961,2.9465629e+04
 137.4989304,2.9467139e+04
 137.5193645,2.9468896e+04
 137.5397988,2.9469000e+04
 137.5602332,2.9463096e+04
 137.5806674,2.9465082e+04
 137.6011017,2.9466055e+04
 137.6215361,2.9462203e+04
 137.6419704,2.9475701e+04
 137.6624046,2.9464496e+04
 137.6828389,2.9468754e+04
 137.7032733,2.9463549e+04
 137.7237075,2.9484906e+04
 137.7441418,2.9468219e+04
 137.7645762,2.9476555e+04
 137.7850104,2.9469770e+04
 137.8054447,2.9472787e+04
 137.8258789,2.9470051e+04
 137.8463133,2.9486598e+04
 137.8667476,2.9470594e+04
 137.8871819,2.9464115e+04
 137.9076161,2.9474689e+04
 137.9280505,2.9467336e+04
 137.9484848,2.9475414e+04
 137.9689190,2.9480340e+04
 137.9893534,2.9476824e+04
 138.0097877,2.9475080e+04
 138.0302219,2.9468066e+04
 138.0506562,2.9481332e+04
 138.0710905,2.9471340e+04
 138.0915248,2.9470490e+04
 138.1119590,2.9493576e+04
 138.1323934,2.9466887e+04
 138.1528277,2.9473418e+04
 138.1732619,2.9466963e+04
 138.1936962,2.9468318e+04
 138.2141306,2.9478523e+04
 138.2345649,2.9472916e+04
 138.2549991,2.9478799e+04
 138.2754335,2.9463699e+04
 138.2958678,2.9483236e+04
 138.3163020,2.9473361e+04
 138.3367363,2.9481256e+04
 138.3571707,2.9476521e+04
 138.3776050,2.9477971e+04
 138.3980392,2.9476191e+04
 138.4184736,2.9474727e+04
 138.4389079,2.9476938e+04
 138.4593421,2.9459010e+04
 138.4797764,2.9475793e+04
 138.5002108,2.9468838e+04
 138.5206450,2.9479418e+04
 138.5410793,2.9466973e+04
 138.5615135,2.9471953e+04
 138.5819478,2.9495016e+04
 138.6023821,2.9465018e+04
 138.6228164,2.9482371e+04
 138.6432507,2.9480102e+04
 138.6636850,2.9473947e+04
 138.6841193,2.9477629e+04
 138.7045535,2.9471289e+04
 138.7249879,2.9461494e+04
 138.7454222,2.9477953e+04
 138.7658564,2.9469377e+04
 138.7862908,2.9465922e+04
 138.8067251,2.9473838e+04
 138.8271593,2.9468625e+04
 138.8475936,2.9466068e+04
 138.8680280,2.9471498e+04
 138.8884623,2.9473211e+04
 138.9088965,2.9467455e+04
 138.9293309,2.9477143e+04
 138.9497652,2.9456102e+04
 138.9701994,2.9463807e+04
 138.9906336,2.9467307e+04
 139.0110680,2.9465982e+04
 139.0315022,2.9468227e+04
 139.0519365,2.9470543e+04
 139.0723709,2.9482807e+04
 139.0928051,2.9470438e+04
 139.1132394,2.9471492e+04
 139.1336737,2.9468611e+04
 139.1541080,2.9470373e+04
 139.1745423,2.9461799e+04
 139.1949766,2.9481908e+04
 139.2154108,2.9469096e+04
 139.2358452,2.9478332e+04
 139.2562795,2.9469189e+04
 139.2767137,2.9480619e+04
 139.2971481,2.9471027e+04
 139.3175824,2.9469561e+04
 139.3380167,2.9481326e+04
 139.3584509,2.9480941e+04
 139.3788853,2.9490439e+04
 139.3993195,2.9471543e+04
 139.4197537,2.9484115e+04
 139.4401881,2.9480828e+04
 139.4606224,2.9481303e+04
 139.4810566,2.9472439e+04
 139.5014909,2.9480535e+04
 139.5219253,2.9486406e+04
 139.5423595,2.9480338e+04
 139.5627938,2.9462666e+04
 139.5832282,2.9473516e+04
 139.6036624,2.9478537e+04
 139.6240967,2.9473326e+04
 139.6445310,2.9473736e+04
 139.6649654,2.9481018e+04
 139.6853996,2.9475680e+04
 139.7058339,2.9480352e+04
 139.7262682,2.9486475e+04
 139.7467025,2.9478316e+04
 139.7671367,2.9465725e+04
 139.7875710,2.9484775e+04
 139.8080053,2.9476232e+04
 139.8284396,2.9478816e+04
 139.8488739,2.9475207e+04
 139.8693082,2.9473441e+04
 139.8897425,2.9474260e+04
 139.9101768,2.9479730e+04
 139.9306111,2.9484291e+04
 139.9510455,2.9470225e+04
 139.9714797,2.9495711e+04
 139.9919140,2.9466281e+04
 140.0123482,2.9486928e+04
 140.0327826,2.9475900e+04
 140.0532169,2.9477820e+04
 140.0736512,2.9475162e+04
 140.0940854,2.9467760e+04
 140.1145197,2.9474709e+04
 140.1349540,2.9465355e+04
 140.1553882,2.9475861e+04
 140.1758226,2.9470389e+04
 140.1962569,2.9476568e+04
 140.2166911,2.9480426e+04
 140.2371255,2.9483418e+04
 140.2575598,2.9480990e+04
 140.2779940,2.9483209e+04
 140.2984283,2.9470914e+04
 140.3188627,2.9484777e+04
 140.3392969,2.9474223e+04
 140.3597312,         null
 140.3801655,2.9466664e+04
 140.4005999,2.9476590e+04
 140.4210340,2.9484254e+04
 140.4414683,2.9470773e+04
 140.4619027,2.9477203e+04
 140.4823369,2.9490258e+04
 140.5027712,2.9485951e+04
 140.5232054,2.9482557e+04
 140.5436398,2.9483961e+04
 140.5640741,2.9471652e+04
 140.5845084,2.9464932e+04
 140.6049427,2.9490908e+04
 140.6253770,2.9472473e+04
 140.6458113,2.9468408e+04
 140.6662455,2.9479080e+04
 140.6866799,2.9472789e+04
 140.7071141,2.9470725e+04
 140.7275483,2.9477881e+04
 140.7479827,2.9478111e+04
 140.7684170,2.9485725e+04
 140.7888512,2.9474834e+04
 140.8092855,2.9492838e+04
 140.8297199,2.9470967e+04
 140.8501542,2.9454670e+04
 140.8705884,2.9472922e+04
 140.8910227,2.9487424e+04
 140.9114571,2.9473939e+04
 140.9318913,2.9467279e+04
 140.9523256,2.9469865e+04
 140.9727600,2.9465320e+04
 140.9931941,2.9475033e+04
 141.0136284,2.9469303e+04
 141.0340627,2.9480578e+04
 141.0544970,2.9478291e+04
 141.0749313,2.9476986e+04
 141.0953656,2.9466443e+04
 141.1157999,2.9474479e+04
 141.1362342,2.9470053e+04
 141.1566685,2.9480717e+04
 141.1771027,2.9470096e+04
 141.1975371,2.9469291e+04
 141.2179714,2.9473568e+04
 141.2384056,2.9476578e+04
 141.2588399,2.9471469e+04
 141.2792742,2.9481793e+04
 141.2997084,2.9473680e+04
 141.3201427,2.9471213e+04
 141.3405771,2.9469977e+04
 141.3610114,2.9480199e+04
 141.3814456,2.9476869e+04
 141.4018799,2.9473561e+04
 141.4223143,2.9465619e+04
 141.4427486,2.9484473e+04
 141.4631828,2.9468609e+04
 141.4836172,2.9477791e+04
 141.5040515,2.9477516e+04
 141.5244856,2.9482205e+04
 141.5449199,2.9468934e+04
 141.5653542,2.9474744e+04
 141.5857886,2.9491789e+04
 141.6062228,2.9470295e+04
 141.6266572,2.9487891e+04
 141.6470915,2.9474848e+04
 141.6675257,2.9463977e+04
 141.6879600,2.9465490e+04
 141.7083944,2.9487273e+04
 141.7288286,2.9469773e+04
 141.7492628,2.9479873e+04
 141.7696972,2.9479016e+04
 141.7901314,2.9467971e+04
 141.8105657,2.9473967e+04
 141.8310000,2.9473600e+04
 141.8514343,2.9469193e+04
 141.8718686,2.9487520e+04
 141.8923029,2.9480512e+04
 141.9127373,2.9465326e+04
 141.9331715,2.9462354e+04
 141.9536058,2.9473846e+04
 141.9740400,2.9477105e+04
 141.9944743,2.9473041e+04
 142.0149086,2.9472373e+04
 142.0353428,2.9485213e+04
 142.0557771,2.9475932e+04
 142.0762115,2.9469896e+04
 142.0966458,2.9472932e+04
 142.1170800,2.9469055e+04
 142.1375144,2.9478506e+04
 142.1579487,2.9464982e+04
 142.1783829,2.9475582e+04
 142.1988172,2.9462525e+04
 142.2192515,2.9470518e+04
 142.2396857,2.9475301e+04
 142.2601200,2.9467322e+04
 142.2805544,2.9477223e+04
 142.3009886,2.9482219e+04
 142.3214229,2.9472160e+04
 142.3418572,2.9476824e+04
 142.3622916,2.9465662e+04
 142.3827258,2.9470107e+04
 142.4031601,2.9473820e+04
 142.4235944,2.9482607e+04
 142.4440286,2.9470904e+04
 142.4644629,2.9472457e+04
 142.4848971,2.9454381e+04
 142.5053315,2.9469742e+04
 142.5257658,2.9471814e+04
 142.5462001,2.9470285e+04
 142.5666343,2.9465107e+04
 142.5870687,2.9491314e+04
 142.6075030,2.9469906e+04
 142.6279371,2.9463777e+04
 142.6483715,2.9468506e+04
 142.6688058,2.9466088e+04
 142.6892400,2.9468006e+04
 142.7096743,2.9474205e+04
 142.7301087,2.9466512e+04
 142.7505429,2.9461033e+04
 142.7709772,2.9467004e+04
 142.7914116,2.9463699e+04
 142.8118458,2.9477861e+04
 142.8322800,2.9470068e+04
 142.8527143,2.9460986e+04
 142.8731487,2.9463596e+04
 142.8935829,2.9460271e+04
 142.9140172,2.9470275e+04
 142.9344516,2.9454275e+04
 142.9548858,2.9470068e+04
 142.9753201,2.9475789e+04
 142.9957543,2.9483432e+04
 143.0161886,2.9459537e+04
 143.0366229,2.9464146e+04
 143.0570572,2.9457945e+04
 143.0774915,2.9468453e+04
 143.0979258,2.9468357e+04
 143.1183601,2.9468705e+04
 143.1387944,2.9457430e+04
 143.1592287,2.9463559e+04
 143.1796630,2.9466029e+04
 143.2000971,2.9474109e+04
 143.2205314,2.9456688e+04
 143.2409658,2.9461545e+04
 143.2614001,2.9460381e+04
 143.2818344,2.9449439e+04
 143.3022687,2.9460518e+04
 143.3227030,2.9472020e+04
 143.3431373,         null
 143.3635715,2.9467885e+04
 143.3840058,2.9458928e+04
 143.4044401,2.9460854e+04
 143.4248743,2.9454467e+04
 143.4453087,2.9473383e+04
 143.4657430,2.9457605e+04
 143.4861772,2.9458758e+04
 143.5066115,2.9472125e+04
 143.5270459,2.9467617e+04
 143.5474802,2.9459969e+04
 143.5679143,2.9474809e+04
 143.5883487,2.9458174e+04
 143.6087830,2.9464090e+04
 143.6292172,2.9471707e+04
 143.6496515,2.9461932e+04
 143.6700859,2.9466703e+04
 143.6905201,2.9464494e+04
 143.7109544,2.9467816e+04
 143.7313886,2.9461414e+04
 143.7518229,2.9461148e+04
 143.7722572,2.9467479e+04
 143.7926915,2.9449873e+04
 143.8131258,2.9460086e+04
 143.8335601,2.9442406e+04
 143.8539944,2.9457957e+04
 143.8744286,2.9468072e+04
 143.8948629,2.9461504e+04
 143.9152972,2.9477227e+04
 143.9357314,2.9471559e+04
 143.9561658,2.9461973e+04
 143.9766001,2.9462723e+04
 143.9970343,2.9462584e+04
 144.0174686,2.9478164e+04
 144.0379030,2.9464365e+04
 144.0583372,2.9453727e+04
 144.0787714,2.9456455e+04
 144.0992058,2.9441615e+04
 144.1196401,2.9457938e+04
 144.1400743,2.9461590e+04
 144.1605086,2.9472949e+04
 144.1809430,2.9471660e+04
 144.2013772,2.9449996e+04
 144.2218114,2.9465670e+04
 144.2422458,2.9454486e+04
 144.2626800,2.9458893e+04
 144.2831143,2.9462832e+04
 144.3035486,2.9472184e+04
 144.3239829,2.9463822e+04
 144.3444172,2.9446805e+04
 144.3648514,2.9466197e+04
 144.3852856,2.9462326e+04
 144.4057200,2.9458795e+04
 144.4261543,2.9457230e+04
 144.4465885,2.9459520e+04
 144.4670229,2.9462639e+04
 144.4874572,2.9464393e+04
 144.5078914,2.9470484e+04
 144.5283256,2.9470881e+04
 144.5487600,2.9458082e+04
 144.5691943,2.9463395e+04
 144.5896285,2.9457025e+04
 144.6100629,2.9465207e+04
 144.6304972,2.9462982e+04
 144.6509314,2.9469035e+04
 144.6713656,2.9470043e+04
 144.6918000,2.9464379e+04
 144.7122342,2.9456771e+04
 144.7326685,2.9473865e+04
 144.7531029,2.9456736e+04
 144.7735371,2.9457250e+04
 144.7939714,2.9453680e+04
 144.8144056,2.9471385e+04
 144.8348400,2.9467205e+04
 144.8552742,2.9461096e+04
 144.8757085,2.9466369e+04
 144.8961428,2.9470230e+04
 144.9165771,2.9473750e+04
 144.9370114,2.9481543e+04
 144.9574456,2.9473324e+04
 144.9778800,2.9466236e+04
 144.9983142,2.9465666e+04
 145.0187485,2.9459336e+04
 145.0391828,2.9466855e+04
 145.0596171,2.9466729e+04
 145.0800514,2.9450389e+04
 145.1004856,2.9473613e+04
 145.1209200,2.9459576e+04
 145.1413542,2.9468328e+04
 145.1617885,2.9467277e+04
 145.1822227,2.9450479e+04
 145.2026571,2.9466080e+04
 145.2230913,2.9463533e+04
 145.2435255,2.9473271e+04
 145.2639599,2.9466900e+04
 145.2843942,2.9480223e+04
 145.3048285,2.9458270e+04
 145.3252627,2.9454674e+04
 145.3456971,2.9469699e+04
 145.3661313,2.9470139e+04
 145.3865655,2.9458750e+04
 145.4069999,2.9465908e+04
 145.4274342,2.9464146e+04
 145.4478684,2.9461611e+04
 145.4683027,2.9466361e+04
 145.4887370,2.9455781e+04
 145.5091712,2.9471398e+04
 145.5296055,2.9470773e+04
 145.5500398,2.9463869e+04
 145.5704742,2.9464592e+04
 145.5909084,2.9473188e+04
 145.6113426,2.9462486e+04
 145.6317770,2.9459766e+04
 145.6522112,2.9466650e+04
 145.6726455,2.9467637e+04
 145.6930797,2.9460404e+04
 145.7135141,2.9470959e+04
 145.7339484,2.9457518e+04
 145.7543826,2.9475795e+04
 145.7748169,2.9468496e+04
 145.7952512,2.9484285e+04
 145.8156855,2.9473381e+04
 145.8361197,2.9473334e+04
 145.8565541,2.9467178e+04
 145.8769883,2.9466400e+04
 145.8974225,2.9468553e+04
 145.9178569,2.9461971e+04
 145.9382912,2.9474219e+04
 145.9587254,2.9470213e+04
 145.9791596,2.9465064e+04
 145.9995940,2.9481027e+04
 146.0200283,2.9473582e+04
 146.0404625,2.9470148e+04
 146.0608969,2.9461959e+04
 146.0813312,2.9468887e+04
 146.1017653,2.9478230e+04
 146.1221996,2.9465289e+04
 146.1426340,2.9474689e+04
 146.1630682,2.9478613e+04
 146.1835025,2.9470252e+04
 146.2039368,2.9462035e+04
 146.2243710,2.9467791e+04
 146.2448053,2.9463908e+04
 146.2652396,2.9466918e+04
 146.2856739,2.9474838e+04
 146.3061082,2.9477535e+04
 146.3265425,         null
 146.3469766,2.9478352e+04
 146.3674110,2.9471578e+04
 146.3878453,2.9470557e+04
 146.4082795,2.9465387e+04
 146.4287139,2.9466773e+04
 146.4491481,2.9467928e+04
 146.4695823,2.9462953e+04
 146.4900167,2.9473021e+04
 146.5104510,2.9468502e+04
 146.5308853,2.9465738e+04
 146.5513195,2.9452467e+04
 146.5717538,2.9465020e+04
 146.5921881,2.9470078e+04
 146.6126224,2.9459010e+04
 146.6330566,2.9458600e+04
 146.6534910,2.9459119e+04
 146.6739252,2.9469180e+04
 146.6943594,2.9465020e+04
 146.7147938,2.9465393e+04
 146.7352281,2.9463832e+04
 146.7556624,2.9466211e+04
 146.7760965,2.9474746e+04
 146.7965309,2.9471229e+04
 146.8169652,2.9462223e+04
 146.8373994,2.9470895e+04
 146.8578337,2.9477404e+04
 146.8782681,2.9467555e+04
 146.8987022,2.9469086e+04
 146.9191365,2.9449039e+04
 146.9395709,2.9449461e+04
 146.9600051,2.9468941e+04
 146.9804394,2.9467275e+04
 147.0008736,2.9462656e+04
 147.0213079,2.9461762e+04
 147.0417422,2.9476361e+04
 147.0621765,2.9463562e+04
 147.0826109,2.9464600e+04
 147.1030450,2.9469209e+04
 147.1234793,2.9468521e+04
 147.1439135,2.9467471e+04
 147.1643479,2.9465754e+04
 147.1847822,2.9459166e+04
 147.2052163,2.9477539e+04
 147.2256507,2.9477828e+04
 147.2460850,2.9477336e+04
 147.2665193,2.9465768e+04
 147.2869535,2.9464287e+04
 147.3073878,2.9452594e+04
 147.3278221,2.9457672e+04
 147.3482563,2.9454139e+04
 147.3686906,2.9461289e+04
 147.3891250,2.9465961e+04
 147.4095591,2.9461469e+04
 147.4299934,2.9465547e+04
 147.4504278,2.9466893e+04
 147.4708620,2.9468262e+04
 147.4912963,2.9468045e+04
 147.5117305,2.9465840e+04
 147.5321649,2.9456867e+04
 147.5525991,2.9454068e+04
 147.5730334,2.9482213e+04
 147.5934677,2.9457562e+04
 147.6139019,2.9472875e+04
 147.6343362,2.9459803e+04
 147.6547704,2.9485207e+04
 147.6752048,2.9469652e+04
 147.6956390,2.9458621e+04
 147.7160732,2.9455268e+04
 147.7365076,2.9458117e+04
 147.7569419,2.9472203e+04
 147.7773762,2.9470484e+04
 147.7978103,2.9463160e+04
 147.8182447,2.9464314e+04
 147.8386790,2.9457039e+04
 147.8591132,2.9457250e+04
 147.8795474,2.9453766e+04
 147.8999818,         null
 147.9204160,2.9472982e+04
 147.9408503,2.9461025e+04
 147.9612847,2.9465727e+04
 147.9817188,2.9475393e+04
 148.0021531,2.9459199e+04
 148.0225874,2.9436840e+04
 148.0430218,2.9462139e+04
 148.0634559,2.9464666e+04
 148.0838902,2.9464758e+04
 148.1043246,2.9464807e+04
 148.1247588,2.9465398e+04
 148.1451931,2.9455146e+04
 148.1656273,2.9463871e+04
 148.1860616,2.9461582e+04
 148.2064959,2.9469902e+04
 148.2269302,2.9452201e+04
 148.2473645,2.9473354e+04
 148.2677987,2.9459127e+04
 148.2882330,2.9466209e+04
 148.3086673,2.9461750e+04
 148.3291016,2.9469115e+04
 148.3495358,2.9451404e+04
 148.3699701,2.9462566e+04
 148.3904043,2.9461998e+04
 148.4108387,2.9458193e+04
 148.4312729,2.9467697e+04
 148.4517072,2.9454738e+04
 148.4721415,2.9471732e+04
 148.4925758,2.9473311e+04
 148.5130100,2.9453877e+04
 148.5334442,2.9455715e+04
 148.5538786,2.9439035e+04
 148.5743129,2.9459061e+04
 148.5947471,2.9477879e+04
 148.6151814,2.9467354e+04
 148.6356157,2.9463010e+04
 148.6560499,2.9464016e+04
 148.6764842,2.9466742e+04
 148.6969185,2.9468475e+04
 148.7173527,2.9466381e+04
 148.7377870,2.9462875e+04
 148.7582214,2.9460436e+04
 148.7786556,2.9464277e+04
 148.7990898,2.9460965e+04
 148.8195241,2.9456414e+04
 148.8399585,2.9460115e+04
 148.8603926,2.9455373e+04
 148.8808269,2.9461594e+04
 148.9012613,2.9460691e+04
 148.9216955,2.9466270e+04
 148.9421297,2.9463037e+04
 148.9625640,2.9456260e+04
 148.9829983,2.9463703e+04
 149.0034326,2.9459488e+04
 149.0238668,2.9462801e+04
 149.0443010,2.9466180e+04
 149.0647354,2.9457758e+04
 149.0851697,2.9462512e+04
 149.1056038,2.9465566e+04
 149.1260382,2.9471070e+04
 149.1464725,2.9469920e+04
 149.1669067,2.9460209e+04
 149.1873409,2.9468918e+04
 149.2077753,2.9455947e+04
 149.2282096,2.9459166e+04
 149.2486438,2.9464488e+04
 149.2690781,2.9450639e+04
 149.2895124,2.9461881e+04
 149.3099466,         null
 149.3303809,2.9467518e+04
 149.3508152,2.9475434e+04
 149.3712494,2.9473695e+04
 149.3916837,2.9468648e+04
 149.4121181,2.9470002e+04
 149.4325522,2.9472371e+04
 149.4529865,2.9470162e+04
 149.4734208,2.9465938e+04
 149.4938550,2.9467432e+04
 149.5142893,2.9457264e+04
 149.5347236,2.9459988e+04
 149.5551580,2.9470414e+04
 149.5755921,2.9463805e+04
 149.5960264,2.9474525e+04
 149.6164606,2.9463869e+04
 149.6368950,2.9455090e+04
 149.6573292,2.9460311e+04
 149.6777634,2.9470447e+04
 149.6981977,2.9457514e+04
 149.7186321,2.9466803e+04
 149.7390663,2.9474121e+04
 149.7595005,2.9465262e+04
 149.7799349,2.9459053e+04
 149.8003691,2.9458379e+04
 149.8208033,2.9467088e+04
 149.8412376,2.9466643e+04
 149.8616720,2.9462834e+04
 149.8821062,2.9470006e+04
 149.9025404,2.9458795e+04
 149.9229748,2.9474568e+04
 149.9434091,2.9462207e+04
 149.9638433,2.9464092e+04
 149.9842775,2.9463334e+04
 150.0047119,2.9466367e+04
 150.0251461,2.9461389e+04
 150.0455803,2.9474711e+04
 150.0660147,2.9476219e+04
 150.0864490,2.9466945e+04
 150.1068831,2.9468488e+04
 150.1273174,2.9465234e+04
 150.1477518,2.9463391e+04
 150.1681859,2.9468951e+04
 150.1886202,2.9464941e+04
 150.2090546,2.9460168e+04
 150.2294888,2.9463201e+04
 150.2499230,2.9455957e+04
 150.2703573,2.9458857e+04
 150.2907917,2.9474598e+04
 150.3112258,2.9481889e+04
 150.3316601,2.9481998e+04
 150.3520943,2.9469777e+04
 150.3725287,2.9468877e+04
 150.3929629,2.9472770e+04
 150.4133971,2.9465783e+04
 150.4338315,2.9468742e+04
 150.4542657,2.9463049e+04
 150.4747000,2.9475244e+04
 150.4951342,2.9477160e+04
 150.5155685,2.9466740e+04
 150.5360028,2.9476783e+04
 150.5564370,2.9481254e+04
 150.5768714,2.9464580e+04
 150.5973056,2.9469135e+04
 150.6177398,2.9464055e+04
 150.6381741,2.9466055e+04
 150.6586084,2.9472684e+04
 150.6790426,2.9464941e+04
 150.6994769,2.9470816e+04
 150.7199112,2.9483180e+04
 150.7403455,2.9465322e+04
 150.7607797,2.9474047e+04
 150.7812140,2.9470102e+04
 150.8016483,2.9471094e+04
 150.8220825,2.9461258e+04
 150.8425168,2.9470980e+04
 150.8629511,2.9484221e+04
 150.8833853,2.9464961e+04
 150.9038196,2.9477455e+04
 150.9242538,2.9465789e+04
 150.9446881,2.9463561e+04
 150.9651224,2.9491242e+04
 150.9855567,2.9469844e+04
 151.0059908,2.9464314e+04
 151.0264252,2.9468271e+04
 151.0468595,2.9487014e+04
 151.0672936,2.9473285e+04
 151.0877280,2.9488025e+04
 151.1081623,2.9480414e+04
 151.1285964,2.9476607e+04
 151.1490307,2.9487014e+04
 151.1694651,2.9475348e+04
 151.1898992,2.9458193e+04
 151.2103335,2.9468754e+04
 151.2307679,2.9467297e+04
 151.2512021,2.9473750e+04
 151.2716363,2.9477832e+04
 151.2920706,2.9477670e+04
 151.3125049,2.9477799e+04
 151.3329391,2.9463586e+04
 151.3533734,2.9485367e+04
 151.3738078,2.9489629e+04
 151.3942419,2.9476666e+04
 151.4146762,2.9476582e+04
 151.4351105,2.9467631e+04
 151.4555447,2.9467402e+04
 151.4759790,2.9462924e+04
 151.4964133,2.9471564e+04
 151.5168475,2.9478531e+04
 151.5372818,2.9470543e+04
 151.5577161,2.9483475e+04
 151.5781503,2.9469496e+04
 151.5985847,2.9479574e+04
 151.6190189,2.9479365e+04
 151.6394531,2.9471053e+04
 151.6598874,         null
 151.6803217,2.9472307e+04
 151.7007559,2.9472277e+04
 151.7211902,2.9488023e+04
 151.7416245,2.9468146e+04
 151.7620587,2.9480910e+04
 151.7824930,2.9488902e+04
 151.8029272,2.9473623e+04
 151.8233615,2.9480070e+04
 151.8437958,2.9481178e+04
 151.8642300,2.9474973e+04
 151.8846643,2.9477014e+04
 151.9050986,2.9482936e+04
 151.9255328,2.9470867e+04
 151.9459670,2.9466357e+04
 151.9664014,2.9467561e+04
 151.9868356,2.9468908e+04
 152.0072698,2.9471422e+04
 152.0277042,2.9478244e+04
 152.0481384,2.9480615e+04
 152.0685726,2.9470139e+04
 152.0890069,2.9472457e+04
 152.1094412,2.9474766e+04
 152.1298754,2.9472984e+04
 152.1503097,2.9486209e+04
 152.1707439,2.9462080e+04
 152.1911782,2.9487256e+04
 152.2116125,2.9488145e+04
 152.2320467,2.9475551e+04
 152.2524811,2.9484086e+04
 152.2729153,2.9478977e+04
 152.2933495,         null
 152.3137837,2.9480512e+04
 152.3342181,2.9487146e+04
 152.3546523,2.9468809e+04
 152.3750865,2.9482541e+04
 152.3955208,2.9493238e+04
 152.4159551,2.9496000e+04
 152.4363894,2.9465559e+04
 152.4568235,2.9473793e+04
 152.4772579,2.9483242e+04
 152.4976922,2.9489994e+04
 152.5181263,2.9483965e+04
 152.5385607,2.9478723e+04
 152.5589950,2.9487326e+04
 152.5794291,2.9460613e+04
 152.5998634,2.9480867e+04
 152.6202978,2.9476352e+04
 152.6407319,2.9476455e+04
 152.6611662,         null
 152.6816004,2.9482973e+04
 152.7020347,2.9482428e+04
 152.7224690,2.9482281e+04
 152.7429032,2.9479752e+04
 152.7633376,2.9483803e+04
 152.7837718,2.9492281e+04
 152.8042060,2.9491666e+04
 152.8246402,2.9490396e+04
 152.8450745,2.9489195e+04
 152.8655088,2.9483271e+04
 152.8859430,2.9484670e+04
 152.9063773,2.9479102e+04
 152.9268116,2.9478213e+04
 152.9472459,2.9479926e+04
 152.9676800,2.9487785e+04
 152.9881144,2.9491006e+04
 153.0085486,2.9473891e+04
 153.0289828,2.9472652e+04
 153.0494172,2.9471711e+04
 153.0698514,2.9474922e+04
 153.0902856,2.9478125e+04
 153.1107199,2.9479648e+04
 153.1311542,2.9473322e+04
 153.1515884,2.9474338e+04
 153.1720226,2.9472707e+04
 153.1924569,2.9481230e+04
 153.2128913,2.9483967e+04
 153.2333255,2.9481445e+04
 153.2537597,2.9473580e+04
 153.2741940,2.9478340e+04
 153.2946283,2.9478676e+04
 153.3150625,2.9482316e+04
 153.3354967,2.9478723e+04
 153.3559310,2.9482078e+04
 153.3763652,2.9486010e+04
 153.3967995,2.9484660e+04
 153.4172339,2.9484393e+04
 153.4376681,2.9492510e+04
 153.4581023,2.9489197e+04
 153.4785366,2.9485900e+04
 153.4989709,2.9486771e+04
 153.5194051,2.9476693e+04
 153.5398393,2.9475965e+04
 153.5602737,2.9479518e+04
 153.5807079,2.9482145e+04
 153.6011421,2.9472922e+04
 153.6215764,2.9486721e+04
 153.6420106,2.9485711e+04
 153.6624449,2.9485469e+04
 153.6828791,2.9469023e+04
 153.7033133,2.9479838e+04
 153.7237477,2.9490336e+04
 153.7441819,2.9468582e+04
 153.7646161,2.9486383e+04
 153.7850504,2.9482846e+04
 153.8054847,2.9475828e+04
 153.8259189,2.9485264e+04
 153.8463531,2.9476211e+04
 153.8667875,2.9483607e+04
 153.8872216,2.9483574e+04
 153.9076559,2.9475020e+04
 153.9280903,2.9473592e+04
 153.9485245,2.9475666e+04
 153.9689587,2.9467893e+04
 153.9893929,2.9484475e+04
 154.0098273,2.9493275e+04
 154.0302615,2.9484234e+04
 154.0506957,2.9473537e+04
 154.0711301,2.9473951e+04
 154.0915642,2.9471814e+04
 154.1119985,2.9473348e+04
 154.1324327,2.9463799e+04
 154.1528670,2.9466502e+04
 154.1733013,2.9470920e+04
 154.1937355,2.9481553e+04
 154.2141698,2.9464947e+04
 154.2346040,2.9464480e+04
 154.2550383,2.9474158e+04
 154.2754724,2.9476029e+04
 154.2959068,2.9474367e+04
 154.3163411,2.9460703e+04
 154.3367752,2.9474725e+04
 154.3572095,2.9469717e+04
 154.3776438,2.9466270e+04
 154.3980780,2.9465734e+04
 154.4185122,2.9468658e+04
 154.4389466,2.9471594e+04
 154.4593809,2.9481699e+04
 154.4798150,2.9466959e+04
 154.5002493,2.9465562e+04
 154.5206836,2.9463537e+04
 154.5411178,2.9477582e+04
 154.5615520,2.9471955e+04
 154.5819864,2.9461820e+04
 154.6024206,2.9468527e+04
 154.6228548,2.9468916e+04
 154.6432891,2.9468219e+04
 154.6637233,2.9480000e+04
 154.6841576,2.9461234e+04
 154.7045918,2.9467061e+04
 154.7250262,2.9465512e+04
 154.7454603,2.9469281e+04
 154.7658946,2.9467059e+04
 154.7863289,2.9464062e+04
 154.8067631,2.9464080e+04
 154.8271974,2.9465107e+04
 154.8476315,2.9472625e+04
 154.8680659,2.9476225e+04
 154.8885001,2.9475227e+04
 154.9089344,2.9467182e+04
 154.9293686,2.9468215e+04
 154.9498029,2.9470449e+04
 154.9702372,2.9459904e+04
 154.9906714,2.9466893e+04
 155.0111056,2.9464496e+04
 155.0315399,2.9470111e+04
 155.0519742,2.9459639e+04
 155.0724083,2.9464135e+04
 155.0928427,2.9472168e+04
 155.1132769,2.9454389e+04
 155.1337111,2.9464121e+04
 155.1541453,2.9465250e+04
 155.1745797,2.9467922e+04
 155.1950139,2.9479045e+04
 155.2154481,2.9472949e+04
 155.2358824,2.9463221e+04
 155.2563167,2.9471506e+04
 155.2767509,         null
 155.2971851,2.9473244e+04
 155.3176195,2.9469461e+04
 155.3380536,2.9473711e+04
 155.3584879,2.9463143e+04
 155.3789221,2.9463869e+04
 155.3993564,2.9470156e+04
 155.4197906,2.9471869e+04
 155.4402249,2.9454127e+04
 155.4606592,2.9463758e+04
 155.4810934,2.9467121e+04
 155.5015276,2.9478244e+04
 155.5219618,2.9475066e+04
 155.5423962,2.9475863e+04
 155.5628304,         null
 155.5832646,2.9459850e+04
 155.6036989,2.9468625e+04
 155.6241332,2.9471691e+04
 155.6445674,2.9468184e+04
 155.6650016,2.9467809e+04
 155.6854359,2.9466322e+04
 155.7058702,2.9466295e+04
 155.7263043,2.9477396e+04
 155.7467386,2.9477820e+04
 155.7671729,2.9468875e+04
 155.7876071,2.9472562e+04
 155.8080413,2.9476449e+04
 155.8284757,2.9457939e+04
 155.8489098,2.9461508e+04
 155.8693441,2.9482041e+04
 155.8897783,2.9474025e+04
 155.9102127,2.9472703e+04
 155.9306468,2.9472322e+04
 155.9510811,2.9478895e+04
 155.9715154,2.9467168e+04
 155.9919496,2.9470828e+04
 156.0123838,2.9471303e+04
 156.0328180,2.9476846e+04
 156.0532523,2.9468320e+04
 156.0736866,2.9479668e+04
 156.0941208,2.9486148e+04
 156.1145551,2.9461895e+04
 156.1349893,2.9477867e+04
 156.1554236,2.9483875e+04
 156.1758577,2.9480547e+04
 156.1962921,2.9485777e+04
 156.2167263,2.9477879e+04
 156.2371605,2.9471521e+04
 156.2575947,2.9474664e+04
 156.2780291,2.9477793e+04
 156.2984632,2.9472303e+04
 156.3188975,2.9476418e+04
 156.3393318,2.9470184e+04
 156.3597660,2.9469107e+04
 156.3802002,2.9473109e+04
 156.4006345,2.9462809e+04
 156.4210688,2.9469805e+04
 156.4415030,2.9483574e+04
 156.4619372,2.9476715e+04
 156.4823716,2.9466842e+04
 156.5028057,2.9472162e+04
 156.5232400,2.9468660e+04
 156.5436742,2.9474545e+04
 156.5641085,2.9478826e+04
 156.5845427,2.9467697e+04
 156.6049770,2.9474748e+04
 156.6254112,2.9482881e+04
 156.6458455,2.9470627e+04
 156.6662797,2.9486877e+04
 156.6867140,2.9473461e+04
 156.7071482,2.9483566e+04
 156.7275824,2.9486152e+04
 156.7480167,2.9477850e+04
 156.7684508,2.9478326e+04
 156.7888852,2.9483738e+04
 156.8093194,2.9470502e+04
 156.8297537,2.9469275e+04
 156.8501879,2.9481775e+04
 156.8706222,2.9472064e+04
 156.8910564,2.9475055e+04
 156.9114906,2.9491922e+04
 156.9319249,2.9456199e+04
 156.9523592,2.9495465e+04
 156.9727933,2.9474037e+04
 156.9932277,2.9488486e+04
 157.0136619,2.9473221e+04
 157.0340961,2.9474820e+04
 157.0545303,2.9477408e+04
 157.0749646,2.9474500e+04
 157.0953988,2.9486602e+04
 157.1158330,2.9475105e+04
 157.1362674,2.9471010e+04
 157.1567016,2.9480234e+04
 157.1771358,2.9498416e+04
 157.1975700,2.9468475e+04
 157.2180044,2.9476221e+04
 157.2384385,2.9474064e+04
 157.2588728,2.9481842e+04
 157.2793070,2.9480938e+04
 157.2997412,2.9478699e+04
 157.3201755,2.9480461e+04
 157.3406097,2.9472582e+04
 157.3610440,2.9476188e+04
 157.3814782,2.9477895e+04
 157.4019125,2.9479188e+04
 157.4223466,2.9473082e+04
 157.4427810,2.9482068e+04
 157.4632152,2.9478670e+04
 157.4836493,2.9481363e+04
 157.5040837,2.9472389e+04
 157.5245179,2.9490455e+04
 157.5449521,2.9492783e+04
 157.5653863,2.9472730e+04
 157.5858207,2.9475695e+04
 157.6062548,2.9475467e+04
 157.6266891,2.9488162e+04
 157.6471234,2.9474348e+04
 157.6675576,2.9474715e+04
 157.6879918,2.9477623e+04
 157.7084260,2.9492008e+04
 157.7288604,2.9477822e+04
 157.7492945,2.9469957e+04
 157.7697288,2.9469979e+04
 157.7901631,2.9473826e+04
 157.8105972,2.9475314e+04
 157.8310315,2.9470309e+04
 157.8514657,2.9485734e+04
 157.8719000,2.9472768e+04
 157.8923342,2.9482715e+04
 157.9127685,2.9483566e+04
 157.9332026,2.9466805e+04
 157.9536369,2.9477160e+04
 157.9740712,2.9477512e+04
 157.9945053,2.9460758e+04
 158.0149397,2.9482668e+04
 158.0353739,2.9470176e+04
 158.0558081,2.9460217e+04
 158.0762423,2.9462832e+04
 158.0966766,2.9481939e+04
 158.1171109,2.9467287e+04
 158.1375450,2.9470740e+04
 158.1579794,2.9472756e+04
 158.1784136,2.9474490e+04
 158.1988477,2.9471008e+04
 158.2192820,2.9471971e+04
 158.2397163,2.9480092e+04
 158.2601505,         null
 158.2805847,2.9476695e+04
 158.3010190,2.9476570e+04
 158.3214533,2.9469066e+04
 158.3418874,2.9474576e+04
 158.3623217,2.9466162e+04
 158.3827560,2.9476221e+04
 158.4031903,2.9468791e+04
 158.4236244,2.9471809e+04
 158.4440586,2.9470041e+04
 158.4644930,2.9471967e+04
 158.4849271,2.9458031e+04
 158.5053614,2.9468197e+04
 158.5257957,2.9467373e+04
 158.5462298,2.9480658e+04
 158.5666641,2.9466982e+04
 158.5870983,2.9471633e+04
 158.6075325,2.9480613e+04
 158.6279668,2.9477643e+04
 158.6484010,2.9472045e+04
 158.6688354,2.9476688e+04
 158.6892695,2.9482791e+04
 158.7097037,2.9475225e+04
 158.7301379,2.9484312e+04
 158.7505722,2.9475449e+04
 158.7710065,2.9455059e+04
 158.7914407,2.9463816e+04
 158.8118749,2.9475445e+04
 158.8323092,2.9466463e+04
 158.8527434,2.9472080e+04
 158.8731776,2.9480490e+04
 158.8936119,2.9477461e+04
 158.9140461,2.9467807e+04
 158.9344803,2.9473846e+04
 158.9549146,2.9471934e+04
 158.9753488,2.9481059e+04
 158.9957830,2.9465855e+04
 159.0162172,2.9476953e+04
 159.0366516,2.9465215e+04
 159.0570857,2.9479693e+04
 159.0775199,2.9471814e+04
 159.0979542,2.9464078e+04
 159.1183885,2.9474260e+04
 159.1388226,2.9461020e+04
 159.1592569,2.9478717e+04
 159.1796912,2.9473205e+04
 159.2001253,2.9459139e+04
 159.2205596,2.9468350e+04
 159.2409937,2.9467412e+04
 159.2614281,2.9463457e+04
 159.2818623,2.9472824e+04
 159.3022965,2.9478199e+04
 159.3227308,2.9473301e+04
 159.3431650,2.9479166e+04
 159.3635992,2.9459389e+04
 159.3840334,2.9463600e+04
 159.4044677,2.9468254e+04
 159.4249019,2.9468707e+04
 159.4453361,2.9477857e+04
 159.4657704,2.9473641e+04
 159.4862047,2.9473307e+04
 159.5066388,2.9474166e+04
 159.5270730,2.9477783e+04
 159.5475074,2.9464949e+04
 159.5679415,2.9467158e+04
 159.5883757,2.9460434e+04
 159.6088100,2.9479451e+04
 159.6292443,2.9465111e+04
 159.6496784,2.9461348e+04
 159.6701127,2.9483207e+04
 159.6905470,2.9471127e+04
 159.7109811,2.9473342e+04
 159.7314154,2.9459264e+04
 159.7518496,2.9470285e+04
 159.7722838,2.9463012e+04
 159.7927181,2.9460957e+04
 159.8131523,2.9458301e+04
 159.8335865,2.9472852e+04
 159.8540208,2.9471318e+04
 159.8744550,2.9475912e+04
 159.8948891,2.9471660e+04
 159.9153235,2.9452002e+04
 159.9357577,2.9471547e+04
 159.9561919,2.9463852e+04
 159.9766262,2.9472330e+04
 159.9970604,2.9479238e+04
 160.0174946,2.9468572e+04
 160.0379289,2.9467525e+04
 160.0583631,2.9478939e+04
 160.0787973,2.9467854e+04
 160.0992316,2.9476594e+04
 160.1196657,2.9455262e+04
 160.1401000,2.9467527e+04
 160.1605343,2.9475465e+04
 160.1809684,2.9462869e+04
 160.2014027,2.9473865e+04
 160.2218370,2.9464498e+04
 160.2422711,2.9474406e+04
 160.2627053,2.9473385e+04
 160.2831397,2.9469002e+04
 160.3035738,2.9469113e+04
 160.3240080,2.9467891e+04
 160.3444423,2.9488098e+04
 160.3648766,2.9471080e+04
 160.3853107,2.9467344e+04
 160.4057449,2.9470859e+04
 160.4261793,2.9476691e+04
 160.4466134,2.9464725e+04
 160.4670476,2.9469426e+04
 160.4874820,2.9463125e+04
 160.5079161,2.9471887e+04
 160.5283503,2.9463959e+04
 160.5487846,2.9470768e+04
 160.5692188,2.9468844e+04
 160.5896530,2.9480199e+04
 160.6100872,2.9476992e+04
 160.6305214,2.9466789e+04
 160.6509557,2.9504357e+04
 160.6713899,2.9479002e+04
 160.6918241,2.9474891e+04
 160.7122584,2.9466076e+04
 160.7326926,2.9469750e+04
 160.7531268,2.9465965e+04
 160.7735610,2.9479986e+04
 160.7939953,2.9469654e+04
 160.8144295,2.9473828e+04
 160.8348637,2.9464129e+04
 160.8552980,2.9465398e+04
 160.8757322,2.9483398e+04
 160.8961664,2.9460752e+04
 160.9166006,2.9474311e+04
 160.9370349,2.9469652e+04
 160.9574690,2.9480660e+04
 160.9779033,2.9470064e+04
 160.9983376,2.9468195e+04
 161.0187717,2.9459449e+04
 161.0392060,2.9466609e+04
 161.0596402,2.9464275e+04
 161.0800744,2.9460068e+04
 161.1005086,2.9469135e+04
 161.1209429,2.9461934e+04
 161.1413772,2.9474754e+04
 161.1618113,2.9453311e+04
 161.1822455,2.9473654e+04
 161.2026797,2.9466994e+04
 161.2231140,2.9468861e+04
 161.2435482,         null
 161.2639825,2.9482424e+04
 161.2844166,2.9456719e+04
 161.3048509,2.9454143e+04
 161.3252851,2.9457098e+04
 161.3457193,2.9461650e+04
 161.3661536,2.9457684e+04
 161.3865878,2.9469578e+04
 161.4070219,2.9473129e+04
 161.4274562,2.9462072e+04
 161.4478905,2.9471141e+04
 161.4683246,2.9463994e+04
 161.4887588,2.9461674e+04
 161.5091932,2.9481598e+04
 161.5296273,2.9459086e+04
 161.5500615,2.9454754e+04
 161.5704957,2.9459650e+04
 161.5909301,2.9467893e+04
 161.6113642,2.9454900e+04
 161.6317984,2.9452156e+04
 161.6522327,2.9462076e+04
 161.6726670,2.9456775e+04
 161.6931011,2.9457596e+04
 161.7135353,2.9454738e+04
 161.7339696,2.9468895e+04
 161.7544038,2.9454297e+04
 161.7748380,2.9469137e+04
 161.7952722,2.9448852e+04
 161.8157064,2.9475746e+04
 161.8361407,2.9462064e+04
 161.8565749,2.9470375e+04
 161.8770092,2.9464723e+04
 161.8974433,2.9470811e+04
 161.9178776,2.9459354e+04
 161.9383117,2.9467895e+04
 161.9587460,2.9438633e+04
 161.9791802,2.9450533e+04
 161.9996144,2.9457865e+04
 162.0200487,2.9457607e+04
 162.0404829,2.9462016e+04
 162.0609171,2.9456559e+04
 162.0813512,2.9458393e+04
 162.1017856,2.9471100e+04
 162.1222198,2.9461328e+04
 162.1426539,2.9464061e+04
 162.1630882,2.9464318e+04
 162.1835224,2.9477562e+04
 162.2039566,2.9455066e+04
 162.2243908,2.9457008e+04
 162.2448251,2.9461553e+04
 162.2652592,2.9460518e+04
 162.2856935,2.9469578e+04
 162.3061278,2.9466092e+04
 162.3265620,2.9467010e+04
 162.3469961,2.9479281e+04
 162.3674303,2.9466832e+04
 162.3878647,2.9461840e+04
 162.4082988,2.9467758e+04
 162.4287330,2.9472188e+04
 162.4491671,2.9464736e+04
 162.4696014,2.9465342e+04
 162.4900357,2.9467471e+04
 162.5104693,2.9474621e+04
 162.5309036,2.9471586e+04
 162.5513377,2.9461004e+04
 162.5717719,2.9461059e+04
 162.5922062,2.9462133e+04
 162.6126405,2.9471697e+04
 162.6330746,2.9470289e+04
 162.6535088,2.9460387e+04
 162.6739431,2.9455213e+04
 162.6943773,2.9464375e+04
 162.7148115,2.9473338e+04
 162.7352457,2.9475883e+04
 162.7556799,2.9465660e+04
 162.7761141,2.9502797e+04
 162.7965484,2.9468299e+04
 162.8169826,2.9467654e+04
 162.8374168,2.9464215e+04
 162.8578510,2.9463180e+04
 162.8782851,2.9465158e+04
 162.8987195,2.9463260e+04
 162.9191537,2.9460996e+04
 162.9395878,2.9466580e+04
 162.9600220,2.9457672e+04
 162.9804563,2.9469855e+04
 163.0008904,2.9467777e+04
 163.0213247,2.9462469e+04
 163.0417590,2.9470059e+04
 163.0621932,2.9464391e+04
 163.0826273,2.9474275e+04
 163.1030615,2.9470326e+04
 163.1234959,2.9480727e+04
 163.1439300,2.9477748e+04
 163.1643642,2.9472814e+04
 163.1847985,2.9472656e+04
 163.2052326,2.9472889e+04
 163.2256668,2.9465330e+04
 163.2461011,2.9471449e+04
 163.2665353,2.9467701e+04
 163.2869695,2.9464309e+04
 163.3074037,2.9478320e+04
 163.3278380,2.9463330e+04
 163.3482721,2.9470004e+04
 163.3687063,2.9463246e+04
 163.3891405,2.9482875e+04
 163.4095748,2.9472322e+04
 163.4300090,2.9469311e+04
 163.4504431,2.9467309e+04
 163.4708774,2.9481932e+04
 163.4913116,2.9470277e+04
 163.5117459,2.9459316e+04
 163.5321800,2.9478928e+04
 163.5526143,2.9475027e+04
 163.5730485,2.9486961e+04
 163.5934826,2.9470809e+04
 163.6139168,2.9482176e+04
 163.6343511,2.9485098e+04
 163.6547853,2.9474943e+04
 163.6752195,2.9474697e+04
 163.6956538,2.9483225e+04
 163.7160879,2.9480188e+04
 163.7365221,2.9464809e+04
 163.7569563,2.9468906e+04
 163.7773905,2.9464449e+04
 163.7978248,2.9473789e+04
 163.8182590,2.9478154e+04
 163.8386933,2.9469721e+04
 163.8591274,2.9482498e+04
 163.8795616,2.9469461e+04
 163.8999957,2.9473791e+04
 163.9204300,2.9482342e+04
 163.9408643,2.9479910e+04
 163.9612985,2.9490900e+04
 163.9817327,2.9472436e+04
 164.0021669,2.9483811e+04
 164.0226011,2.9469777e+04
 164.0430352,2.9476668e+04
 164.0634695,2.9480828e+04
 164.0839037,2.9479012e+04
 164.1043379,2.9501381e+04
 164.1247721,2.9488279e+04
 164.1452064,2.9481740e+04
 164.1656405,2.9475713e+04
 164.1860747,2.9481674e+04
 164.2065090,2.9487770e+04
 164.2269432,         null
 164.2473773,2.9488229e+04
 164.2678115,2.9484854e+04
 164.2882458,2.9477490e+04
 164.3086800,2.9488174e+04
 164.3291142,2.9484746e+04
 164.3495485,2.9479211e+04
 164.3699827,2.9470092e+04
 164.3904168,2.9475785e+04
 164.4108510,2.9478926e+04
 164.4312852,2.9475363e+04
 164.4517194,2.9468572e+04
 164.4721536,2.9482188e+04
 164.4925880,2.9467881e+04
 164.5130221,2.9473840e+04
 164.5334563,2.9481445e+04
 164.5538905,2.9477811e+04
 164.5743247,2.9469939e+04
 164.5947589,2.9467152e+04
 164.6151931,2.9475098e+04
 164.6356272,2.9477990e+04
 164.6560615,2.9463010e+04
 164.6764957,2.9475502e+04
 164.6969299,2.9476555e+04
 164.7173642,2.9488139e+04
 164.7377984,2.9480070e+04
 164.7582326,2.9479418e+04
 164.7786667,2.9480158e+04
 164.7991010,2.9471232e+04
 164.8195352,2.9471271e+04
 164.8399693,2.9479551e+04
 164.8604036,2.9470408e+04
 164.8808378,2.9481686e+04
 164.9012719,2.9469113e+04
 164.9217061,2.9471082e+04
 164.9421404,2.9477652e+04
 164.9625746,2.9487900e+04
 164.9830088,2.9477918e+04
