        TIME,  PDCSAP_FLUX
 120.5395348,6.1186516e+04
 120.5599694,6.1301770e+04
 120.5804038,6.1288414e+04
 120.6008385,6.1273938e+04
 120.6212730,6.1283762e+04
 120.6417075,6.1250438e+04
 120.6621420,6.1261660e+04
 120.6825767,6.1245973e+04
 120.7030112,6.1261348e+04
 120.7234457,6.1256004e+04
 120.7438804,6.1285945e+04
 120.7643148,6.1243539e+04
 120.7847494,6.1288039e+04
 120.8051840,6.1305336e+04
 120.8256185,6.1289164e+04
 120.8460531,6.1298125e+04
 120.8664876,6.1287695e+04
 120.8869223,6.1296809e+04
 120.9073567,6.1311742e+04
 120.9277913,6.1308625e+04
 120.9482260,6.1316977e+04
 120.9686604,6.1293375e+04
 120.9890950,6.1307152e+04
 121.0095294,6.1332914e+04
 121.0299641,6.1313988e+04
 121.0503986,6.1318480e+04
 121.0708332,6.1310516e+04
 121.0912677,6.1303844e+04
 121.1117023,6.1305844e+04
 121.1321369,6.1307430e+04
 121.1525713,6.1304117e+04
 121.1730060,6.1313887e+04
 121.1934405,6.1281609e+04
 121.2138750,6.1318020e+04
 121.2343096,6.1297617e+04
 121.2547442,6.1297945e+04
 121.2751786,6.1291691e+04
 121.2956132,6.1304594e+04
 121.3160479,6.1277977e+04
 121.3364824,6.1292230e+04
 121.3569169,6.1283457e+04
 121.3773515,6.1309496e+04
 121.3977861,6.1281328e+04
 121.4182205,6.1281262e+04
 121.4386551,6.1296910e+04
 121.4590897,6.1290566e+04
 121.4795242,6.1267590e+04
 121.4999588,6.1288926e+04
 121.5203933,6.1257426e+04
 121.5408280,6.1297211e+04
 121.5612625,6.1277652e+04
 121.5816970,6.1249254e+04
 121.6021316,6.1267969e+04
 121.6225662,6.1240273e+04
 121.6430006,6.1265836e+04
 121.6634352,6.1286648e+04
 121.6838698,6.1265660e+04
 121.7043043,6.1283445e+04
 121.7247389,6.1299789e+04
 121.7451735,6.1252691e+04
 121.7656080,6.1293691e+04
 121.7860425,6.1256062e+04
 121.8064771,6.1265406e+04
 121.8269116,6.1269109e+04
 121.8473462,6.1267711e+04
 121.8677807,6.1256309e+04
 121.8882153,6.1277504e+04
 121.9086498,6.1257441e+04
 121.9290844,6.1268113e+04
 121.9495188,6.1243746e+04
 121.9699535,6.1269570e+04
 121.9903880,6.1252195e+04
 122.0108225,6.1231574e+04
 122.0312572,6.1254258e+04
 122.0516917,6.1261273e+04
 122.0721263,6.1244227e+04
 122.0925607,6.1270008e+04
 122.1129954,6.1245668e+04
 122.1334299,6.1246473e+04
 122.1538644,6.1268586e+04
 122.1742990,6.1259809e+04
 122.1947336,6.1260820e+04
 122.2151680,6.1263191e+04
 122.2356026,6.1231492e+04
 122.2560372,6.1268348e+04
 122.2764717,6.1249773e+04
 122.2969062,6.1235316e+04
 122.3173409,6.1285816e+04
 122.3377753,6.1251895e+04
 122.3582099,6.1249242e+04
 122.3786444,6.1251363e+04
 122.3990791,6.1272227e+04
 122.4195135,6.1256523e+04
 122.4399481,6.1252719e+04
 122.4603827,6.1247941e+04
 122.4808172,6.1257352e+04
 122.5012517,6.1217398e+04
 122.5216862,6.1266074e+04
 122.5421208,6.1225477e+04
 122.5625554,6.1234676e+04
 122.5829899,6.1268219e+04
 122.6034245,6.1254461e+04
 122.6238590,6.1245723e+04
 122.6442936,6.1256555e+04
 122.6647280,6.1250238e+04
 122.6851627,6.1276297e+04
 122.7055972,6.1246691e+04
 122.7260317,6.1248852e+04
 122.7464663,6.1265539e+04
 122.7669009,6.1223832e+04
 122.7873353,6.1263934e+04
 122.8077699,6.1256895e+04
 122.8282045,6.1250500e+04
 122.8486391,6.1250824e+04
 122.8690736,6.1249379e+04
 122.8895082,6.1243535e+04
 122.9099427,6.1252246e+04
 122.9303773,6.1236621e+04
 122.9508117,6.1257367e+04
 122.9712464,6.1266277e+04
 122.9916809,6.1240641e+04
 123.0121154,6.1269316e+04
 123.0325500,6.1253719e+04
 123.0529846,6.1263414e+04
 123.0734191,6.1245234e+04
 123.0938536,6.1253125e+04
 123.1142882,6.1262777e+04
 123.1347228,6.1274637e+04
 123.1551572,6.1272164e+04
 123.1755919,6.1261254e+04
 123.1960264,6.1263391e+04
 123.2164609,6.1253676e+04
 123.2368954,6.1283109e+04
 123.2573301,6.1260090e+04
 123.2777645,6.1296398e+04
 123.2981991,         null
 123.3186337,6.1277477e+04
 123.3390682,6.1274543e+04
 123.3595027,6.1269836e+04
 123.3799372,6.1283926e+04
 123.4003719,6.1302355e+04
 123.4208063,6.1264543e+04
 123.4412409,6.1311805e+04
 123.4616755,6.1272641e+04
 123.4821100,6.1283355e+04
 123.5025445,6.1326488e+04
 123.5229790,6.1266402e+04
 123.5434136,6.1302254e+04
 123.5638482,6.1289863e+04
 123.5842827,6.1311734e+04
 123.6047173,6.1316391e+04
 123.6251518,6.1296680e+04
 123.6455864,6.1300066e+04
 123.6660208,6.1311750e+04
 123.6864554,6.1296270e+04
 123.7068900,6.1307203e+04
 123.7273244,6.1293223e+04
 123.7477591,6.1309359e+04
 123.7681936,6.1328422e+04
 123.7886281,6.1280363e+04
 123.8090626,6.1317449e+04
 123.8294973,6.1285859e+04
 123.8499317,6.1305445e+04
 123.8703663,6.1339387e+04
 123.8908009,6.1308230e+04
 123.9112354,6.1302336e+04
 123.9316699,6.1272070e+04
 123.9521044,6.1299496e+04
 123.9725391,6.1318109e+04
 123.9929735,6.1315773e+04
 124.0134081,6.1300148e+04
 124.0338427,6.1315359e+04
 124.0542772,6.1253285e+04
 124.0747117,6.1318121e+04
 124.0951462,6.1295805e+04
 124.1155808,6.1297152e+04
 124.1360153,6.1282070e+04
 124.1564499,6.1277730e+04
 124.1768845,6.1313945e+04
 124.1973190,6.1270375e+04
 124.2177535,6.1273887e+04
 124.2381880,6.1268098e+04
 124.2586226,6.1306582e+04
 124.2790571,6.1266742e+04
 124.2994917,6.1292766e+04
 124.3199263,6.1248988e+04
 124.3403608,6.1284297e+04
 124.3607953,6.1279406e+04
 124.3812298,6.1276227e+04
 124.4016644,6.1297191e+04
 124.4220989,6.1267855e+04
 124.4425335,6.1285895e+04
 124.4629681,6.1273281e+04
 124.4834026,6.1267773e+04
 124.5038371,6.1276465e+04
 124.5242715,6.1275219e+04
 124.5447062,6.1277621e+04
 124.5651407,6.1277414e+04
 124.5855752,6.1272262e+04
 124.6060098,6.1268312e+04
 124.6264444,6.1277609e+04
 124.6468789,6.1244152e+04
 124.6673133,6.1255762e+04
 124.6877480,6.1251211e+04
 124.7081825,6.1262445e+04
 124.7286170,6.1267852e+04
 124.7490516,6.1243402e+04
 124.7694861,6.1261117e+04
 124.7899206,6.1256051e+04
 124.8103551,6.1265527e+04
 124.8307898,6.1255684e+04
 124.8512242,6.1231688e+04
 124.8716587,6.1258613e+04
 124.8920933,6.1255516e+04
 124.9125279,6.1247945e+04
 124.9329624,6.1259855e+04
 124.9533969,6.1246238e+04
 124.9738315,6.1227336e+04
 124.9942660,6.1261246e+04
 125.0147005,6.1243582e+04
 125.0351350,6.1254242e+04
 125.0555696,6.1237875e+04
 125.0760041,         null
 125.0964387,6.1232949e+04
 125.1168732,6.1219387e+04
 125.1373078,6.1267363e+04
 125.1577423,6.1238898e+04
 125.1781767,6.1250059e+04
 125.1986114,6.1242844e+04
 125.2190459,6.1214457e+04
 125.2394804,6.1244121e+04
 125.2599150,6.1221570e+04
 125.2803495,6.1229691e+04
 125.3007840,6.1233840e+04
 125.3212185,6.1223770e+04
 125.3416532,6.1253605e+04
 125.3620876,6.1225020e+04
 125.3825221,6.1217285e+04
 125.4029568,6.1255938e+04
 125.4233913,6.1217746e+04
 125.4438257,6.1238324e+04
 125.4642603,6.1267586e+04
 125.4846949,6.1238266e+04
 125.5051294,6.1273566e+04
 125.5255639,6.1250172e+04
 125.5459985,6.1221238e+04
 125.5664330,6.1249242e+04
 125.5868675,6.1239016e+04
 125.6073020,6.1257941e+04
 125.6277366,6.1232098e+04
 125.6481712,6.1381902e+04
 125.6686057,6.1265789e+04
 125.6890403,6.1208105e+04
 125.7094748,6.1238410e+04
 125.7299093,6.1213191e+04
 125.7503438,6.1231688e+04
 125.7707784,6.1256984e+04
 125.7912129,6.1209910e+04
 125.8116474,6.1243926e+04
 125.8320820,6.1239957e+04
 125.8525165,6.1225016e+04
 125.8729510,6.1244496e+04
 125.8933856,6.1226215e+04
 125.9138201,6.1247832e+04
 125.9342546,6.1238816e+04
 125.9546892,6.1252348e+04
 125.9751238,6.1273000e+04
 125.9955582,6.1248934e+04
 126.0159928,6.1255906e+04
 126.0364272,6.1256770e+04
 126.0568618,6.1255328e+04
 126.0772964,6.1269082e+04
 126.0977308,6.1250113e+04
 126.1181654,6.1255168e+04
 126.1386000,6.1250812e+04
 126.1590345,6.1267266e+04
 126.1794689,6.1282691e+04
 126.1999036,6.1251031e+04
 126.2203381,6.1269973e+04
 126.2407725,6.1269062e+04
 126.2612072,         null
 126.2816417,6.1276680e+04
 126.3020761,6.1265723e+04
 126.3225107,6.1275328e+04
 126.3429453,6.1283945e+04
 126.3633797,6.1279414e+04
 126.3838143,6.1281836e+04
 126.4042489,6.1305441e+04
 126.4246834,6.1281273e+04
 126.4451179,6.1279605e+04
 126.4655524,6.1283039e+04
 126.4859870,6.1300637e+04
 126.5064215,6.1334938e+04
 126.5268560,6.1280410e+04
 126.5472904,6.1277074e+04
 126.5677251,6.1300734e+04
 126.5881596,6.1311453e+04
 126.6085941,6.1309457e+04
 126.6290287,6.1303062e+04
 126.6494632,6.1310363e+04
 126.6698977,6.1335309e+04
 126.6903322,6.1332074e+04
 126.7107668,6.1305016e+04
 126.7312013,6.1304762e+04
 126.7516358,6.1336344e+04
 126.7720704,6.1318109e+04
 126.7925049,6.1335699e+04
 126.8129393,6.1332754e+04
 126.8333739,6.1327023e+04
 126.8538085,6.1341605e+04
 126.8742429,6.1334164e+04
 126.8946775,6.1321195e+04
 126.9151121,6.1335188e+04
 126.9355466,6.1333125e+04
 126.9559811,6.1334242e+04
 126.9764156,6.1336391e+04
 126.9968502,6.1338207e+04
 127.0172848,6.1358090e+04
 127.0377192,6.1336078e+04
 127.0581538,6.1324160e+04
 127.0785883,6.1354074e+04
 127.0990228,6.1323539e+04
 127.1194573,6.1340828e+04
 127.1398919,6.1342965e+04
 127.1603265,6.1322684e+04
 127.1807609,6.1341562e+04
 127.2011955,6.1292086e+04
 127.2216300,6.1292855e+04
 127.2420645,6.1271277e+04
 127.2624990,6.1249652e+04
 127.2829336,6.1262383e+04
 127.3033681,6.1240023e+04
 127.3238026,6.1279910e+04
 127.3442372,6.1342598e+04
 127.3646716,6.1313551e+04
 127.3851062,6.1335195e+04
 127.4055407,6.1316730e+04
 127.4259752,6.1318984e+04
 127.4464098,6.1315086e+04
 127.4668443,6.1323906e+04
 127.4872789,6.1342570e+04
 127.5077133,6.1304066e+04
 127.5281479,6.1327840e+04
 127.5485823,6.1328801e+04
 127.5690169,6.1313496e+04
 127.5894514,6.1304750e+04
 127.6098860,         null
 127.6303205,         null
 127.6507550,6.1311375e+04
 127.6711896,6.1301605e+04
 127.6916240,6.1310602e+04
 127.7120586,6.1326875e+04
 127.7324931,6.1308469e+04
 127.7529276,6.1312219e+04
 127.7733621,6.1320422e+04
 127.7937967,6.1310941e+04
 127.8142311,6.1302988e+04
 127.8346657,6.1323227e+04
 127.8551003,6.1312352e+04
 127.8755347,6.1315516e+04
 127.8959692,6.1323461e+04
 127.9164038,6.1320301e+04
 127.9368383,6.1325621e+04
 127.9572728,6.1302289e+04
 127.9777073,6.1312469e+04
 127.9981420,6.1328418e+04
 128.0185764,6.1298082e+04
 128.0390109,6.1321344e+04
 128.0594453,6.1315988e+04
 128.0798800,6.1324637e+04
 128.1003145,6.1336340e+04
 128.1207490,6.1299711e+04
 128.1411835,6.1323895e+04
 128.1616181,6.1317520e+04
 128.1820526,6.1307691e+04
 128.2024870,6.1318578e+04
 128.2229216,6.1301188e+04
 128.2433562,6.1331195e+04
 128.2637906,6.1337285e+04
 128.2842252,6.1298305e+04
 128.3046597,6.1320207e+04
 128.3250941,6.1315484e+04
 128.3455288,         null
 128.3659633,6.1317082e+04
 128.3863978,6.1280789e+04
 128.4068323,6.1324031e+04
 128.4272669,6.1319414e+04
 128.4477014,6.1310980e+04
 128.4681359,6.1321453e+04
 128.4885703,6.1323176e+04
 128.5090049,6.1335648e+04
 128.5294395,6.1314293e+04
 128.5498739,6.1329102e+04
 128.5703085,6.1322891e+04
 128.5907430,6.1319551e+04
 128.6111775,6.1346953e+04
 128.6316120,6.1306500e+04
 128.6520466,6.1332230e+04
 128.6724811,6.1304883e+04
 128.6929155,6.1304066e+04
 128.7133502,6.1356367e+04
 128.7337847,6.1309949e+04
 128.7542191,6.1324098e+04
 128.7746536,6.1320281e+04
 128.7950882,         null
 128.8155227,6.1354352e+04
 128.8359572,6.1312262e+04
 128.8563917,6.1309703e+04
 128.8768262,6.1337281e+04
 128.8972607,6.1291320e+04
 128.9176953,6.1316184e+04
 128.9381298,6.1307684e+04
 128.9585643,6.1336191e+04
 128.9789988,6.1311656e+04
 128.9994332,6.1299609e+04
 129.0198679,6.1300016e+04
 129.0403024,6.1281031e+04
 129.0607368,6.1306645e+04
 129.0811714,6.1289395e+04
 129.1016059,6.1286949e+04
 129.1220405,6.1323785e+04
 129.1424749,6.1273879e+04
 129.1629095,6.1298230e+04
 129.1833440,6.1315977e+04
 129.2037784,6.1281496e+04
 129.2242130,6.1306859e+04
 129.2446476,6.1270188e+04
 129.2650820,6.1284234e+04
 129.2855165,6.1284289e+04
 129.3059511,6.1255559e+04
 129.3263855,6.1284531e+04
 129.3468201,6.1257062e+04
 129.3672547,6.1253430e+04
 129.3876891,6.1279871e+04
 129.4081236,6.1254457e+04
 129.4285581,6.1244758e+04
 129.4489927,6.1268008e+04
 129.4694272,6.1299289e+04
 129.4898617,6.1265504e+04
 129.5102963,6.1243043e+04
 129.5307307,6.1259660e+04
 129.5511652,6.1228656e+04
 129.5715997,6.1273426e+04
 129.5920342,6.1209523e+04
 129.6124688,6.1247410e+04
 129.6329033,6.1240938e+04
 129.6533378,6.1212043e+04
 129.6737723,6.1229375e+04
 129.6942068,6.1214926e+04
 129.7146413,6.1211398e+04
 129.7350759,6.1205133e+04
 129.7555104,6.1185562e+04
 129.7759449,6.1207906e+04
 129.7963795,6.1190973e+04
 129.8168139,6.1204371e+04
 129.8372484,6.1195715e+04
 129.8576829,6.1191855e+04
 129.8781175,6.1208539e+04
 129.8985520,6.1154715e+04
 129.9189865,6.1187758e+04
 129.9394210,6.1184500e+04
 129.9598555,6.1156504e+04
 129.9802900,6.1213375e+04
 130.0007244,6.1163488e+04
 130.0211591,6.1160691e+04
 130.0415936,6.1149883e+04
 130.0620280,6.1157102e+04
 130.0824625,6.1151180e+04
 130.1028971,6.1126836e+04
 130.1233315,6.1158906e+04
 130.1437660,6.1133000e+04
 130.1642006,6.1134844e+04
 130.1846352,6.1168914e+04
 130.2050696,6.1133586e+04
 130.2255041,6.1159910e+04
 130.2459387,6.1106574e+04
