        TIME,  PDCSAP_FLUX
 131.5119582,3.9575250e+04
 131.5323928,3.9578211e+04
 131.5528272,3.9580793e+04
 131.5732615,3.9587922e+04
 131.5936959,3.9579023e+04
 131.6141304,3.9574777e+04
 131.6345647,3.9582234e+04
 131.6549991,3.9569973e+04
 131.6754336,3.9584184e+04
 131.6958681,3.9578914e+04
 131.7163024,3.9577504e+04
 131.7367368,3.9580547e+04
 131.7571713,3.9576301e+04
 131.7776056,3.9559473e+04
 131.7980400,3.9557816e+04
 131.8184745,3.9575629e+04
 131.8389088,3.9564844e+04
 131.8593433,3.9580918e+04
 131.8797777,3.9569969e+04
 131.9002121,3.9581152e+04
 131.9206465,3.9581215e+04
 131.9410809,3.9573805e+04
 131.9615153,3.9575855e+04
 131.9819497,3.9574887e+04
 132.0023841,3.9575906e+04
 132.0228184,3.9577711e+04
 132.0432530,3.9576480e+04
 132.0636874,3.9577508e+04
 132.0841217,3.9576242e+04
 132.1045561,3.9566082e+04
 132.1249906,3.9575141e+04
 132.1454249,3.9585113e+04
 132.1658593,3.9614344e+04
 132.1862938,3.9570430e+04
 132.2067282,3.9574645e+04
 132.2271626,3.9589398e+04
 132.2475970,3.9573195e+04
 132.2680315,3.9589004e+04
 132.2884658,3.9567738e+04
 132.3089002,3.9574500e+04
 132.3293347,3.9586023e+04
 132.3497690,3.9572039e+04
 132.3702034,3.9573574e+04
 132.3906378,3.9587934e+04
 132.4110723,3.9587680e+04
 132.4315067,3.9581504e+04
 132.4519411,3.9576949e+04
 132.4723756,3.9561750e+04
 132.4928099,3.9575156e+04
 132.5132443,3.9568969e+04
 132.5336786,3.9581246e+04
 132.5541131,3.9571234e+04
 132.5745475,3.9571578e+04
 132.5949819,3.9575504e+04
 132.6154164,3.9571598e+04
 132.6358508,3.9582852e+04
 132.6562852,3.9573324e+04
 132.6767195,3.9572738e+04
 132.6971540,3.9572723e+04
 132.7175884,3.9578164e+04
 132.7380227,3.9575508e+04
 132.7584572,3.9570102e+04
 132.7788917,3.9577230e+04
 132.7993260,3.9585855e+04
 132.8197604,3.9576973e+04
 132.8401949,3.9568777e+04
 132.8606292,3.9580277e+04
 132.8810636,3.9576980e+04
 132.9014981,3.9575676e+04
 132.9219324,3.9570375e+04
 132.9423668,3.9579270e+04
 132.9628012,3.9571480e+04
 132.9832358,3.9561023e+04
 133.0036701,3.9570895e+04
 133.0241045,3.9583711e+04
 133.0445389,3.9566160e+04
 133.0649733,3.9569066e+04
 133.0854077,3.9570777e+04
 133.1058421,3.9578758e+04
 133.1262765,3.9569070e+04
 133.1467109,3.9575863e+04
 133.1671454,3.9576500e+04
 133.1875798,3.9590902e+04
 133.2080143,3.9581863e+04
 133.2284486,3.9565859e+04
 133.2488830,3.9578805e+04
 133.2693174,3.9576109e+04
 133.2897518,3.9594562e+04
 133.3101862,3.9583918e+04
 133.3306205,3.9572770e+04
 133.3510550,3.9563051e+04
 133.3714894,3.9572344e+04
 133.3919239,3.9567727e+04
 133.4123583,3.9567562e+04
 133.4327927,3.9574172e+04
 133.4532271,3.9571363e+04
 133.4736614,3.9575125e+04
 133.4940959,3.9579477e+04
 133.5145303,3.9571742e+04
 133.5349646,3.9568941e+04
 133.5553991,3.9584340e+04
 133.5758335,3.9589984e+04
 133.5962679,3.9581211e+04
 133.6167023,3.9576793e+04
 133.6371368,3.9577125e+04
 133.6575712,3.9574871e+04
 133.6780055,3.9586246e+04
 133.6984400,3.9582293e+04
 133.7188744,3.9580500e+04
 133.7393087,3.9578070e+04
 133.7597431,3.9576844e+04
 133.7801776,3.9589250e+04
 133.8006119,3.9585594e+04
 133.8210464,3.9576113e+04
 133.8414808,3.9585848e+04
 133.8619152,3.9579988e+04
 133.8823496,3.9573148e+04
 133.9027840,3.9570637e+04
 133.9232184,3.9573328e+04
 133.9436528,3.9574430e+04
 133.9640872,3.9561773e+04
 133.9845215,3.9581883e+04
 134.0049560,3.9580770e+04
 134.0253904,3.9585094e+04
 134.0458247,3.9580977e+04
 134.0662593,3.9566430e+04
 134.0866937,3.9573695e+04
 134.1071280,3.9559883e+04
 134.1275624,3.9587441e+04
 134.1479969,3.9581816e+04
 134.1684313,3.9583426e+04
 134.1888656,3.9569891e+04
 134.2093001,3.9580402e+04
 134.2297345,3.9590684e+04
 134.2501688,3.9574414e+04
 134.2706032,3.9574234e+04
 134.2910377,3.9581629e+04
 134.3114721,3.9586910e+04
 134.3319065,3.9573867e+04
 134.3523410,3.9582023e+04
 134.3727753,3.9579637e+04
 134.3932097,         null
 134.4136441,3.9590598e+04
 134.4340785,3.9582664e+04
 134.4545129,3.9565160e+04
 134.4749473,3.9577426e+04
 134.4953818,3.9584543e+04
 134.5158161,3.9581531e+04
 134.5362505,3.9575070e+04
 134.5566849,3.9577898e+04
 134.5771194,3.9574453e+04
 134.5975538,3.9575098e+04
 134.6179881,3.9576066e+04
 134.6384225,3.9576859e+04
 134.6588570,3.9581672e+04
 134.6792914,3.9565590e+04
 134.6997258,3.9564496e+04
 134.7201602,3.9582859e+04
 134.7405946,3.9572332e+04
 134.7610289,3.9591562e+04
 134.7814633,3.9575676e+04
 134.8018978,3.9562379e+04
 134.8223322,3.9577258e+04
 134.8427666,3.9578004e+04
 134.8632011,3.9568160e+04
 134.8836355,3.9577484e+04
 134.9040699,3.9576062e+04
 134.9245042,3.9579812e+04
 134.9449387,3.9579301e+04
 134.9653731,3.9576309e+04
 134.9858074,3.9587504e+04
 135.0062419,3.9572414e+04
 135.0266763,3.9579938e+04
 135.0471106,3.9575961e+04
 135.0675450,3.9576395e+04
 135.0879795,3.9579961e+04
 135.1084138,3.9572680e+04
 135.1288482,3.9584922e+04
 135.1492828,3.9579055e+04
 135.1697172,3.9578828e+04
 135.1901515,3.9587891e+04
 135.2105859,3.9570070e+04
 135.2310204,3.9583648e+04
 135.2514547,3.9572230e+04
 135.2718891,3.9569703e+04
 135.2923234,3.9577531e+04
 135.3127579,3.9586520e+04
 135.3331923,3.9574637e+04
 135.3536266,3.9574199e+04
 135.3740611,3.9570715e+04
 135.3944955,3.9576930e+04
 135.4149299,3.9574820e+04
 135.4353642,3.9566676e+04
 135.4557987,3.9565883e+04
 135.4762332,3.9566762e+04
 135.4966675,3.9573918e+04
 135.5171020,3.9573543e+04
 135.5375364,3.9576500e+04
 135.5579707,3.9585793e+04
 135.5784051,3.9584074e+04
 135.5988396,3.9580863e+04
 135.6192739,3.9586586e+04
 135.6397083,3.9571031e+04
 135.6601428,3.9579438e+04
 135.6805772,3.9573809e+04
 135.7010115,3.9579199e+04
 135.7214459,3.9574293e+04
 135.7418804,3.9582020e+04
 135.7623147,3.9579547e+04
 135.7827491,3.9583367e+04
 135.8031836,3.9584402e+04
 135.8236179,3.9576156e+04
 135.8440524,3.9584301e+04
 135.8644868,3.9575949e+04
 135.8849212,3.9581566e+04
 135.9053556,3.9583730e+04
 135.9257900,3.9577219e+04
 135.9462243,3.9585176e+04
 135.9666588,3.9590258e+04
 135.9870932,3.9585156e+04
 136.0075275,3.9574141e+04
 136.0279620,3.9576941e+04
 136.0483964,3.9573621e+04
 136.0688307,3.9570547e+04
 136.0892651,3.9565227e+04
 136.1096996,3.9589418e+04
 136.1301340,3.9579684e+04
 136.1505683,3.9576844e+04
 136.1710028,3.9584727e+04
 136.1914372,3.9569777e+04
 136.2118715,3.9571746e+04
 136.2323059,3.9584926e+04
 136.2527404,3.9563078e+04
 136.2731747,3.9581434e+04
 136.2936092,3.9577125e+04
 136.3140437,3.9588254e+04
 136.3344780,3.9585734e+04
 136.3549124,3.9573262e+04
 136.3753468,3.9572734e+04
 136.3957812,3.9581242e+04
 136.4162156,3.9587051e+04
 136.4366500,3.9591516e+04
 136.4570845,3.9579742e+04
 136.4775188,3.9574414e+04
 136.4979532,3.9590988e+04
 136.5183876,3.9593762e+04
 136.5388220,3.9574180e+04
 136.5592564,3.9588004e+04
 136.5796908,3.9597383e+04
 136.6001252,3.9592426e+04
 136.6205596,3.9573668e+04
 136.6409940,3.9579027e+04
 136.6614284,3.9578406e+04
 136.6818628,3.9579977e+04
 136.7022972,3.9585879e+04
 136.7227316,3.9581164e+04
 136.7431659,3.9571293e+04
 136.7636004,3.9576340e+04
 136.7840348,3.9574094e+04
 136.8044691,3.9588934e+04
 136.8249036,3.9579965e+04
 136.8453380,3.9577113e+04
 136.8657725,3.9573660e+04
 136.8862068,3.9588059e+04
 136.9066413,3.9584340e+04
 136.9270757,3.9584594e+04
 136.9475100,3.9593695e+04
 136.9679445,3.9584809e+04
 136.9883789,3.9590363e+04
 137.0088132,3.9579629e+04
 137.0292476,3.9585000e+04
 137.0496821,3.9583465e+04
 137.0701164,3.9593852e+04
 137.0905508,3.9579145e+04
 137.1109853,3.9567070e+04
 137.1314196,3.9577309e+04
 137.1518540,3.9587484e+04
 137.1722884,3.9571500e+04
 137.1927229,3.9587457e+04
 137.2131572,3.9575871e+04
 137.2335916,3.9608383e+04
 137.2540259,3.9588980e+04
 137.2744604,3.9572883e+04
 137.2948948,3.9568254e+04
 137.3153291,3.9580277e+04
 137.3357636,3.9587949e+04
 137.3561980,3.9579609e+04
 137.3766324,         null
 137.3970667,3.9571348e+04
 137.4175012,3.9589047e+04
 137.4379356,3.9577461e+04
 137.4583699,3.9583059e+04
 137.4788044,3.9587371e+04
 137.4992388,3.9572793e+04
 137.5196731,3.9579219e+04
 137.5401075,3.9584812e+04
 137.5605420,3.9594004e+04
 137.5809763,3.9586719e+04
 137.6014107,3.9581477e+04
 137.6218452,3.9578043e+04
 137.6422796,3.9579262e+04
 137.6627139,3.9590582e+04
 137.6831483,3.9580664e+04
 137.7035828,3.9573590e+04
 137.7240171,3.9570102e+04
 137.7444515,3.9578508e+04
 137.7648860,3.9587672e+04
 137.7853203,3.9568758e+04
 137.8057547,3.9590676e+04
 137.8261890,3.9577773e+04
 137.8466235,3.9594148e+04
 137.8670579,3.9583531e+04
 137.8874923,3.9581102e+04
 137.9079266,3.9587773e+04
 137.9283611,3.9582664e+04
 137.9487955,3.9574711e+04
 137.9692298,3.9600562e+04
 137.9896643,3.9593801e+04
 138.0100987,3.9575555e+04
 138.0305330,3.9583387e+04
 138.0509674,3.9586266e+04
 138.0714019,3.9576562e+04
 138.0918363,3.9576047e+04
 138.1122706,3.9587691e+04
 138.1327051,3.9578797e+04
 138.1531395,3.9580234e+04
 138.1735738,3.9593750e+04
 138.1940082,3.9582047e+04
 138.2144427,3.9570980e+04
 138.2348771,3.9580441e+04
 138.2553114,3.9581312e+04
 138.2757459,3.9581680e+04
 138.2961803,3.9588453e+04
 138.3166146,3.9611586e+04
 138.3370490,3.9576074e+04
 138.3574835,3.9585148e+04
 138.3779179,3.9581719e+04
 138.3983522,3.9580352e+04
 138.4187867,3.9582105e+04
 138.4392211,3.9584047e+04
 138.4596554,3.9599797e+04
 138.4800898,3.9579969e+04
 138.5005243,3.9588164e+04
 138.5209586,3.9571289e+04
 138.5413930,3.9587988e+04
 138.5618274,3.9591551e+04
 138.5822618,3.9592605e+04
 138.6026962,3.9578480e+04
 138.6231306,3.9589055e+04
 138.6435650,3.9597789e+04
 138.6639994,3.9582309e+04
 138.6844338,3.9581090e+04
 138.7048681,3.9595297e+04
 138.7253026,3.9581613e+04
 138.7457370,3.9587828e+04
 138.7661713,3.9590785e+04
 138.7866058,3.9591082e+04
 138.8070402,3.9587121e+04
 138.8274745,3.9579500e+04
 138.8479089,3.9593078e+04
 138.8683434,3.9588004e+04
 138.8887778,3.9579574e+04
 138.9092121,3.9588766e+04
 138.9296466,3.9574539e+04
 138.9500810,3.9574500e+04
 138.9705153,3.9600828e+04
 138.9909497,3.9580453e+04
 139.0113842,3.9578387e+04
 139.0318185,3.9585734e+04
 139.0522529,3.9566035e+04
 139.0726874,3.9568469e+04
 139.0931217,3.9582051e+04
 139.1135561,3.9570832e+04
 139.1339904,3.9587023e+04
 139.1544248,3.9576137e+04
 139.1748592,3.9574125e+04
 139.1952936,3.9581578e+04
 139.2157279,3.9575078e+04
 139.2361624,3.9582426e+04
 139.2565968,3.9573270e+04
 139.2770311,3.9583270e+04
 139.2974656,3.9585988e+04
 139.3179000,3.9584199e+04
 139.3383344,3.9580215e+04
 139.3587687,3.9582789e+04
 139.3792032,3.9577348e+04
 139.3996376,3.9577727e+04
 139.4200719,3.9591156e+04
 139.4405064,3.9589734e+04
 139.4609408,3.9588207e+04
 139.4813751,3.9570688e+04
 139.5018095,3.9577273e+04
 139.5222440,3.9589551e+04
 139.5426783,3.9574738e+04
 139.5631127,3.9581484e+04
 139.5835472,3.9588297e+04
 139.6039815,3.9587195e+04
 139.6244159,3.9574668e+04
 139.6448503,3.9572812e+04
 139.6652848,3.9580707e+04
 139.6857190,3.9584457e+04
 139.7061534,3.9588395e+04
 139.7265878,3.9581484e+04
 139.7470222,3.9579316e+04
 139.7674566,3.9590688e+04
 139.7878910,3.9593512e+04
 139.8083254,3.9581344e+04
 139.8287598,3.9580160e+04
 139.8491942,3.9585016e+04
 139.8696286,3.9585188e+04
 139.8900630,3.9573613e+04
 139.9104974,3.9592430e+04
 139.9309318,3.9574551e+04
 139.9513663,3.9569719e+04
 139.9718006,3.9584648e+04
 139.9922350,3.9575293e+04
 140.0126693,3.9587711e+04
 140.0331038,3.9582602e+04
 140.0535382,3.9588090e+04
 140.0739725,3.9576223e+04
 140.0944069,3.9579066e+04
 140.1148413,3.9569176e+04
 140.1352757,3.9578598e+04
 140.1557100,3.9575949e+04
 140.1761445,3.9571348e+04
 140.1965789,3.9592547e+04
 140.2170132,3.9579738e+04
 140.2374477,3.9586531e+04
 140.2578821,3.9579035e+04
 140.2783164,3.9571652e+04
 140.2987508,3.9584648e+04
 140.3191853,3.9578734e+04
 140.3396196,3.9596133e+04
 140.3600540,         null
 140.3804884,3.9568121e+04
 140.4009228,3.9585227e+04
 140.4213571,3.9570203e+04
 140.4417915,3.9585641e+04
 140.4622260,3.9571406e+04
 140.4826603,3.9577820e+04
 140.5030947,3.9579812e+04
 140.5235290,3.9587012e+04
 140.5439635,3.9585797e+04
 140.5643979,3.9588422e+04
 140.5848323,3.9576262e+04
 140.6052667,3.9583852e+04
 140.6257011,3.9576988e+04
 140.6461355,3.9573230e+04
 140.6665698,3.9576484e+04
 140.6870042,3.9577180e+04
 140.7074386,3.9575199e+04
 140.7278729,3.9571301e+04
 140.7483074,3.9580934e+04
 140.7687418,3.9568719e+04
 140.7891761,3.9581328e+04
 140.8096105,3.9595418e+04
 140.8300450,3.9581020e+04
 140.8504794,3.9579059e+04
 140.8709137,3.9584309e+04
 140.8913481,3.9576129e+04
 140.9117826,3.9572457e+04
 140.9322169,3.9589012e+04
 140.9526512,3.9581062e+04
 140.9730857,3.9571320e+04
 140.9935200,3.9590449e+04
 141.0139544,3.9565758e+04
 141.0343888,3.9574852e+04
 141.0548232,3.9579574e+04
 141.0752576,3.9571539e+04
 141.0956920,3.9582223e+04
 141.1161264,3.9589020e+04
 141.1365608,3.9587961e+04
 141.1569952,3.9581930e+04
 141.1774294,3.9568961e+04
 141.1978639,3.9578594e+04
 141.2182983,3.9581750e+04
 141.2387326,3.9584809e+04
 141.2591671,3.9583863e+04
 141.2796015,3.9570680e+04
 141.3000358,3.9591109e+04
 141.3204702,3.9580086e+04
 141.3409047,3.9588973e+04
 141.3613391,3.9575441e+04
 141.3817733,3.9577887e+04
 141.4022077,3.9586285e+04
 141.4226422,3.9576453e+04
 141.4430766,3.9577301e+04
 141.4635109,3.9571000e+04
 141.4839454,3.9580309e+04
 141.5043798,3.9581836e+04
 141.5248141,3.9583367e+04
 141.5452485,3.9579215e+04
 141.5656829,3.9571668e+04
 141.5861173,3.9574281e+04
 141.6065516,3.9570629e+04
 141.6269861,3.9577570e+04
 141.6474205,3.9566719e+04
 141.6678548,3.9563426e+04
 141.6882892,3.9587465e+04
 141.7087237,3.9579965e+04
 141.7291580,3.9589113e+04
 141.7495924,3.9583094e+04
 141.7700269,3.9570664e+04
 141.7904611,3.9591953e+04
 141.8108955,3.9567754e+04
 141.8313299,3.9578484e+04
 141.8517643,3.9573875e+04
 141.8721987,3.9579121e+04
 141.8926331,3.9583930e+04
 141.9130676,3.9572535e+04
 141.9335019,3.9588566e+04
 141.9539362,3.9569922e+04
 141.9743705,3.9558359e+04
 141.9948050,3.9579629e+04
 142.0152394,3.9579891e+04
 142.0356737,3.9579328e+04
 142.0561081,3.9572227e+04
 142.0765426,3.9590648e+04
 142.0969770,3.9585332e+04
 142.1174113,3.9577746e+04
 142.1378457,3.9589461e+04
 142.1582801,3.9579414e+04
 142.1787144,3.9587785e+04
 142.1991488,3.9587238e+04
 142.2195833,3.9580785e+04
 142.2400176,3.9577574e+04
 142.2604520,3.9569172e+04
 142.2808865,3.9580691e+04
 142.3013207,3.9579711e+04
 142.3217551,3.9575324e+04
 142.3421895,3.9577879e+04
 142.3626240,3.9570949e+04
 142.3830583,3.9572895e+04
 142.4034927,3.9589293e+04
 142.4239272,3.9571531e+04
 142.4443614,3.9588449e+04
 142.4647958,3.9574891e+04
 142.4852301,3.9581742e+04
 142.5056646,3.9582547e+04
 142.5260990,3.9575039e+04
 142.5465334,3.9588926e+04
 142.5669677,3.9579594e+04
 142.5874021,3.9581012e+04
 142.6078365,3.9571910e+04
 142.6282708,3.9565832e+04
 142.6487053,3.9569809e+04
 142.6691397,3.9565594e+04
 142.6895740,3.9563277e+04
 142.7100084,3.9575969e+04
 142.7304429,3.9566332e+04
 142.7508771,3.9586336e+04
 142.7713115,3.9576352e+04
 142.7917460,3.9583328e+04
 142.8121803,3.9573973e+04
 142.8326147,3.9581191e+04
 142.8530491,3.9579320e+04
 142.8734835,3.9569504e+04
 142.8939178,3.9581930e+04
 142.9143522,3.9595832e+04
 142.9347867,3.9568746e+04
 142.9552210,3.9576320e+04
 142.9756554,3.9580906e+04
 142.9960897,3.9571793e+04
 143.0165241,3.9584512e+04
 143.0369585,3.9577191e+04
 143.0573929,3.9573895e+04
 143.0778273,3.9570785e+04
 143.0982617,3.9575094e+04
 143.1186961,3.9581633e+04
 143.1391304,3.9581016e+04
 143.1595648,3.9586332e+04
 143.1799992,3.9579230e+04
 143.2004335,3.9575180e+04
 143.2208679,3.9568000e+04
 143.2413024,3.9592676e+04
 143.2617367,3.9567086e+04
 143.2821711,3.9568508e+04
 143.3026055,3.9578594e+04
 143.3230399,3.9575441e+04
 143.3434743,         null
 143.3639086,3.9575852e+04
 143.3843430,3.9573516e+04
 143.4047774,3.9581965e+04
 143.4252117,3.9576176e+04
 143.4456462,3.9569344e+04
 143.4660806,3.9574398e+04
 143.4865149,3.9578465e+04
 143.5069492,3.9570887e+04
 143.5273837,3.9579180e+04
 143.5478181,3.9587211e+04
 143.5682524,3.9588926e+04
 143.5886869,3.9577574e+04
 143.6091213,3.9579281e+04
 143.6295555,3.9589750e+04
 143.6499899,3.9574246e+04
 143.6704244,3.9570738e+04
 143.6908587,3.9580543e+04
 143.7112931,3.9579605e+04
 143.7317275,3.9573031e+04
 143.7521618,3.9574926e+04
 143.7725962,3.9572785e+04
 143.7930306,3.9583324e+04
 143.8134650,3.9574023e+04
 143.8338994,3.9587168e+04
 143.8543337,3.9571891e+04
 143.8747680,3.9579430e+04
 143.8952025,3.9574805e+04
 143.9156369,3.9583559e+04
 143.9360712,3.9569566e+04
 143.9565056,3.9580902e+04
 143.9769400,3.9571250e+04
 143.9973743,3.9578156e+04
 144.0178087,3.9564355e+04
 144.0382432,3.9584543e+04
 144.0586776,3.9580117e+04
 144.0791118,3.9572191e+04
 144.0995463,3.9574781e+04
 144.1199807,3.9583805e+04
 144.1404150,3.9566809e+04
 144.1608494,3.9580750e+04
 144.1812838,3.9571500e+04
 144.2017181,3.9576348e+04
 144.2221525,3.9575465e+04
 144.2425870,3.9583629e+04
 144.2630213,3.9572594e+04
 144.2834556,3.9572031e+04
 144.3038900,3.9580168e+04
 144.3243244,3.9572641e+04
 144.3447588,3.9576203e+04
 144.3651932,3.9585613e+04
 144.3856274,3.9579074e+04
 144.4060619,3.9586848e+04
 144.4264963,3.9571293e+04
 144.4469306,3.9578031e+04
 144.4673651,3.9595961e+04
 144.4877994,3.9571277e+04
 144.5082337,3.9572676e+04
 144.5286681,3.9580086e+04
 144.5491026,3.9570438e+04
 144.5695369,3.9582355e+04
 144.5899712,3.9575355e+04
 144.6104057,3.9574926e+04
 144.6308401,3.9581297e+04
 144.6512744,3.9573496e+04
 144.6717087,3.9574016e+04
 144.6921432,3.9569891e+04
 144.7125775,3.9580785e+04
 144.7330119,3.9567016e+04
 144.7534464,3.9595215e+04
 144.7738806,3.9583719e+04
 144.7943150,3.9578875e+04
 144.8147494,3.9579648e+04
 144.8351839,3.9575961e+04
 144.8556181,3.9576043e+04
 144.8760525,3.9578051e+04
 144.8964869,3.9582035e+04
 144.9169213,3.9575582e+04
 144.9373556,3.9583840e+04
 144.9577900,3.9579531e+04
 144.9782245,3.9583809e+04
 144.9986588,3.9575602e+04
 145.0190932,3.9575715e+04
 145.0395275,3.9590043e+04
 145.0599619,3.9572742e+04
 145.0803963,3.9577625e+04
 145.1008307,3.9588555e+04
 145.1212651,3.9579367e+04
 145.1416994,3.9578863e+04
 145.1621338,3.9583953e+04
 145.1825681,3.9578426e+04
 145.2030025,3.9570973e+04
 145.2234369,3.9579230e+04
 145.2438712,3.9582031e+04
 145.2643057,3.9565660e+04
 145.2847400,3.9573164e+04
 145.3051744,3.9573254e+04
 145.3256087,3.9573203e+04
 145.3460432,3.9566145e+04
 145.3664776,3.9583082e+04
 145.3869118,3.9565543e+04
 145.4073463,3.9582594e+04
 145.4277807,3.9569457e+04
 145.4482150,3.9576543e+04
 145.4686493,3.9584840e+04
 145.4890838,3.9579129e+04
 145.5095181,3.9584496e+04
 145.5299525,3.9564160e+04
 145.5503868,3.9573383e+04
 145.5708213,3.9570070e+04
 145.5912556,3.9582051e+04
 145.6116900,3.9582062e+04
 145.6321244,3.9574469e+04
 145.6525587,3.9584008e+04
 145.6729931,3.9570699e+04
 145.6934273,3.9569203e+04
 145.7138618,3.9575145e+04
 145.7342962,3.9578762e+04
 145.7547306,3.9578438e+04
 145.7751649,3.9577840e+04
 145.7955993,3.9584203e+04
 145.8160337,3.9582281e+04
 145.8364680,3.9571316e+04
 145.8569024,3.9568027e+04
 145.8773368,3.9566383e+04
 145.8977711,3.9575211e+04
 145.9182056,3.9567711e+04
 145.9386399,3.9579688e+04
 145.9590742,3.9579293e+04
 145.9795086,3.9576020e+04
 145.9999431,3.9589293e+04
 146.0203774,3.9589543e+04
 146.0408117,3.9571094e+04
 146.0612462,3.9578758e+04
 146.0816805,3.9571598e+04
 146.1021148,3.9582078e+04
 146.1225492,3.9583086e+04
 146.1429837,3.9584305e+04
 146.1634179,3.9581738e+04
 146.1838523,3.9579141e+04
 146.2042867,3.9578633e+04
 146.2247210,3.9592133e+04
 146.2451554,3.9564562e+04
 146.2655898,3.9568984e+04
 146.2860242,3.9573309e+04
 146.3064585,3.9561719e+04
 146.3268929,         null
 146.3473272,3.9567430e+04
 146.3677616,3.9559324e+04
 146.3881960,3.9579559e+04
 146.4086303,3.9576855e+04
 146.4290648,3.9564520e+04
 146.4494991,3.9581070e+04
 146.4699334,3.9566828e+04
 146.4903679,3.9576695e+04
 146.5108022,3.9578523e+04
 146.5312366,3.9565293e+04
 146.5516709,3.9577492e+04
 146.5721054,3.9569035e+04
 146.5925397,3.9569863e+04
 146.6129741,3.9570074e+04
 146.6334084,3.9575340e+04
 146.6538428,3.9580582e+04
 146.6742772,3.9572828e+04
 146.6947115,3.9593641e+04
 146.7151459,3.9569855e+04
 146.7355803,3.9574125e+04
 146.7560147,3.9563629e+04
 146.7764490,3.9568055e+04
 146.7968834,3.9566852e+04
 146.8173178,3.9578605e+04
 146.8377521,3.9569973e+04
 146.8581864,3.9569031e+04
 146.8786209,3.9571992e+04
 146.8990552,3.9585305e+04
 146.9194895,3.9576707e+04
 146.9399240,3.9572348e+04
 146.9603583,3.9567609e+04
 146.9807926,3.9564223e+04
 147.0012270,3.9578484e+04
 147.0216614,3.9570160e+04
 147.0420958,3.9571480e+04
 147.0625301,3.9565527e+04
 147.0829646,3.9572516e+04
 147.1033989,3.9572961e+04
 147.1238332,3.9567379e+04
 147.1442675,3.9573293e+04
 147.1647020,3.9574074e+04
 147.1851363,3.9581797e+04
 147.2055706,3.9580715e+04
 147.2260051,3.9580766e+04
 147.2464394,3.9575250e+04
 147.2668738,3.9566117e+04
 147.2873081,3.9560004e+04
 147.3077425,3.9569781e+04
 147.3281769,3.9568223e+04
 147.3486112,3.9570777e+04
 147.3690455,3.9579875e+04
 147.3894800,3.9570984e+04
 147.4099143,3.9581133e+04
 147.4303486,3.9579773e+04
 147.4507831,3.9578863e+04
 147.4712174,3.9575715e+04
 147.4916517,3.9568609e+04
 147.5120861,3.9571020e+04
 147.5325206,3.9576770e+04
 147.5529548,3.9575938e+04
 147.5733892,3.9578203e+04
 147.5938237,3.9571207e+04
 147.6142579,3.9577082e+04
 147.6346923,3.9584289e+04
 147.6551266,3.9572727e+04
 147.6755610,3.9581672e+04
 147.6959954,3.9582031e+04
 147.7164297,3.9565145e+04
 147.7368641,3.9569426e+04
 147.7572985,3.9571234e+04
 147.7777329,3.9573566e+04
 147.7981671,3.9586391e+04
 147.8186016,3.9576414e+04
 147.8390360,3.9586078e+04
 147.8594702,3.9577605e+04
 147.8799046,3.9577598e+04
 147.9003390,         null
 147.9207733,3.9579320e+04
 147.9412077,3.9577020e+04
 147.9616421,3.9574812e+04
 147.9820764,3.9572305e+04
 148.0025108,3.9576145e+04
 148.0229451,3.9566008e+04
 148.0433796,3.9566918e+04
 148.0638139,3.9572316e+04
 148.0842482,3.9577539e+04
 148.1046827,3.9578113e+04
 148.1251169,3.9570281e+04
 148.1455513,3.9575785e+04
 148.1659857,3.9573363e+04
 148.1864200,3.9564746e+04
 148.2068544,3.9569586e+04
 148.2272888,3.9567633e+04
 148.2477232,3.9572523e+04
 148.2681575,3.9572641e+04
 148.2885919,3.9567730e+04
 148.3090262,3.9566016e+04
 148.3294606,3.9583000e+04
 148.3498949,3.9584164e+04
 148.3703293,3.9585586e+04
 148.3907636,3.9580332e+04
 148.4111980,3.9579367e+04
 148.4316324,3.9585215e+04
 148.4520668,3.9570355e+04
 148.4725011,3.9582000e+04
 148.4929355,3.9570969e+04
 148.5133698,3.9575910e+04
 148.5338041,3.9579848e+04
 148.5542386,3.9571836e+04
 148.5746729,3.9574293e+04
 148.5951072,3.9580766e+04
 148.6155416,3.9576387e+04
 148.6359760,3.9565844e+04
 148.6564103,3.9580941e+04
 148.6768446,3.9562328e+04
 148.6972791,3.9586613e+04
 148.7177133,3.9574312e+04
 148.7381477,3.9572582e+04
 148.7585822,3.9585434e+04
 148.7790165,3.9578762e+04
 148.7994508,3.9583781e+04
 148.8198852,3.9584855e+04
 148.8403196,3.9580703e+04
 148.8607539,3.9583055e+04
 148.8811882,3.9581074e+04
 148.9016227,3.9563121e+04
 148.9220570,3.9578395e+04
 148.9424913,3.9580406e+04
 148.9629257,3.9578594e+04
 148.9833600,3.9585070e+04
 149.0037944,3.9582102e+04
 149.0242287,3.9578719e+04
 149.0446630,3.9577926e+04
 149.0650975,3.9571020e+04
 149.0855318,3.9575203e+04
 149.1059661,3.9576855e+04
 149.1264005,3.9575078e+04
 149.1468349,3.9579902e+04
 149.1672692,3.9569258e+04
 149.1877035,3.9579820e+04
 149.2081380,3.9573684e+04
 149.2285723,3.9583094e+04
 149.2490066,3.9582039e+04
 149.2694411,3.9573223e+04
 149.2898754,3.9576574e+04
 149.3103097,         null
 149.3307440,3.9568160e+04
 149.3511785,3.9578938e+04
 149.3716127,3.9589258e+04
 149.3920471,3.9575668e+04
 149.4124816,3.9568336e+04
 149.4329158,3.9583227e+04
 149.4533502,3.9575949e+04
 149.4737845,3.9578934e+04
 149.4942189,3.9590609e+04
 149.5146532,3.9575133e+04
 149.5350876,3.9590762e+04
 149.5555221,3.9571621e+04
 149.5759563,3.9583016e+04
 149.5963907,3.9571484e+04
 149.6168249,3.9585410e+04
 149.6372594,3.9589020e+04
 149.6576937,3.9583863e+04
 149.6781280,3.9578840e+04
 149.6985623,3.9584258e+04
 149.7189968,3.9583520e+04
 149.7394312,3.9583738e+04
 149.7598654,3.9579062e+04
 149.7802999,3.9578266e+04
 149.8007342,3.9588008e+04
 149.8211685,3.9581434e+04
 149.8416028,3.9564922e+04
 149.8620373,3.9565754e+04
 149.8824716,3.9572062e+04
 149.9029059,3.9552785e+04
 149.9233404,3.9567223e+04
 149.9437747,3.9573367e+04
 149.9642091,3.9576695e+04
 149.9846433,3.9577758e+04
 150.0050778,3.9582309e+04
 150.0255121,3.9568184e+04
 150.0459464,3.9580359e+04
 150.0663808,3.9572082e+04
 150.0868152,3.9579891e+04
 150.1072494,3.9569422e+04
 150.1276838,3.9569645e+04
 150.1481183,3.9579914e+04
 150.1685525,3.9575258e+04
 150.1889869,3.9574637e+04
 150.2094213,3.9577703e+04
 150.2298556,3.9588418e+04
 150.2502899,3.9569781e+04
 150.2707243,3.9585844e+04
 150.2911587,3.9575102e+04
 150.3115930,3.9589566e+04
 150.3320273,3.9582613e+04
 150.3524616,3.9575969e+04
 150.3728960,3.9582746e+04
 150.3933304,3.9573164e+04
 150.4137646,3.9588746e+04
 150.4341991,3.9577312e+04
 150.4546334,3.9573977e+04
 150.4750678,3.9582855e+04
 150.4955021,3.9584004e+04
 150.5159365,3.9593656e+04
 150.5363709,3.9574047e+04
 150.5568051,3.9588648e+04
 150.5772396,3.9576488e+04
 150.5976739,3.9570887e+04
 150.6181082,3.9575961e+04
 150.6385425,3.9557867e+04
 150.6589770,3.9577180e+04
 150.6794112,3.9572184e+04
 150.6998456,3.9577762e+04
 150.7202800,3.9568441e+04
 150.7407144,3.9581551e+04
 150.7611486,3.9569312e+04
 150.7815830,3.9574688e+04
 150.8020174,3.9574453e+04
 150.8224517,3.9589398e+04
 150.8428860,3.9573973e+04
 150.8633205,3.9574918e+04
 150.8837547,3.9588371e+04
 150.9041891,3.9578781e+04
 150.9246234,3.9569383e+04
 150.9450578,3.9571992e+04
 150.9654921,3.9580207e+04
 150.9859265,3.9571719e+04
 151.0063607,3.9562383e+04
 151.0267952,3.9576879e+04
 151.0472295,3.9574316e+04
 151.0676638,3.9578055e+04
 151.0880982,3.9584395e+04
 151.1085326,3.9582988e+04
 151.1289668,3.9579125e+04
 151.1494012,3.9583758e+04
 151.1698356,3.9578676e+04
 151.1902699,3.9576090e+04
 151.2107042,3.9572359e+04
 151.2311387,3.9583992e+04
 151.2515730,3.9585621e+04
 151.2720073,3.9576848e+04
 151.2924416,3.9587738e+04
 151.3128760,3.9577773e+04
 151.3333103,3.9570645e+04
 151.3537446,3.9579164e+04
 151.3741791,3.9564875e+04
 151.3946133,3.9572254e+04
 151.4150477,3.9578238e+04
 151.4354820,3.9575957e+04
 151.4559164,3.9568426e+04
 151.4763507,3.9576715e+04
 151.4967851,3.9581844e+04
 151.5172194,3.9581941e+04
 151.5376538,3.9571008e+04
 151.5580881,3.9576293e+04
 151.5785225,3.9580656e+04
 151.5989569,3.9574410e+04
 151.6193912,3.9581578e+04
 151.6398255,3.9585648e+04
 151.6602598,         null
 151.6806942,3.9566938e+04
 151.7011285,3.9585914e+04
 151.7215629,3.9579012e+04
 151.7419972,3.9591336e+04
 151.7624316,3.9589918e+04
 151.7828659,3.9575777e+04
 151.8033002,3.9577965e+04
 151.8237346,3.9588051e+04
 151.8441690,3.9581781e+04
 151.8646032,3.9586352e+04
 151.8850376,3.9581785e+04
 151.9054720,3.9582289e+04
 151.9259062,3.9580570e+04
 151.9463406,3.9571281e+04
 151.9667750,3.9579285e+04
 151.9872094,3.9582891e+04
 152.0076436,3.9563824e+04
 152.0280781,3.9579930e+04
 152.0485124,3.9588480e+04
 152.0689466,3.9585809e+04
 152.0893810,3.9581664e+04
 152.1098154,3.9580457e+04
 152.1302497,3.9579504e+04
 152.1506840,3.9583086e+04
 152.1711184,3.9583145e+04
 152.1915527,3.9583188e+04
 152.2119870,3.9581883e+04
 152.2324214,3.9577875e+04
 152.2528558,3.9578738e+04
 152.2732901,3.9578926e+04
 152.2937244,         null
 152.3141587,3.9584180e+04
 152.3345931,3.9576199e+04
 152.3550274,3.9573285e+04
 152.3754617,3.9581047e+04
 152.3958961,3.9572824e+04
 152.4163305,3.9588715e+04
 152.4367648,3.9584652e+04
 152.4571990,3.9573570e+04
 152.4776335,3.9582203e+04
 152.4980678,3.9575836e+04
 152.5185021,3.9585883e+04
 152.5389365,3.9575715e+04
 152.5593709,3.9580809e+04
 152.5798051,3.9574496e+04
 152.6002394,3.9583973e+04
 152.6206739,3.9576320e+04
 152.6411081,3.9567109e+04
 152.6615425,         null
 152.6819768,3.9577910e+04
 152.7024111,3.9573703e+04
 152.7228455,3.9586020e+04
 152.7432798,3.9581445e+04
 152.7637143,3.9579480e+04
 152.7841485,3.9584879e+04
 152.8045828,3.9576477e+04
 152.8250171,3.9594922e+04
 152.8454515,3.9583426e+04
 152.8658859,3.9581996e+04
 152.8863201,3.9587105e+04
 152.9067545,3.9584828e+04
 152.9271889,3.9568320e+04
 152.9476232,3.9585555e+04
 152.9680575,3.9589012e+04
 152.9884919,3.9575617e+04
 153.0089262,3.9581438e+04
 153.0293605,3.9573906e+04
 153.0497949,3.9569617e+04
 153.0702292,3.9579164e+04
 153.0906635,3.9576723e+04
 153.1110978,3.9580254e+04
 153.1315323,3.9569531e+04
 153.1519665,3.9567363e+04
 153.1724008,3.9584809e+04
 153.1928352,3.9586387e+04
 153.2132696,3.9586672e+04
 153.2337039,3.9574816e+04
 153.2541382,3.9578957e+04
 153.2745726,3.9607699e+04
 153.2950070,3.9571656e+04
 153.3154412,3.9579094e+04
 153.3358755,3.9577512e+04
 153.3563099,3.9574391e+04
 153.3767442,3.9562672e+04
 153.3971785,3.9566141e+04
 153.4176130,3.9580469e+04
 153.4380473,3.9579992e+04
 153.4584815,3.9585074e+04
 153.4789159,3.9569609e+04
 153.4993503,3.9572836e+04
 153.5197846,3.9579383e+04
 153.5402189,3.9569113e+04
 153.5606533,3.9571547e+04
 153.5810876,3.9573785e+04
 153.6015219,3.9575102e+04
 153.6219562,3.9571145e+04
 153.6423906,3.9590273e+04
 153.6628249,3.9565418e+04
 153.6832592,3.9577391e+04
 153.7036935,3.9574633e+04
 153.7241279,3.9573117e+04
 153.7445622,3.9571582e+04
 153.7649965,3.9575711e+04
 153.7854309,3.9579496e+04
 153.8058652,3.9584438e+04
 153.8262995,3.9581543e+04
 153.8467338,3.9587684e+04
 153.8671682,3.9584855e+04
 153.8876025,3.9591969e+04
 153.9080368,3.9584801e+04
 153.9284712,3.9583176e+04
 153.9489056,3.9572219e+04
 153.9693398,3.9582590e+04
 153.9897741,3.9582801e+04
 154.0102086,3.9572098e+04
 154.0306428,3.9577414e+04
 154.0510771,3.9576648e+04
 154.0715116,3.9583309e+04
 154.0919458,3.9581852e+04
 154.1123801,3.9571109e+04
 154.1328145,3.9581324e+04
 154.1532488,3.9589758e+04
 154.1736831,3.9590914e+04
 154.1941175,3.9586656e+04
 154.2145518,3.9580426e+04
 154.2349861,3.9568758e+04
 154.2554205,3.9576617e+04
 154.2758547,3.9577750e+04
 154.2962891,3.9579398e+04
 154.3167235,3.9577598e+04
 154.3371577,3.9586195e+04
 154.3575920,3.9575230e+04
 154.3780265,3.9582414e+04
 154.3984607,3.9579250e+04
 154.4188950,3.9585762e+04
 154.4393294,3.9582047e+04
 154.4597638,3.9580629e+04
 154.4801980,3.9576746e+04
 154.5006323,3.9577637e+04
 154.5210668,3.9580094e+04
 154.5415010,3.9575895e+04
 154.5619353,3.9570598e+04
 154.5823698,3.9575520e+04
 154.6028040,3.9566543e+04
 154.6232383,3.9586383e+04
 154.6436726,3.9571461e+04
 154.6641070,3.9585445e+04
 154.6845413,3.9573180e+04
 154.7049756,3.9569594e+04
 154.7254101,3.9576141e+04
 154.7458443,3.9595832e+04
 154.7662786,3.9576375e+04
 154.7867129,3.9582574e+04
 154.8071473,3.9579770e+04
 154.8275816,3.9582223e+04
 154.8480158,3.9581969e+04
 154.8684503,3.9579047e+04
 154.8888846,3.9578332e+04
 154.9093189,3.9585438e+04
 154.9297532,3.9582453e+04
 154.9501876,3.9573684e+04
 154.9706219,3.9579809e+04
 154.9910562,3.9586684e+04
 155.0114904,3.9573949e+04
 155.0319249,3.9577398e+04
 155.0523592,3.9576234e+04
 155.0727934,3.9576281e+04
 155.0932279,3.9585500e+04
 155.1136622,3.9577613e+04
 155.1340964,3.9582320e+04
 155.1545307,3.9576410e+04
 155.1749652,3.9572961e+04
 155.1953995,3.9606777e+04
 155.2158337,3.9576531e+04
 155.2362680,3.9586512e+04
 155.2567025,3.9571297e+04
 155.2771367,         null
 155.2975710,3.9585941e+04
 155.3180054,3.9572090e+04
 155.3384397,3.9575445e+04
 155.3588740,3.9566598e+04
 155.3793083,3.9565641e+04
 155.3997426,3.9575004e+04
 155.4201770,3.9574758e+04
 155.4406113,3.9580562e+04
 155.4610457,3.9575945e+04
 155.4814799,3.9565484e+04
 155.5019143,3.9582398e+04
 155.5223485,3.9574547e+04
 155.5427829,3.9580195e+04
 155.5632172,         null
 155.5836515,3.9583176e+04
 155.6040859,3.9574434e+04
 155.6245202,3.9575410e+04
 155.6449545,3.9592785e+04
 155.6653887,3.9579500e+04
 155.6858232,3.9585090e+04
 155.7062575,3.9566570e+04
 155.7266917,3.9588277e+04
 155.7471260,3.9577305e+04
 155.7675605,3.9577059e+04
 155.7879947,3.9581625e+04
 155.8084290,3.9585168e+04
 155.8288634,3.9581777e+04
 155.8492976,3.9566219e+04
 155.8697320,3.9586785e+04
 155.8901663,3.9576180e+04
 155.9106007,3.9589957e+04
 155.9310349,3.9583953e+04
 155.9514693,3.9574164e+04
 155.9719037,3.9578809e+04
 155.9923379,3.9572512e+04
 156.0127722,3.9577141e+04
 156.0332064,3.9587969e+04
 156.0536409,3.9578316e+04
 156.0740752,3.9568957e+04
 156.0945095,3.9582742e+04
 156.1149438,3.9576121e+04
 156.1353781,3.9594961e+04
 156.1558125,3.9582480e+04
 156.1762467,3.9581023e+04
 156.1966811,3.9573656e+04
 156.2171154,3.9570344e+04
 156.2375496,3.9583637e+04
 156.2579840,3.9572676e+04
 156.2784184,3.9570898e+04
 156.2988526,3.9581340e+04
 156.3192869,3.9575539e+04
 156.3397213,3.9591273e+04
 156.3601556,3.9587738e+04
 156.3805899,3.9573809e+04
 156.4010242,3.9572086e+04
 156.4214586,3.9585809e+04
 156.4418928,3.9583910e+04
 156.4623271,3.9583418e+04
 156.4827616,3.9580383e+04
 156.5031958,3.9576805e+04
 156.5236301,3.9569758e+04
 156.5440644,3.9576074e+04
 156.5644987,3.9569570e+04
 156.5849331,3.9581828e+04
 156.6053674,3.9571477e+04
 156.6258017,3.9579656e+04
 156.6462360,3.9580316e+04
 156.6666703,3.9569750e+04
 156.6871046,3.9571758e+04
 156.7075390,3.9571938e+04
 156.7279733,3.9584566e+04
 156.7484076,3.9577285e+04
 156.7688418,3.9564480e+04
 156.7892762,3.9571910e+04
 156.8097105,3.9570328e+04
 156.8301449,3.9575504e+04
 156.8505792,3.9587285e+04
 156.8710135,3.9585016e+04
 156.8914478,3.9569379e+04
 156.9118820,3.9582051e+04
 156.9323164,3.9567074e+04
 156.9527507,3.9582168e+04
 156.9731850,3.9574074e+04
 156.9936194,3.9576203e+04
 157.0140537,3.9561414e+04
 157.0344879,3.9581348e+04
 157.0549222,3.9583625e+04
 157.0753566,3.9572453e+04
 157.0957909,3.9567680e+04
 157.1162252,3.9572305e+04
 157.1366596,3.9569570e+04
 157.1570939,3.9592055e+04
 157.1775281,3.9568613e+04
 157.1979624,3.9574480e+04
 157.2183968,3.9574910e+04
 157.2388310,3.9584527e+04
 157.2592654,3.9585070e+04
 157.2796997,3.9569387e+04
 157.3001340,3.9569922e+04
 157.3205683,3.9581691e+04
 157.3410026,3.9580516e+04
 157.3614369,3.9575789e+04
 157.3818712,3.9577281e+04
 157.4023055,3.9576262e+04
 157.4227398,3.9565312e+04
 157.4431742,3.9588566e+04
 157.4636085,3.9582117e+04
 157.4840427,3.9575809e+04
 157.5044771,3.9588836e+04
 157.5249114,3.9580125e+04
 157.5453456,3.9581156e+04
 157.5657799,3.9571617e+04
 157.5862144,3.9568508e+04
 157.6066486,3.9573016e+04
 157.6270829,3.9583980e+04
 157.6475173,3.9576566e+04
 157.6679516,3.9577824e+04
 157.6883858,3.9579207e+04
 157.7088201,3.9570918e+04
 157.7292545,3.9575348e+04
 157.7496887,3.9583867e+04
 157.7701230,3.9580434e+04
 157.7905575,3.9580234e+04
 157.8109917,3.9582141e+04
 157.8314260,3.9579184e+04
 157.8518603,3.9587066e+04
 157.8722946,3.9577906e+04
 157.8927289,3.9574672e+04
 157.9131632,3.9570848e+04
 157.9335974,3.9579164e+04
 157.9540318,3.9574754e+04
 157.9744661,3.9587297e+04
 157.9949003,3.9584250e+04
 158.0153348,3.9575414e+04
 158.0357691,3.9580879e+04
 158.0562033,3.9583324e+04
 158.0766376,3.9576016e+04
 158.0970720,3.9587492e+04
 158.1175063,3.9567168e+04
 158.1379405,3.9574184e+04
 158.1583749,3.9574715e+04
 158.1788092,3.9575402e+04
 158.1992434,3.9575543e+04
 158.2196777,3.9577000e+04
 158.2401121,3.9587320e+04
 158.2605463,         null
 158.2809807,3.9581781e+04
 158.3014151,3.9584504e+04
 158.3218494,3.9580387e+04
 158.3422836,3.9573625e+04
 158.3627179,3.9576609e+04
 158.3831523,3.9573234e+04
 158.4035866,3.9572133e+04
 158.4240208,3.9577719e+04
 158.4444551,3.9575191e+04
 158.4648895,3.9579184e+04
 158.4853237,3.9585184e+04
 158.5057580,3.9575840e+04
 158.5261924,3.9584051e+04
 158.5466266,3.9568086e+04
 158.5670609,3.9570117e+04
 158.5874952,3.9589609e+04
 158.6079295,3.9573676e+04
 158.6283638,3.9561980e+04
 158.6487981,3.9588430e+04
 158.6692326,3.9584535e+04
 158.6896668,3.9581219e+04
 158.7101011,3.9567148e+04
 158.7305353,3.9579988e+04
 158.7509697,3.9570645e+04
 158.7714040,3.9567305e+04
 158.7918383,3.9564344e+04
 158.8122726,3.9583801e+04
 158.8327069,3.9574230e+04
 158.8531412,3.9580809e+04
 158.8735754,3.9574656e+04
 158.8940098,3.9576727e+04
 158.9144441,3.9567617e+04
 158.9348783,3.9579625e+04
 158.9553127,3.9580598e+04
 158.9757470,3.9589211e+04
 158.9961812,3.9574973e+04
 159.0166155,3.9568602e+04
 159.0370499,3.9566320e+04
 159.0574841,3.9568438e+04
 159.0779184,3.9580508e+04
 159.0983527,3.9585668e+04
 159.1187871,3.9579613e+04
 159.1392213,3.9570727e+04
 159.1596556,3.9567727e+04
 159.1800900,3.9584230e+04
 159.2005242,3.9579988e+04
 159.2209585,3.9578332e+04
 159.2413927,3.9568844e+04
 159.2618271,3.9583957e+04
 159.2822614,3.9581875e+04
 159.3026957,3.9583328e+04
 159.3231300,3.9572223e+04
 159.3435643,3.9576188e+04
 159.3639986,3.9570180e+04
 159.3844328,3.9574434e+04
 159.4048672,3.9576562e+04
 159.4253015,3.9577910e+04
 159.4457357,3.9582211e+04
 159.4661701,3.9580160e+04
 159.4866044,3.9579152e+04
 159.5070386,3.9585227e+04
 159.5274729,3.9576609e+04
 159.5479073,3.9587844e+04
 159.5683415,3.9573973e+04
 159.5887758,3.9578961e+04
 159.6092101,3.9582129e+04
 159.6296445,3.9586711e+04
 159.6500787,3.9572840e+04
 159.6705130,3.9575797e+04
 159.6909474,3.9582680e+04
 159.7113816,3.9589016e+04
 159.7318159,3.9562586e+04
 159.7522502,3.9568543e+04
 159.7726845,3.9582703e+04
 159.7931188,3.9582016e+04
 159.8135531,3.9585988e+04
 159.8339874,3.9579613e+04
 159.8544216,3.9575250e+04
 159.8748559,3.9587047e+04
 159.8952901,3.9583809e+04
 159.9157245,3.9582684e+04
 159.9361588,3.9582215e+04
 159.9565931,3.9571301e+04
 159.9770274,3.9581422e+04
 159.9974617,3.9577754e+04
 160.0178960,3.9578137e+04
 160.0383303,3.9573758e+04
 160.0587646,3.9589059e+04
 160.0791989,3.9587250e+04
 160.0996332,3.9575004e+04
 160.1200674,3.9579734e+04
 160.1405018,3.9564398e+04
 160.1609361,3.9576277e+04
 160.1813703,3.9591238e+04
 160.2018047,3.9574180e+04
 160.2222390,3.9584246e+04
 160.2426731,3.9584207e+04
 160.2631074,3.9568145e+04
 160.2835418,3.9569016e+04
 160.3039760,3.9581230e+04
 160.3244103,3.9568094e+04
 160.3448447,3.9574113e+04
 160.3652790,3.9579129e+04
 160.3857132,3.9578711e+04
 160.4061475,3.9580363e+04
 160.4265819,3.9567090e+04
 160.4470161,3.9590211e+04
 160.4674504,3.9582699e+04
 160.4878848,3.9573117e+04
 160.5083189,3.9589180e+04
 160.5287532,3.9582695e+04
 160.5491875,3.9571547e+04
 160.5696218,3.9572914e+04
 160.5900561,3.9579758e+04
 160.6104904,3.9576320e+04
 160.6309246,3.9566180e+04
 160.6513590,3.9582109e+04
 160.6717933,3.9574984e+04
 160.6922275,3.9575367e+04
 160.7126619,3.9572336e+04
 160.7330961,3.9573621e+04
 160.7535303,3.9570762e+04
 160.7739646,3.9565078e+04
 160.7943990,3.9583660e+04
 160.8148333,3.9572609e+04
 160.8352675,3.9569258e+04
 160.8557019,3.9573387e+04
 160.8761362,3.9580812e+04
 160.8965704,3.9575191e+04
 160.9170046,3.9577184e+04
 160.9374390,3.9591914e+04
 160.9578732,3.9580434e+04
 160.9783075,3.9584656e+04
 160.9987419,3.9572426e+04
 161.0191761,3.9578418e+04
 161.0396104,3.9575766e+04
 161.0600447,3.9586270e+04
 161.0804790,3.9580430e+04
 161.1009132,3.9571719e+04
 161.1213475,3.9578328e+04
 161.1417819,3.9580848e+04
 161.1622161,3.9585008e+04
 161.1826504,3.9566578e+04
 161.2030846,3.9566691e+04
 161.2235190,3.9574211e+04
 161.2439532,         null
 161.2643875,3.9584152e+04
 161.2848217,3.9586168e+04
 161.3052561,3.9579117e+04
 161.3256904,3.9578531e+04
 161.3461246,3.9583707e+04
 161.3665590,3.9568480e+04
 161.3869932,3.9568613e+04
 161.4074274,3.9574398e+04
 161.4278617,3.9578664e+04
 161.4482961,3.9577375e+04
 161.4687303,3.9572270e+04
 161.4891646,3.9584379e+04
 161.5095990,3.9577359e+04
 161.5300331,3.9582715e+04
 161.5504674,3.9586023e+04
 161.5709017,3.9561641e+04
 161.5913361,3.9574996e+04
 161.6117703,3.9583777e+04
 161.6322046,3.9590387e+04
 161.6526389,3.9587133e+04
 161.6730732,3.9580379e+04
 161.6935074,3.9571441e+04
 161.7139417,3.9581113e+04
 161.7343761,3.9580098e+04
 161.7548103,3.9583438e+04
 161.7752445,3.9565508e+04
 161.7956788,3.9580094e+04
 161.8161131,3.9569148e+04
 161.8365474,3.9574543e+04
 161.8569817,3.9575055e+04
 161.8774161,3.9571434e+04
 161.8978502,3.9572973e+04
 161.9182845,3.9577828e+04
 161.9387187,3.9579117e+04
 161.9591531,3.9577727e+04
 161.9795874,3.9577547e+04
 162.0000216,3.9578574e+04
 162.0204559,3.9577570e+04
 162.0408902,3.9586504e+04
 162.0613245,3.9576352e+04
 162.0817587,3.9579734e+04
 162.1021930,3.9580539e+04
 162.1226273,3.9576902e+04
 162.1430615,3.9579277e+04
 162.1634959,3.9573883e+04
 162.1839302,3.9577082e+04
 162.2043643,3.9588734e+04
 162.2247986,3.9564023e+04
 162.2452330,3.9584020e+04
 162.2656672,3.9575449e+04
 162.2861015,3.9580836e+04
 162.3065358,3.9580652e+04
 162.3269701,3.9567844e+04
 162.3474043,3.9576879e+04
 162.3678386,3.9568094e+04
 162.3882729,3.9578004e+04
 162.4087071,3.9584992e+04
 162.4291414,3.9573676e+04
 162.4495756,3.9577086e+04
 162.4700100,3.9584902e+04
 162.4904442,3.9576543e+04
 162.5108779,3.9568426e+04
 162.5313123,3.9571090e+04
 162.5517465,3.9572805e+04
 162.5721807,3.9577414e+04
 162.5926150,3.9573473e+04
 162.6130494,3.9583039e+04
 162.6334836,3.9588699e+04
 162.6539179,3.9580621e+04
 162.6743522,3.9577543e+04
 162.6947864,3.9585273e+04
 162.7152207,3.9587000e+04
 162.7356550,3.9589594e+04
 162.7560892,3.9580988e+04
 162.7765235,3.9586148e+04
 162.7969578,3.9574020e+04
 162.8173921,3.9583805e+04
 162.8378263,3.9580844e+04
 162.8582606,3.9576594e+04
 162.8786948,3.9587355e+04
 162.8991292,3.9581070e+04
 162.9195634,3.9579391e+04
 162.9399976,3.9588457e+04
 162.9604319,3.9569227e+04
 162.9808663,3.9571328e+04
 163.0013004,3.9587910e+04
 163.0217347,3.9568590e+04
 163.0421691,3.9578805e+04
 163.0626033,3.9572125e+04
 163.0830375,3.9577941e+04
 163.1034718,3.9572539e+04
 163.1239062,3.9575996e+04
 163.1443403,3.9565918e+04
 163.1647746,3.9586219e+04
 163.1852090,3.9580871e+04
 163.2056432,3.9575445e+04
 163.2260774,3.9573344e+04
 163.2465117,3.9584840e+04
 163.2669460,3.9579270e+04
 163.2873802,3.9582414e+04
 163.3078145,3.9584418e+04
 163.3282489,3.9581469e+04
 163.3486831,3.9571168e+04
 163.3691173,3.9575508e+04
 163.3895515,3.9568172e+04
 163.4099859,3.9593207e+04
 163.4304201,3.9573156e+04
 163.4508543,3.9577461e+04
 163.4712887,3.9577496e+04
 163.4917229,3.9576051e+04
 163.5121572,3.9585254e+04
 163.5325914,3.9579953e+04
 163.5530258,3.9571605e+04
 163.5734600,3.9579883e+04
 163.5938942,3.9574973e+04
 163.6143285,3.9576773e+04
 163.6347628,3.9587207e+04
 163.6551970,3.9576746e+04
 163.6756313,3.9567090e+04
 163.6960656,3.9574824e+04
 163.7164998,3.9569094e+04
 163.7369341,3.9580801e+04
 163.7573683,3.9564133e+04
 163.7778026,3.9563707e+04
 163.7982369,3.9575410e+04
 163.8186711,3.9583305e+04
 163.8391055,3.9582832e+04
 163.8595397,3.9571703e+04
 163.8799739,3.9566625e+04
 163.9004081,3.9590273e+04
 163.9208425,3.9577344e+04
 163.9412767,3.9569395e+04
 163.9617110,3.9560684e+04
 163.9821453,3.9567168e+04
 164.0025795,3.9582039e+04
 164.0230138,3.9582816e+04
 164.0434480,3.9582527e+04
 164.0638823,3.9579723e+04
 164.0843166,3.9584492e+04
 164.1047509,3.9553914e+04
 164.1251850,3.9584609e+04
 164.1456194,3.9584145e+04
 164.1660536,3.9582297e+04
 164.1864878,3.9575809e+04
 164.2069222,3.9569656e+04
 164.2273565,         null
 164.2477906,3.9569996e+04
 164.2682249,3.9566973e+04
 164.2886592,3.9578062e+04
 164.3090934,3.9580223e+04
 164.3295277,3.9582129e+04
 164.3499620,3.9575426e+04
 164.3703963,3.9557445e+04
 164.3908305,3.9571703e+04
 164.4112647,3.9579961e+04
 164.4316990,3.9567469e+04
 164.4521333,3.9575359e+04
 164.4725675,3.9579496e+04
 164.4930019,3.9580445e+04
 164.5134360,3.9583113e+04
 164.5338703,3.9567297e+04
 164.5543046,3.9586152e+04
 164.5747388,3.9584020e+04
 164.5951731,3.9572570e+04
 164.6156074,3.9561875e+04
 164.6360415,3.9579516e+04
 164.6564759,3.9577363e+04
 164.6769101,3.9579477e+04
 164.6973444,3.9582188e+04
 164.7177787,3.9577773e+04
 164.7382129,3.9571227e+04
 164.7586472,3.9567961e+04
 164.7790813,3.9574945e+04
 164.7995157,3.9581539e+04
 164.8199500,3.9567949e+04
 164.8403841,3.9581746e+04
 164.8608185,3.9583633e+04
 164.8812527,3.9576484e+04
 164.9016869,3.9577547e+04
 164.9221212,3.9569527e+04
 164.9425555,3.9570070e+04
 164.9629897,3.9580203e+04
 164.9834239,3.9576840e+04
