        TIME,  PDCSAP_FLUX
 131.5122325,4.9262605e+04
 131.5326672,4.9260141e+04
 131.5531018,4.9252590e+04
 131.5735362,4.9261422e+04
 131.5939708,4.9246848e+04
 131.6144055,4.9249117e+04
 131.6348399,4.9266906e+04
 131.6552745,4.9246109e+04
 131.6757091,4.9243168e+04
 131.6961437,4.9267094e+04
 131.7165782,4.9247102e+04
 131.7370127,4.9256535e+04
 131.7574474,4.9264383e+04
 131.7778819,4.9255137e+04
 131.7983164,4.9252652e+04
 131.8187511,4.9262453e+04
 131.8391855,4.9270195e+04
 131.8596201,4.9267527e+04
 131.8800547,4.9257992e+04
 131.9004892,4.9249020e+04
 131.9209238,4.9262715e+04
 131.9413584,4.9254250e+04
 131.9617929,4.9261629e+04
 131.9822275,4.9254391e+04
 132.0026620,4.9255145e+04
 132.0230965,4.9252652e+04
 132.0435312,4.9253281e+04
 132.0639657,4.9258973e+04
 132.0844002,4.9252422e+04
 132.1048347,4.9242141e+04
 132.1252694,4.9240062e+04
 132.1457039,4.9231910e+04
 132.1661384,4.9245781e+04
 132.1865731,4.9252754e+04
 132.2070077,4.9256602e+04
 132.2274421,4.9244742e+04
 132.2478767,4.9255176e+04
 132.2683113,4.9252215e+04
 132.2887458,4.9256590e+04
 132.3091804,4.9263133e+04
 132.3296150,4.9239207e+04
 132.3500495,4.9260211e+04
 132.3704840,4.9258520e+04
 132.3909186,4.9264242e+04
 132.4113532,4.9260250e+04
 132.4317877,4.9253301e+04
 132.4522223,4.9266406e+04
 132.4726569,4.9255457e+04
 132.4930914,4.9251445e+04
 132.5135260,4.9261531e+04
 132.5339604,4.9273516e+04
 132.5543951,4.9272023e+04
 132.5748296,4.9259594e+04
 132.5952641,4.9257699e+04
 132.6156988,4.9276680e+04
 132.6361333,4.9263688e+04
 132.6565679,4.9260488e+04
 132.6770023,4.9248379e+04
 132.6974370,4.9263742e+04
 132.7178716,4.9253953e+04
 132.7383060,4.9250098e+04
 132.7587407,4.9244230e+04
 132.7791752,4.9247781e+04
 132.7996097,4.9259953e+04
 132.8200443,4.9246801e+04
 132.8404789,4.9257707e+04
 132.8609134,4.9268359e+04
 132.8813479,4.9305039e+04
 132.9017826,4.9256559e+04
 132.9222170,4.9261668e+04
 132.9426516,4.9256934e+04
 132.9630862,4.9265527e+04
 132.9835208,4.9248930e+04
 133.0039553,4.9258066e+04
 133.0243898,4.9268242e+04
 133.0448244,4.9264516e+04
 133.0652590,4.9251199e+04
 133.0856935,4.9254691e+04
 133.1061281,4.9264309e+04
 133.1265626,4.9255211e+04
 133.1469972,4.9270004e+04
 133.1674317,4.9244672e+04
 133.1878663,4.9251309e+04
 133.2083010,4.9267344e+04
 133.2287354,4.9268664e+04
 133.2491700,4.9261336e+04
 133.2696045,4.9267836e+04
 133.2900391,4.9254238e+04
 133.3104737,4.9253680e+04
 133.3309081,4.9247578e+04
 133.3513428,4.9244570e+04
 133.3717773,4.9259352e+04
 133.3922119,4.9248977e+04
 133.4126464,4.9261875e+04
 133.4330810,4.9243051e+04
 133.4535156,4.9255395e+04
 133.4739500,4.9258035e+04
 133.4943847,4.9269000e+04
 133.5148192,4.9261930e+04
 133.5352537,4.9259699e+04
 133.5556883,4.9252836e+04
 133.5761229,4.9275664e+04
 133.5965574,4.9256605e+04
 133.6169919,4.9258195e+04
 133.6374266,4.9258816e+04
 133.6578611,4.9267000e+04
 133.6782956,4.9261906e+04
 133.6987302,4.9259195e+04
 133.7191648,4.9248750e+04
 133.7395992,4.9266676e+04
 133.7600338,4.9262191e+04
 133.7804685,4.9247895e+04
 133.8009029,4.9248992e+04
 133.8213375,4.9264383e+04
 133.8417720,4.9253254e+04
 133.8622066,4.9271527e+04
 133.8826411,4.9264906e+04
 133.9030757,4.9249098e+04
 133.9235102,4.9266090e+04
 133.9439448,4.9250383e+04
 133.9643794,4.9255793e+04
 133.9848138,4.9259301e+04
 134.0052485,4.9264031e+04
 134.0256830,4.9263004e+04
 134.0461175,4.9257359e+04
 134.0665521,4.9264797e+04
 134.0869867,4.9257305e+04
 134.1074211,4.9251105e+04
 134.1278557,4.9253309e+04
 134.1482904,4.9271867e+04
 134.1687249,4.9269586e+04
 134.1891594,4.9260926e+04
 134.2095940,4.9251645e+04
 134.2300286,4.9262445e+04
 134.2504630,4.9259965e+04
 134.2708976,4.9256570e+04
 134.2913322,4.9249598e+04
 134.3117667,4.9255207e+04
 134.3322012,4.9250160e+04
 134.3526359,4.9261297e+04
 134.3730704,4.9251684e+04
 134.3935049,         null
 134.4139395,4.9251277e+04
 134.4343740,4.9269746e+04
 134.4548086,4.9257988e+04
 134.4752431,4.9264961e+04
 134.4956778,4.9254898e+04
 134.5161122,4.9272355e+04
 134.5365468,4.9259832e+04
 134.5569812,4.9253707e+04
 134.5774159,4.9269156e+04
 134.5978504,4.9266379e+04
 134.6182849,4.9254086e+04
 134.6387194,4.9257535e+04
 134.6591541,4.9252855e+04
 134.6795887,4.9260395e+04
 134.7000232,4.9239453e+04
 134.7204578,4.9261848e+04
 134.7408923,4.9266152e+04
 134.7613268,4.9266855e+04
 134.7817613,4.9260879e+04
 134.8021960,4.9263531e+04
 134.8226305,4.9251410e+04
 134.8430650,4.9264102e+04
 134.8634996,4.9264828e+04
 134.8839342,4.9255398e+04
 134.9043687,4.9262836e+04
 134.9248032,4.9254027e+04
 134.9452378,4.9269559e+04
 134.9656724,4.9265820e+04
 134.9861068,4.9251500e+04
 135.0065415,4.9246141e+04
 135.0269760,4.9255656e+04
 135.0474105,4.9255988e+04
 135.0678450,4.9263914e+04
 135.0882797,4.9269504e+04
 135.1087141,4.9243242e+04
 135.1291487,4.9253258e+04
 135.1495834,4.9246527e+04
 135.1700179,4.9247500e+04
 135.1904524,4.9251465e+04
 135.2108869,4.9247051e+04
 135.2313216,4.9251977e+04
 135.2517560,4.9254590e+04
 135.2721906,4.9250668e+04
 135.2926250,4.9262727e+04
 135.3130597,4.9258977e+04
 135.3334942,4.9253168e+04
 135.3539287,4.9241957e+04
 135.3743633,4.9258977e+04
 135.3947979,4.9265133e+04
 135.4152324,4.9259660e+04
 135.4356669,4.9245930e+04
 135.4561015,4.9261812e+04
 135.4765361,4.9253660e+04
 135.4969705,4.9248824e+04
 135.5174052,4.9235488e+04
 135.5378397,4.9263785e+04
 135.5582742,4.9267762e+04
 135.5787087,4.9261562e+04
 135.5991434,4.9243070e+04
 135.6195778,4.9250969e+04
 135.6400124,4.9267168e+04
 135.6604470,4.9260680e+04
 135.6808816,4.9235070e+04
 135.7013160,4.9263328e+04
 135.7217506,4.9263914e+04
 135.7421852,4.9253586e+04
 135.7626197,4.9262438e+04
 135.7830542,4.9244875e+04
 135.8034888,4.9252008e+04
 135.8239233,4.9259621e+04
 135.8443578,4.9245145e+04
 135.8647924,4.9268867e+04
 135.8852269,4.9263422e+04
 135.9056615,4.9239340e+04
 135.9260960,4.9245234e+04
 135.9465305,4.9252809e+04
 135.9669651,4.9253711e+04
 135.9873997,4.9249055e+04
 136.0078341,4.9259160e+04
 136.0282688,4.9227605e+04
 136.0487033,4.9263121e+04
 136.0691378,4.9255012e+04
 136.0895723,4.9248938e+04
 136.1100070,4.9257367e+04
 136.1304415,4.9254004e+04
 136.1508760,4.9240555e+04
 136.1713106,4.9266434e+04
 136.1917452,4.9245484e+04
 136.2121796,4.9243812e+04
 136.2326142,4.9255488e+04
 136.2530488,4.9261547e+04
 136.2734832,4.9267117e+04
 136.2939178,4.9252895e+04
 136.3143524,4.9266918e+04
 136.3347869,4.9245477e+04
 136.3552214,4.9250766e+04
 136.3756560,4.9253598e+04
 136.3960905,4.9252695e+04
 136.4165251,4.9256633e+04
 136.4369596,4.9260723e+04
 136.4573943,4.9264027e+04
 136.4778287,4.9251000e+04
 136.4982633,4.9249152e+04
 136.5186978,4.9259594e+04
 136.5391324,4.9270121e+04
 136.5595669,4.9251285e+04
 136.5800014,4.9247844e+04
 136.6004360,4.9257551e+04
 136.6208705,4.9242395e+04
 136.6413051,4.9254469e+04
 136.6617396,4.9232848e+04
 136.6821742,4.9257938e+04
 136.7026087,4.9249535e+04
 136.7230433,4.9242613e+04
 136.7434777,4.9251473e+04
 136.7639124,4.9252234e+04
 136.7843469,4.9252824e+04
 136.8047813,4.9242949e+04
 136.8252160,4.9243191e+04
 136.8456505,4.9250746e+04
 136.8660851,4.9236789e+04
 136.8865195,4.9253449e+04
 136.9069542,4.9248105e+04
 136.9273887,4.9259465e+04
 136.9478232,4.9259332e+04
 136.9682578,4.9252035e+04
 136.9886923,4.9258277e+04
 137.0091268,4.9261738e+04
 137.0295613,4.9259785e+04
 137.0499960,4.9246707e+04
 137.0704304,4.9259168e+04
 137.0908650,4.9241453e+04
 137.1112996,4.9237855e+04
 137.1317340,4.9251977e+04
 137.1521686,4.9250062e+04
 137.1726031,4.9247688e+04
 137.1930378,4.9252270e+04
 137.2134722,4.9250152e+04
 137.2339068,4.9248543e+04
 137.2543412,4.9241281e+04
 137.2747758,4.9247203e+04
 137.2952104,4.9265414e+04
 137.3156448,4.9263000e+04
 137.3360795,4.9251617e+04
 137.3565140,4.9248047e+04
 137.3769486,         null
 137.3973830,4.9245098e+04
 137.4178176,4.9248355e+04
 137.4382522,4.9257191e+04
 137.4586866,4.9253602e+04
 137.4791213,4.9241801e+04
 137.4995558,4.9253020e+04
 137.5199903,4.9250684e+04
 137.5404248,4.9254809e+04
 137.5608594,4.9245871e+04
 137.5812939,4.9253359e+04
 137.6017284,4.9256621e+04
 137.6221631,4.9251816e+04
 137.6425976,4.9254051e+04
 137.6630320,4.9247566e+04
 137.6834666,4.9262625e+04
 137.7039012,4.9254543e+04
 137.7243357,4.9252332e+04
 137.7447702,4.9245164e+04
 137.7652048,4.9241340e+04
 137.7856393,4.9241219e+04
 137.8060738,4.9249773e+04
 137.8265083,4.9257219e+04
 137.8469429,4.9224438e+04
 137.8673775,4.9245691e+04
 137.8878120,4.9246996e+04
 137.9082464,4.9239832e+04
 137.9286811,4.9252617e+04
 137.9491156,4.9247617e+04
 137.9695501,4.9244660e+04
 137.9899847,4.9258289e+04
 138.0104192,4.9251742e+04
 138.0308537,4.9253176e+04
 138.0512882,4.9250707e+04
 138.0717228,4.9257617e+04
 138.0921574,4.9250375e+04
 138.1125918,4.9251523e+04
 138.1330265,4.9244570e+04
 138.1534610,4.9248344e+04
 138.1738954,4.9246809e+04
 138.1943300,4.9243941e+04
 138.2147646,4.9251879e+04
 138.2351992,4.9258559e+04
 138.2556336,4.9247781e+04
 138.2760682,4.9249961e+04
 138.2965028,4.9253535e+04
 138.3169372,4.9251535e+04
 138.3373718,4.9250020e+04
 138.3578064,4.9245441e+04
 138.3782409,4.9240367e+04
 138.3986754,4.9252938e+04
 138.4191100,4.9248492e+04
 138.4395445,4.9240312e+04
 138.4599790,4.9240328e+04
 138.4804135,4.9237836e+04
 138.5008482,4.9250707e+04
 138.5212826,4.9239410e+04
 138.5417171,4.9253094e+04
 138.5621517,4.9247094e+04
 138.5825862,4.9245457e+04
 138.6030207,4.9243297e+04
 138.6234553,4.9245746e+04
 138.6438898,4.9241125e+04
 138.6643244,4.9232234e+04
 138.6847589,4.9262324e+04
 138.7051933,4.9238223e+04
 138.7256280,4.9245539e+04
 138.7460625,4.9255641e+04
 138.7664969,4.9250539e+04
 138.7869316,4.9233285e+04
 138.8073661,4.9243145e+04
 138.8278005,4.9246863e+04
 138.8482351,4.9238254e+04
 138.8686697,4.9228617e+04
 138.8891042,4.9246191e+04
 138.9095387,4.9237969e+04
 138.9299733,4.9251164e+04
 138.9504079,4.9249473e+04
 138.9708423,4.9238109e+04
 138.9912768,4.9236543e+04
 139.0117115,4.9235668e+04
 139.0321459,4.9231750e+04
 139.0525804,4.9235145e+04
 139.0730151,4.9231891e+04
 139.0934495,4.9241754e+04
 139.1138840,4.9229367e+04
 139.1343186,4.9255391e+04
 139.1547531,4.9238969e+04
 139.1751876,4.9243449e+04
 139.1956222,4.9243398e+04
 139.2160566,4.9235375e+04
 139.2364912,4.9254680e+04
 139.2569258,4.9248828e+04
 139.2773602,4.9252574e+04
 139.2977948,4.9244871e+04
 139.3182294,4.9232004e+04
 139.3386639,4.9244027e+04
 139.3590983,4.9236637e+04
 139.3795330,4.9226781e+04
 139.3999675,4.9233434e+04
 139.4204019,4.9246375e+04
 139.4408366,4.9236152e+04
 139.4612711,4.9234523e+04
 139.4817055,4.9222465e+04
 139.5021401,4.9239812e+04
 139.5225747,4.9242898e+04
 139.5430091,4.9242867e+04
 139.5634437,4.9236398e+04
 139.5838783,4.9242523e+04
 139.6043127,4.9241984e+04
 139.6247473,4.9238059e+04
 139.6451818,4.9240355e+04
 139.6656164,4.9241832e+04
 139.6860509,4.9237211e+04
 139.7064854,4.9241109e+04
 139.7269199,4.9241312e+04
 139.7473545,4.9232457e+04
 139.7677890,4.9243895e+04
 139.7882235,4.9233871e+04
 139.8086581,4.9240430e+04
 139.8290926,4.9239664e+04
 139.8495271,4.9231039e+04
 139.8699617,4.9238633e+04
 139.8903962,4.9238621e+04
 139.9108307,4.9226695e+04
 139.9312652,4.9244859e+04
 139.9516999,4.9241441e+04
 139.9721343,4.9239594e+04
 139.9925688,4.9230078e+04
 140.0130033,4.9235258e+04
 140.0334379,4.9235699e+04
 140.0538724,4.9231395e+04
 140.0743070,4.9240734e+04
 140.0947415,4.9231797e+04
 140.1151760,4.9229461e+04
 140.1356105,4.9236703e+04
 140.1560450,4.9247449e+04
 140.1764796,4.9222266e+04
 140.1969141,4.9237617e+04
 140.2173486,4.9236684e+04
 140.2377832,4.9225605e+04
 140.2582177,4.9234484e+04
 140.2786522,4.9238926e+04
 140.2990867,4.9232266e+04
 140.3195213,4.9245094e+04
 140.3399557,4.9235047e+04
 140.3603903,         null
 140.3808248,4.9236898e+04
 140.4012594,4.9242746e+04
 140.4216939,4.9237941e+04
 140.4421284,4.9232797e+04
 140.4625630,4.9237750e+04
 140.4829974,4.9229629e+04
 140.5034320,4.9230910e+04
 140.5238664,4.9236133e+04
 140.5443010,4.9241875e+04
 140.5647355,4.9231664e+04
 140.5851701,4.9234855e+04
 140.6056046,4.9241574e+04
 140.6260391,4.9242273e+04
 140.6464737,4.9225227e+04
 140.6669081,4.9234312e+04
 140.6873427,4.9226898e+04
 140.7077772,4.9234785e+04
 140.7282117,4.9229730e+04
 140.7486463,4.9227008e+04
 140.7690808,4.9220117e+04
 140.7895152,4.9214602e+04
 140.8099498,4.9239555e+04
 140.8303844,4.9211867e+04
 140.8508189,4.9244836e+04
 140.8712534,4.9235434e+04
 140.8916879,4.9216602e+04
 140.9121225,4.9233699e+04
 140.9325569,4.9220156e+04
 140.9529915,4.9237738e+04
 140.9734261,4.9240754e+04
 140.9938605,4.9218109e+04
 141.0142950,4.9231340e+04
 141.0347296,4.9231062e+04
 141.0551641,4.9218527e+04
 141.0755986,4.9231246e+04
 141.0960331,4.9237020e+04
 141.1164677,4.9232602e+04
 141.1369022,4.9242773e+04
 141.1573367,4.9235391e+04
 141.1777711,4.9224805e+04
 141.1982058,4.9222645e+04
 141.2186403,4.9236129e+04
 141.2390747,4.9215082e+04
 141.2595093,4.9231605e+04
 141.2799439,4.9212395e+04
 141.3003783,4.9241770e+04
 141.3208128,4.9236996e+04
 141.3412474,4.9230078e+04
 141.3616819,4.9223426e+04
 141.3821164,4.9240332e+04
 141.4025509,4.9236734e+04
 141.4229855,4.9229562e+04
 141.4434200,4.9229672e+04
 141.4638545,4.9228766e+04
 141.4842891,4.9240375e+04
 141.5047236,4.9247316e+04
 141.5251580,4.9235887e+04
 141.5455926,4.9239309e+04
 141.5660271,4.9239062e+04
 141.5864617,4.9208727e+04
 141.6068961,4.9225914e+04
 141.6273307,4.9227840e+04
 141.6477653,4.9232266e+04
 141.6681997,4.9232422e+04
 141.6886342,4.9230867e+04
 141.7090688,4.9227309e+04
 141.7295033,4.9228043e+04
 141.7499378,4.9228594e+04
 141.7703724,4.9215121e+04
 141.7908068,4.9228883e+04
 141.8112413,4.9214355e+04
 141.8316759,4.9245664e+04
 141.8521104,4.9235559e+04
 141.8725449,4.9236758e+04
 141.8929794,4.9230449e+04
 141.9134140,4.9226758e+04
 141.9338485,4.9222910e+04
 141.9542830,4.9229195e+04
 141.9747174,4.9226820e+04
 141.9951520,4.9233512e+04
 142.0155865,4.9219926e+04
 142.0360210,4.9220160e+04
 142.0564555,4.9232211e+04
 142.0768901,4.9218680e+04
 142.0973246,4.9218957e+04
 142.1177590,4.9225852e+04
 142.1381937,4.9215680e+04
 142.1586282,4.9234367e+04
 142.1790626,4.9219402e+04
 142.1994971,4.9232156e+04
 142.2199317,4.9226562e+04
 142.2403662,4.9230031e+04
 142.2608007,4.9234957e+04
 142.2812353,4.9222918e+04
 142.3016697,4.9213941e+04
 142.3221042,4.9234863e+04
 142.3425388,4.9236395e+04
 142.3629734,4.9217750e+04
 142.3834078,4.9231020e+04
 142.4038423,4.9230852e+04
 142.4242769,4.9224949e+04
 142.4447113,4.9224336e+04
 142.4651459,4.9216445e+04
 142.4855803,4.9229113e+04
 142.5060149,4.9223160e+04
 142.5264494,4.9221230e+04
 142.5468839,4.9225809e+04
 142.5673183,4.9227531e+04
 142.5877530,4.9219000e+04
 142.6081875,4.9220430e+04
 142.6286219,4.9226027e+04
 142.6490565,4.9232527e+04
 142.6694910,4.9230352e+04
 142.6899254,4.9216895e+04
 142.7103600,4.9231414e+04
 142.7307946,4.9253809e+04
 142.7512290,4.9218227e+04
 142.7716635,4.9232566e+04
 142.7920981,4.9230777e+04
 142.8125325,4.9226266e+04
 142.8329671,4.9249695e+04
 142.8534016,4.9227062e+04
 142.8738362,4.9244836e+04
 142.8942706,4.9230324e+04
 142.9147051,4.9235543e+04
 142.9351397,4.9217074e+04
 142.9555741,4.9222789e+04
 142.9760087,4.9228648e+04
 142.9964431,4.9227672e+04
 143.0168777,4.9225551e+04
 143.0373122,4.9222824e+04
 143.0577467,4.9217812e+04
 143.0781812,4.9214301e+04
 143.0986158,4.9228484e+04
 143.1190503,4.9221332e+04
 143.1394848,4.9232348e+04
 143.1599193,4.9230828e+04
 143.1803538,4.9236613e+04
 143.2007882,4.9231301e+04
 143.2212227,4.9223859e+04
 143.2416573,4.9215840e+04
 143.2620919,4.9215094e+04
 143.2825264,4.9232684e+04
 143.3029609,4.9223641e+04
 143.3233954,4.9216273e+04
 143.3438299,         null
 143.3642643,4.9243648e+04
 143.3846989,4.9223977e+04
 143.4051335,4.9210555e+04
 143.4255679,4.9227855e+04
 143.4460025,4.9229938e+04
 143.4664370,4.9231402e+04
 143.4868714,4.9234953e+04
 143.5073059,4.9221605e+04
 143.5277405,4.9211309e+04
 143.5481750,4.9222477e+04
 143.5686094,4.9234715e+04
 143.5890441,4.9216996e+04
 143.6094786,4.9225949e+04
 143.6299130,4.9225086e+04
 143.6503475,4.9216277e+04
 143.6707821,4.9221766e+04
 143.6912165,4.9225902e+04
 143.7116510,4.9211922e+04
 143.7320855,4.9220926e+04
 143.7525200,4.9230797e+04
 143.7729546,4.9228324e+04
 143.7933891,4.9223168e+04
 143.8138236,4.9221832e+04
 143.8342581,4.9220719e+04
 143.8546926,4.9237344e+04
 143.8751270,4.9221574e+04
 143.8955616,4.9218141e+04
 143.9159961,4.9243203e+04
 143.9364305,4.9225438e+04
 143.9568651,4.9227453e+04
 143.9772997,4.9230480e+04
 143.9977341,4.9212008e+04
 144.0181686,4.9228855e+04
 144.0386032,4.9221938e+04
 144.0590377,4.9226035e+04
 144.0794721,4.9231398e+04
 144.0999067,4.9230418e+04
 144.1203412,4.9228855e+04
 144.1407756,4.9237188e+04
 144.1612101,4.9234383e+04
 144.1816447,4.9231242e+04
 144.2020791,4.9232992e+04
 144.2225137,4.9215836e+04
 144.2429483,4.9225410e+04
 144.2633827,4.9244016e+04
 144.2838172,4.9237223e+04
 144.3042517,4.9234863e+04
 144.3246862,4.9235922e+04
 144.3451207,4.9223715e+04
 144.3655552,4.9229734e+04
 144.3859896,4.9244047e+04
 144.4064242,4.9227348e+04
 144.4268587,4.9215066e+04
 144.4472931,4.9233379e+04
 144.4677277,4.9215387e+04
 144.4881622,4.9227363e+04
 144.5085966,4.9228164e+04
 144.5290312,4.9229727e+04
 144.5494658,4.9227699e+04
 144.5699003,4.9232285e+04
 144.5903347,4.9214898e+04
 144.6107693,4.9223297e+04
 144.6312038,4.9231148e+04
 144.6516382,4.9235594e+04
 144.6720727,4.9238273e+04
 144.6925073,4.9236777e+04
 144.7129417,4.9219477e+04
 144.7333762,4.9220820e+04
 144.7538108,4.9232879e+04
 144.7742452,4.9221992e+04
 144.7946797,4.9238531e+04
 144.8151142,4.9231504e+04
 144.8355488,4.9236930e+04
 144.8559832,4.9243449e+04
 144.8764177,4.9237641e+04
 144.8968522,4.9210406e+04
 144.9172867,4.9223406e+04
 144.9377212,4.9213715e+04
 144.9581557,4.9220684e+04
 144.9785904,4.9217742e+04
 144.9990248,4.9218504e+04
 145.0194593,4.9220871e+04
 145.0398938,4.9207711e+04
 145.0603283,4.9221344e+04
 145.0807628,4.9214766e+04
 145.1011973,4.9217699e+04
 145.1216319,4.9213207e+04
 145.1420663,4.9230672e+04
 145.1625008,4.9237371e+04
 145.1829352,4.9220961e+04
 145.2033698,4.9220055e+04
 145.2238043,4.9217508e+04
 145.2442387,4.9231137e+04
 145.2646733,4.9236359e+04
 145.2851078,4.9221773e+04
 145.3055423,4.9220344e+04
 145.3259767,4.9211844e+04
 145.3464113,4.9215539e+04
 145.3668458,4.9213832e+04
 145.3872802,4.9208945e+04
 145.4077148,4.9228910e+04
 145.4281493,4.9222297e+04
 145.4485837,4.9236090e+04
 145.4690182,4.9230242e+04
 145.4894528,4.9227121e+04
 145.5098872,4.9216785e+04
 145.5303217,4.9224957e+04
 145.5507562,4.9229914e+04
 145.5711908,4.9211301e+04
 145.5916252,4.9218715e+04
 145.6120597,4.9224086e+04
 145.6324943,4.9222828e+04
 145.6529287,4.9222574e+04
 145.6733632,4.9221328e+04
 145.6937976,4.9226496e+04
 145.7142322,4.9225352e+04
 145.7346667,4.9220680e+04
 145.7551012,4.9221156e+04
 145.7755357,4.9231570e+04
 145.7959702,4.9229176e+04
 145.8164047,4.9233945e+04
 145.8368391,4.9234535e+04
 145.8572737,4.9224559e+04
 145.8777082,4.9238980e+04
 145.8981426,4.9228465e+04
 145.9185772,4.9224105e+04
 145.9390117,4.9229789e+04
 145.9594461,4.9216418e+04
 145.9798806,4.9225320e+04
 146.0003152,4.9219566e+04
 146.0207497,4.9222051e+04
 146.0411840,4.9222441e+04
 146.0616186,4.9214008e+04
 146.0820531,4.9235680e+04
 146.1024875,4.9228172e+04
 146.1229220,4.9237477e+04
 146.1433566,4.9227957e+04
 146.1637910,4.9224012e+04
 146.1842255,4.9213730e+04
 146.2046600,4.9230355e+04
 146.2250945,4.9206574e+04
 146.2455290,4.9227738e+04
 146.2659635,4.9231688e+04
 146.2863980,4.9231281e+04
 146.3068325,4.9224527e+04
 146.3272670,         null
 146.3477014,4.9250109e+04
 146.3681360,4.9229543e+04
 146.3885705,4.9224617e+04
 146.4090049,4.9224523e+04
 146.4294395,4.9228027e+04
 146.4498740,4.9241809e+04
 146.4703083,4.9229992e+04
 146.4907429,4.9246016e+04
 146.5111774,4.9229277e+04
 146.5316119,4.9227254e+04
 146.5520463,4.9234262e+04
 146.5724809,4.9232980e+04
 146.5929154,4.9237793e+04
 146.6133499,4.9222137e+04
 146.6337843,4.9234652e+04
 146.6542189,4.9226203e+04
 146.6746534,4.9234043e+04
 146.6950878,4.9245391e+04
 146.7155224,4.9234520e+04
 146.7359569,4.9222516e+04
 146.7563913,4.9230879e+04
 146.7768257,4.9229707e+04
 146.7972603,4.9224266e+04
 146.8176948,4.9229980e+04
 146.8381292,4.9221516e+04
 146.8585637,4.9239141e+04
 146.8789983,4.9238426e+04
 146.8994327,4.9230902e+04
 146.9198672,4.9227277e+04
 146.9403018,4.9244516e+04
 146.9607362,4.9231617e+04
 146.9811707,4.9246418e+04
 147.0016051,4.9230898e+04
 147.0220396,4.9233938e+04
 147.0424741,4.9245738e+04
 147.0629086,4.9238121e+04
 147.0833432,4.9227328e+04
 147.1037776,4.9226172e+04
 147.1242121,4.9233324e+04
 147.1446465,4.9224902e+04
 147.1650811,4.9260426e+04
 147.1855156,4.9230754e+04
 147.2059499,4.9232309e+04
 147.2263845,4.9221781e+04
 147.2468190,4.9225645e+04
 147.2672535,4.9240445e+04
 147.2876879,4.9224684e+04
 147.3081225,4.9224434e+04
 147.3285570,4.9217176e+04
 147.3489914,4.9221492e+04
 147.3694258,4.9236086e+04
 147.3898604,4.9231484e+04
 147.4102948,4.9238703e+04
 147.4307293,4.9222152e+04
 147.4511639,4.9244059e+04
 147.4715983,4.9221512e+04
 147.4920328,4.9245133e+04
 147.5124673,4.9229801e+04
 147.5329018,4.9219289e+04
 147.5533362,4.9229160e+04
 147.5737707,4.9236812e+04
 147.5942053,4.9228855e+04
 147.6146397,4.9229957e+04
 147.6350742,4.9226590e+04
 147.6555086,4.9233023e+04
 147.6759432,4.9220305e+04
 147.6963776,4.9232609e+04
 147.7168120,4.9226965e+04
 147.7372466,4.9226461e+04
 147.7576811,4.9242078e+04
 147.7781156,4.9227637e+04
 147.7985500,4.9239512e+04
 147.8189846,4.9225262e+04
 147.8394190,4.9230805e+04
 147.8598534,4.9220875e+04
 147.8802879,4.9229602e+04
 147.9007225,         null
 147.9211569,4.9241504e+04
 147.9415914,4.9252160e+04
 147.9620259,4.9245391e+04
 147.9824603,4.9240664e+04
 148.0028948,4.9228406e+04
 148.0233293,4.9226027e+04
 148.0437639,4.9252922e+04
 148.0641983,4.9243641e+04
 148.0846327,4.9242473e+04
 148.1050673,4.9229301e+04
 148.1255017,4.9256422e+04
 148.1459362,4.9237082e+04
 148.1663707,4.9236730e+04
 148.1868052,4.9239805e+04
 148.2072396,4.9242598e+04
 148.2276741,4.9250004e+04
 148.2481087,4.9236340e+04
 148.2685431,4.9241617e+04
 148.2889776,4.9238191e+04
 148.3094121,4.9244688e+04
 148.3298465,4.9220156e+04
 148.3502810,4.9225203e+04
 148.3707155,4.9246750e+04
 148.3911499,4.9225125e+04
 148.4115845,4.9257340e+04
 148.4320189,4.9239832e+04
 148.4524534,4.9226293e+04
 148.4728879,4.9233348e+04
 148.4933224,4.9230785e+04
 148.5137569,4.9234570e+04
 148.5341912,4.9223258e+04
 148.5546258,4.9236457e+04
 148.5750603,4.9237680e+04
 148.5954947,4.9239020e+04
 148.6159293,4.9251348e+04
 148.6363637,4.9236301e+04
 148.6567981,4.9226547e+04
 148.6772326,4.9239625e+04
 148.6976672,4.9233453e+04
 148.7181016,4.9238359e+04
 148.7385360,4.9230133e+04
 148.7589706,4.9243496e+04
 148.7794051,4.9251484e+04
 148.7998395,4.9229074e+04
 148.8202740,4.9238672e+04
 148.8407085,4.9231031e+04
 148.8611429,4.9233555e+04
 148.8815774,4.9226535e+04
 148.9020120,4.9244328e+04
 148.9224463,4.9237418e+04
 148.9428808,4.9253594e+04
 148.9633153,4.9246770e+04
 148.9837498,4.9242992e+04
 149.0041842,4.9235008e+04
 149.0246187,4.9249168e+04
 149.0450531,4.9232609e+04
 149.0654877,4.9223621e+04
 149.0859222,4.9233328e+04
 149.1063565,4.9235473e+04
 149.1267911,4.9234723e+04
 149.1472256,4.9235812e+04
 149.1676600,4.9236098e+04
 149.1880944,4.9226973e+04
 149.2085290,4.9245480e+04
 149.2289635,4.9239844e+04
 149.2493979,4.9232355e+04
 149.2698324,4.9241168e+04
 149.2902669,4.9232875e+04
 149.3107013,         null
 149.3311358,4.9233367e+04
 149.3515703,4.9237258e+04
 149.3720047,4.9238590e+04
 149.3924392,4.9240746e+04
 149.4128738,4.9230734e+04
 149.4333081,4.9240930e+04
 149.4537426,4.9240543e+04
 149.4741771,4.9240441e+04
 149.4946116,4.9225164e+04
 149.5150460,4.9241785e+04
 149.5354805,4.9225504e+04
 149.5559151,4.9226395e+04
 149.5763494,4.9247730e+04
 149.5967839,4.9228598e+04
 149.6172183,4.9233551e+04
 149.6376529,4.9237301e+04
 149.6580873,4.9244723e+04
 149.6785217,4.9245418e+04
 149.6989562,4.9235105e+04
 149.7193908,4.9246383e+04
 149.7398252,4.9251559e+04
 149.7602596,4.9237543e+04
 149.7806942,4.9234824e+04
 149.8011286,4.9244273e+04
 149.8215630,4.9258750e+04
 149.8419975,4.9252309e+04
 149.8624321,4.9257379e+04
 149.8828665,4.9239598e+04
 149.9033009,4.9254293e+04
 149.9237355,4.9236453e+04
 149.9441699,4.9239832e+04
 149.9646044,4.9240039e+04
 149.9850388,4.9245957e+04
 150.0054733,4.9241879e+04
 150.0259078,4.9244621e+04
 150.0463422,4.9236777e+04
 150.0667768,4.9246441e+04
 150.0872112,4.9250875e+04
 150.1076456,4.9241977e+04
 150.1280801,4.9260656e+04
 150.1485146,4.9251059e+04
 150.1689490,4.9237465e+04
 150.1893835,4.9255191e+04
 150.2098180,4.9249168e+04
 150.2302524,4.9243945e+04
 150.2506869,4.9250137e+04
 150.2711213,4.9252371e+04
 150.2915559,4.9256328e+04
 150.3119903,4.9246621e+04
 150.3324247,4.9260703e+04
 150.3528591,4.9251676e+04
 150.3732937,4.9248457e+04
 150.3937281,4.9246270e+04
 150.4141625,4.9241328e+04
 150.4345971,4.9256969e+04
 150.4550315,4.9241918e+04
 150.4754660,4.9241547e+04
 150.4959004,4.9241562e+04
 150.5163349,4.9261488e+04
 150.5367694,4.9239613e+04
 150.5572038,4.9260723e+04
 150.5776383,4.9262980e+04
 150.5980728,4.9258035e+04
 150.6185072,4.9250801e+04
 150.6389416,4.9243812e+04
 150.6593762,4.9248305e+04
 150.6798106,4.9241160e+04
 150.7002450,4.9259613e+04
 150.7206796,4.9242656e+04
 150.7411141,4.9235652e+04
 150.7615484,4.9243871e+04
 150.7819829,4.9248508e+04
 150.8024175,4.9254223e+04
 150.8228518,4.9247996e+04
 150.8432863,4.9263078e+04
 150.8637208,4.9236160e+04
 150.8841552,4.9253449e+04
 150.9045897,4.9256797e+04
 150.9250241,4.9247488e+04
 150.9454586,4.9248238e+04
 150.9658931,4.9253957e+04
 150.9863275,4.9235961e+04
 151.0067619,4.9261000e+04
 151.0271964,4.9258352e+04
 151.0476309,4.9258047e+04
 151.0680653,4.9249754e+04
 151.0884998,4.9246191e+04
 151.1089343,4.9246281e+04
 151.1293687,4.9251844e+04
 151.1498031,4.9258535e+04
 151.1702377,4.9235980e+04
 151.1906720,4.9252184e+04
 151.2111065,4.9254980e+04
 151.2315411,4.9243930e+04
 151.2519755,4.9244738e+04
 151.2724099,4.9248379e+04
 151.2928443,4.9246949e+04
 151.3132789,4.9243848e+04
 151.3337133,4.9269598e+04
 151.3541477,4.9248293e+04
 151.3745823,4.9250094e+04
 151.3950166,4.9252336e+04
 151.4154511,4.9239191e+04
 151.4358856,4.9254676e+04
 151.4563200,4.9255410e+04
 151.4767545,4.9256516e+04
 151.4971889,4.9258727e+04
 151.5176234,4.9257387e+04
 151.5380579,4.9254902e+04
 151.5584923,4.9256039e+04
 151.5789268,4.9246973e+04
 151.5993613,4.9262066e+04
 151.6197957,4.9246691e+04
 151.6402301,4.9250609e+04
 151.6606646,         null
 151.6810991,4.9252637e+04
 151.7015335,4.9251340e+04
 151.7219680,4.9250246e+04
 151.7424024,4.9251898e+04
 151.7628369,4.9243461e+04
 151.7832713,4.9258414e+04
 151.8037057,4.9249676e+04
 151.8241403,4.9252445e+04
 151.8445747,4.9255164e+04
 151.8650091,4.9243000e+04
 151.8854436,4.9248816e+04
 151.9058781,4.9245277e+04
 151.9263124,4.9267270e+04
 151.9467469,4.9254434e+04
 151.9671815,4.9242926e+04
 151.9876159,4.9254371e+04
 152.0080503,4.9247754e+04
 152.0284848,4.9253289e+04
 152.0489193,4.9255922e+04
 152.0693536,4.9265062e+04
 152.0897881,4.9254625e+04
 152.1102226,4.9249418e+04
 152.1306570,4.9287039e+04
 152.1510914,4.9249570e+04
 152.1715259,4.9253945e+04
 152.1919603,4.9251500e+04
 152.2123948,4.9254129e+04
 152.2328293,4.9260469e+04
 152.2532638,4.9245176e+04
 152.2736982,4.9257082e+04
 152.2941326,         null
 152.3145670,4.9256113e+04
 152.3350015,4.9253031e+04
 152.3554360,4.9252344e+04
 152.3758703,4.9230223e+04
 152.3963049,4.9243637e+04
 152.4167393,4.9250621e+04
 152.4371738,4.9263371e+04
 152.4576081,4.9251719e+04
 152.4780427,4.9255777e+04
 152.4984771,4.9251531e+04
 152.5189115,4.9250113e+04
 152.5393460,4.9250781e+04
 152.5597805,4.9240973e+04
 152.5802148,4.9254430e+04
 152.6006493,4.9247449e+04
 152.6210838,4.9250359e+04
 152.6415182,4.9258988e+04
 152.6619526,         null
 152.6823871,4.9244906e+04
 152.7028215,4.9255137e+04
 152.7232560,4.9254746e+04
 152.7436904,4.9242703e+04
 152.7641250,4.9254277e+04
 152.7845593,4.9251102e+04
 152.8049938,4.9256055e+04
 152.8254281,4.9261305e+04
 152.8458627,4.9231508e+04
 152.8662971,4.9258941e+04
 152.8867315,4.9252879e+04
 152.9071660,4.9244203e+04
 152.9276005,4.9247492e+04
 152.9480349,4.9249414e+04
 152.9684693,4.9255207e+04
 152.9889038,4.9261246e+04
 153.0093383,4.9255023e+04
 153.0297726,4.9262020e+04
 153.0502072,4.9237270e+04
 153.0706416,4.9254457e+04
 153.0910759,4.9257199e+04
 153.1115104,4.9265566e+04
 153.1319449,4.9256480e+04
 153.1523793,4.9255742e+04
 153.1728137,4.9254301e+04
 153.1932482,4.9253652e+04
 153.2136827,4.9245988e+04
 153.2341172,4.9259914e+04
 153.2545515,4.9272766e+04
 153.2749861,4.9260559e+04
 153.2954205,4.9255262e+04
 153.3158549,4.9255809e+04
 153.3362893,4.9251438e+04
 153.3567237,4.9249543e+04
 153.3771582,4.9255594e+04
 153.3975926,4.9250980e+04
 153.4180272,4.9250832e+04
 153.4384616,4.9254586e+04
 153.4588960,4.9243301e+04
 153.4793304,4.9250961e+04
 153.4997649,4.9254918e+04
 153.5201993,4.9245102e+04
 153.5406337,4.9243094e+04
 153.5610683,4.9245172e+04
 153.5815026,4.9264117e+04
 153.6019371,4.9254086e+04
 153.6223715,4.9245883e+04
 153.6428059,4.9252043e+04
 153.6632404,4.9247445e+04
 153.6836748,4.9241938e+04
 153.7041092,4.9254992e+04
 153.7245437,4.9232965e+04
 153.7449782,4.9256707e+04
 153.7654125,4.9250160e+04
 153.7858470,4.9249188e+04
 153.8062815,4.9265617e+04
 153.8267158,4.9245305e+04
 153.8471503,4.9252621e+04
 153.8675848,4.9238434e+04
 153.8880191,4.9225324e+04
 153.9084536,4.9250148e+04
 153.9288881,4.9237867e+04
 153.9493226,4.9247027e+04
 153.9697569,4.9242652e+04
 153.9901913,4.9248469e+04
 154.0106259,4.9245289e+04
 154.0310602,4.9253145e+04
 154.0514947,4.9260262e+04
 154.0719292,4.9255098e+04
 154.0923635,4.9233586e+04
 154.1127980,4.9238797e+04
 154.1332324,4.9246281e+04
 154.1536668,4.9234648e+04
 154.1741013,4.9246160e+04
 154.1945357,4.9251750e+04
 154.2149702,4.9250359e+04
 154.2354046,4.9243395e+04
 154.2558390,4.9258727e+04
 154.2762734,4.9245180e+04
 154.2967079,4.9250609e+04
 154.3171423,4.9247289e+04
 154.3375767,4.9247414e+04
 154.3580111,4.9232398e+04
 154.3784457,4.9252996e+04
 154.3988800,4.9241121e+04
 154.4193144,4.9228797e+04
 154.4397490,4.9256020e+04
 154.4601834,4.9240465e+04
 154.4806177,4.9243660e+04
 154.5010522,4.9247586e+04
 154.5214867,4.9246082e+04
 154.5419210,4.9256641e+04
 154.5623555,4.9243453e+04
 154.5827900,4.9246223e+04
 154.6032243,4.9248887e+04
 154.6236588,4.9260699e+04
 154.6440932,4.9250812e+04
 154.6645276,4.9246922e+04
 154.6849621,4.9246578e+04
 154.7053965,4.9239410e+04
 154.7258310,4.9231926e+04
 154.7462654,4.9244926e+04
 154.7666998,4.9244469e+04
 154.7871342,4.9232961e+04
 154.8075687,4.9254961e+04
 154.8280031,4.9245930e+04
 154.8484374,4.9250781e+04
 154.8688720,4.9255238e+04
 154.8893064,4.9244594e+04
 154.9097408,4.9251438e+04
 154.9301753,4.9250723e+04
 154.9506097,4.9257832e+04
 154.9710441,4.9258402e+04
 154.9914786,4.9252332e+04
 155.0119129,4.9252938e+04
 155.0323474,4.9245938e+04
 155.0527819,4.9247719e+04
 155.0732162,4.9247691e+04
 155.0936507,4.9247680e+04
 155.1140851,4.9239133e+04
 155.1345195,4.9236773e+04
 155.1549539,4.9249371e+04
 155.1753884,4.9251250e+04
 155.1958229,4.9246277e+04
 155.2162572,4.9240949e+04
 155.2366916,4.9234828e+04
 155.2571262,4.9227652e+04
 155.2775605,         null
 155.2979949,4.9243648e+04
 155.3184294,4.9236641e+04
 155.3388638,4.9231113e+04
 155.3592982,4.9246164e+04
 155.3797326,4.9251184e+04
 155.4001671,4.9234461e+04
 155.4206015,4.9248992e+04
 155.4410359,4.9243105e+04
 155.4614704,4.9257074e+04
 155.4819048,4.9252766e+04
 155.5023392,4.9238312e+04
 155.5227735,4.9242703e+04
 155.5432080,4.9244859e+04
 155.5636425,         null
 155.5840768,4.9262289e+04
 155.6045113,4.9226645e+04
 155.6249457,4.9235867e+04
 155.6453802,4.9256520e+04
 155.6658145,4.9243586e+04
 155.6862490,4.9228695e+04
 155.7066834,4.9239711e+04
 155.7271178,4.9240590e+04
 155.7475522,4.9272684e+04
 155.7679867,4.9236180e+04
 155.7884210,4.9243402e+04
 155.8088555,4.9229270e+04
 155.8292900,4.9260605e+04
 155.8497243,4.9241754e+04
 155.8701587,4.9224418e+04
 155.8905932,4.9231074e+04
 155.9110277,4.9238301e+04
 155.9314620,4.9215891e+04
 155.9518964,4.9227039e+04
 155.9723310,4.9227359e+04
 155.9927653,4.9234219e+04
 156.0131997,4.9221270e+04
 156.0336340,4.9230777e+04
 156.0540686,4.9235648e+04
 156.0745030,4.9228961e+04
 156.0949374,4.9230984e+04
 156.1153718,4.9239516e+04
 156.1358062,4.9236602e+04
 156.1562407,4.9253484e+04
 156.1766750,4.9243223e+04
 156.1971095,4.9235195e+04
 156.2175439,4.9241227e+04
 156.2379782,4.9249109e+04
 156.2584127,4.9230676e+04
 156.2788472,4.9237457e+04
 156.2992815,4.9230160e+04
 156.3197159,4.9242465e+04
 156.3401504,4.9243602e+04
 156.3605848,4.9236836e+04
 156.3810192,4.9241070e+04
 156.4014536,4.9230945e+04
 156.4218881,4.9260273e+04
 156.4423224,4.9240613e+04
 156.4627569,4.9249355e+04
 156.4831914,4.9253680e+04
 156.5036257,4.9243164e+04
 156.5240601,4.9238078e+04
 156.5444945,4.9246781e+04
 156.5649289,4.9238727e+04
 156.5853634,4.9233207e+04
 156.6057978,4.9239977e+04
 156.6262322,4.9240777e+04
 156.6466666,4.9242551e+04
 156.6671010,4.9252629e+04
 156.6875355,4.9256152e+04
 156.7079699,4.9252742e+04
 156.7284043,4.9245273e+04
 156.7488387,4.9233094e+04
 156.7692730,4.9237621e+04
 156.7897075,4.9242488e+04
 156.8101420,4.9242391e+04
 156.8305764,4.9256473e+04
 156.8510108,4.9255434e+04
 156.8714452,4.9251387e+04
 156.8918796,4.9249211e+04
 156.9123139,4.9240703e+04
 156.9327484,4.9243516e+04
 156.9531829,4.9244492e+04
 156.9736172,4.9242293e+04
 156.9940517,4.9247480e+04
 157.0144861,4.9240422e+04
 157.0349204,4.9236891e+04
 157.0553548,4.9243020e+04
 157.0757893,4.9249191e+04
 157.0962237,4.9238180e+04
 157.1166581,4.9243203e+04
 157.1370926,4.9246184e+04
 157.1575270,4.9227891e+04
 157.1779613,4.9261516e+04
 157.1983957,4.9237566e+04
 157.2188302,4.9235637e+04
 157.2392645,4.9259121e+04
 157.2596990,4.9238062e+04
 157.2801334,4.9247133e+04
 157.3005678,4.9245898e+04
 157.3210022,4.9230438e+04
 157.3414366,4.9234098e+04
 157.3618710,4.9242848e+04
 157.3823054,4.9241648e+04
 157.4027398,4.9242391e+04
 157.4231741,4.9236527e+04
 157.4436087,4.9246992e+04
 157.4640431,4.9253934e+04
 157.4844774,4.9240270e+04
 157.5049119,4.9238324e+04
 157.5253463,4.9246250e+04
 157.5457806,4.9240238e+04
 157.5662150,4.9233086e+04
 157.5866495,4.9239523e+04
 157.6070838,4.9248301e+04
 157.6275182,4.9241906e+04
 157.6479527,4.9278676e+04
 157.6683872,4.9247367e+04
 157.6888215,4.9248508e+04
 157.7092559,4.9235402e+04
 157.7296904,4.9249961e+04
 157.7501247,4.9262824e+04
 157.7705591,4.9227637e+04
 157.7909936,4.9240211e+04
 157.8114279,4.9236746e+04
 157.8318623,4.9243168e+04
 157.8522967,4.9251309e+04
 157.8727311,4.9247188e+04
 157.8931655,4.9245832e+04
 157.9135999,4.9234230e+04
 157.9340342,4.9240324e+04
 157.9544687,4.9231648e+04
 157.9749032,4.9232027e+04
 157.9953375,4.9243531e+04
 158.0157720,4.9236652e+04
 158.0362064,4.9237277e+04
 158.0566407,4.9246406e+04
 158.0770751,4.9246348e+04
 158.0975096,4.9240145e+04
 158.1179440,4.9247715e+04
 158.1383783,4.9244723e+04
 158.1588128,4.9240996e+04
 158.1792472,4.9238066e+04
 158.1996815,4.9245398e+04
 158.2201159,4.9259758e+04
 158.2405504,4.9244762e+04
 158.2609847,         null
 158.2814191,4.9262551e+04
 158.3018536,4.9233547e+04
 158.3222880,4.9257859e+04
 158.3427223,4.9246641e+04
 158.3631567,4.9254484e+04
 158.3835912,4.9237863e+04
 158.4040256,4.9233648e+04
 158.4244599,4.9249098e+04
 158.4448943,4.9232480e+04
 158.4653288,4.9238527e+04
 158.4857631,4.9239172e+04
 158.5061975,4.9261621e+04
 158.5266320,4.9247293e+04
 158.5470663,4.9244402e+04
 158.5675007,4.9251309e+04
 158.5879351,4.9248199e+04
 158.6083695,4.9242191e+04
 158.6288039,4.9241605e+04
 158.6492383,4.9236133e+04
 158.6696728,4.9254508e+04
 158.6901071,4.9240762e+04
 158.7105415,4.9231145e+04
 158.7309758,4.9242238e+04
 158.7514103,4.9241215e+04
 158.7718447,4.9243605e+04
 158.7922791,4.9263441e+04
 158.8127135,4.9248848e+04
 158.8331479,4.9248117e+04
 158.8535823,4.9264594e+04
 158.8740166,4.9241441e+04
 158.8944511,4.9236699e+04
 158.9148855,4.9233824e+04
 158.9353198,4.9232508e+04
 158.9557543,4.9243328e+04
 158.9761887,4.9238777e+04
 158.9966230,4.9237656e+04
 159.0170574,4.9257246e+04
 159.0374919,4.9247125e+04
 159.0579262,4.9244684e+04
 159.0783606,4.9231477e+04
 159.0987950,4.9237547e+04
 159.1192295,4.9246895e+04
 159.1396638,4.9253156e+04
 159.1600982,4.9226734e+04
 159.1805327,4.9244961e+04
 159.2009669,4.9235789e+04
 159.2214013,4.9248918e+04
 159.2418356,4.9252496e+04
 159.2622701,4.9234805e+04
 159.2827045,4.9245348e+04
 159.3031389,4.9235621e+04
 159.3235733,4.9250547e+04
 159.3440077,4.9246570e+04
 159.3644421,4.9240258e+04
 159.3848764,4.9236938e+04
 159.4053109,4.9261555e+04
 159.4257453,4.9238234e+04
 159.4461796,4.9240336e+04
 159.4666141,4.9236664e+04
 159.4870484,4.9246488e+04
 159.5074827,4.9240711e+04
 159.5279171,4.9228707e+04
 159.5483516,4.9246012e+04
 159.5687859,4.9233609e+04
 159.5892203,4.9236832e+04
 159.6096547,4.9243629e+04
 159.6300892,4.9251480e+04
 159.6505235,4.9248469e+04
 159.6709579,4.9243719e+04
 159.6913924,4.9240668e+04
 159.7118266,4.9252648e+04
 159.7322610,4.9239273e+04
 159.7526954,4.9232133e+04
 159.7731298,4.9247133e+04
 159.7935642,4.9241914e+04
 159.8139986,4.9244512e+04
 159.8344330,4.9239707e+04
 159.8548674,4.9233047e+04
 159.8753018,4.9235973e+04
 159.8957360,4.9235809e+04
 159.9161705,4.9253492e+04
 159.9366049,4.9244082e+04
 159.9570393,4.9245777e+04
 159.9774737,4.9252223e+04
 159.9979081,4.9237562e+04
 160.0183425,4.9251559e+04
 160.0387769,4.9232746e+04
 160.0592112,4.9247820e+04
 160.0796456,4.9239645e+04
 160.1000800,4.9240387e+04
 160.1205143,4.9252781e+04
 160.1409488,4.9253449e+04
 160.1613832,4.9241594e+04
 160.1818175,4.9248219e+04
 160.2022519,4.9231230e+04
 160.2226863,4.9246508e+04
 160.2431206,4.9253812e+04
 160.2635550,4.9243473e+04
 160.2839895,4.9232160e+04
 160.3044238,4.9242098e+04
 160.3248581,4.9253809e+04
 160.3452926,4.9246375e+04
 160.3657270,4.9244398e+04
 160.3861613,4.9256359e+04
 160.4065957,4.9253238e+04
 160.4270302,4.9232801e+04
 160.4474644,4.9243074e+04
 160.4678988,4.9246816e+04
 160.4883333,4.9252543e+04
 160.5087676,4.9245137e+04
 160.5292020,4.9247449e+04
 160.5496364,4.9255453e+04
 160.5700707,4.9248363e+04
 160.5905051,4.9244898e+04
 160.6109395,4.9237297e+04
 160.6313738,4.9244348e+04
 160.6518083,4.9229707e+04
 160.6722426,4.9248164e+04
 160.6926769,4.9247945e+04
 160.7131114,4.9242449e+04
 160.7335458,4.9257238e+04
 160.7539801,4.9245516e+04
 160.7744144,4.9246809e+04
 160.7948489,4.9237797e+04
 160.8152833,4.9239766e+04
 160.8357176,4.9232566e+04
 160.8561521,4.9254324e+04
 160.8765864,4.9245277e+04
 160.8970207,4.9250480e+04
 160.9174551,4.9237574e+04
 160.9378896,4.9245477e+04
 160.9583239,4.9244762e+04
 160.9787582,4.9238688e+04
 160.9991927,4.9248109e+04
 161.0196270,4.9242227e+04
 161.0400614,4.9254898e+04
 161.0604957,4.9246648e+04
 161.0809301,4.9246594e+04
 161.1013645,4.9238254e+04
 161.1217989,4.9243156e+04
 161.1422333,4.9249492e+04
 161.1626676,4.9254438e+04
 161.1831020,4.9243730e+04
 161.2035363,4.9255793e+04
 161.2239708,4.9254242e+04
 161.2444051,         null
 161.2648395,4.9245512e+04
 161.2852738,4.9243375e+04
 161.3057083,4.9241348e+04
 161.3261426,4.9232648e+04
 161.3465769,4.9244891e+04
 161.3670114,4.9250949e+04
 161.3874457,4.9238531e+04
 161.4078800,4.9252023e+04
 161.4283144,4.9250621e+04
 161.4487489,4.9233117e+04
 161.4691831,4.9245707e+04
 161.4896175,4.9243930e+04
 161.5100520,4.9246691e+04
 161.5304863,4.9233195e+04
 161.5509206,4.9241145e+04
 161.5713550,4.9247938e+04
 161.5917895,4.9247867e+04
 161.6122237,4.9250992e+04
 161.6326581,4.9256629e+04
 161.6530926,4.9252352e+04
 161.6735270,4.9248352e+04
 161.6939612,4.9253871e+04
 161.7143956,4.9246477e+04
 161.7348301,4.9249090e+04
 161.7552643,4.9251074e+04
 161.7756987,4.9238453e+04
 161.7961331,4.9239289e+04
 161.8165675,4.9247641e+04
 161.8370018,4.9242922e+04
 161.8574362,4.9247594e+04
 161.8778707,4.9243895e+04
 161.8983049,4.9240160e+04
 161.9187393,4.9249055e+04
 161.9391736,4.9239551e+04
 161.9596080,4.9241133e+04
 161.9800424,4.9246129e+04
 162.0004768,4.9245871e+04
 162.0209111,4.9256508e+04
 162.0413455,4.9248035e+04
 162.0617799,4.9245535e+04
 162.0822141,4.9254551e+04
 162.1026486,4.9248395e+04
 162.1230830,4.9246371e+04
 162.1435172,4.9255660e+04
 162.1639517,4.9250535e+04
 162.1843861,4.9248926e+04
 162.2048203,4.9246410e+04
 162.2252547,4.9244074e+04
 162.2456892,4.9242273e+04
 162.2661234,4.9243129e+04
 162.2865578,4.9243797e+04
 162.3069923,4.9241926e+04
 162.3274266,4.9257914e+04
 162.3478609,4.9232645e+04
 162.3682953,4.9232367e+04
 162.3887297,4.9241996e+04
 162.4091640,4.9235188e+04
 162.4295984,4.9240008e+04
 162.4500326,4.9230918e+04
 162.4704671,4.9248602e+04
 162.4909014,4.9246582e+04
 162.5113352,4.9238336e+04
 162.5317697,4.9256781e+04
 162.5522039,4.9259105e+04
 162.5726383,4.9252363e+04
 162.5930727,4.9229715e+04
 162.6135071,4.9251258e+04
 162.6339414,4.9242652e+04
 162.6543757,4.9265645e+04
 162.6748102,4.9256246e+04
 162.6952445,4.9236586e+04
 162.7156788,4.9235953e+04
 162.7361132,4.9248703e+04
 162.7565475,4.9240082e+04
 162.7769819,4.9242434e+04
 162.7974163,4.9236426e+04
 162.8178506,4.9239047e+04
 162.8382850,4.9251031e+04
 162.8587193,4.9261582e+04
 162.8791536,4.9259727e+04
 162.8995881,4.9249031e+04
 162.9200224,4.9274117e+04
 162.9404567,4.9250301e+04
 162.9608910,4.9249297e+04
 162.9813255,4.9246809e+04
 163.0017598,4.9232699e+04
 163.0221941,4.9249531e+04
 163.0426286,4.9240727e+04
 163.0630629,4.9260395e+04
 163.0834972,4.9242559e+04
 163.1039315,4.9252863e+04
 163.1243660,4.9253926e+04
 163.1448003,4.9251535e+04
 163.1652346,4.9244109e+04
 163.1856691,4.9253859e+04
 163.2061033,4.9250281e+04
 163.2265377,4.9254891e+04
 163.2469720,4.9250270e+04
 163.2674064,4.9259691e+04
 163.2878407,4.9260031e+04
 163.3082751,4.9261227e+04
 163.3287096,4.9253711e+04
 163.3491438,4.9258387e+04
 163.3695782,4.9242965e+04
 163.3900124,4.9244469e+04
 163.4104469,4.9255820e+04
 163.4308812,4.9259016e+04
 163.4513155,4.9265566e+04
 163.4717499,4.9256867e+04
 163.4921843,4.9265188e+04
 163.5126186,4.9263895e+04
 163.5330529,4.9258277e+04
 163.5534873,4.9247734e+04
 163.5739217,4.9251691e+04
 163.5943560,4.9259371e+04
 163.6147903,4.9246121e+04
 163.6352248,4.9252195e+04
 163.6556590,4.9249320e+04
 163.6760934,4.9233691e+04
 163.6965278,4.9241973e+04
 163.7169621,4.9233949e+04
 163.7373964,4.9247090e+04
 163.7578308,4.9252281e+04
 163.7782651,4.9255391e+04
 163.7986995,4.9256625e+04
 163.8191338,4.9255820e+04
 163.8395683,4.9244312e+04
 163.8600025,4.9249371e+04
 163.8804369,4.9248051e+04
 163.9008711,4.9255867e+04
 163.9213056,4.9253844e+04
 163.9417399,4.9252012e+04
 163.9621743,4.9247594e+04
 163.9826086,4.9252559e+04
 164.0030430,4.9265598e+04
 164.0234773,4.9240629e+04
 164.0439115,4.9245898e+04
 164.0643460,4.9257309e+04
 164.0847803,4.9251340e+04
 164.1052147,4.9254188e+04
 164.1256489,4.9244980e+04
 164.1460834,4.9258602e+04
 164.1665176,4.9263051e+04
 164.1869520,4.9256078e+04
 164.2073864,4.9252367e+04
 164.2278208,         null
 164.2482550,4.9256414e+04
 164.2686894,4.9243527e+04
 164.2891237,4.9256398e+04
 164.3095580,4.9249133e+04
 164.3299924,4.9263066e+04
 164.3504268,4.9254242e+04
 164.3708612,4.9253156e+04
 164.3912954,4.9237742e+04
 164.4117298,4.9244684e+04
 164.4321641,4.9264164e+04
 164.4525985,4.9249090e+04
 164.4730328,4.9250945e+04
 164.4934672,4.9252348e+04
 164.5139015,4.9250984e+04
 164.5343358,4.9248340e+04
 164.5547702,4.9256875e+04
 164.5752045,4.9254418e+04
 164.5956389,4.9259871e+04
 164.6160732,4.9247773e+04
 164.6365074,4.9256648e+04
 164.6569419,4.9264652e+04
 164.6773762,4.9247527e+04
 164.6978106,4.9245383e+04
 164.7182449,4.9256172e+04
 164.7386792,4.9237641e+04
 164.7591136,4.9263277e+04
 164.7795478,4.9251746e+04
 164.7999823,4.9265918e+04
 164.8204166,4.9257059e+04
 164.8408508,4.9262496e+04
 164.8612853,4.9267969e+04
 164.8817196,4.9251227e+04
 164.9021539,4.9273379e+04
 164.9225882,4.9256324e+04
 164.9430226,4.9258445e+04
 164.9634569,4.9262305e+04
 164.9838912,4.9265152e+04
