        TIME,  PDCSAP_FLUX
 131.5130219,9.7620469e+03
 131.5334564,9.7673682e+03
 131.5538908,9.7691895e+03
 131.5743252,9.7635898e+03
 131.5947596,9.7740137e+03
 131.6151941,9.7818232e+03
 131.6356284,9.7746152e+03
 131.6560629,9.7723945e+03
 131.6764974,9.7787598e+03
 131.6969318,9.7711084e+03
 131.7173662,9.7788574e+03
 131.7378006,9.7774385e+03
 131.7582351,9.7869316e+03
 131.7786694,9.7843701e+03
 131.7991039,9.7976650e+03
 131.8195384,9.7869531e+03
 131.8399727,9.7809082e+03
 131.8604071,9.7687090e+03
 131.8808416,9.7855811e+03
 131.9012760,9.7798486e+03
 131.9217104,9.7749590e+03
 131.9421448,9.7845742e+03
 131.9625793,9.7857119e+03
 131.9830137,9.7800488e+03
 132.0034481,9.7863857e+03
 132.0238825,9.7915303e+03
 132.0443170,9.7880654e+03
 132.0647514,9.7894785e+03
 132.0851857,9.7832656e+03
 132.1056202,9.7880332e+03
 132.1260547,9.7954102e+03
 132.1464890,9.7934219e+03
 132.1669234,9.7864150e+03
 132.1873580,9.7896943e+03
 132.2077924,9.7893271e+03
 132.2282267,9.7877539e+03
 132.2486611,9.7828564e+03
 132.2690956,9.7894385e+03
 132.2895300,9.7874922e+03
 132.3099644,9.7914590e+03
 132.3303989,9.7936309e+03
 132.3508332,9.7886758e+03
 132.3712677,9.7965146e+03
 132.3917021,9.7885879e+03
 132.4121365,9.8036016e+03
 132.4325709,9.7980000e+03
 132.4530054,9.7874424e+03
 132.4734399,9.7918105e+03
 132.4938742,9.7960986e+03
 132.5143086,9.7966309e+03
 132.5347429,9.7968379e+03
 132.5551775,9.7986650e+03
 132.5756119,9.7925791e+03
 132.5960462,9.7904082e+03
 132.6164807,9.7983350e+03
 132.6369152,9.7964912e+03
 132.6573496,9.8009873e+03
 132.6777839,9.8023779e+03
 132.6982184,9.8015557e+03
 132.7186528,9.7866621e+03
 132.7390872,9.7958291e+03
 132.7595217,9.7986992e+03
 132.7799561,9.7990098e+03
 132.8003904,9.8056680e+03
 132.8208248,9.8055840e+03
 132.8412594,9.7932998e+03
 132.8616937,9.8144316e+03
 132.8821281,9.7912119e+03
 132.9025626,9.8074033e+03
 132.9229969,9.7905029e+03
 132.9434314,9.8047275e+03
 132.9638658,9.8011611e+03
 132.9843003,9.8099258e+03
 133.0047346,9.8026572e+03
 133.0251690,9.8068066e+03
 133.0456034,9.8039521e+03
 133.0660379,9.8073486e+03
 133.0864723,9.8032051e+03
 133.1069067,9.7990254e+03
 133.1273411,9.8055605e+03
 133.1477755,9.7933174e+03
 133.1682100,9.7977461e+03
 133.1886444,9.8017275e+03
 133.2090789,9.8090684e+03
 133.2295132,9.7945586e+03
 133.2499476,9.8090234e+03
 133.2703820,9.8087266e+03
 133.2908165,9.7921670e+03
 133.3112509,9.8098613e+03
 133.3316852,9.8002207e+03
 133.3521197,9.8014482e+03
 133.3725541,9.7992402e+03
 133.3929885,9.7967891e+03
 133.4134229,9.8073535e+03
 133.4338574,9.7996494e+03
 133.4542918,9.8033496e+03
 133.4747261,9.7981475e+03
 133.4951606,9.8030439e+03
 133.5155950,9.8063223e+03
 133.5360293,9.7944707e+03
 133.5564639,9.7944697e+03
 133.5768983,9.8012764e+03
 133.5973326,9.8077002e+03
 133.6177670,9.7938252e+03
 133.6382015,9.8035039e+03
 133.6586359,9.7943213e+03
 133.6790702,9.8086416e+03
 133.6995047,9.8193867e+03
 133.7199392,9.7953818e+03
 133.7403735,9.8041211e+03
 133.7608079,9.8083164e+03
 133.7812424,9.7993213e+03
 133.8016767,9.8033428e+03
 133.8221111,9.7977178e+03
 133.8425455,9.7946504e+03
 133.8629799,9.7956699e+03
 133.8834144,9.7958262e+03
 133.9038488,9.7946533e+03
 133.9242832,9.7927188e+03
 133.9447176,9.7907119e+03
 133.9651520,9.7914443e+03
 133.9855863,9.7964414e+03
 134.0060208,9.7904834e+03
 134.0264552,9.7949580e+03
 134.0468895,9.7918604e+03
 134.0673241,9.7912969e+03
 134.0877585,9.7947227e+03
 134.1081928,9.7834932e+03
 134.1286272,9.7834814e+03
 134.1490617,9.7886348e+03
 134.1694961,9.7856094e+03
 134.1899304,9.8021621e+03
 134.2103649,9.7842471e+03
 134.2307993,9.7967295e+03
 134.2512336,9.7891396e+03
 134.2716681,9.7876455e+03
 134.2921026,9.7848623e+03
 134.3125369,9.7897168e+03
 134.3329713,9.7860303e+03
 134.3534058,9.7979209e+03
 134.3738401,9.7980146e+03
 134.3942745,         null
 134.4147089,9.7877158e+03
 134.4351433,9.7913408e+03
 134.4555777,9.7776055e+03
 134.4760121,9.7823750e+03
 134.4964466,9.7941426e+03
 134.5168809,9.7887119e+03
 134.5373154,9.7855420e+03
 134.5577497,9.7774639e+03
 134.5781842,9.7783389e+03
 134.5986186,9.7799756e+03
 134.6190529,9.7783770e+03
 134.6394873,9.7830020e+03
 134.6599218,9.7840703e+03
 134.6803562,9.7868301e+03
 134.7007906,9.7770410e+03
 134.7212250,9.7819258e+03
 134.7416594,9.7797383e+03
 134.7620937,9.7756572e+03
 134.7825281,9.7821514e+03
 134.8029626,9.7737881e+03
 134.8233970,9.7700059e+03
 134.8438313,9.7830176e+03
 134.8642658,9.7695693e+03
 134.8847002,9.7691309e+03
 134.9051347,9.7693896e+03
 134.9255690,9.7708330e+03
 134.9460035,9.7691436e+03
 134.9664379,9.7693037e+03
 134.9868722,9.7661572e+03
 135.0073067,9.7666104e+03
 135.0277411,9.7712012e+03
 135.0481754,9.7556982e+03
 135.0686098,9.7631807e+03
 135.0890443,9.7691709e+03
 135.1094786,9.7492402e+03
 135.1299130,9.7719824e+03
 135.1503475,9.7542432e+03
 135.1707819,9.7674414e+03
 135.1912162,9.7597334e+03
 135.2116506,9.7558145e+03
 135.2320851,9.7571826e+03
 135.2525194,9.7537471e+03
 135.2729538,9.7505947e+03
 135.2933881,9.7466963e+03
 135.3138226,9.7593408e+03
 135.3342570,9.7615938e+03
 135.3546913,9.7566494e+03
 135.3751258,9.7587100e+03
 135.3955602,9.7574443e+03
 135.4159946,9.7403750e+03
 135.4364289,9.7489590e+03
 135.4568634,9.7511426e+03
 135.4772978,9.7393477e+03
 135.4977321,9.7419258e+03
 135.5181666,9.7330244e+03
 135.5386010,9.7390869e+03
 135.5590353,9.7349795e+03
 135.5794697,9.7368232e+03
 135.5999042,9.7376670e+03
 135.6203385,9.7472832e+03
 135.6407729,9.7390986e+03
 135.6612074,9.7395107e+03
 135.6816418,9.7285605e+03
 135.7020761,9.7380039e+03
 135.7225105,9.7332119e+03
 135.7429450,9.7274590e+03
 135.7633793,9.7269854e+03
 135.7838137,9.7261943e+03
 135.8042482,9.7208223e+03
 135.8246825,9.7274629e+03
 135.8451169,9.7274678e+03
 135.8655513,9.7317295e+03
 135.8859857,9.7267842e+03
 135.9064201,9.7317012e+03
 135.9268544,9.7304736e+03
 135.9472887,9.7205713e+03
 135.9677232,9.7272832e+03
 135.9881576,9.7244434e+03
 136.0085919,9.7138652e+03
 136.0290264,9.7214482e+03
 136.0494608,9.7198213e+03
 136.0698951,9.7166484e+03
 136.0903295,9.7215088e+03
 136.1107640,9.7224785e+03
 136.1311984,9.7216064e+03
 136.1516327,9.7262930e+03
 136.1720672,9.7052520e+03
 136.1925016,9.7033154e+03
 136.2129359,9.7213516e+03
 136.2333703,9.7126152e+03
 136.2538048,9.7158594e+03
 136.2742391,9.7017705e+03
 136.2946734,9.7091924e+03
 136.3151079,9.7152754e+03
 136.3355422,9.7004268e+03
 136.3559766,9.7045010e+03
 136.3764110,9.7112588e+03
 136.3968454,9.6985312e+03
 136.4172798,9.6930469e+03
 136.4377142,9.7033564e+03
 136.4581487,9.6993906e+03
 136.4785830,9.7147002e+03
 136.4990174,9.7001172e+03
 136.5194518,9.6793955e+03
 136.5398861,9.6916133e+03
 136.5603205,9.7016299e+03
 136.5807549,9.6911611e+03
 136.6011893,9.6915947e+03
 136.6216237,9.6859053e+03
 136.6420581,9.6912441e+03
 136.6624925,9.6957246e+03
 136.6829269,9.6853838e+03
 136.7033613,9.6863965e+03
 136.7237957,9.6803564e+03
 136.7442299,9.7040459e+03
 136.7646644,9.6880371e+03
 136.7850988,9.6816211e+03
 136.8055331,9.6859980e+03
 136.8259676,9.6823008e+03
 136.8464020,9.6861494e+03
 136.8668364,9.6710186e+03
 136.8872707,9.6721953e+03
 136.9077052,9.6740098e+03
 136.9281395,9.6731240e+03
 136.9485738,9.6652871e+03
 136.9690083,9.6630508e+03
 136.9894427,9.6654824e+03
 137.0098770,9.6674629e+03
 137.0303114,9.6676250e+03
 137.0507459,9.6774834e+03
 137.0711802,9.6731562e+03
 137.0916145,9.6665166e+03
 137.1120490,9.6716396e+03
 137.1324833,9.6587510e+03
 137.1529177,9.6567783e+03
 137.1733521,9.6473789e+03
 137.1937866,9.6507451e+03
 137.2142209,9.6469053e+03
 137.2346552,9.6513506e+03
 137.2550895,9.6561504e+03
 137.2755240,9.6481738e+03
 137.2959584,9.6515391e+03
 137.3163927,9.6469893e+03
 137.3368272,9.6527607e+03
 137.3572615,9.6310586e+03
 137.3776959,         null
 137.3981302,9.6442002e+03
 137.4185647,9.6353613e+03
 137.4389991,9.6475527e+03
 137.4594334,9.6542803e+03
 137.4798679,9.6444961e+03
 137.5003022,9.6375488e+03
 137.5207365,9.6394092e+03
 137.5411709,9.6238789e+03
 137.5616054,9.6335742e+03
 137.5820397,9.6376143e+03
 137.6024740,9.6523350e+03
 137.6229085,9.6376895e+03
 137.6433429,9.6223779e+03
 137.6637772,9.6188594e+03
 137.6842116,9.6159297e+03
 137.7046461,9.6231787e+03
 137.7250803,9.6260693e+03
 137.7455147,9.6314062e+03
 137.7659492,9.6334590e+03
 137.7863835,9.6093271e+03
 137.8068179,9.6236504e+03
 137.8272521,9.6068320e+03
 137.8476866,9.6151104e+03
 137.8681210,9.6070469e+03
 137.8885554,9.6185840e+03
 137.9089897,9.6085859e+03
 137.9294241,9.6152471e+03
 137.9498585,9.6152432e+03
 137.9702928,9.6161660e+03
 137.9907273,9.6112930e+03
 138.0111617,9.6141152e+03
 138.0315959,9.5982559e+03
 138.0520303,9.5974277e+03
 138.0724648,9.6129014e+03
 138.0928992,9.5948438e+03
 138.1133334,9.5976152e+03
 138.1337679,9.6032285e+03
 138.1542023,9.5911191e+03
 138.1746366,9.6062158e+03
 138.1950710,9.5864248e+03
 138.2155054,9.5859209e+03
 138.2359398,9.5800674e+03
 138.2563741,9.5773184e+03
 138.2768086,9.5715479e+03
 138.2972429,9.5766533e+03
 138.3176772,9.5902178e+03
 138.3381116,9.5800898e+03
 138.3585461,9.5803828e+03
 138.3789804,9.5776611e+03
 138.3994147,9.5820342e+03
 138.4198492,9.5779609e+03
 138.4402836,9.5765303e+03
 138.4607178,9.5777510e+03
 138.4811522,9.5669668e+03
 138.5015867,9.5855029e+03
 138.5220210,9.5653799e+03
 138.5424553,9.5847012e+03
 138.5628897,9.5768496e+03
 138.5833241,9.5682168e+03
 138.6037585,9.5677285e+03
 138.6241928,9.5781992e+03
 138.6446272,9.5710342e+03
 138.6650616,9.5664883e+03
 138.6854960,9.5666553e+03
 138.7059302,9.5464336e+03
 138.7263647,9.5600898e+03
 138.7467991,9.5643047e+03
 138.7672333,9.5665059e+03
 138.7876678,9.5780420e+03
 138.8081022,9.5560996e+03
 138.8285365,9.5655098e+03
 138.8489708,9.5644668e+03
 138.8694053,9.5550312e+03
 138.8898397,9.5538340e+03
 138.9102739,9.5558545e+03
 138.9307084,9.5507129e+03
 138.9511428,9.5558457e+03
 138.9715771,9.5487939e+03
 138.9920114,9.5627461e+03
 139.0124459,9.5641885e+03
 139.0328802,9.5431631e+03
 139.0533145,9.5583975e+03
 139.0737490,9.5551875e+03
 139.0941833,9.5504521e+03
 139.1146176,9.5462363e+03
 139.1350520,9.5387109e+03
 139.1554864,9.5446963e+03
 139.1759208,9.5340781e+03
 139.1963551,9.5493672e+03
 139.2167894,9.5498428e+03
 139.2372239,9.5339697e+03
 139.2576582,9.5579033e+03
 139.2780925,9.5385352e+03
 139.2985270,9.5227764e+03
 139.3189613,9.5495273e+03
 139.3393957,9.5416787e+03
 139.3598300,9.5368789e+03
 139.3802644,9.5324121e+03
 139.4006988,9.5372285e+03
 139.4211331,9.5363271e+03
 139.4415675,9.5320078e+03
 139.4620019,9.5396191e+03
 139.4824362,9.5324590e+03
 139.5028705,9.5229287e+03
 139.5233050,9.5412266e+03
 139.5437393,9.5264404e+03
 139.5641736,9.5362383e+03
 139.5846081,9.5191738e+03
 139.6050424,9.5338838e+03
 139.6254767,9.5268867e+03
 139.6459111,9.5323438e+03
 139.6663456,9.5252715e+03
 139.6867798,9.5288057e+03
 139.7072142,9.5247744e+03
 139.7276485,9.5391631e+03
 139.7480829,9.5230918e+03
 139.7685173,9.5227764e+03
 139.7889516,9.5444951e+03
 139.8093860,9.5213604e+03
 139.8298204,9.5262188e+03
 139.8502547,9.5198818e+03
 139.8706891,9.5315928e+03
 139.8911235,9.5302305e+03
 139.9115578,9.5301221e+03
 139.9319922,9.5226973e+03
 139.9524266,9.5194854e+03
 139.9728609,9.5295947e+03
 139.9932953,9.5137441e+03
 140.0137295,9.5181123e+03
 140.0341640,9.5260645e+03
 140.0545983,9.5411201e+03
 140.0750327,9.5405137e+03
 140.0954671,9.5297520e+03
 140.1159014,9.5193955e+03
 140.1363358,9.5310107e+03
 140.1567700,9.5326045e+03
 140.1772045,9.5201309e+03
 140.1976389,9.5263438e+03
 140.2180731,9.5251729e+03
 140.2385076,9.5247959e+03
 140.2589419,9.5347725e+03
 140.2793762,9.5216201e+03
 140.2998106,9.5220156e+03
 140.3202450,9.5268535e+03
 140.3406793,9.5223652e+03
 140.3611136,         null
 140.3815480,9.5235693e+03
 140.4019825,9.5209385e+03
 140.4224167,9.5193486e+03
 140.4428511,9.5216348e+03
 140.4632855,9.5215361e+03
 140.4837198,9.5283037e+03
 140.5041541,9.5187734e+03
 140.5245884,9.5230137e+03
 140.5450229,9.5308604e+03
 140.5654572,9.5227178e+03
 140.5858916,9.5322578e+03
 140.6063259,9.5331123e+03
 140.6267603,9.5309785e+03
 140.6471946,9.5319268e+03
 140.6676289,9.5265039e+03
 140.6880633,9.5283369e+03
 140.7084977,9.5265850e+03
 140.7289320,9.5313760e+03
 140.7493664,9.5219512e+03
 140.7698008,9.5289443e+03
 140.7902350,9.5328135e+03
 140.8106694,9.5292939e+03
 140.8311038,9.5368389e+03
 140.8515382,9.5283916e+03
 140.8719724,9.5282148e+03
 140.8924068,9.5415996e+03
 140.9128412,9.5362754e+03
 140.9332755,9.5528018e+03
 140.9537099,9.5290391e+03
 140.9741443,9.5349834e+03
 140.9945786,9.5375322e+03
 141.0150129,9.5441729e+03
 141.0354473,9.5506865e+03
 141.0558816,9.5439980e+03
 141.0763160,9.5348008e+03
 141.0967503,9.5357803e+03
 141.1171847,9.5472178e+03
 141.1376190,9.5490586e+03
 141.1580534,9.5471064e+03
 141.1784876,9.5493818e+03
 141.1989221,9.5545381e+03
 141.2193564,9.5405957e+03
 141.2397907,9.5530234e+03
 141.2602251,9.5506250e+03
 141.2806595,9.5458428e+03
 141.3010937,9.5537842e+03
 141.3215281,9.5606143e+03
 141.3419625,9.5633711e+03
 141.3623969,9.5507744e+03
 141.3828311,9.5485723e+03
 141.4032655,9.5550342e+03
 141.4236999,9.5599170e+03
 141.4441343,9.5661553e+03
 141.4645685,9.5589512e+03
 141.4850030,9.5573330e+03
 141.5054373,9.5587393e+03
 141.5258716,9.5661885e+03
 141.5463059,9.5626123e+03
 141.5667403,9.5690195e+03
 141.5871747,9.5629512e+03
 141.6076090,9.5662217e+03
 141.6280434,9.5625479e+03
 141.6484777,9.5662129e+03
 141.6689120,9.5727705e+03
 141.6893463,9.5624492e+03
 141.7097808,9.5809404e+03
 141.7302150,9.5857539e+03
 141.7506494,9.5736621e+03
 141.7710838,9.5876465e+03
 141.7915181,9.5780166e+03
 141.8119524,9.5826016e+03
 141.8323868,9.5735801e+03
 141.8528211,9.5950449e+03
 141.8732554,9.5886025e+03
 141.8936898,9.5757295e+03
 141.9141242,9.5856406e+03
 141.9345585,9.6001904e+03
 141.9549928,9.5939707e+03
 141.9754271,9.5884814e+03
 141.9958615,9.5944443e+03
 142.0162959,9.5932373e+03
 142.0367301,9.5856396e+03
 142.0571644,9.6110352e+03
 142.0775989,9.5998623e+03
 142.0980332,9.6079600e+03
 142.1184675,9.6116797e+03
 142.1389019,9.6060771e+03
 142.1593363,9.6136719e+03
 142.1797705,9.5997998e+03
 142.2002048,9.6022061e+03
 142.2206393,9.6028818e+03
 142.2410735,9.6155508e+03
 142.2615079,9.6138076e+03
 142.2819423,9.6160098e+03
 142.3023765,9.6116611e+03
 142.3228109,9.6226348e+03
 142.3432452,9.6048184e+03
 142.3636797,9.6271611e+03
 142.3841139,9.6252256e+03
 142.4045482,9.6153262e+03
 142.4249827,9.6272031e+03
 142.4454169,9.6248691e+03
 142.4658513,9.6291855e+03
 142.4862855,9.6342969e+03
 142.5067199,9.6212129e+03
 142.5271543,9.6334580e+03
 142.5475886,9.6337500e+03
 142.5680229,9.6536533e+03
 142.5884573,9.6345352e+03
 142.6088916,9.6418018e+03
 142.6293259,9.6377256e+03
 142.6497603,9.6415586e+03
 142.6701946,9.6400947e+03
 142.6906289,9.6405566e+03
 142.7110632,9.6512832e+03
 142.7314977,9.6482305e+03
 142.7519319,9.6458555e+03
 142.7723662,9.6624219e+03
 142.7928007,9.6523779e+03
 142.8132349,9.6582969e+03
 142.8336692,9.6610469e+03
 142.8541036,9.6587383e+03
 142.8745380,9.6594990e+03
 142.8949722,9.6647803e+03
 142.9154066,9.6562822e+03
 142.9358410,9.6577021e+03
 142.9562752,9.6634219e+03
 142.9767096,9.6704307e+03
 142.9971438,9.6714756e+03
 143.0175782,9.6741396e+03
 143.0380126,9.6794219e+03
 143.0584469,9.6756689e+03
 143.0788812,9.6741836e+03
 143.0993156,9.6734307e+03
 143.1197499,9.6790430e+03
 143.1401842,9.6800566e+03
 143.1606186,9.6823545e+03
 143.1810529,9.6905635e+03
 143.2014871,9.6788838e+03
 143.2219215,9.6897129e+03
 143.2423559,9.6837461e+03
 143.2627902,9.6840723e+03
 143.2832246,9.7014082e+03
 143.3036589,9.6850781e+03
 143.3240932,9.6922812e+03
 143.3445276,         null
 143.3649618,9.6912656e+03
 143.3853962,9.6883848e+03
 143.4058306,9.6887334e+03
 143.4262648,9.7024697e+03
 143.4466992,9.6956514e+03
 143.4671335,9.7035010e+03
 143.4875678,9.7078281e+03
 143.5080021,9.7152490e+03
 143.5284365,9.7123643e+03
 143.5488709,9.7094170e+03
 143.5693051,9.7160801e+03
 143.5897395,9.7107812e+03
 143.6101738,9.7037793e+03
 143.6306081,9.7105273e+03
 143.6510424,9.7071484e+03
 143.6714768,9.7111396e+03
 143.6919111,9.7205518e+03
 143.7123454,9.7146182e+03
 143.7327797,9.7087080e+03
 143.7532140,9.7097324e+03
 143.7736484,9.7158018e+03
 143.7940827,9.7317002e+03
 143.8145170,9.7246484e+03
 143.8349513,9.7098496e+03
 143.8553857,9.7177246e+03
 143.8758199,9.7241133e+03
 143.8962543,9.7213721e+03
 143.9166887,9.7197539e+03
 143.9371229,9.7257197e+03
 143.9575573,9.7218965e+03
 143.9779916,9.7289756e+03
 143.9984259,9.7369668e+03
 144.0188602,9.7319668e+03
 144.0392946,9.7157510e+03
 144.0597289,9.7232852e+03
 144.0801631,9.7225693e+03
 144.1005976,9.7327324e+03
 144.1210319,9.7281953e+03
 144.1414661,9.7265215e+03
 144.1619004,9.7279736e+03
 144.1823349,9.7462285e+03
 144.2027691,9.7273223e+03
 144.2232034,9.7439922e+03
 144.2436378,9.7464424e+03
 144.2640721,9.7372129e+03
 144.2845064,9.7251543e+03
 144.3049407,9.7403809e+03
 144.3253750,9.7381318e+03
 144.3458093,9.7408799e+03
 144.3662437,9.7447803e+03
 144.3866779,9.7528359e+03
 144.4071123,9.7451992e+03
 144.4275466,9.7464805e+03
 144.4479808,9.7518252e+03
 144.4684153,9.7429229e+03
 144.4888496,9.7643271e+03
 144.5092838,9.7440742e+03
 144.5297181,9.7443320e+03
 144.5501525,9.7471035e+03
 144.5705869,9.7507939e+03
 144.5910211,9.7514355e+03
 144.6114555,9.7482285e+03
 144.6318898,9.7449736e+03
 144.6523240,9.7576279e+03
 144.6727584,9.7506689e+03
 144.6931928,9.7483779e+03
 144.7136270,9.7470439e+03
 144.7340613,9.7600352e+03
 144.7544957,9.7482412e+03
 144.7749299,9.7482949e+03
 144.7953643,9.7412520e+03
 144.8157986,9.7544834e+03
 144.8362330,9.7583623e+03
 144.8566672,9.7510732e+03
 144.8771015,9.7599404e+03
 144.8975358,9.7598154e+03
 144.9179702,9.7535654e+03
 144.9384045,9.7651553e+03
 144.9588388,9.7602061e+03
 144.9792732,9.7531289e+03
 144.9997074,9.7549873e+03
 145.0201417,9.7681016e+03
 145.0405761,9.7578643e+03
 145.0610104,9.7539639e+03
 145.0814447,9.7543633e+03
 145.1018790,9.7536758e+03
 145.1223134,9.7632920e+03
 145.1427476,9.7631230e+03
 145.1631819,9.7522490e+03
 145.1836161,9.7610098e+03
 145.2040506,9.7727441e+03
 145.2244849,9.7699912e+03
 145.2449191,9.7716641e+03
 145.2653535,9.7553486e+03
 145.2857878,9.7646748e+03
 145.3062221,9.7716055e+03
 145.3266563,9.7495547e+03
 145.3470907,9.7518613e+03
 145.3675251,9.7653984e+03
 145.3879593,9.7736006e+03
 145.4083937,9.7678701e+03
 145.4288280,9.7711201e+03
 145.4492622,9.7652949e+03
 145.4696965,9.7637031e+03
 145.4901309,9.7709893e+03
 145.5105651,9.7671055e+03
 145.5309994,9.7681719e+03
 145.5514338,9.7649385e+03
 145.5718682,9.7812998e+03
 145.5923024,9.7505664e+03
 145.6127367,9.7811201e+03
 145.6331711,9.7722109e+03
 145.6536053,9.7667354e+03
 145.6740396,9.7626250e+03
 145.6944738,9.7628584e+03
 145.7149082,9.7675977e+03
 145.7353425,9.7631260e+03
 145.7557768,9.7712598e+03
 145.7762111,9.7638906e+03
 145.7966455,9.7622959e+03
 145.8170798,9.7676748e+03
 145.8375140,9.7721221e+03
 145.8579484,9.7626904e+03
 145.8783827,9.7574814e+03
 145.8988169,9.7642900e+03
 145.9192513,9.7652324e+03
 145.9396856,9.7726396e+03
 145.9601198,9.7646055e+03
 145.9805541,9.7616182e+03
 146.0009885,9.7743975e+03
 146.0214228,9.7658193e+03
 146.0418570,9.7586230e+03
 146.0622914,9.7734111e+03
 146.0827257,9.7679795e+03
 146.1031599,9.7596191e+03
 146.1235942,9.7656572e+03
 146.1440286,9.7729482e+03
 146.1644628,9.7633760e+03
 146.1848971,9.7590967e+03
 146.2053315,9.7642568e+03
 146.2257658,9.7636104e+03
 146.2462001,9.7640303e+03
 146.2666344,9.7594160e+03
 146.2870687,9.7651104e+03
 146.3075030,9.7822812e+03
 146.3279373,         null
 146.3483715,9.7763359e+03
 146.3688059,9.7732715e+03
 146.3892402,9.7751904e+03
 146.4096744,9.7519697e+03
 146.4301088,9.7686748e+03
 146.4505431,9.7643662e+03
 146.4709773,9.7677627e+03
 146.4914117,9.7610488e+03
 146.5118460,9.7672031e+03
 146.5322803,9.7602959e+03
 146.5527145,9.7685146e+03
 146.5731489,9.7661943e+03
 146.5935832,9.7679658e+03
 146.6140175,9.7799531e+03
 146.6344517,9.7843232e+03
 146.6548861,9.7821055e+03
 146.6753204,9.7748555e+03
 146.6957546,9.7686025e+03
 146.7161890,9.7784580e+03
 146.7366233,9.7827227e+03
 146.7570576,9.7701924e+03
 146.7774918,9.7764434e+03
 146.7979262,9.7694150e+03
 146.8183605,9.7781787e+03
 146.8387946,9.7820703e+03
 146.8592289,9.7748486e+03
 146.8796633,9.7727432e+03
 146.9000975,9.7808428e+03
 146.9205318,9.7754033e+03
 146.9409662,9.7877021e+03
 146.9614004,9.7768506e+03
 146.9818347,9.7852930e+03
 147.0022690,9.7760176e+03
 147.0227033,9.7777549e+03
 147.0431376,9.7746406e+03
 147.0635719,9.7750273e+03
 147.0840063,9.7727822e+03
 147.1044405,9.7787148e+03
 147.1248748,9.7778604e+03
 147.1453090,9.7818486e+03
 147.1657434,9.7812080e+03
 147.1861777,9.7809873e+03
 147.2066119,9.7734648e+03
 147.2270462,9.7739834e+03
 147.2474805,9.7809609e+03
 147.2679148,9.7660752e+03
 147.2883490,9.7745957e+03
 147.3087834,9.7721660e+03
 147.3292177,9.7699688e+03
 147.3496519,9.7817822e+03
 147.3700862,9.7725117e+03
 147.3905206,9.7761172e+03
 147.4109548,9.7681348e+03
 147.4313891,9.7765186e+03
 147.4518235,9.7918652e+03
 147.4722576,9.7811123e+03
 147.4926919,9.7804385e+03
 147.5131262,9.7740791e+03
 147.5335606,9.7789277e+03
 147.5539948,9.7782461e+03
 147.5744291,9.7823838e+03
 147.5948635,9.7713184e+03
 147.6152977,9.7849590e+03
 147.6357320,9.7803076e+03
 147.6561661,9.7805732e+03
 147.6766005,9.7712012e+03
 147.6970348,9.7741484e+03
 147.7174690,9.7778760e+03
 147.7379034,9.7729541e+03
 147.7583377,9.7889883e+03
 147.7787720,9.7859531e+03
 147.7992062,9.7852236e+03
 147.8196405,9.7730137e+03
 147.8400748,9.7795547e+03
 147.8605090,9.7777725e+03
 147.8809433,9.7914307e+03
 147.9013777,         null
 147.9218119,9.7846787e+03
 147.9422462,9.7753965e+03
 147.9626805,9.7828174e+03
 147.9831147,9.7750029e+03
 148.0035490,9.7663633e+03
 148.0239833,9.7776016e+03
 148.0444177,9.7769121e+03
 148.0648519,9.7793467e+03
 148.0852862,9.7815430e+03
 148.1057205,9.7807529e+03
 148.1261547,9.7831025e+03
 148.1465890,9.7776572e+03
 148.1670233,9.7978428e+03
 148.1874576,9.7719795e+03
 148.2078919,9.7660176e+03
 148.2283261,9.7591768e+03
 148.2487605,9.7761270e+03
 148.2691947,9.7655215e+03
 148.2896290,9.7698711e+03
 148.3100633,9.7731338e+03
 148.3304975,9.7646465e+03
 148.3509318,9.7696152e+03
 148.3713661,9.7788623e+03
 148.3918003,9.7713262e+03
 148.4122347,9.7638213e+03
 148.4326690,9.7737598e+03
 148.4531032,9.7748994e+03
 148.4735375,9.7776855e+03
 148.4939718,9.7636465e+03
 148.5144061,9.7685293e+03
 148.5348403,9.7711494e+03
 148.5552746,9.7603281e+03
 148.5757089,9.7769502e+03
 148.5961431,9.7728438e+03
 148.6165775,9.7619238e+03
 148.6370117,9.7709678e+03
 148.6574459,9.7670059e+03
 148.6778802,9.7632363e+03
 148.6983146,9.7660645e+03
 148.7187488,9.7702568e+03
 148.7391830,9.7580996e+03
 148.7596174,9.7680684e+03
 148.7800517,9.7544990e+03
 148.8004859,9.7582734e+03
 148.8209201,9.7623887e+03
 148.8413545,9.7593730e+03
 148.8617887,9.7616709e+03
 148.8822230,9.7545889e+03
 148.9026573,9.7671729e+03
 148.9230915,9.7714688e+03
 148.9435258,9.7603770e+03
 148.9639601,9.7699023e+03
 148.9843943,9.7615850e+03
 149.0048286,9.7571992e+03
 149.0252629,9.7446904e+03
 149.0456971,9.7495684e+03
 149.0661314,9.7590508e+03
 149.0865657,9.7492568e+03
 149.1069999,9.7457656e+03
 149.1274343,9.7532852e+03
 149.1478685,9.7437744e+03
 149.1683027,9.7507061e+03
 149.1887370,9.7515762e+03
 149.2091714,9.7489600e+03
 149.2296056,9.7619248e+03
 149.2500398,9.7507656e+03
 149.2704742,9.7454775e+03
 149.2909084,9.7396895e+03
 149.3113426,         null
 149.3317769,9.7440537e+03
 149.3522113,9.7566816e+03
 149.3726454,9.7437793e+03
 149.3930797,9.7532031e+03
 149.4135141,9.7332012e+03
 149.4339482,9.7394365e+03
 149.4543825,9.7382490e+03
 149.4748168,9.7318350e+03
 149.4952510,9.7417510e+03
 149.5156853,9.7415000e+03
 149.5361196,9.7448867e+03
 149.5565539,9.7313926e+03
 149.5769881,9.7336768e+03
 149.5974224,9.7358564e+03
 149.6178566,9.7446201e+03
 149.6382909,9.7400449e+03
 149.6587252,9.7334082e+03
 149.6791594,9.7297861e+03
 149.6995936,9.7299521e+03
 149.7200280,9.7332500e+03
 149.7404623,9.7259277e+03
 149.7608964,9.7228926e+03
 149.7813308,9.7379570e+03
 149.8017651,9.7159316e+03
 149.8221992,9.7184580e+03
 149.8426335,9.7134863e+03
 149.8630679,9.7225674e+03
 149.8835021,9.7267236e+03
 149.9039363,9.7171602e+03
 149.9243706,9.7262119e+03
 149.9448049,9.7253789e+03
 149.9652392,9.7203867e+03
 149.9856733,9.7215361e+03
 150.0061077,9.7178496e+03
 150.0265420,9.7108555e+03
 150.0469761,9.7135059e+03
 150.0674105,9.7176660e+03
 150.0878448,9.7109932e+03
 150.1082789,9.7105254e+03
 150.1287132,9.7036777e+03
 150.1491475,9.7124824e+03
 150.1695817,9.6964521e+03
 150.1900160,9.7001826e+03
 150.2104503,9.7074277e+03
 150.2308845,9.7112529e+03
 150.2513188,9.7032500e+03
 150.2717530,9.6954512e+03
 150.2921874,9.6943975e+03
 150.3126215,9.6976475e+03
 150.3330558,9.6965127e+03
 150.3534900,9.6945664e+03
 150.3739243,9.6913672e+03
 150.3943586,9.6967363e+03
 150.4147927,9.6855107e+03
 150.4352271,9.6936719e+03
 150.4556614,9.6862012e+03
 150.4760956,9.6819189e+03
 150.4965298,9.6792061e+03
 150.5169641,9.6796006e+03
 150.5373984,9.6820049e+03
 150.5578325,9.6929980e+03
 150.5782669,9.6903682e+03
 150.5987012,9.6857861e+03
 150.6191353,9.6877129e+03
 150.6395696,9.6671963e+03
 150.6600039,9.6779053e+03
 150.6804381,9.6738223e+03
 150.7008723,9.6603154e+03
 150.7213067,9.6631738e+03
 150.7417410,9.6766553e+03
 150.7621751,9.6743203e+03
 150.7826094,9.6666621e+03
 150.8030437,9.6652490e+03
 150.8234779,9.6668213e+03
 150.8439121,9.6665430e+03
 150.8643465,9.6687930e+03
 150.8847806,9.6570811e+03
 150.9052149,9.6620332e+03
 150.9256492,9.6577598e+03
 150.9460834,9.6583525e+03
 150.9665177,9.6579570e+03
 150.9869519,9.6527158e+03
 151.0073861,9.6496016e+03
 151.0278204,9.6566338e+03
 151.0482547,9.6490166e+03
 151.0686888,9.6479395e+03
 151.0891232,9.6425703e+03
 151.1095574,9.6457197e+03
 151.1299916,9.6420605e+03
 151.1504258,9.6422969e+03
 151.1708602,9.6410947e+03
 151.1912943,9.6464502e+03
 151.2117286,9.6464316e+03
 151.2321629,9.6403242e+03
 151.2525972,9.6357217e+03
 151.2730313,9.6347061e+03
 151.2934656,9.6364844e+03
 151.3138999,9.6310645e+03
 151.3343341,9.6396348e+03
 151.3547683,9.6327793e+03
 151.3752027,9.6322334e+03
 151.3956368,9.6296553e+03
 151.4160711,9.6255146e+03
 151.4365053,9.6301631e+03
 151.4569396,9.6138916e+03
 151.4773738,9.6226143e+03
 151.4978081,9.6102002e+03
 151.5182423,9.6111318e+03
 151.5386766,9.6190391e+03
 151.5591108,9.6078936e+03
 151.5795451,9.6068428e+03
 151.5999794,9.6180996e+03
 151.6204136,9.6003438e+03
 151.6408478,9.6089912e+03
 151.6612821,         null
 151.6817163,9.5972266e+03
 151.7021505,9.6038105e+03
 151.7225848,9.5996562e+03
 151.7430190,9.5995947e+03
 151.7634533,9.6054033e+03
 151.7838875,9.6005977e+03
 151.8043217,9.6035645e+03
 151.8247560,9.5902510e+03
 151.8451903,9.5937207e+03
 151.8656244,9.5999990e+03
 151.8860587,9.5856309e+03
 151.9064930,9.5872422e+03
 151.9269271,9.5907285e+03
 151.9473614,9.5844600e+03
 151.9677957,9.5808721e+03
 151.9882300,9.5944473e+03
 152.0086641,9.5898750e+03
 152.0290984,9.5896172e+03
 152.0495327,9.5814180e+03
 152.0699668,9.5882393e+03
 152.0904011,9.5841113e+03
 152.1108354,9.5742031e+03
 152.1312696,9.5796426e+03
 152.1517038,9.5692979e+03
 152.1721380,9.5759941e+03
 152.1925723,9.5720938e+03
 152.2130065,9.5794971e+03
 152.2334408,9.5812314e+03
 152.2538751,9.5640801e+03
 152.2743092,9.5761494e+03
 152.2947435,         null
 152.3151776,9.5612031e+03
 152.3356119,9.5724678e+03
 152.3560462,9.5608535e+03
 152.3764803,9.5469883e+03
 152.3969147,9.5514199e+03
 152.4173489,9.5580186e+03
 152.4377831,9.5590596e+03
 152.4582173,9.5560215e+03
 152.4786516,9.5580518e+03
 152.4990858,9.5539033e+03
 152.5195200,9.5557529e+03
 152.5399543,9.5504287e+03
 152.5603886,9.5502139e+03
 152.5808227,9.5538311e+03
 152.6012569,9.5454395e+03
 152.6216913,9.5448477e+03
 152.6421254,9.5506035e+03
 152.6625596,         null
 152.6829939,9.5348350e+03
 152.7034281,9.5340273e+03
 152.7238623,9.5599189e+03
 152.7442966,9.5403184e+03
 152.7647309,9.5374531e+03
 152.7851650,9.5231582e+03
 152.8055993,9.5307812e+03
 152.8260334,9.5379697e+03
 152.8464677,9.5249092e+03
 152.8669020,9.5255332e+03
 152.8873361,9.5390537e+03
 152.9077704,9.5330605e+03
 152.9282047,9.5246602e+03
 152.9486389,9.5378984e+03
 152.9690730,9.5373760e+03
 152.9895074,9.5230332e+03
 153.0099416,9.5136455e+03
 153.0303757,9.5278320e+03
 153.0508101,9.5185205e+03
 153.0712443,9.5260586e+03
 153.0916784,9.5198604e+03
 153.1121127,9.5087275e+03
 153.1325470,9.5084844e+03
 153.1529811,9.5112334e+03
 153.1734153,9.5081680e+03
 153.1938496,9.5016250e+03
 153.2142839,9.5021240e+03
 153.2347181,9.5056689e+03
 153.2551523,9.5062383e+03
 153.2755866,9.5092490e+03
 153.2960208,9.5003555e+03
 153.3164549,9.5011699e+03
 153.3368892,9.4976973e+03
 153.3573234,9.5026758e+03
 153.3777576,9.5014678e+03
 153.3981918,9.4953086e+03
 153.4186262,9.4976953e+03
 153.4390604,9.4936182e+03
 153.4594945,9.4984111e+03
 153.4799288,9.4896230e+03
 153.5003631,9.4896836e+03
 153.5207972,9.4856846e+03
 153.5412314,9.4841445e+03
 153.5616658,9.4935498e+03
 153.5820999,9.4883408e+03
 153.6025341,9.4768887e+03
 153.6229683,9.4802207e+03
 153.6434026,9.4881934e+03
 153.6638368,9.4863457e+03
 153.6842710,9.4742002e+03
 153.7047051,9.4772803e+03
 153.7251394,9.4701875e+03
 153.7455737,9.4714277e+03
 153.7660078,9.4615293e+03
 153.7864421,9.4720684e+03
 153.8068763,9.4673438e+03
 153.8273105,9.4767002e+03
 153.8477447,9.4701523e+03
 153.8681790,9.4631465e+03
 153.8886131,9.4671328e+03
 153.9090473,9.4642607e+03
 153.9294817,9.4611543e+03
 153.9499159,9.4665771e+03
 153.9703500,9.4755098e+03
 153.9907842,9.4648242e+03
 154.0112185,9.4574883e+03
 154.0316527,9.4615801e+03
 154.0520869,9.4595430e+03
 154.0725212,9.4619434e+03
 154.0929553,9.4595117e+03
 154.1133895,9.4576260e+03
 154.1338238,9.4538359e+03
 154.1542580,9.4586318e+03
 154.1746922,9.4404648e+03
 154.1951264,9.4395107e+03
 154.2155606,9.4504717e+03
 154.2359949,9.4464766e+03
 154.2564291,9.4415518e+03
 154.2768632,9.4462754e+03
 154.2972975,9.4452246e+03
 154.3177317,9.4363516e+03
 154.3381658,9.4443936e+03
 154.3586001,9.4327178e+03
 154.3790344,9.4279385e+03
 154.3994685,9.4371943e+03
 154.4199027,9.4420352e+03
 154.4403370,9.4349229e+03
 154.4607712,9.4331328e+03
 154.4812053,9.4391133e+03
 154.5016396,9.4281826e+03
 154.5220739,9.4297949e+03
 154.5425080,9.4290801e+03
 154.5629422,9.4400547e+03
 154.5833765,9.4374863e+03
 154.6038106,9.4468633e+03
 154.6242448,9.4249854e+03
 154.6446791,9.4319492e+03
 154.6651133,9.4250938e+03
 154.6855475,9.4251543e+03
 154.7059817,9.4284414e+03
 154.7264160,9.4203018e+03
 154.7468501,9.4358760e+03
 154.7672843,9.4108252e+03
 154.7877185,9.4059248e+03
 154.8081527,9.4126562e+03
 154.8285870,9.4070439e+03
 154.8490211,9.4166768e+03
 154.8694554,9.4105938e+03
 154.8898896,9.4230186e+03
 154.9103238,9.4201143e+03
 154.9307580,9.4224541e+03
 154.9511922,9.4110020e+03
 154.9716264,9.4146064e+03
 154.9920606,9.4170303e+03
 155.0124947,9.4130420e+03
 155.0329290,9.4157168e+03
 155.0533633,9.4158184e+03
 155.0737974,9.4076377e+03
 155.0942317,9.4039688e+03
 155.1146659,9.4272266e+03
 155.1351000,9.4104873e+03
 155.1555342,9.4128408e+03
 155.1759685,9.3934971e+03
 155.1964027,9.4043994e+03
 155.2168368,9.4030957e+03
 155.2372710,9.4023203e+03
 155.2577053,9.4016172e+03
 155.2781394,         null
 155.2985736,9.4047236e+03
 155.3190079,9.4144541e+03
 155.3394420,9.4061328e+03
 155.3598763,9.3951172e+03
 155.3803105,9.4182969e+03
 155.4007447,9.4062441e+03
 155.4211789,9.4031455e+03
 155.4416131,9.4011787e+03
 155.4620474,9.3909756e+03
 155.4824815,9.4058926e+03
 155.5029157,9.3984502e+03
 155.5233498,9.4103828e+03
 155.5437841,9.4115293e+03
 155.5642183,         null
 155.5846524,9.3969111e+03
 155.6050867,9.4079736e+03
 155.6255209,9.4052754e+03
 155.6459551,9.4053984e+03
 155.6663892,9.3938555e+03
 155.6868235,9.4132871e+03
 155.7072577,9.4064365e+03
 155.7276918,9.3949697e+03
 155.7481260,9.4041104e+03
 155.7685603,9.4038330e+03
 155.7889944,9.4065234e+03
 155.8094286,9.4121104e+03
 155.8298629,9.4008408e+03
 155.8502970,9.3989658e+03
 155.8707312,9.4010986e+03
 155.8911654,9.4051152e+03
 155.9115997,9.3955186e+03
 155.9320338,9.4008223e+03
 155.9524680,9.4139766e+03
 155.9729023,9.4086221e+03
 155.9933364,9.4013184e+03
 156.0137706,9.4098242e+03
 156.0342047,9.3889131e+03
 156.0546390,9.3921104e+03
 156.0750732,9.4024502e+03
 156.0955074,9.4033545e+03
 156.1159416,9.4072148e+03
 156.1363758,9.3965322e+03
 156.1568099,9.3917100e+03
 156.1772440,9.4008174e+03
 156.1976783,9.4093350e+03
 156.2181125,9.3941973e+03
 156.2385466,9.3991943e+03
 156.2589808,9.4057852e+03
 156.2794151,9.3941670e+03
 156.2998492,9.4018037e+03
 156.3202834,9.4049678e+03
 156.3407177,9.4064316e+03
 156.3611518,9.4028311e+03
 156.3815860,9.4047871e+03
 156.4020202,9.4028564e+03
 156.4224545,9.3994209e+03
 156.4428886,9.4054414e+03
 156.4633227,9.4062451e+03
 156.4837570,9.4197031e+03
 156.5041911,9.4013467e+03
 156.5246253,9.4083232e+03
 156.5450595,9.4058018e+03
 156.5654937,9.4052451e+03
 156.5859279,9.4038779e+03
 156.6063621,9.4167422e+03
 156.6267963,9.4119785e+03
 156.6472305,9.4140967e+03
 156.6676647,9.4053604e+03
 156.6880988,9.4086162e+03
 156.7085330,9.4056436e+03
 156.7289672,9.4124316e+03
 156.7494014,9.4152100e+03
 156.7698355,9.4228467e+03
 156.7902698,9.4232373e+03
 156.8107040,9.4214746e+03
 156.8311382,9.4246152e+03
 156.8515723,9.4255684e+03
 156.8720065,9.4279365e+03
 156.8924407,9.4330693e+03
 156.9128748,9.4202861e+03
 156.9333091,9.4346055e+03
 156.9537433,9.4316348e+03
 156.9741774,9.4320674e+03
 156.9946117,9.4217666e+03
 157.0150458,9.4235723e+03
 157.0354799,9.4368154e+03
 157.0559141,9.4352090e+03
 157.0763484,9.4387920e+03
 157.0967825,9.4365576e+03
 157.1172167,9.4396680e+03
 157.1376509,9.4416357e+03
 157.1580851,9.4373936e+03
 157.1785192,9.4517402e+03
 157.1989534,9.4508008e+03
 157.2193877,9.4445127e+03
 157.2398218,9.4445156e+03
 157.2602559,9.4424346e+03
 157.2806901,9.4449844e+03
 157.3011243,9.4517178e+03
 157.3215585,9.4516133e+03
 157.3419927,9.4615508e+03
 157.3624269,9.4658936e+03
 157.3828610,9.4495586e+03
 157.4032952,9.4522373e+03
 157.4237293,9.4572539e+03
 157.4441636,9.4785674e+03
 157.4645978,9.4535127e+03
 157.4850318,9.4658330e+03
 157.5054661,9.4601855e+03
 157.5259003,9.4765840e+03
 157.5463344,9.4722246e+03
 157.5667686,9.4781221e+03
 157.5872028,9.4803613e+03
 157.6076369,9.4767080e+03
 157.6280711,9.4715820e+03
 157.6485054,9.4741201e+03
 157.6689395,9.4771904e+03
 157.6893736,9.4828740e+03
 157.7098078,9.4809434e+03
 157.7302421,9.4770967e+03
 157.7506762,9.4960361e+03
 157.7711103,9.4790566e+03
 157.7915446,9.4858916e+03
 157.8119787,9.4787168e+03
 157.8324129,9.4877422e+03
 157.8528470,9.4919297e+03
 157.8732812,9.4932686e+03
 157.8937154,9.4952178e+03
 157.9141496,9.4984912e+03
 157.9345836,9.4873604e+03
 157.9550179,9.4907998e+03
 157.9754521,9.5089404e+03
 157.9958862,9.4938145e+03
 158.0163204,9.4919561e+03
 158.0367546,9.5135352e+03
 158.0571887,9.4997871e+03
 158.0776228,9.5044043e+03
 158.0980571,9.4985020e+03
 158.1184913,9.5049336e+03
 158.1389254,9.5092236e+03
 158.1593596,9.4968086e+03
 158.1797938,9.5059336e+03
 158.2002279,9.4973789e+03
 158.2206620,9.5105020e+03
 158.2410963,9.5159307e+03
 158.2615304,         null
 158.2819646,9.5181260e+03
 158.3023988,9.5069082e+03
 158.3228330,9.5130635e+03
 158.3432671,9.5230146e+03
 158.3637012,9.5284678e+03
 158.3841355,9.5347588e+03
 158.4045697,9.5226152e+03
 158.4250037,9.5262383e+03
 158.4454379,9.5262676e+03
 158.4658722,9.5396895e+03
 158.4863063,9.5402500e+03
 158.5067404,9.5462822e+03
 158.5271747,9.5358438e+03
 158.5476088,9.5355088e+03
 158.5680429,9.5231094e+03
 158.5884771,9.5392070e+03
 158.6089113,9.5364414e+03
 158.6293454,9.5373467e+03
 158.6497796,9.5420312e+03
 158.6702139,9.5493955e+03
 158.6906479,9.5400654e+03
 158.7110821,9.5417197e+03
 158.7315161,9.5503135e+03
 158.7519504,9.5414189e+03
 158.7723846,9.5623213e+03
 158.7928187,9.5528301e+03
 158.8132529,9.5500693e+03
 158.8336871,9.5550293e+03
 158.8541212,9.5509893e+03
 158.8745553,9.5623682e+03
 158.8949896,9.5597090e+03
 158.9154237,9.5559766e+03
 158.9358578,9.5561709e+03
 158.9562920,9.5625635e+03
 158.9767262,9.5662676e+03
 158.9971603,9.5567266e+03
 159.0175944,9.5513594e+03
 159.0380287,9.5572529e+03
 159.0584628,9.5625459e+03
 159.0788969,9.5583701e+03
 159.0993311,9.5673076e+03
 159.1197653,9.5667207e+03
 159.1401994,9.5794424e+03
 159.1606336,9.5630342e+03
 159.1810678,9.5687383e+03
 159.2015019,9.5616748e+03
 159.2219360,9.5617881e+03
 159.2423701,9.5639229e+03
 159.2628044,9.5677334e+03
 159.2832385,9.5680986e+03
 159.3036727,9.5751279e+03
 159.3241068,9.5808105e+03
 159.3445410,9.5555439e+03
 159.3649751,9.5765996e+03
 159.3854092,9.5697129e+03
 159.4058435,9.5778740e+03
 159.4262776,9.5791006e+03
 159.4467117,9.5693184e+03
 159.4671459,9.5760215e+03
 159.4875801,9.5847500e+03
 159.5080141,9.5822588e+03
 159.5284483,9.5833037e+03
 159.5488825,9.5822031e+03
 159.5693166,9.5735645e+03
 159.5897508,9.5813330e+03
 159.6101849,9.5802871e+03
 159.6306192,9.5854902e+03
 159.6510532,9.5873486e+03
 159.6714874,9.5887734e+03
 159.6919216,9.5971641e+03
 159.7123557,9.5985820e+03
 159.7327898,9.5918027e+03
 159.7532240,9.5865029e+03
 159.7736581,9.5905215e+03
 159.7940923,9.5969570e+03
 159.8145264,9.5875771e+03
 159.8349606,9.5925488e+03
 159.8553947,9.5910928e+03
 159.8758289,9.5854150e+03
 159.8962629,9.5960312e+03
 159.9166972,9.5972100e+03
 159.9371313,9.5895400e+03
 159.9575655,9.6022236e+03
 159.9779996,9.5969424e+03
 159.9984338,9.5911484e+03
 160.0188679,9.5973545e+03
 160.0393021,9.5966826e+03
 160.0597362,9.5946680e+03
 160.0801704,9.6033232e+03
 160.1006045,9.6006904e+03
 160.1210386,9.5979580e+03
 160.1414728,9.5964639e+03
 160.1619070,9.6029062e+03
 160.1823410,9.5955586e+03
 160.2027753,9.5995977e+03
 160.2232094,9.6081768e+03
 160.2436435,9.6076035e+03
 160.2640776,9.6127969e+03
 160.2845119,9.5974014e+03
 160.3049459,9.6152119e+03
 160.3253801,9.5975977e+03
 160.3458143,9.5986553e+03
 160.3662484,9.6100117e+03
 160.3866825,9.5971738e+03
 160.4071166,9.6126973e+03
 160.4275509,9.6210303e+03
 160.4479849,9.6149102e+03
 160.4684191,9.6111973e+03
 160.4888533,9.6052939e+03
 160.5092874,9.6058262e+03
 160.5297215,9.6064004e+03
 160.5501556,9.6112314e+03
 160.5705898,9.6113223e+03
 160.5910239,9.6157109e+03
 160.6114581,9.6128164e+03
 160.6318921,9.6042842e+03
 160.6523264,9.6133369e+03
 160.6727605,9.6001523e+03
 160.6931945,9.5965020e+03
 160.7136288,9.6181699e+03
 160.7340629,9.6314922e+03
 160.7544970,9.6085879e+03
 160.7749311,9.6074072e+03
 160.7953653,9.6186016e+03
 160.8157995,9.6047246e+03
 160.8362335,9.6094277e+03
 160.8566678,9.6143398e+03
 160.8771019,9.6142871e+03
 160.8975359,9.6204990e+03
 160.9179701,9.6125879e+03
 160.9384043,9.6127383e+03
 160.9588383,9.6125264e+03
 160.9792725,9.6140029e+03
 160.9997067,9.6175381e+03
 161.0201408,9.6191631e+03
 161.0405749,9.6180879e+03
 161.0610090,9.6211445e+03
 161.0814432,9.6199785e+03
 161.1018773,9.6110703e+03
 161.1223114,9.6214326e+03
 161.1427457,9.6199365e+03
 161.1631797,9.6200273e+03
 161.1836138,9.6185498e+03
 161.2040479,9.6157549e+03
 161.2244821,9.6202598e+03
 161.2449163,         null
 161.2653504,9.6218828e+03
 161.2857844,9.6246914e+03
 161.3062187,9.6209980e+03
 161.3266528,9.6280527e+03
 161.3470868,9.6258018e+03
 161.3675211,9.6152773e+03
 161.3879552,9.6284473e+03
 161.4083892,9.6348760e+03
 161.4288234,9.6152402e+03
 161.4492576,9.6238262e+03
 161.4696916,9.6273594e+03
 161.4901257,9.6316338e+03
 161.5105600,9.6307891e+03
 161.5309940,9.6256348e+03
 161.5514281,9.6223213e+03
 161.5718623,9.6207080e+03
 161.5922965,9.6227842e+03
 161.6127305,9.6251211e+03
 161.6331647,9.6173271e+03
 161.6535989,9.6155605e+03
 161.6740330,9.6273740e+03
 161.6944670,9.6236484e+03
 161.7149012,9.6122510e+03
 161.7353354,9.6149492e+03
 161.7557694,9.6279990e+03
 161.7762036,9.6151943e+03
 161.7966377,9.6226211e+03
 161.8170718,9.6262490e+03
 161.8375059,9.6213047e+03
 161.8579401,9.6192168e+03
 161.8783743,9.6312354e+03
 161.8988083,9.6239170e+03
 161.9192424,9.6282510e+03
 161.9396765,9.6183047e+03
 161.9601107,9.6289854e+03
 161.9805448,9.6107080e+03
 162.0009789,9.6235762e+03
 162.0214131,9.6233896e+03
 162.0418472,9.6335283e+03
 162.0622813,9.6348721e+03
 162.0827153,9.6261191e+03
 162.1031496,9.6267061e+03
 162.1235837,9.6285811e+03
 162.1440177,9.6298682e+03
 162.1644519,9.6288877e+03
 162.1848861,9.6191621e+03
 162.2053201,9.6137783e+03
 162.2257542,9.6211270e+03
 162.2461884,9.6117383e+03
 162.2666225,9.6134814e+03
 162.2870566,9.6131191e+03
 162.3074908,9.6377119e+03
 162.3279249,9.6233135e+03
 162.3483589,9.6148789e+03
 162.3687931,9.6387852e+03
 162.3892273,9.6226104e+03
 162.4096613,9.6247568e+03
 162.4300954,9.6249756e+03
 162.4505294,9.6293662e+03
 162.4709637,9.6299697e+03
 162.4913978,9.6280547e+03
 162.5118313,9.6207354e+03
 162.5322655,9.6287930e+03
 162.5526995,9.6238721e+03
 162.5731336,9.6191631e+03
 162.5935678,9.6190547e+03
 162.6140020,9.6322021e+03
 162.6344360,9.6356543e+03
 162.6548701,9.6281670e+03
 162.6753043,9.6274902e+03
 162.6957383,9.6272480e+03
 162.7161725,9.6271797e+03
 162.7366066,9.6181396e+03
 162.7570407,9.6210986e+03
 162.7774748,9.6084980e+03
 162.7979089,9.6264326e+03
 162.8183430,9.6336709e+03
 162.8387772,9.6273242e+03
 162.8592113,9.6187900e+03
 162.8796453,9.6340078e+03
 162.9000795,9.6293232e+03
 162.9205136,9.6279824e+03
 162.9409476,9.6244639e+03
 162.9613817,9.6332148e+03
 162.9818159,9.6261904e+03
 163.0022500,9.6309795e+03
 163.0226841,9.6308418e+03
 163.0431183,9.6204707e+03
 163.0635524,9.6351289e+03
 163.0839864,9.6356807e+03
 163.1044205,9.6265957e+03
 163.1248547,9.6303184e+03
 163.1452887,9.6267686e+03
 163.1657229,9.6232275e+03
 163.1861571,9.6251572e+03
 163.2065911,9.6303057e+03
 163.2270252,9.6201338e+03
 163.2474593,9.6121367e+03
 163.2678934,9.6053643e+03
 163.2883275,9.6233760e+03
 163.3087616,9.6193457e+03
 163.3291958,9.6148105e+03
 163.3496298,9.6149736e+03
 163.3700639,9.6160146e+03
 163.3904980,9.6153779e+03
 163.4109322,9.6219248e+03
 163.4313663,9.6043564e+03
 163.4518003,9.6060205e+03
 163.4722345,9.6038369e+03
 163.4926686,9.6119727e+03
 163.5131027,9.6079453e+03
 163.5335367,9.6176123e+03
 163.5539709,9.6132871e+03
 163.5744050,9.6069092e+03
 163.5948390,9.6216357e+03
 163.6152731,9.6025312e+03
 163.6357073,9.6121699e+03
 163.6561413,9.6063477e+03
 163.6765754,9.6199736e+03
 163.6970096,9.6151855e+03
 163.7174436,9.6076270e+03
 163.7378777,9.6091318e+03
 163.7583118,9.5963252e+03
 163.7787459,9.6065322e+03
 163.7991800,9.5938301e+03
 163.8196142,9.6077969e+03
 163.8400484,9.6012842e+03
 163.8604824,9.6082920e+03
 163.8809165,9.6060439e+03
 163.9013505,9.6060654e+03
 163.9217847,9.6038516e+03
 163.9422188,9.5929775e+03
 163.9626529,9.5908916e+03
 163.9830870,9.6022471e+03
 164.0035211,9.5853271e+03
 164.0239552,9.5917012e+03
 164.0443892,9.5845752e+03
 164.0648234,9.5886846e+03
 164.0852575,9.5853027e+03
 164.1056916,9.5948174e+03
 164.1261256,9.5907402e+03
 164.1465598,9.5855596e+03
 164.1669937,9.5886846e+03
 164.1874278,9.5856104e+03
 164.2078620,9.5902129e+03
 164.2282961,         null
 164.2487301,9.5939307e+03
 164.2691642,9.5977666e+03
 164.2895983,9.5799834e+03
 164.3100324,9.5926787e+03
 164.3304665,9.5803652e+03
 164.3509007,9.5743799e+03
 164.3713348,9.5761182e+03
 164.3917688,9.5773418e+03
 164.4122029,9.5751660e+03
 164.4326370,9.5697002e+03
 164.4530711,9.5781650e+03
 164.4735052,9.5707617e+03
 164.4939394,9.5724238e+03
 164.5143734,9.5634844e+03
 164.5348075,9.5745186e+03
 164.5552416,9.5609180e+03
 164.5756756,9.5582432e+03
 164.5961097,9.5532471e+03
 164.6165438,9.5726201e+03
 164.6369778,9.5555361e+03
 164.6574120,9.5554512e+03
 164.6778461,9.5613623e+03
 164.6982802,9.5548516e+03
 164.7187143,9.5478115e+03
 164.7391484,9.5458545e+03
 164.7595825,9.5531143e+03
 164.7800165,9.5504141e+03
 164.8004506,9.5472637e+03
 164.8208847,9.5600557e+03
 164.8413187,9.5425020e+03
 164.8617529,9.5382305e+03
 164.8821870,9.5424404e+03
 164.9026210,9.5415977e+03
 164.9230551,9.5400918e+03
 164.9434893,9.5385049e+03
 164.9639233,9.5386045e+03
 164.9843573,9.5323057e+03
