        TIME,  PDCSAP_FLUX
 131.5125230,1.1618633e+04
 131.5329576,1.1606659e+04
 131.5533920,1.1609101e+04
 131.5738263,1.1600831e+04
 131.5942608,1.1603181e+04
 131.6146953,1.1603962e+04
 131.6351297,1.1600820e+04
 131.6555641,1.1599290e+04
 131.6759987,1.1600419e+04
 131.6964331,1.1596591e+04
 131.7168675,1.1601307e+04
 131.7373019,1.1608251e+04
 131.7577364,1.1602600e+04
 131.7781708,1.1595796e+04
 131.7986052,1.1608358e+04
 131.8190398,1.1609184e+04
 131.8394741,1.1601571e+04
 131.8599086,1.1607355e+04
 131.8803430,1.1599524e+04
 131.9007774,1.1605328e+04
 131.9212119,1.1602685e+04
 131.9416463,1.1613997e+04
 131.9620808,1.1605575e+04
 131.9825152,1.1607182e+04
 132.0029497,1.1606030e+04
 132.0233840,1.1601544e+04
 132.0438185,1.1598185e+04
 132.0642530,1.1606945e+04
 132.0846873,1.1600040e+04
 132.1051218,1.1600850e+04
 132.1255563,1.1616479e+04
 132.1459906,1.1598720e+04
 132.1664251,1.1601747e+04
 132.1868596,1.1599641e+04
 132.2072941,1.1596466e+04
 132.2277284,1.1609748e+04
 132.2481629,1.1600821e+04
 132.2685974,1.1597906e+04
 132.2890317,1.1599690e+04
 132.3094662,1.1603830e+04
 132.3299007,1.1599004e+04
 132.3503351,1.1607250e+04
 132.3707695,1.1614448e+04
 132.3912039,1.1611085e+04
 132.4116384,1.1600008e+04
 132.4320728,1.1603012e+04
 132.4525073,1.1601194e+04
 132.4729418,1.1604412e+04
 132.4933761,1.1602878e+04
 132.5138106,1.1602559e+04
 132.5342449,1.1604967e+04
 132.5546795,1.1600786e+04
 132.5751139,1.1605697e+04
 132.5955482,1.1595230e+04
 132.6159828,1.1610177e+04
 132.6364172,1.1603661e+04
 132.6568517,1.1605012e+04
 132.6772860,1.1603490e+04
 132.6977205,1.1605842e+04
 132.7181550,1.1606182e+04
 132.7385893,1.1606209e+04
 132.7590238,1.1603526e+04
 132.7794583,1.1604696e+04
 132.7998926,1.1599087e+04
 132.8203271,1.1604863e+04
 132.8407616,1.1594773e+04
 132.8611959,1.1602795e+04
 132.8816304,1.1593393e+04
 132.9020649,1.1602567e+04
 132.9224993,1.1602443e+04
 132.9429337,1.1595417e+04
 132.9633681,1.1600313e+04
 132.9838027,1.1599446e+04
 133.0042370,1.1597749e+04
 133.0246714,1.1600374e+04
 133.0451059,1.1601538e+04
 133.0655403,1.1600057e+04
 133.0859748,1.1593226e+04
 133.1064092,1.1604877e+04
 133.1268436,1.1609264e+04
 133.1472781,1.1601280e+04
 133.1677125,1.1603721e+04
 133.1881469,1.1599182e+04
 133.2085815,1.1604785e+04
 133.2290158,1.1597449e+04
 133.2494502,1.1605254e+04
 133.2698847,1.1603102e+04
 133.2903191,1.1599108e+04
 133.3107536,1.1600182e+04
 133.3311879,1.1600535e+04
 133.3516224,1.1617723e+04
 133.3720569,1.1601681e+04
 133.3924913,1.1593902e+04
 133.4129257,1.1605234e+04
 133.4333602,1.1603697e+04
 133.4537946,1.1601240e+04
 133.4742289,1.1595498e+04
 133.4946635,1.1598651e+04
 133.5150979,1.1598077e+04
 133.5355322,1.1603602e+04
 133.5559668,1.1598814e+04
 133.5764012,1.1603820e+04
 133.5968356,1.1608207e+04
 133.6172700,1.1594678e+04
 133.6377045,1.1599979e+04
 133.6581390,1.1610292e+04
 133.6785733,1.1600460e+04
 133.6990078,1.1601443e+04
 133.7194423,1.1611770e+04
 133.7398766,1.1604203e+04
 133.7603110,1.1609240e+04
 133.7807456,1.1601063e+04
 133.8011799,1.1605528e+04
 133.8216143,1.1602860e+04
 133.8420488,1.1610946e+04
 133.8624832,1.1599779e+04
 133.8829176,1.1596836e+04
 133.9033521,1.1599653e+04
 133.9237865,1.1600040e+04
 133.9442209,1.1600648e+04
 133.9646554,1.1597290e+04
 133.9850897,1.1609769e+04
 134.0055242,1.1596728e+04
 134.0259587,1.1600607e+04
 134.0463930,1.1607976e+04
 134.0668275,1.1601678e+04
 134.0872620,1.1601749e+04
 134.1076963,1.1598702e+04
 134.1281307,1.1589023e+04
 134.1485653,1.1589704e+04
 134.1689997,1.1602533e+04
 134.1894340,1.1600958e+04
 134.2098685,1.1608274e+04
 134.2303030,1.1601855e+04
 134.2507373,1.1604543e+04
 134.2711717,1.1605513e+04
 134.2916063,1.1593917e+04
 134.3120406,1.1596207e+04
 134.3324750,1.1605194e+04
 134.3529096,1.1597199e+04
 134.3733439,1.1602903e+04
 134.3937783,         null
 134.4142128,1.1601971e+04
 134.4346472,1.1602381e+04
 134.4550816,1.1603015e+04
 134.4755161,1.1601677e+04
 134.4959506,1.1607024e+04
 134.5163849,1.1608349e+04
 134.5368193,1.1596088e+04
 134.5572537,1.1607784e+04
 134.5776882,1.1601406e+04
 134.5981226,1.1602288e+04
 134.6185570,1.1600471e+04
 134.6389914,1.1607540e+04
 134.6594259,1.1596571e+04
 134.6798604,1.1595997e+04
 134.7002948,1.1598529e+04
 134.7207292,1.1601441e+04
 134.7411636,1.1599883e+04
 134.7615980,1.1615081e+04
 134.7820324,1.1608373e+04
 134.8024669,1.1600364e+04
 134.8229014,1.1601352e+04
 134.8433357,1.1609750e+04
 134.8637702,1.1608762e+04
 134.8842046,1.1597447e+04
 134.9046391,1.1605393e+04
 134.9250734,1.1611199e+04
 134.9455079,1.1605345e+04
 134.9659424,1.1600418e+04
 134.9863767,1.1605752e+04
 135.0068112,1.1605601e+04
 135.0272456,1.1608679e+04
 135.0476800,1.1604900e+04
 135.0681144,1.1606128e+04
 135.0885489,1.1604748e+04
 135.1089832,1.1605773e+04
 135.1294177,1.1620017e+04
 135.1498522,1.1607208e+04
 135.1702866,1.1608865e+04
 135.1907210,1.1602481e+04
 135.2111554,1.1603698e+04
 135.2315899,1.1605291e+04
 135.2520242,1.1596026e+04
 135.2724587,1.1601899e+04
 135.2928930,1.1608964e+04
 135.3133275,1.1612285e+04
 135.3337619,1.1603334e+04
 135.3541963,1.1607160e+04
 135.3746308,1.1604771e+04
 135.3950652,1.1609130e+04
 135.4154996,1.1608704e+04
 135.4359340,1.1605428e+04
 135.4563685,1.1612377e+04
 135.4768029,1.1616772e+04
 135.4972372,1.1601080e+04
 135.5176718,1.1609612e+04
 135.5381062,1.1622271e+04
 135.5585405,1.1607247e+04
 135.5789749,1.1603593e+04
 135.5994095,1.1612612e+04
 135.6198438,1.1611756e+04
 135.6402782,1.1610696e+04
 135.6607127,1.1609542e+04
 135.6811472,1.1610399e+04
 135.7015815,1.1605722e+04
 135.7220159,1.1600877e+04
 135.7424504,1.1613516e+04
 135.7628848,1.1607922e+04
 135.7833192,1.1613346e+04
 135.8037537,1.1605830e+04
 135.8241880,1.1603476e+04
 135.8446225,1.1611225e+04
 135.8650569,1.1619634e+04
 135.8854913,1.1603040e+04
 135.9059257,1.1610636e+04
 135.9263602,1.1607820e+04
 135.9467945,1.1617604e+04
 135.9672290,1.1613158e+04
 135.9876634,1.1611736e+04
 136.0080977,1.1622802e+04
 136.0285323,1.1608388e+04
 136.0489667,1.1613827e+04
 136.0694010,1.1608071e+04
 136.0898354,1.1603277e+04
 136.1102700,1.1613719e+04
 136.1307044,1.1602464e+04
 136.1511387,1.1616870e+04
 136.1715732,1.1600713e+04
 136.1920076,1.1607450e+04
 136.2124420,1.1614263e+04
 136.2328764,1.1602358e+04
 136.2533109,1.1606741e+04
 136.2737452,1.1615007e+04
 136.2941796,1.1611416e+04
 136.3146142,1.1607695e+04
 136.3350485,1.1605381e+04
 136.3554829,1.1605866e+04
 136.3759173,1.1605363e+04
 136.3963517,1.1614964e+04
 136.4167862,1.1601716e+04
 136.4372206,1.1603333e+04
 136.4576551,1.1607493e+04
 136.4780894,1.1605850e+04
 136.4985238,1.1612827e+04
 136.5189583,1.1606986e+04
 136.5393927,1.1602764e+04
 136.5598271,1.1614821e+04
 136.5802615,1.1614059e+04
 136.6006959,1.1618649e+04
 136.6211304,1.1612653e+04
 136.6415648,1.1607799e+04
 136.6619992,1.1594991e+04
 136.6824336,1.1603895e+04
 136.7028680,1.1611549e+04
 136.7233025,1.1606272e+04
 136.7437368,1.1605679e+04
 136.7641713,1.1606651e+04
 136.7846057,1.1599249e+04
 136.8050400,1.1609479e+04
 136.8254746,1.1614010e+04
 136.8459090,1.1599612e+04
 136.8663434,1.1597319e+04
 136.8867777,1.1603784e+04
 136.9072122,1.1610222e+04
 136.9276466,1.1604955e+04
 136.9480810,1.1607749e+04
 136.9685155,1.1605118e+04
 136.9889499,1.1612551e+04
 137.0093842,1.1605552e+04
 137.0298186,1.1606604e+04
 137.0502531,1.1612812e+04
 137.0706875,1.1597670e+04
 137.0911219,1.1607768e+04
 137.1115564,1.1612985e+04
 137.1319907,1.1602655e+04
 137.1524251,1.1603839e+04
 137.1728595,1.1602935e+04
 137.1932941,1.1604385e+04
 137.2137284,1.1602349e+04
 137.2341628,1.1599964e+04
 137.2545971,1.1607204e+04
 137.2750316,1.1606365e+04
 137.2954660,1.1608314e+04
 137.3159004,1.1599154e+04
 137.3363349,1.1602728e+04
 137.3567693,1.1601162e+04
 137.3772037,         null
 137.3976380,1.1612456e+04
 137.4180725,1.1599063e+04
 137.4385069,1.1602595e+04
 137.4589413,1.1604226e+04
 137.4793758,1.1601706e+04
 137.4998102,1.1597086e+04
 137.5202445,1.1603091e+04
 137.5406789,1.1603688e+04
 137.5611134,1.1612029e+04
 137.5815477,1.1608724e+04
 137.6019822,1.1605317e+04
 137.6224167,1.1599207e+04
 137.6428511,1.1603561e+04
 137.6632854,1.1601338e+04
 137.6837198,1.1600357e+04
 137.7041543,1.1597149e+04
 137.7245886,1.1609858e+04
 137.7450231,1.1605254e+04
 137.7654576,1.1606120e+04
 137.7858919,1.1607464e+04
 137.8063263,1.1587438e+04
 137.8267606,1.1612853e+04
 137.8471951,1.1612726e+04
 137.8676295,1.1602348e+04
 137.8880639,1.1602771e+04
 137.9084983,1.1602642e+04
 137.9289328,1.1603674e+04
 137.9493672,1.1605505e+04
 137.9698015,1.1601327e+04
 137.9902360,1.1604725e+04
 138.0106704,1.1596236e+04
 138.0311047,1.1599993e+04
 138.0515391,1.1608802e+04
 138.0719736,1.1608070e+04
 138.0924081,1.1595648e+04
 138.1128424,1.1605409e+04
 138.1332769,1.1610312e+04
 138.1537113,1.1603241e+04
 138.1741456,1.1603769e+04
 138.1945800,1.1606210e+04
 138.2150145,1.1607284e+04
 138.2354489,1.1607735e+04
 138.2558832,1.1599097e+04
 138.2763177,1.1600953e+04
 138.2967522,1.1610801e+04
 138.3171865,1.1597513e+04
 138.3376209,1.1603777e+04
 138.3580554,1.1605194e+04
 138.3784898,1.1609926e+04
 138.3989241,1.1608818e+04
 138.4193586,1.1605122e+04
 138.4397930,1.1601084e+04
 138.4602273,1.1592505e+04
 138.4806617,1.1601465e+04
 138.5010963,1.1609575e+04
 138.5215306,1.1601948e+04
 138.5419650,1.1603928e+04
 138.5623994,1.1597379e+04
 138.5828338,1.1598366e+04
 138.6032682,1.1601719e+04
 138.6237026,1.1600773e+04
 138.6441370,1.1600952e+04
 138.6645714,1.1601567e+04
 138.6850058,1.1616470e+04
 138.7054401,1.1599217e+04
 138.7258746,1.1602854e+04
 138.7463090,1.1605516e+04
 138.7667434,1.1606072e+04
 138.7871779,1.1601436e+04
 138.8076123,1.1606425e+04
 138.8280466,1.1605439e+04
 138.8484810,1.1605507e+04
 138.8689155,1.1603871e+04
 138.8893499,1.1600294e+04
 138.9097842,1.1610354e+04
 138.9302187,1.1604912e+04
 138.9506531,1.1605724e+04
 138.9710874,1.1610464e+04
 138.9915218,1.1613510e+04
 139.0119563,1.1603332e+04
 139.0323906,1.1611099e+04
 139.0528250,1.1604674e+04
 139.0732595,1.1606479e+04
 139.0936938,1.1606066e+04
 139.1141283,1.1603762e+04
 139.1345627,1.1603948e+04
 139.1549971,1.1605317e+04
 139.1754315,1.1604753e+04
 139.1958659,1.1609254e+04
 139.2163002,1.1603488e+04
 139.2367347,1.1607430e+04
 139.2571691,1.1607876e+04
 139.2776034,1.1610482e+04
 139.2980379,1.1604950e+04
 139.3184723,1.1608164e+04
 139.3389067,1.1607164e+04
 139.3593410,1.1604170e+04
 139.3797755,1.1603788e+04
 139.4002099,1.1617920e+04
 139.4206442,1.1599642e+04
 139.4410787,1.1608431e+04
 139.4615131,1.1603644e+04
 139.4819474,1.1606148e+04
 139.5023818,1.1608931e+04
 139.5228163,1.1611567e+04
 139.5432506,1.1601685e+04
 139.5636850,1.1616458e+04
 139.5841195,1.1610371e+04
 139.6045538,1.1596254e+04
 139.6249882,1.1601245e+04
 139.6454226,1.1624169e+04
 139.6658571,1.1603499e+04
 139.6862914,1.1600258e+04
 139.7067258,1.1596789e+04
 139.7271602,1.1602828e+04
 139.7475946,1.1602007e+04
 139.7680290,1.1607071e+04
 139.7884634,1.1606864e+04
 139.8088979,1.1609985e+04
 139.8293323,1.1603899e+04
 139.8497667,1.1605603e+04
 139.8702011,1.1598777e+04
 139.8906355,1.1604895e+04
 139.9110699,1.1596728e+04
 139.9315043,1.1602830e+04
 139.9519388,1.1610251e+04
 139.9723731,1.1594343e+04
 139.9928075,1.1604895e+04
 140.0132418,1.1598526e+04
 140.0336763,1.1599648e+04
 140.0541107,1.1597707e+04
 140.0745450,1.1605738e+04
 140.0949794,1.1601832e+04
 140.1154138,1.1601948e+04
 140.1358482,1.1594389e+04
 140.1562825,1.1610169e+04
 140.1767170,1.1601066e+04
 140.1971514,1.1603554e+04
 140.2175857,1.1589415e+04
 140.2380202,1.1598377e+04
 140.2584546,1.1595728e+04
 140.2788889,1.1601405e+04
 140.2993233,1.1599523e+04
 140.3197578,1.1608345e+04
 140.3401921,1.1601785e+04
 140.3606265,         null
 140.3810609,1.1596182e+04
 140.4014954,1.1595924e+04
 140.4219297,1.1607661e+04
 140.4423641,1.1608063e+04
 140.4627986,1.1597802e+04
 140.4832329,1.1599974e+04
 140.5036673,1.1611458e+04
 140.5241016,1.1602779e+04
 140.5445361,1.1610721e+04
 140.5649705,1.1610902e+04
 140.5854049,1.1609526e+04
 140.6058393,1.1604316e+04
 140.6262737,1.1609728e+04
 140.6467081,1.1598311e+04
 140.6671424,1.1611377e+04
 140.6875769,1.1609659e+04
 140.7080113,1.1609074e+04
 140.7284456,1.1614401e+04
 140.7488801,1.1611627e+04
 140.7693144,1.1607233e+04
 140.7897487,1.1612522e+04
 140.8101831,1.1611458e+04
 140.8306176,1.1599638e+04
 140.8510520,1.1610431e+04
 140.8714863,1.1607481e+04
 140.8919207,1.1604510e+04
 140.9123552,1.1615878e+04
 140.9327895,1.1614284e+04
 140.9532239,1.1620519e+04
 140.9736584,1.1609243e+04
 140.9940927,1.1595902e+04
 141.0145271,1.1616611e+04
 141.0349615,1.1612845e+04
 141.0553959,1.1610453e+04
 141.0758303,1.1605908e+04
 141.0962646,1.1624853e+04
 141.1166990,1.1615755e+04
 141.1371334,1.1607123e+04
 141.1575678,1.1600481e+04
 141.1780021,1.1614799e+04
 141.1984366,1.1638805e+04
 141.2188710,1.1607671e+04
 141.2393053,1.1617069e+04
 141.2597398,1.1610185e+04
 141.2801742,1.1616411e+04
 141.3006085,1.1607649e+04
 141.3210429,1.1610454e+04
 141.3414773,1.1603262e+04
 141.3619117,1.1603716e+04
 141.3823460,1.1620771e+04
 141.4027804,1.1608093e+04
 141.4232149,1.1603300e+04
 141.4436493,1.1609841e+04
 141.4640836,1.1602339e+04
 141.4845181,1.1610160e+04
 141.5049525,1.1610202e+04
 141.5253868,1.1610014e+04
 141.5458212,1.1608540e+04
 141.5662555,1.1610988e+04
 141.5866900,1.1610002e+04
 141.6071243,1.1614116e+04
 141.6275588,1.1615583e+04
 141.6479932,1.1611333e+04
 141.6684275,1.1615561e+04
 141.6888619,1.1608667e+04
 141.7092964,1.1609235e+04
 141.7297307,1.1603479e+04
 141.7501650,1.1608312e+04
 141.7705995,1.1618051e+04
 141.7910338,1.1605357e+04
 141.8114682,1.1612834e+04
 141.8319026,1.1615414e+04
 141.8523370,1.1611000e+04
 141.8727714,1.1604656e+04
 141.8932058,1.1604351e+04
 141.9136402,1.1603017e+04
 141.9340745,1.1609415e+04
 141.9545089,1.1615770e+04
 141.9749432,1.1618628e+04
 141.9953777,1.1608901e+04
 142.0158121,1.1616388e+04
 142.0362464,1.1619681e+04
 142.0566808,1.1609545e+04
 142.0771152,1.1619881e+04
 142.0975496,1.1609197e+04
 142.1179839,1.1611254e+04
 142.1384184,1.1613351e+04
 142.1588528,1.1617435e+04
 142.1792871,1.1613006e+04
 142.1997215,1.1608063e+04
 142.2201559,1.1606711e+04
 142.2405902,1.1606133e+04
 142.2610246,1.1603261e+04
 142.2814591,1.1617838e+04
 142.3018934,1.1608601e+04
 142.3223278,1.1610664e+04
 142.3427622,1.1614118e+04
 142.3631966,1.1609249e+04
 142.3836309,1.1622271e+04
 142.4040653,1.1611965e+04
 142.4244998,1.1617123e+04
 142.4449341,1.1615819e+04
 142.4653685,1.1617185e+04
 142.4858027,1.1615159e+04
 142.5062372,1.1614146e+04
 142.5266716,1.1619994e+04
 142.5471060,1.1614056e+04
 142.5675403,1.1615092e+04
 142.5879748,1.1620907e+04
 142.6084091,1.1611695e+04
 142.6288434,1.1615479e+04
 142.6492779,1.1618065e+04
 142.6697123,1.1622326e+04
 142.6901466,1.1618675e+04
 142.7105810,1.1599115e+04
 142.7310154,1.1613404e+04
 142.7514497,1.1618471e+04
 142.7718841,1.1617287e+04
 142.7923186,1.1610318e+04
 142.8127529,1.1618640e+04
 142.8331872,1.1608142e+04
 142.8536216,1.1610754e+04
 142.8740561,1.1617729e+04
 142.8944904,1.1612781e+04
 142.9149248,1.1615396e+04
 142.9353592,1.1612046e+04
 142.9557935,1.1621887e+04
 142.9762279,1.1613930e+04
 142.9966622,1.1609162e+04
 143.0170967,1.1613970e+04
 143.0375311,1.1614606e+04
 143.0579654,1.1605605e+04
 143.0783998,1.1610033e+04
 143.0988342,1.1617104e+04
 143.1192686,1.1613922e+04
 143.1397029,1.1608497e+04
 143.1601373,1.1622161e+04
 143.1805717,1.1608901e+04
 143.2010060,1.1603035e+04
 143.2214404,1.1613295e+04
 143.2418748,1.1613734e+04
 143.2623092,1.1611443e+04
 143.2827436,1.1609664e+04
 143.3031780,1.1616502e+04
 143.3236124,1.1625676e+04
 143.3440467,         null
 143.3644810,1.1607005e+04
 143.3849155,1.1605037e+04
 143.4053499,1.1604165e+04
 143.4257841,1.1610203e+04
 143.4462186,1.1604922e+04
 143.4666530,1.1603989e+04
 143.4870873,1.1614525e+04
 143.5075217,1.1616373e+04
 143.5279561,1.1606098e+04
 143.5483905,1.1610035e+04
 143.5688248,1.1603495e+04
 143.5892593,1.1601791e+04
 143.6096936,1.1611756e+04
 143.6301279,1.1605580e+04
 143.6505623,1.1614276e+04
 143.6709968,1.1610848e+04
 143.6914310,1.1609021e+04
 143.7118654,1.1606498e+04
 143.7322998,1.1608570e+04
 143.7527342,1.1603877e+04
 143.7731685,1.1605137e+04
 143.7936029,1.1609166e+04
 143.8140373,1.1612145e+04
 143.8344717,1.1611389e+04
 143.8549060,1.1609781e+04
 143.8753403,1.1607361e+04
 143.8957748,1.1606774e+04
 143.9162092,1.1608988e+04
 143.9366434,1.1609854e+04
 143.9570779,1.1610033e+04
 143.9775123,1.1611769e+04
 143.9979466,1.1614030e+04
 144.0183809,1.1616853e+04
 144.0388154,1.1601322e+04
 144.0592498,1.1610335e+04
 144.0796840,1.1608720e+04
 144.1001185,1.1609912e+04
 144.1205529,1.1603394e+04
 144.1409872,1.1609944e+04
 144.1614215,1.1598756e+04
 144.1818560,1.1596996e+04
 144.2022903,1.1610761e+04
 144.2227247,1.1610331e+04
 144.2431591,1.1611178e+04
 144.2635934,1.1616862e+04
 144.2840278,1.1614120e+04
 144.3044621,1.1608619e+04
 144.3248965,1.1605877e+04
 144.3453309,1.1599018e+04
 144.3657652,1.1616875e+04
 144.3861995,1.1617111e+04
 144.4066340,1.1596141e+04
 144.4270684,1.1606502e+04
 144.4475026,1.1616620e+04
 144.4679371,1.1609985e+04
 144.4883715,1.1605998e+04
 144.5088057,1.1606502e+04
 144.5292401,1.1611524e+04
 144.5496746,1.1612869e+04
 144.5701089,1.1603462e+04
 144.5905432,1.1607267e+04
 144.6109777,1.1605191e+04
 144.6314121,1.1606535e+04
 144.6518463,1.1612514e+04
 144.6722807,1.1611045e+04
 144.6927152,1.1607721e+04
 144.7131494,1.1610166e+04
 144.7335838,1.1606951e+04
 144.7540183,1.1606101e+04
 144.7744525,1.1607368e+04
 144.7948869,1.1605420e+04
 144.8153213,1.1608543e+04
 144.8357557,1.1600996e+04
 144.8561900,1.1599868e+04
 144.8766244,1.1613227e+04
 144.8970587,1.1610128e+04
 144.9174931,1.1612386e+04
 144.9379275,1.1614686e+04
 144.9583618,1.1605523e+04
 144.9787963,1.1612235e+04
 144.9992306,1.1613488e+04
 145.0196649,1.1604872e+04
 145.0400993,1.1607047e+04
 145.0605337,1.1606120e+04
 145.0809680,1.1602926e+04
 145.1014024,1.1605842e+04
 145.1218369,1.1608743e+04
 145.1422711,1.1608205e+04
 145.1627055,1.1613346e+04
 145.1831398,1.1611864e+04
 145.2035742,1.1608478e+04
 145.2240086,1.1604524e+04
 145.2444429,1.1612855e+04
 145.2648773,1.1614685e+04
 145.2853117,1.1613634e+04
 145.3057460,1.1610081e+04
 145.3261803,1.1609778e+04
 145.3466148,1.1607688e+04
 145.3670491,1.1617143e+04
 145.3874834,1.1619984e+04
 145.4079179,1.1604062e+04
 145.4283522,1.1602471e+04
 145.4487865,1.1627723e+04
 145.4692209,1.1613851e+04
 145.4896553,1.1610271e+04
 145.5100896,1.1617444e+04
 145.5305239,1.1607137e+04
 145.5509583,1.1619247e+04
 145.5713928,1.1611104e+04
 145.5918270,1.1598398e+04
 145.6122614,1.1620618e+04
 145.6326959,1.1618874e+04
 145.6531301,1.1614369e+04
 145.6735645,1.1623857e+04
 145.6939987,1.1609122e+04
 145.7144332,1.1611646e+04
 145.7348676,1.1610506e+04
 145.7553019,1.1608444e+04
 145.7757363,1.1603765e+04
 145.7961706,1.1612226e+04
 145.8166050,1.1608155e+04
 145.8370393,1.1617401e+04
 145.8574737,1.1610823e+04
 145.8779081,1.1607683e+04
 145.8983423,1.1607189e+04
 145.9187768,1.1614123e+04
 145.9392112,1.1610521e+04
 145.9596454,1.1609973e+04
 145.9800798,1.1611704e+04
 146.0005142,1.1617984e+04
 146.0209486,1.1615919e+04
 146.0413829,1.1616787e+04
 146.0618173,1.1627376e+04
 146.0822517,1.1610255e+04
 146.1026859,1.1602897e+04
 146.1231203,1.1611906e+04
 146.1435548,1.1615237e+04
 146.1639890,1.1614282e+04
 146.1844234,1.1610267e+04
 146.2048577,1.1614277e+04
 146.2252921,1.1602491e+04
 146.2457264,1.1609362e+04
 146.2661608,1.1615289e+04
 146.2865952,1.1614196e+04
 146.3070295,1.1609049e+04
 146.3274639,         null
 146.3478981,1.1608116e+04
 146.3683326,1.1607074e+04
 146.3887669,1.1606644e+04
 146.4092012,1.1606199e+04
 146.4296356,1.1610871e+04
 146.4500700,1.1615522e+04
 146.4705043,1.1612978e+04
 146.4909387,1.1616541e+04
 146.5113731,1.1608511e+04
 146.5318074,1.1610626e+04
 146.5522417,1.1619734e+04
 146.5726761,1.1613738e+04
 146.5931105,1.1608048e+04
 146.6135448,1.1608709e+04
 146.6339791,1.1615101e+04
 146.6544136,1.1622555e+04
 146.6748479,1.1607041e+04
 146.6952822,1.1602348e+04
 146.7157166,1.1622754e+04
 146.7361510,1.1612688e+04
 146.7565853,1.1610267e+04
 146.7770196,1.1611081e+04
 146.7974540,1.1613215e+04
 146.8178884,1.1613384e+04
 146.8383226,1.1603289e+04
 146.8587570,1.1613754e+04
 146.8791914,1.1606879e+04
 146.8996257,1.1613863e+04
 146.9200600,1.1616028e+04
 146.9404945,1.1621806e+04
 146.9609287,1.1610333e+04
 146.9813631,1.1610659e+04
 147.0017974,1.1612328e+04
 147.0222318,1.1614440e+04
 147.0426662,1.1608662e+04
 147.0631005,1.1607451e+04
 147.0835350,1.1614312e+04
 147.1039692,1.1612055e+04
 147.1244036,1.1612495e+04
 147.1448378,1.1607502e+04
 147.1652723,1.1599318e+04
 147.1857066,1.1614364e+04
 147.2061409,1.1608492e+04
 147.2265753,1.1606550e+04
 147.2470097,1.1606582e+04
 147.2674440,1.1613207e+04
 147.2878783,1.1608579e+04
 147.3083127,1.1605518e+04
 147.3287471,1.1608714e+04
 147.3491813,1.1611463e+04
 147.3696157,1.1605265e+04
 147.3900501,1.1611388e+04
 147.4104843,1.1610689e+04
 147.4309187,1.1606659e+04
 147.4513531,1.1611047e+04
 147.4717874,1.1604082e+04
 147.4922217,1.1614648e+04
 147.5126561,1.1611185e+04
 147.5330905,1.1606805e+04
 147.5535248,1.1617331e+04
 147.5739591,1.1608520e+04
 147.5943936,1.1607855e+04
 147.6148278,1.1608874e+04
 147.6352622,1.1604415e+04
 147.6556964,1.1608637e+04
 147.6761309,1.1610392e+04
 147.6965652,1.1612365e+04
 147.7169995,1.1616038e+04
 147.7374339,1.1616407e+04
 147.7578682,1.1609543e+04
 147.7783026,1.1609595e+04
 147.7987368,1.1605466e+04
 147.8191713,1.1616393e+04
 147.8396056,1.1602457e+04
 147.8600399,1.1612130e+04
 147.8804742,1.1616092e+04
 147.9009087,         null
 147.9213429,1.1612654e+04
 147.9417773,1.1614099e+04
 147.9622117,1.1606510e+04
 147.9826459,1.1615032e+04
 148.0030803,1.1612192e+04
 148.0235146,1.1612604e+04
 148.0439491,1.1606110e+04
 148.0643833,1.1603148e+04
 148.0848177,1.1611180e+04
 148.1052521,1.1606545e+04
 148.1256863,1.1605423e+04
 148.1461207,1.1601997e+04
 148.1665550,1.1610279e+04
 148.1869894,1.1611630e+04
 148.2074237,1.1613805e+04
 148.2278581,1.1606897e+04
 148.2482925,1.1606134e+04
 148.2687267,1.1609561e+04
 148.2891611,1.1606863e+04
 148.3095954,1.1610961e+04
 148.3300298,1.1605875e+04
 148.3504641,1.1607707e+04
 148.3708984,1.1605727e+04
 148.3913327,1.1609793e+04
 148.4117671,1.1615051e+04
 148.4322015,1.1609508e+04
 148.4526358,1.1607555e+04
 148.4730702,1.1617046e+04
 148.4935045,1.1603438e+04
 148.5139388,1.1612734e+04
 148.5343731,1.1609425e+04
 148.5548075,1.1611393e+04
 148.5752419,1.1608297e+04
 148.5956761,1.1599794e+04
 148.6161105,1.1605361e+04
 148.6365449,1.1611738e+04
 148.6569791,1.1604579e+04
 148.6774134,1.1608869e+04
 148.6978479,1.1608116e+04
 148.7182821,1.1608447e+04
 148.7387165,1.1614221e+04
 148.7591509,1.1604488e+04
 148.7795852,1.1606398e+04
 148.8000195,1.1603232e+04
 148.8204538,1.1611771e+04
 148.8408882,1.1605861e+04
 148.8613225,1.1606861e+04
 148.8817568,1.1606290e+04
 148.9021913,1.1615035e+04
 148.9226255,1.1611184e+04
 148.9430598,1.1617855e+04
 148.9634942,1.1608554e+04
 148.9839285,1.1606377e+04
 149.0043628,1.1605651e+04
 149.0247972,1.1605547e+04
 149.0452314,1.1607297e+04
 149.0656658,1.1605661e+04
 149.0861002,1.1603120e+04
 149.1065344,1.1601218e+04
 149.1269689,1.1597254e+04
 149.1474032,1.1601548e+04
 149.1678374,1.1604854e+04
 149.1882718,1.1603707e+04
 149.2087062,1.1605069e+04
 149.2291405,1.1611883e+04
 149.2495748,1.1613574e+04
 149.2700092,1.1613077e+04
 149.2904435,1.1598313e+04
 149.3108778,         null
 149.3313121,1.1604910e+04
 149.3517465,1.1607004e+04
 149.3721808,1.1601010e+04
 149.3926151,1.1603751e+04
 149.4130495,1.1613963e+04
 149.4334838,1.1605103e+04
 149.4539181,1.1602856e+04
 149.4743524,1.1609168e+04
 149.4947868,1.1605698e+04
 149.5152211,1.1611104e+04
 149.5356554,1.1606462e+04
 149.5560899,1.1601460e+04
 149.5765241,1.1602066e+04
 149.5969584,1.1609051e+04
 149.6173926,1.1604688e+04
 149.6378271,1.1611605e+04
 149.6582614,1.1604066e+04
 149.6786956,1.1603711e+04
 149.6991300,1.1610492e+04
 149.7195644,1.1602842e+04
 149.7399987,1.1611066e+04
 149.7604330,1.1607746e+04
 149.7808674,1.1603017e+04
 149.8013017,1.1610655e+04
 149.8217360,1.1592069e+04
 149.8421703,1.1607871e+04
 149.8626047,1.1607289e+04
 149.8830390,1.1786162e+04
 149.9034733,1.1604836e+04
 149.9239077,1.1605002e+04
 149.9443420,1.1603841e+04
 149.9647764,1.1596726e+04
 149.9852106,1.1606891e+04
 150.0056450,1.1608751e+04
 150.0260793,1.1603183e+04
 150.0465136,1.1614071e+04
 150.0669480,1.1615805e+04
 150.0873823,1.1611320e+04
 150.1078165,1.1613817e+04
 150.1282509,1.1604904e+04
 150.1486853,1.1614245e+04
 150.1691195,1.1607053e+04
 150.1895539,1.1607307e+04
 150.2099883,1.1596409e+04
 150.2304225,1.1604882e+04
 150.2508568,1.1605012e+04
 150.2712912,1.1604280e+04
 150.2917256,1.1599794e+04
 150.3121598,1.1604413e+04
 150.3325941,1.1602712e+04
 150.3530284,1.1605480e+04
 150.3734628,1.1602619e+04
 150.3938971,1.1597196e+04
 150.4143313,1.1592378e+04
 150.4347658,1.1597086e+04
 150.4552001,1.1603741e+04
 150.4756344,1.1604162e+04
 150.4960686,1.1601000e+04
 150.5165031,1.1602565e+04
 150.5369374,1.1601397e+04
 150.5573716,1.1594824e+04
 150.5778060,1.1604358e+04
 150.5982403,1.1599850e+04
 150.6186746,1.1604104e+04
 150.6391089,1.1610191e+04
 150.6595433,1.1595826e+04
 150.6799775,1.1606515e+04
 150.7004119,1.1601008e+04
 150.7208463,1.1607699e+04
 150.7412806,1.1594648e+04
 150.7617148,1.1602045e+04
 150.7821492,1.1605557e+04
 150.8025836,1.1600177e+04
 150.8230178,1.1603074e+04
 150.8434521,1.1606277e+04
 150.8638865,1.1598118e+04
 150.8843208,1.1598223e+04
 150.9047551,1.1605399e+04
 150.9251894,1.1593283e+04
 150.9456237,1.1607169e+04
 150.9660580,1.1604184e+04
 150.9864924,1.1603946e+04
 151.0069266,1.1611400e+04
 151.0273610,1.1608647e+04
 151.0477953,1.1613000e+04
 151.0682295,1.1599290e+04
 151.0886640,1.1598551e+04
 151.1090983,1.1595766e+04
 151.1295325,1.1602729e+04
 151.1499668,1.1610729e+04
 151.1704012,1.1605396e+04
 151.1908354,1.1601350e+04
 151.2112698,1.1601837e+04
 151.2317042,1.1603561e+04
 151.2521385,1.1601134e+04
 151.2725727,1.1604985e+04
 151.2930070,1.1601074e+04
 151.3134415,1.1604107e+04
 151.3338757,1.1606173e+04
 151.3543100,1.1598808e+04
 151.3747444,1.1605265e+04
 151.3951786,1.1611187e+04
 151.4156129,1.1613699e+04
 151.4360473,1.1602922e+04
 151.4564816,1.1609051e+04
 151.4769159,1.1606296e+04
 151.4973502,1.1608149e+04
 151.5177845,1.1609002e+04
 151.5382188,1.1604815e+04
 151.5586531,1.1603115e+04
 151.5790875,1.1602022e+04
 151.5995219,1.1610598e+04
 151.6199561,1.1601171e+04
 151.6403904,1.1606948e+04
 151.6608247,         null
 151.6812590,1.1609984e+04
 151.7016933,1.1605928e+04
 151.7221277,1.1614847e+04
 151.7425620,1.1615574e+04
 151.7629963,1.1608198e+04
 151.7834306,1.1608033e+04
 151.8038648,1.1608073e+04
 151.8242992,1.1608189e+04
 151.8447335,1.1602287e+04
 151.8651678,1.1610937e+04
 151.8856022,1.1606328e+04
 151.9060365,1.1607654e+04
 151.9264707,1.1614761e+04
 151.9469050,1.1608258e+04
 151.9673394,1.1611277e+04
 151.9877737,1.1607952e+04
 152.0082079,1.1607417e+04
 152.0286424,1.1609158e+04
 152.0490767,1.1612684e+04
 152.0695109,1.1611369e+04
 152.0899452,1.1611294e+04
 152.1103796,1.1612094e+04
 152.1308138,1.1607275e+04
 152.1512481,1.1610809e+04
 152.1716824,1.1609735e+04
 152.1921167,1.1612607e+04
 152.2125510,1.1613150e+04
 152.2329854,1.1621230e+04
 152.2534198,1.1620324e+04
 152.2738540,1.1615810e+04
 152.2942883,         null
 152.3147225,1.1613692e+04
 152.3351569,1.1602363e+04
 152.3555912,1.1607052e+04
 152.3760254,1.1604763e+04
 152.3964598,1.1615656e+04
 152.4168941,1.1612187e+04
 152.4373284,1.1603525e+04
 152.4577626,1.1603762e+04
 152.4781971,1.1598013e+04
 152.4986314,1.1603485e+04
 152.5190656,1.1617459e+04
 152.5395000,1.1615150e+04
 152.5599343,1.1609500e+04
 152.5803685,1.1602016e+04
 152.6008028,1.1603104e+04
 152.6212372,1.1612604e+04
 152.6416714,1.1608433e+04
 152.6621057,         null
 152.6825400,1.1611496e+04
 152.7029743,1.1612920e+04
 152.7234086,1.1611840e+04
 152.7438429,1.1607007e+04
 152.7642773,1.1612008e+04
 152.7847115,1.1617278e+04
 152.8051458,1.1608838e+04
 152.8255801,1.1611289e+04
 152.8460145,1.1615517e+04
 152.8664488,1.1608988e+04
 152.8868830,1.1608393e+04
 152.9073174,1.1616406e+04
 152.9277517,1.1613997e+04
 152.9481860,1.1608009e+04
 152.9686202,1.1616559e+04
 152.9890546,1.1609834e+04
 153.0094889,1.1612776e+04
 153.0299231,1.1611695e+04
 153.0503575,1.1613115e+04
 153.0707918,1.1618604e+04
 153.0912260,1.1609687e+04
 153.1116603,1.1609982e+04
 153.1320947,1.1611847e+04
 153.1525289,1.1617449e+04
 153.1729632,1.1606589e+04
 153.1933975,1.1612764e+04
 153.2138319,1.1609186e+04
 153.2342662,1.1606637e+04
 153.2547004,1.1623080e+04
 153.2751348,1.1611522e+04
 153.2955691,1.1614369e+04
 153.3160033,1.1617209e+04
 153.3364376,1.1611590e+04
 153.3568719,1.1613507e+04
 153.3773062,1.1606696e+04
 153.3977405,1.1615022e+04
 153.4181749,1.1611040e+04
 153.4386092,1.1615338e+04
 153.4590434,1.1611296e+04
 153.4794777,1.1618602e+04
 153.4999121,1.1617481e+04
 153.5203463,1.1617169e+04
 153.5407806,1.1606959e+04
 153.5612150,1.1616508e+04
 153.5816492,1.1617038e+04
 153.6020835,1.1609829e+04
 153.6225178,1.1610592e+04
 153.6429521,1.1608092e+04
 153.6633864,1.1613518e+04
 153.6838207,1.1618814e+04
 153.7042549,1.1613553e+04
 153.7246893,1.1611602e+04
 153.7451236,1.1612725e+04
 153.7655578,1.1614393e+04
 153.7859922,1.1620504e+04
 153.8064265,1.1615469e+04
 153.8268606,1.1615748e+04
 153.8472949,1.1616597e+04
 153.8677293,1.1612440e+04
 153.8881635,1.1618704e+04
 153.9085978,1.1603315e+04
 153.9290322,1.1605552e+04
 153.9494665,1.1615640e+04
 153.9699007,1.1610739e+04
 153.9903350,1.1607554e+04
 154.0107694,1.1609816e+04
 154.0312036,1.1603886e+04
 154.0516379,1.1607802e+04
 154.0720723,1.1612739e+04
 154.0925065,1.1611966e+04
 154.1129408,1.1616155e+04
 154.1333751,1.1602692e+04
 154.1538094,1.1608439e+04
 154.1742436,1.1616463e+04
 154.1946779,1.1598907e+04
 154.2151122,1.1611553e+04
 154.2355465,1.1620068e+04
 154.2559808,1.1609912e+04
 154.2764150,1.1617449e+04
 154.2968494,1.1618096e+04
 154.3172837,1.1604880e+04
 154.3377179,1.1608368e+04
 154.3581522,1.1614251e+04
 154.3785866,1.1606066e+04
 154.3990208,1.1617181e+04
 154.4194550,1.1614760e+04
 154.4398894,1.1613720e+04
 154.4603237,1.1614273e+04
 154.4807579,1.1613721e+04
 154.5011922,1.1610548e+04
 154.5216266,1.1615697e+04
 154.5420608,1.1611523e+04
 154.5624951,1.1610203e+04
 154.5829295,1.1610198e+04
 154.6033637,1.1618569e+04
 154.6237979,1.1610993e+04
 154.6442322,1.1606092e+04
 154.6646665,1.1608051e+04
 154.6851008,1.1609254e+04
 154.7055351,1.1612182e+04
 154.7259695,1.1612184e+04
 154.7464037,1.1606521e+04
 154.7668380,1.1607104e+04
 154.7872722,1.1618387e+04
 154.8077065,1.1613453e+04
 154.8281408,1.1604569e+04
 154.8485750,1.1602228e+04
 154.8690094,1.1602153e+04
 154.8894437,1.1604029e+04
 154.9098780,1.1605354e+04
 154.9303122,1.1610336e+04
 154.9507465,1.1619842e+04
 154.9711808,1.1610806e+04
 154.9916151,1.1609020e+04
 155.0120493,1.1606342e+04
 155.0324837,1.1603500e+04
 155.0529180,1.1604260e+04
 155.0733521,1.1606645e+04
 155.0937865,1.1606882e+04
 155.1142208,1.1602066e+04
 155.1346550,1.1609433e+04
 155.1550893,1.1609628e+04
 155.1755237,1.1612059e+04
 155.1959579,1.1611966e+04
 155.2163921,1.1611518e+04
 155.2368264,1.1606902e+04
 155.2572608,1.1607314e+04
 155.2776950,         null
 155.2981293,1.1613515e+04
 155.3185636,1.1606242e+04
 155.3389978,1.1608348e+04
 155.3594321,1.1606979e+04
 155.3798664,1.1615391e+04
 155.4003007,1.1604664e+04
 155.4207350,1.1606943e+04
 155.4411692,1.1602117e+04
 155.4616036,1.1609928e+04
 155.4820378,1.1613219e+04
 155.5024721,1.1614397e+04
 155.5229063,1.1606745e+04
 155.5433406,1.1612933e+04
 155.5637749,         null
 155.5842091,1.1604833e+04
 155.6046435,1.1604884e+04
 155.6250778,1.1604492e+04
 155.6455120,1.1605123e+04
 155.6659462,1.1612069e+04
 155.6863806,1.1601119e+04
 155.7068149,1.1609027e+04
 155.7272490,1.1603339e+04
 155.7476833,1.1605530e+04
 155.7681177,1.1611835e+04
 155.7885519,1.1606069e+04
 155.8089862,1.1609646e+04
 155.8294205,1.1608083e+04
 155.8498547,1.1606807e+04
 155.8702890,1.1609613e+04
 155.8907233,1.1605523e+04
 155.9111576,1.1608060e+04
 155.9315918,1.1611344e+04
 155.9520261,1.1599926e+04
 155.9724605,1.1606381e+04
 155.9928947,1.1607180e+04
 156.0133289,1.1616307e+04
 156.0337631,1.1615709e+04
 156.0541975,1.1614288e+04
 156.0746318,1.1605865e+04
 156.0950660,1.1618226e+04
 156.1155003,1.1610861e+04
 156.1359346,1.1613270e+04
 156.1563689,1.1607000e+04
 156.1768030,1.1606111e+04
 156.1972374,1.1604784e+04
 156.2176717,1.1614271e+04
 156.2381059,1.1620496e+04
 156.2585401,1.1609144e+04
 156.2789745,1.1598515e+04
 156.2994087,1.1605603e+04
 156.3198429,1.1599510e+04
 156.3402773,1.1604572e+04
 156.3607115,1.1596516e+04
 156.3811458,1.1605743e+04
 156.4015800,1.1605336e+04
 156.4220144,1.1603289e+04
 156.4424486,1.1601904e+04
 156.4628829,1.1597829e+04
 156.4833172,1.1599250e+04
 156.5037514,1.1602790e+04
 156.5241857,1.1602908e+04
 156.5446199,1.1603856e+04
 156.5650542,1.1595479e+04
 156.5854885,1.1597015e+04
 156.6059228,1.1594627e+04
 156.6263570,1.1600655e+04
 156.6467913,1.1600242e+04
 156.6672256,1.1601591e+04
 156.6876598,1.1590957e+04
 156.7080941,1.1600327e+04
 156.7285284,1.1598434e+04
 156.7489626,1.1609778e+04
 156.7693968,1.1606717e+04
 156.7898312,1.1588047e+04
 156.8102654,1.1597911e+04
 156.8306997,1.1594176e+04
 156.8511340,1.1602098e+04
 156.8715683,1.1607671e+04
 156.8920025,1.1608041e+04
 156.9124367,1.1605965e+04
 156.9328711,1.1601566e+04
 156.9533053,1.1598313e+04
 156.9737395,1.1600205e+04
 156.9941739,1.1604008e+04
 157.0146081,1.1607791e+04
 157.0350423,1.1601990e+04
 157.0554766,1.1598720e+04
 157.0759109,1.1601152e+04
 157.0963451,1.1607689e+04
 157.1167794,1.1601192e+04
 157.1372137,1.1597792e+04
 157.1576480,1.1601593e+04
 157.1780821,1.1606621e+04
 157.1985164,1.1596177e+04
 157.2189508,1.1597527e+04
 157.2393849,1.1607846e+04
 157.2598192,1.1602703e+04
 157.2802535,1.1596361e+04
 157.3006877,1.1601994e+04
 157.3211220,1.1604046e+04
 157.3415563,1.1600625e+04
 157.3619905,1.1596287e+04
 157.3824248,1.1598782e+04
 157.4028591,1.1607860e+04
 157.4232932,1.1604259e+04
 157.4437276,1.1604117e+04
 157.4641618,1.1597467e+04
 157.4845960,1.1603503e+04
 157.5050304,1.1592941e+04
 157.5254646,1.1604392e+04
 157.5458988,1.1606546e+04
 157.5663330,1.1602302e+04
 157.5867674,1.1604923e+04
 157.6072016,1.1596880e+04
 157.6276358,1.1602948e+04
 157.6480702,1.1603810e+04
 157.6685045,1.1596872e+04
 157.6889386,1.1611079e+04
 157.7093729,1.1598832e+04
 157.7298072,1.1606046e+04
 157.7502414,1.1606962e+04
 157.7706757,1.1604925e+04
 157.7911100,1.1605741e+04
 157.8115442,1.1610207e+04
 157.8319784,1.1605312e+04
 157.8524127,1.1615226e+04
 157.8728469,1.1599571e+04
 157.8932812,1.1612532e+04
 157.9137155,1.1605887e+04
 157.9341496,1.1608821e+04
 157.9545840,1.1608632e+04
 157.9750182,1.1605228e+04
 157.9954524,1.1610034e+04
 158.0158868,1.1607144e+04
 158.0363210,1.1607279e+04
 158.0567552,1.1603144e+04
 158.0771894,1.1610615e+04
 158.0976238,1.1614963e+04
 158.1180580,1.1620521e+04
 158.1384922,1.1608765e+04
 158.1589265,1.1606429e+04
 158.1793608,1.1596085e+04
 158.1997950,1.1607290e+04
 158.2202292,1.1599430e+04
 158.2406636,1.1604209e+04
 158.2610977,         null
 158.2815320,1.1610271e+04
 158.3019663,1.1602464e+04
 158.3224006,1.1604156e+04
 158.3428347,1.1610199e+04
 158.3632690,1.1608514e+04
 158.3837033,1.1603295e+04
 158.4041376,1.1612465e+04
 158.4245718,1.1598806e+04
 158.4450060,1.1604891e+04
 158.4654404,1.1616794e+04
 158.4858745,1.1602303e+04
 158.5063088,1.1610970e+04
 158.5267431,1.1598475e+04
 158.5471773,1.1612537e+04
 158.5676115,1.1609720e+04
 158.5880458,1.1606902e+04
 158.6084800,1.1610499e+04
 158.6289143,1.1614677e+04
 158.6493485,1.1596623e+04
 158.6697829,1.1611012e+04
 158.6902170,1.1604510e+04
 158.7106513,1.1609424e+04
 158.7310854,1.1601612e+04
 158.7515198,1.1598681e+04
 158.7719540,1.1604024e+04
 158.7923883,1.1603394e+04
 158.8128225,1.1599735e+04
 158.8332568,1.1601502e+04
 158.8536910,1.1605501e+04
 158.8741252,1.1605572e+04
 158.8945595,1.1599133e+04
 158.9149938,1.1590946e+04
 158.9354279,1.1621717e+04
 158.9558623,1.1605368e+04
 158.9762965,1.1601919e+04
 158.9967307,1.1602362e+04
 159.0171649,1.1604482e+04
 159.0375993,1.1604940e+04
 159.0580334,1.1600654e+04
 159.0784677,1.1607612e+04
 159.0989019,1.1604510e+04
 159.1193363,1.1602648e+04
 159.1397704,1.1595482e+04
 159.1602046,1.1598356e+04
 159.1806390,1.1598960e+04
 159.2010731,1.1607501e+04
 159.2215074,1.1603181e+04
 159.2419415,1.1603559e+04
 159.2623759,1.1602625e+04
 159.2828101,1.1601059e+04
 159.3032444,1.1612114e+04
 159.3236786,1.1594689e+04
 159.3441128,1.1604774e+04
 159.3645471,1.1604752e+04
 159.3849812,1.1601831e+04
 159.4054156,1.1600734e+04
 159.4258498,1.1605847e+04
 159.4462840,1.1606264e+04
 159.4667183,1.1598995e+04
 159.4871526,1.1599303e+04
 159.5075867,1.1597636e+04
 159.5280209,1.1600264e+04
 159.5484553,1.1601493e+04
 159.5688894,1.1600795e+04
 159.5893237,1.1601680e+04
 159.6097579,1.1602903e+04
 159.6301923,1.1606825e+04
 159.6506264,1.1600544e+04
 159.6710606,1.1601330e+04
 159.6914950,1.1605244e+04
 159.7119291,1.1599069e+04
 159.7323634,1.1597938e+04
 159.7527976,1.1596301e+04
 159.7732318,1.1609461e+04
 159.7936661,1.1595287e+04
 159.8141003,1.1600514e+04
 159.8345346,1.1605270e+04
 159.8549688,1.1596069e+04
 159.8754030,1.1598907e+04
 159.8958372,1.1606365e+04
 159.9162715,1.1601841e+04
 159.9367058,1.1596918e+04
 159.9571400,1.1606130e+04
 159.9775742,1.1598557e+04
 159.9980085,1.1601167e+04
 160.0184427,1.1594540e+04
 160.0388769,1.1605741e+04
 160.0593112,1.1604938e+04
 160.0797454,1.1601398e+04
 160.1001797,1.1608260e+04
 160.1206138,1.1601569e+04
 160.1410481,1.1609111e+04
 160.1614824,1.1603549e+04
 160.1819165,1.1606220e+04
 160.2023508,1.1608787e+04
 160.2227851,1.1613882e+04
 160.2432192,1.1611529e+04
 160.2636534,1.1600036e+04
 160.2840878,1.1607844e+04
 160.3045219,1.1602025e+04
 160.3249561,1.1606999e+04
 160.3453905,1.1610294e+04
 160.3658247,1.1605966e+04
 160.3862588,1.1611662e+04
 160.4066931,1.1609197e+04
 160.4271274,1.1606489e+04
 160.4475615,1.1611850e+04
 160.4679958,1.1616526e+04
 160.4884301,1.1609715e+04
 160.5088642,1.1615635e+04
 160.5292985,1.1604412e+04
 160.5497327,1.1611389e+04
 160.5701669,1.1610466e+04
 160.5906012,1.1603073e+04
 160.6110354,1.1612980e+04
 160.6314695,1.1610588e+04
 160.6519039,1.1608691e+04
 160.6723381,1.1616343e+04
 160.6927722,1.1606370e+04
 160.7132066,1.1609929e+04
 160.7336408,1.1603981e+04
 160.7540749,1.1610597e+04
 160.7745092,1.1612245e+04
 160.7949435,1.1605293e+04
 160.8153777,1.1625620e+04
 160.8358118,1.1604137e+04
 160.8562462,1.1602778e+04
 160.8766804,1.1612578e+04
 160.8971145,1.1602534e+04
 160.9175488,1.1606992e+04
 160.9379831,1.1604067e+04
 160.9584172,1.1610411e+04
 160.9788514,1.1602607e+04
 160.9992858,1.1603957e+04
 161.0197199,1.1607961e+04
 161.0401541,1.1607870e+04
 161.0605884,1.1610330e+04
 161.0810226,1.1607726e+04
 161.1014568,1.1618094e+04
 161.1218910,1.1604874e+04
 161.1423254,1.1594400e+04
 161.1627595,1.1603390e+04
 161.1831937,1.1608087e+04
 161.2036278,1.1607157e+04
 161.2240622,1.1600868e+04
 161.2444964,         null
 161.2649306,1.1608339e+04
 161.2853647,1.1604016e+04
 161.3057991,1.1599751e+04
 161.3262333,1.1611346e+04
 161.3466674,1.1598492e+04
 161.3671017,1.1595079e+04
 161.3875360,1.1607583e+04
 161.4079701,1.1600707e+04
 161.4284043,1.1593129e+04
 161.4488386,1.1599822e+04
 161.4692728,1.1608981e+04
 161.4897070,1.1602898e+04
 161.5101413,1.1607378e+04
 161.5305754,1.1603190e+04
 161.5510097,1.1599750e+04
 161.5714439,1.1596154e+04
 161.5918782,1.1598744e+04
 161.6123123,1.1603116e+04
 161.6327465,1.1605958e+04
 161.6531809,1.1611266e+04
 161.6736151,1.1596405e+04
 161.6940492,1.1595946e+04
 161.7144834,1.1601512e+04
 161.7349177,1.1610029e+04
 161.7553519,1.1597730e+04
 161.7757861,1.1604481e+04
 161.7962203,1.1592544e+04
 161.8166545,1.1602291e+04
 161.8370887,1.1601801e+04
 161.8575230,1.1600926e+04
 161.8779573,1.1607526e+04
 161.8983914,1.1603396e+04
 161.9188256,1.1606734e+04
 161.9392597,1.1600646e+04
 161.9596941,1.1596295e+04
 161.9801283,1.1602760e+04
 162.0005625,1.1595801e+04
 162.0209967,1.1595392e+04
 162.0414309,1.1606723e+04
 162.0618652,1.1606221e+04
 162.0822993,1.1606817e+04
 162.1027336,1.1607674e+04
 162.1231678,1.1611170e+04
 162.1436019,1.1600530e+04
 162.1640362,1.1605131e+04
 162.1844705,1.1603398e+04
 162.2049046,1.1600103e+04
 162.2253388,1.1607110e+04
 162.2457731,1.1609324e+04
 162.2662072,1.1606668e+04
 162.2866414,1.1601155e+04
 162.3070757,1.1601449e+04
 162.3275100,1.1603854e+04
 162.3479441,1.1600734e+04
 162.3683783,1.1606874e+04
 162.3888126,1.1597052e+04
 162.4092467,1.1601067e+04
 162.4296809,1.1601112e+04
 162.4501150,1.1604214e+04
 162.4705494,1.1600788e+04
 162.4909836,1.1603763e+04
 162.5114172,1.1607446e+04
 162.5318515,1.1597661e+04
 162.5522856,1.1601674e+04
 162.5727198,1.1601405e+04
 162.5931540,1.1601235e+04
 162.6135883,1.1607792e+04
 162.6340224,1.1598708e+04
 162.6544567,1.1606811e+04
 162.6748910,1.1606990e+04
 162.6953251,1.1601780e+04
 162.7157593,1.1591848e+04
 162.7361935,1.1603498e+04
 162.7566277,1.1600474e+04
 162.7770619,1.1606645e+04
 162.7974961,1.1610977e+04
 162.8179303,1.1599226e+04
 162.8383646,1.1600801e+04
 162.8587988,1.1604994e+04
 162.8792329,1.1596921e+04
 162.8996672,1.1596302e+04
 162.9201014,1.1608378e+04
 162.9405355,1.1597291e+04
 162.9609697,1.1601628e+04
 162.9814040,1.1603264e+04
 163.0018381,1.1600857e+04
 163.0222723,1.1598985e+04
 163.0427066,1.1599541e+04
 163.0631408,1.1600589e+04
 163.0835749,1.1601616e+04
 163.1040092,1.1605818e+04
 163.1244435,1.1607205e+04
 163.1448776,1.1603515e+04
 163.1653118,1.1612794e+04
 163.1857461,1.1600706e+04
 163.2061802,1.1596872e+04
 163.2266144,1.1599799e+04
 163.2470486,1.1604628e+04
 163.2674828,1.1606494e+04
 163.2879170,1.1605906e+04
 163.3083512,1.1607461e+04
 163.3287855,1.1605651e+04
 163.3492196,1.1592057e+04
 163.3696538,1.1600460e+04
 163.3900879,1.1600303e+04
 163.4105222,1.1604364e+04
 163.4309564,1.1601366e+04
 163.4513905,1.1603462e+04
 163.4718248,1.1601396e+04
 163.4922590,1.1603110e+04
 163.5126932,1.1598378e+04
 163.5331273,1.1605775e+04
 163.5535616,1.1593897e+04
 163.5739958,1.1601345e+04
 163.5944299,1.1603106e+04
 163.6148641,1.1606232e+04
 163.6352985,1.1603342e+04
 163.6557326,1.1604427e+04
 163.6761668,1.1612826e+04
 163.6966011,1.1604734e+04
 163.7170352,1.1605779e+04
 163.7374694,1.1602684e+04
 163.7579036,1.1604739e+04
 163.7783378,1.1604193e+04
 163.7987720,1.1603343e+04
 163.8192062,1.1609517e+04
 163.8396404,1.1604904e+04
 163.8600745,1.1613181e+04
 163.8805087,1.1610530e+04
 163.9009428,1.1603467e+04
 163.9213771,1.1605966e+04
 163.9418113,1.1605729e+04
 163.9622455,1.1604285e+04
 163.9826797,1.1604449e+04
 164.0031139,1.1593112e+04
 164.0235481,1.1605183e+04
 164.0439822,1.1601721e+04
 164.0644165,1.1603939e+04
 164.0848507,1.1603371e+04
 164.1052849,1.1599215e+04
 164.1257190,1.1600653e+04
 164.1461533,1.1602402e+04
 164.1665874,1.1603090e+04
 164.1870216,1.1610348e+04
 164.2074559,1.1607498e+04
 164.2278901,         null
 164.2483242,1.1609280e+04
 164.2687584,1.1609985e+04
 164.2891926,1.1604472e+04
 164.3096268,1.1596419e+04
 164.3300610,1.1595607e+04
 164.3504953,1.1611725e+04
 164.3709294,1.1608471e+04
 164.3913635,1.1609962e+04
 164.4117977,1.1610903e+04
 164.4322319,1.1597462e+04
 164.4526661,1.1602527e+04
 164.4731003,1.1609016e+04
 164.4935346,1.1605808e+04
 164.5139687,1.1607450e+04
 164.5344029,1.1600918e+04
 164.5548371,1.1609517e+04
 164.5752713,1.1606274e+04
 164.5957055,1.1597475e+04
 164.6161396,1.1604056e+04
 164.6365737,1.1603362e+04
 164.6570080,1.1600331e+04
 164.6774422,1.1605657e+04
 164.6978764,1.1604496e+04
 164.7183106,1.1600185e+04
 164.7387448,1.1605732e+04
 164.7591790,1.1606178e+04
 164.7796131,1.1605138e+04
 164.8000474,1.1603900e+04
 164.8204815,1.1602499e+04
 164.8409156,1.1611802e+04
 164.8613499,1.1602956e+04
 164.8817841,1.1603606e+04
 164.9022182,1.1597843e+04
 164.9226524,1.1599315e+04
 164.9430867,1.1602383e+04
 164.9635208,1.1598004e+04
 164.9839549,1.1599514e+04
