        TIME,  PDCSAP_FLUX
 131.5121570,1.3021310e+04
 131.5325916,1.3015904e+04
 131.5530260,1.3028886e+04
 131.5734603,1.3037564e+04
 131.5938948,1.3044591e+04
 131.6143293,1.3041854e+04
 131.6347636,1.3033181e+04
 131.6551981,1.3043053e+04
 131.6756326,1.3039199e+04
 131.6960670,1.3040004e+04
 131.7165014,1.3048018e+04
 131.7369358,1.3034852e+04
 131.7573703,1.3036327e+04
 131.7778047,1.3042705e+04
 131.7982391,1.3044664e+04
 131.8186736,1.3043871e+04
 131.8391080,1.3043922e+04
 131.8595424,1.3042304e+04
 131.8799768,1.3039002e+04
 131.9004112,1.3049833e+04
 131.9208457,1.3046915e+04
 131.9412801,1.3046056e+04
 131.9617145,1.3045291e+04
 131.9821490,1.3047140e+04
 132.0025834,1.3039003e+04
 132.0230177,1.3041202e+04
 132.0434523,1.3042598e+04
 132.0638867,1.3037600e+04
 132.0843210,1.3035418e+04
 132.1047555,1.3047681e+04
 132.1251900,1.3036726e+04
 132.1456243,1.3044182e+04
 132.1660587,1.3032915e+04
 132.1864933,1.3042399e+04
 132.2069277,1.3044319e+04
 132.2273620,1.3036295e+04
 132.2477965,1.3039241e+04
 132.2682310,1.3052294e+04
 132.2886653,1.3041561e+04
 132.3090998,1.3039764e+04
 132.3295343,1.3043583e+04
 132.3499686,1.3041956e+04
 132.3704030,1.3040928e+04
 132.3908375,1.3039972e+04
 132.4112719,1.3050562e+04
 132.4317063,1.3043854e+04
 132.4521408,1.3036623e+04
 132.4725753,1.3045985e+04
 132.4930096,1.3040795e+04
 132.5134441,1.3047762e+04
 132.5338784,1.3041841e+04
 132.5543129,1.3042059e+04
 132.5747473,1.3043841e+04
 132.5951817,1.3042824e+04
 132.6156162,1.3044789e+04
 132.6360506,1.3046094e+04
 132.6564851,1.3046240e+04
 132.6769194,1.3042194e+04
 132.6973539,1.3047344e+04
 132.7177883,1.3042448e+04
 132.7382227,1.3049271e+04
 132.7586572,1.3036716e+04
 132.7790916,1.3041623e+04
 132.7995260,1.3046264e+04
 132.8199604,1.3042584e+04
 132.8403949,1.3041988e+04
 132.8608292,1.3042905e+04
 132.8812637,1.3047761e+04
 132.9016982,1.3047249e+04
 132.9221325,1.3041812e+04
 132.9425670,1.3042713e+04
 132.9630014,1.3042400e+04
 132.9834359,1.3048460e+04
 133.0038702,1.3041431e+04
 133.0243047,1.3040579e+04
 133.0447391,1.3041154e+04
 133.0651735,1.3041022e+04
 133.0856080,1.3039820e+04
 133.1060424,1.3036352e+04
 133.1264768,1.3044390e+04
 133.1469112,1.3040563e+04
 133.1673457,1.3044133e+04
 133.1877801,1.3041941e+04
 133.2082146,1.3048301e+04
 133.2286490,1.3042981e+04
 133.2490834,1.3042172e+04
 133.2695178,1.3044248e+04
 133.2899522,1.3048637e+04
 133.3103867,1.3038615e+04
 133.3308210,1.3046942e+04
 133.3512555,1.3049655e+04
 133.3716899,1.3046084e+04
 133.3921244,1.3044126e+04
 133.4125588,1.3042985e+04
 133.4329932,1.3043925e+04
 133.4534277,1.3042603e+04
 133.4738620,1.3046865e+04
 133.4942965,1.3046559e+04
 133.5147309,1.3051925e+04
 133.5351653,1.3039136e+04
 133.5555998,1.3046496e+04
 133.5760342,1.3042077e+04
 133.5964685,1.3046551e+04
 133.6169030,1.3043639e+04
 133.6373375,1.3053599e+04
 133.6577719,1.3045816e+04
 133.6782063,1.3045637e+04
 133.6986408,1.3052565e+04
 133.7190752,1.3040748e+04
 133.7395095,1.3094356e+04
 133.7599440,1.3046645e+04
 133.7803785,1.3044499e+04
 133.8008128,1.3037629e+04
 133.8212472,1.3043309e+04
 133.8416817,1.3040217e+04
 133.8621161,1.3035968e+04
 133.8825505,1.3048088e+04
 133.9029849,1.3036941e+04
 133.9234194,1.3049856e+04
 133.9438538,1.3043524e+04
 133.9642882,1.3036711e+04
 133.9847225,1.3042104e+04
 134.0051571,1.3041783e+04
 134.0255915,1.3041491e+04
 134.0460258,1.3042685e+04
 134.0664603,1.3042317e+04
 134.0868948,1.3056881e+04
 134.1073291,1.3048901e+04
 134.1277635,1.3044207e+04
 134.1481980,1.3043734e+04
 134.1686325,1.3047444e+04
 134.1890668,1.3036877e+04
 134.2095013,1.3046015e+04
 134.2299357,1.3046841e+04
 134.2503701,1.3045812e+04
 134.2708045,1.3041617e+04
 134.2912390,1.3053084e+04
 134.3116733,1.3044497e+04
 134.3321078,1.3050753e+04
 134.3525423,1.3045855e+04
 134.3729766,1.3046536e+04
 134.3934110,         null
 134.4138455,1.3043153e+04
 134.4342799,1.3050128e+04
 134.4547143,1.3043341e+04
 134.4751487,1.3040758e+04
 134.4955833,1.3044928e+04
 134.5160176,1.3046848e+04
 134.5364520,1.3047970e+04
 134.5568863,1.3045035e+04
 134.5773209,1.3053791e+04
 134.5977553,1.3046212e+04
 134.6181896,1.3051541e+04
 134.6386240,1.3047798e+04
 134.6590586,1.3049694e+04
 134.6794930,1.3050104e+04
 134.6999274,1.3054135e+04
 134.7203618,1.3054651e+04
 134.7407963,1.3057250e+04
 134.7612306,1.3041765e+04
 134.7816650,1.3054405e+04
 134.8020995,1.3043910e+04
 134.8225339,1.3044534e+04
 134.8429683,1.3035967e+04
 134.8634028,1.3029271e+04
 134.8838372,1.3041778e+04
 134.9042716,1.3047007e+04
 134.9247060,1.3044074e+04
 134.9451405,1.3053800e+04
 134.9655749,1.3048003e+04
 134.9860092,1.3047760e+04
 135.0064438,1.3053590e+04
 135.0268782,1.3051702e+04
 135.0473125,1.3042771e+04
 135.0677469,1.3046544e+04
 135.0881814,1.3036578e+04
 135.1086158,1.3046007e+04
 135.1290502,1.3049723e+04
 135.1494847,1.3046104e+04
 135.1699191,1.3050286e+04
 135.1903535,1.3050062e+04
 135.2107879,1.3049071e+04
 135.2312224,1.3049782e+04
 135.2516567,1.3049354e+04
 135.2720911,1.3048669e+04
 135.2925255,1.3047005e+04
 135.3129600,1.3055586e+04
 135.3333944,1.3050887e+04
 135.3538287,1.3052450e+04
 135.3742632,1.3050509e+04
 135.3946977,1.3051977e+04
 135.4151321,1.3042568e+04
 135.4355664,1.3048319e+04
 135.4560009,1.3044206e+04
 135.4764354,1.3045962e+04
 135.4968697,1.3049715e+04
 135.5173042,1.3045146e+04
 135.5377386,1.3054562e+04
 135.5581729,1.3041094e+04
 135.5786074,1.3040595e+04
 135.5990419,1.3053538e+04
 135.6194762,1.3045753e+04
 135.6399106,1.3048437e+04
 135.6603451,1.3049278e+04
 135.6807796,1.3040728e+04
 135.7012139,1.3057009e+04
 135.7216483,1.3043364e+04
 135.7420828,1.3044065e+04
 135.7625171,1.3050382e+04
 135.7829516,1.3055351e+04
 135.8033861,1.3050387e+04
 135.8238204,1.3048093e+04
 135.8442548,1.3052270e+04
 135.8646892,1.3054773e+04
 135.8851237,1.3053354e+04
 135.9055581,1.3045956e+04
 135.9259925,1.3072514e+04
 135.9464268,1.3050420e+04
 135.9668613,1.3043779e+04
 135.9872958,1.3041553e+04
 136.0077301,1.3050884e+04
 136.0281646,1.3050520e+04
 136.0485990,1.3048814e+04
 136.0690333,1.3041888e+04
 136.0894678,1.3048062e+04
 136.1099023,1.3055899e+04
 136.1303367,1.3042588e+04
 136.1507710,1.3052489e+04
 136.1712055,1.3045731e+04
 136.1916400,1.3045821e+04
 136.2120743,1.3045405e+04
 136.2325087,1.3047600e+04
 136.2529432,1.3043862e+04
 136.2733775,1.3048279e+04
 136.2938120,1.3044269e+04
 136.3142465,1.3044579e+04
 136.3346808,1.3051604e+04
 136.3551152,1.3044989e+04
 136.3755496,1.3052396e+04
 136.3959840,1.3051328e+04
 136.4164185,1.3047703e+04
 136.4368529,1.3050150e+04
 136.4572874,1.3046204e+04
 136.4777217,1.3044823e+04
 136.4981561,1.3047436e+04
 136.5185906,1.3050998e+04
 136.5390250,1.3045011e+04
 136.5594594,1.3049784e+04
 136.5798938,1.3042863e+04
 136.6003282,1.3048465e+04
 136.6207626,1.3046551e+04
 136.6411971,1.3045219e+04
 136.6616315,1.3050596e+04
 136.6820659,1.3043919e+04
 136.7025003,1.3045282e+04
 136.7229347,1.3049325e+04
 136.7433690,1.3049840e+04
 136.7638036,1.3046748e+04
 136.7842380,1.3039420e+04
 136.8046723,1.3049486e+04
 136.8251068,1.3045613e+04
 136.8455412,1.3054661e+04
 136.8659756,1.3044903e+04
 136.8864100,1.3041926e+04
 136.9068445,1.3048706e+04
 136.9272789,1.3047771e+04
 136.9477132,1.3045058e+04
 136.9681477,1.3049860e+04
 136.9885821,1.3044358e+04
 137.0090165,1.3047709e+04
 137.0294509,1.3044424e+04
 137.0498854,1.3050012e+04
 137.0703197,1.3046417e+04
 137.0907541,1.3044892e+04
 137.1111886,1.3049856e+04
 137.1316230,1.3045256e+04
 137.1520574,1.3045030e+04
 137.1724918,1.3052674e+04
 137.1929263,1.3053070e+04
 137.2133606,1.3041636e+04
 137.2337950,1.3050590e+04
 137.2542293,1.3044428e+04
 137.2746639,1.3051878e+04
 137.2950983,1.3049265e+04
 137.3155326,1.3042554e+04
 137.3359671,1.3036630e+04
 137.3564015,1.3041754e+04
 137.3768359,         null
 137.3972703,1.3042734e+04
 137.4177048,1.3050684e+04
 137.4381392,1.3052695e+04
 137.4585735,1.3039660e+04
 137.4790080,1.3044414e+04
 137.4994424,1.3043742e+04
 137.5198767,1.3044933e+04
 137.5403112,1.3042413e+04
 137.5607457,1.3048201e+04
 137.5811800,1.3041063e+04
 137.6016144,1.3048562e+04
 137.6220489,1.3038286e+04
 137.6424833,1.3050032e+04
 137.6629176,1.3047944e+04
 137.6833521,1.3044482e+04
 137.7037866,1.3054438e+04
 137.7242209,1.3045879e+04
 137.7446553,1.3048069e+04
 137.7650898,1.3046433e+04
 137.7855241,1.3042582e+04
 137.8059585,1.3047658e+04
 137.8263928,1.3040100e+04
 137.8468274,1.3045951e+04
 137.8672618,1.3037237e+04
 137.8876962,1.3040146e+04
 137.9081305,1.3040955e+04
 137.9285650,1.3049299e+04
 137.9489994,1.3041927e+04
 137.9694337,1.3050107e+04
 137.9898683,1.3048674e+04
 138.0103027,1.3037131e+04
 138.0307370,1.3044171e+04
 138.0511714,1.3044185e+04
 138.0716059,1.3053522e+04
 138.0920403,1.3044457e+04
 138.1124746,1.3043469e+04
 138.1329091,1.3039220e+04
 138.1533436,1.3031486e+04
 138.1737779,1.3031505e+04
 138.1942123,1.3029168e+04
 138.2146468,1.3045528e+04
 138.2350812,1.3047404e+04
 138.2555155,1.3047607e+04
 138.2759500,1.3056244e+04
 138.2963844,1.3038458e+04
 138.3168187,1.3045460e+04
 138.3372532,1.3040999e+04
 138.3576877,1.3052406e+04
 138.3781221,1.3045881e+04
 138.3985564,1.3044438e+04
 138.4189909,1.3045405e+04
 138.4394253,1.3047246e+04
 138.4598596,1.3046529e+04
 138.4802940,1.3048136e+04
 138.5007285,1.3044653e+04
 138.5211629,1.3049658e+04
 138.5415973,1.3044876e+04
 138.5620317,1.3041795e+04
 138.5824661,1.3052264e+04
 138.6029005,1.3034965e+04
 138.6233349,1.3045981e+04
 138.6437693,1.3040098e+04
 138.6642037,1.3049172e+04
 138.6846381,1.3042347e+04
 138.7050724,1.3052833e+04
 138.7255070,1.3037014e+04
 138.7459414,1.3041738e+04
 138.7663757,1.3050507e+04
 138.7868102,1.3036096e+04
 138.8072446,1.3040881e+04
 138.8276789,1.3045310e+04
 138.8481133,1.3041832e+04
 138.8685478,1.3043443e+04
 138.8889822,1.3047253e+04
 138.9094165,1.3051510e+04
 138.9298511,1.3052233e+04
 138.9502855,1.3044708e+04
 138.9707198,1.3038077e+04
 138.9911542,1.3046634e+04
 139.0115887,1.3042569e+04
 139.0320230,1.3042415e+04
 139.0524574,1.3046119e+04
 139.0728919,1.3055389e+04
 139.0933262,1.3044969e+04
 139.1137606,1.3050855e+04
 139.1341950,1.3048495e+04
 139.1546294,1.3048275e+04
 139.1750639,1.3057973e+04
 139.1954983,1.3048225e+04
 139.2159326,1.3041590e+04
 139.2363671,1.3042835e+04
 139.2568015,1.3052564e+04
 139.2772358,1.3048787e+04
 139.2976703,1.3051680e+04
 139.3181047,1.3054627e+04
 139.3385391,1.3048311e+04
 139.3589734,1.3041766e+04
 139.3794079,1.3046475e+04
 139.3998423,1.3042178e+04
 139.4202766,1.3044833e+04
 139.4407112,1.3041878e+04
 139.4611456,1.3048186e+04
 139.4815799,1.3043948e+04
 139.5020143,1.3044321e+04
 139.5224488,1.3050486e+04
 139.5428831,1.3044622e+04
 139.5633175,1.3051144e+04
 139.5837520,1.3053824e+04
 139.6041863,1.3043972e+04
 139.6246207,1.3047863e+04
 139.6450551,1.3046574e+04
 139.6654896,1.3054603e+04
 139.6859239,1.3050491e+04
 139.7063583,1.3045594e+04
 139.7267927,1.3048858e+04
 139.7472272,1.3040895e+04
 139.7676616,1.3041317e+04
 139.7880960,1.3053618e+04
 139.8085304,1.3048092e+04
 139.8289648,1.3044562e+04
 139.8493992,1.3044538e+04
 139.8698336,1.3043046e+04
 139.8902680,1.3045622e+04
 139.9107024,1.3059662e+04
 139.9311368,1.3049640e+04
 139.9515713,1.3050218e+04
 139.9720056,1.3044392e+04
 139.9924400,1.3042088e+04
 140.0128743,1.3056980e+04
 140.0333088,1.3041901e+04
 140.0537432,1.3044494e+04
 140.0741776,1.3051773e+04
 140.0946120,1.3046171e+04
 140.1150464,1.3041695e+04
 140.1354809,1.3041981e+04
 140.1559152,1.3043548e+04
 140.1763497,1.3043218e+04
 140.1967841,1.3049151e+04
 140.2172184,1.3043375e+04
 140.2376529,1.3047753e+04
 140.2580873,1.3046019e+04
 140.2785216,1.3046108e+04
 140.2989560,1.3040662e+04
 140.3193905,1.3045067e+04
 140.3398248,1.3035216e+04
 140.3602592,         null
 140.3806936,1.3042429e+04
 140.4011281,1.3045782e+04
 140.4215624,1.3054916e+04
 140.4419968,1.3049346e+04
 140.4624313,1.3054739e+04
 140.4828656,1.3051372e+04
 140.5033000,1.3054178e+04
 140.5237343,1.3044878e+04
 140.5441688,1.3047865e+04
 140.5646032,1.3049316e+04
 140.5850376,1.3042194e+04
 140.6054720,1.3059076e+04
 140.6259064,1.3040919e+04
 140.6463408,1.3054527e+04
 140.6667751,1.3036748e+04
 140.6872096,1.3052426e+04
 140.7076440,1.3067885e+04
 140.7280783,1.3044282e+04
 140.7485128,1.3047245e+04
 140.7689472,1.3042982e+04
 140.7893815,1.3061265e+04
 140.8098159,1.3053146e+04
 140.8302504,1.3041043e+04
 140.8506848,1.3049075e+04
 140.8711191,1.3051580e+04
 140.8915536,1.3048300e+04
 140.9119881,1.3048604e+04
 140.9324224,1.3040406e+04
 140.9528568,1.3041279e+04
 140.9732913,1.3055829e+04
 140.9937256,1.3047081e+04
 141.0141600,1.3045022e+04
 141.0345944,1.3050107e+04
 141.0550288,1.3045814e+04
 141.0754632,1.3043397e+04
 141.0958976,1.3051349e+04
 141.1163320,1.3043885e+04
 141.1367664,1.3049406e+04
 141.1572008,1.3052102e+04
 141.1776351,1.3050779e+04
 141.1980696,1.3045779e+04
 141.2185040,1.3044937e+04
 141.2389383,1.3049307e+04
 141.2593728,1.3047753e+04
 141.2798072,1.3050652e+04
 141.3002415,1.3055691e+04
 141.3206759,1.3046191e+04
 141.3411104,1.3046819e+04
 141.3615448,1.3049230e+04
 141.3819791,1.3037829e+04
 141.4024135,1.3057914e+04
 141.4228479,1.3056269e+04
 141.4432823,1.3040867e+04
 141.4637166,1.3036346e+04
 141.4841511,1.3022249e+04
 141.5045855,1.3033443e+04
 141.5250198,1.3041166e+04
 141.5454542,1.3053081e+04
 141.5658886,1.3049027e+04
 141.5863231,1.3051320e+04
 141.6067574,1.3042455e+04
 141.6271919,1.3051182e+04
 141.6476263,1.3040230e+04
 141.6680606,1.3044367e+04
 141.6884950,1.3052007e+04
 141.7089295,1.3045783e+04
 141.7293638,1.3049081e+04
 141.7497982,1.3044338e+04
 141.7702327,1.3046101e+04
 141.7906670,1.3045583e+04
 141.8111014,1.3050694e+04
 141.8315358,1.3049167e+04
 141.8519702,1.3050017e+04
 141.8724046,1.3050512e+04
 141.8928390,1.3041314e+04
 141.9132735,1.3049290e+04
 141.9337078,1.3046854e+04
 141.9541422,1.3042999e+04
 141.9745765,1.3039910e+04
 141.9950110,1.3048536e+04
 142.0154454,1.3048708e+04
 142.0358797,1.3050615e+04
 142.0563141,1.3054477e+04
 142.0767486,1.3052503e+04
 142.0971830,1.3046007e+04
 142.1176173,1.3041960e+04
 142.1380518,1.3048669e+04
 142.1584861,1.3047104e+04
 142.1789204,1.3045670e+04
 142.1993548,1.3040931e+04
 142.2197893,1.3048772e+04
 142.2402236,1.3049764e+04
 142.2606580,1.3043276e+04
 142.2810925,1.3037787e+04
 142.3015268,1.3050216e+04
 142.3219612,1.3055347e+04
 142.3423956,1.3042531e+04
 142.3628301,1.3054982e+04
 142.3832644,1.3046544e+04
 142.4036988,1.3041085e+04
 142.4241333,1.3048614e+04
 142.4445676,1.3046969e+04
 142.4650020,1.3052991e+04
 142.4854363,1.3048269e+04
 142.5058708,1.3047599e+04
 142.5263052,1.3048566e+04
 142.5467395,1.3043533e+04
 142.5671738,1.3052702e+04
 142.5876083,1.3045808e+04
 142.6080427,1.3044396e+04
 142.6284770,1.3043237e+04
 142.6489115,1.3042525e+04
 142.6693459,1.3043917e+04
 142.6897802,1.3048770e+04
 142.7102146,1.3044695e+04
 142.7306491,1.3057334e+04
 142.7510834,1.3052621e+04
 142.7715178,1.3045234e+04
 142.7919523,1.3046964e+04
 142.8123866,1.3044191e+04
 142.8328209,1.3043288e+04
 142.8532553,1.3052015e+04
 142.8736898,1.3056604e+04
 142.8941241,1.3048412e+04
 142.9145585,1.3048414e+04
 142.9349930,1.3042039e+04
 142.9554273,1.3053222e+04
 142.9758617,1.3048854e+04
 142.9962960,1.3049555e+04
 143.0167305,1.3045073e+04
 143.0371649,1.3039938e+04
 143.0575993,1.3048484e+04
 143.0780337,1.3050392e+04
 143.0984680,1.3045912e+04
 143.1189024,1.3046766e+04
 143.1393368,1.3051949e+04
 143.1597712,1.3047766e+04
 143.1802056,1.3046691e+04
 143.2006399,1.3048904e+04
 143.2210743,1.3046671e+04
 143.2415088,1.3049657e+04
 143.2619432,1.3043979e+04
 143.2823776,1.3053911e+04
 143.3028119,1.3051139e+04
 143.3232463,1.3047533e+04
 143.3436807,         null
 143.3641150,1.3053784e+04
 143.3845495,1.3055232e+04
 143.4049839,1.3047755e+04
 143.4254182,1.3042018e+04
 143.4458527,1.3039935e+04
 143.4662871,1.3055589e+04
 143.4867214,1.3048907e+04
 143.5071557,1.3052571e+04
 143.5275902,1.3043180e+04
 143.5480246,1.3052502e+04
 143.5684589,1.3049483e+04
 143.5888934,1.3049378e+04
 143.6093278,1.3050790e+04
 143.6297621,1.3045221e+04
 143.6501965,1.3047221e+04
 143.6706310,1.3042420e+04
 143.6910652,1.3043153e+04
 143.7114996,1.3049799e+04
 143.7319340,1.3050335e+04
 143.7523684,1.3038319e+04
 143.7728028,1.3043966e+04
 143.7932372,1.3049439e+04
 143.8136716,1.3051944e+04
 143.8341060,1.3049167e+04
 143.8545403,1.3046431e+04
 143.8749746,1.3050855e+04
 143.8954091,1.3048304e+04
 143.9158435,1.3052403e+04
 143.9362778,1.3042712e+04
 143.9567123,1.3047975e+04
 143.9771467,1.3049997e+04
 143.9975810,1.3046054e+04
 144.0180153,1.3046979e+04
 144.0384498,1.3048958e+04
 144.0588842,1.3052705e+04
 144.0793185,1.3053060e+04
 144.0997530,1.3047620e+04
 144.1201874,1.3048557e+04
 144.1406217,1.3048305e+04
 144.1610560,1.3055270e+04
 144.1814905,1.3045999e+04
 144.2019248,1.3045556e+04
 144.2223592,1.3049233e+04
 144.2427937,1.3049393e+04
 144.2632280,1.3050595e+04
 144.2836624,1.3059853e+04
 144.3040967,1.3059604e+04
 144.3245311,1.3044387e+04
 144.3449655,1.3053675e+04
 144.3653999,1.3044416e+04
 144.3858342,1.3044291e+04
 144.4062687,1.3050915e+04
 144.4267031,1.3041569e+04
 144.4471373,1.3053852e+04
 144.4675718,1.3054179e+04
 144.4880062,1.3053444e+04
 144.5084405,1.3047812e+04
 144.5288749,1.3050661e+04
 144.5493094,1.3045783e+04
 144.5697437,1.3061408e+04
 144.5901780,1.3050015e+04
 144.6106125,1.3054772e+04
 144.6310469,1.3049529e+04
 144.6514812,1.3047889e+04
 144.6719156,1.3049895e+04
 144.6923501,1.3043980e+04
 144.7127843,1.3053831e+04
 144.7332187,1.3050674e+04
 144.7536532,1.3040544e+04
 144.7740875,1.3041150e+04
 144.7945219,1.3038529e+04
 144.8149562,1.3037205e+04
 144.8353907,1.3049551e+04
 144.8558250,1.3056507e+04
 144.8762594,1.3051313e+04
 144.8966938,1.3048386e+04
 144.9171282,1.3048802e+04
 144.9375625,1.3046354e+04
 144.9579969,1.3044376e+04
 144.9784314,1.3050378e+04
 144.9988657,1.3051029e+04
 145.0193001,1.3041205e+04
 145.0397345,1.3062758e+04
 145.0601688,1.3053227e+04
 145.0806032,1.3047207e+04
 145.1010376,1.3054110e+04
 145.1214721,1.3063960e+04
 145.1419064,1.3047063e+04
 145.1623407,1.3049175e+04
 145.1827750,1.3054617e+04
 145.2032095,1.3054422e+04
 145.2236439,1.3047376e+04
 145.2440782,1.3057555e+04
 145.2645126,1.3048566e+04
 145.2849470,1.3047866e+04
 145.3053814,1.3049283e+04
 145.3258157,1.3046421e+04
 145.3462502,1.3052604e+04
 145.3666845,1.3051418e+04
 145.3871188,1.3056750e+04
 145.4075533,1.3052210e+04
 145.4279877,1.3058333e+04
 145.4484220,1.3050055e+04
 145.4688563,1.3064275e+04
 145.4892908,1.3051580e+04
 145.5097251,1.3053827e+04
 145.5301595,1.3042433e+04
 145.5505939,1.3050447e+04
 145.5710283,1.3058144e+04
 145.5914626,1.3049325e+04
 145.6118970,1.3049740e+04
 145.6323315,1.3057188e+04
 145.6527658,1.3057446e+04
 145.6732001,1.3052691e+04
 145.6936344,1.3051337e+04
 145.7140689,1.3048654e+04
 145.7345033,1.3049550e+04
 145.7549376,1.3056573e+04
 145.7753720,1.3051346e+04
 145.7958064,1.3058668e+04
 145.8162408,1.3046875e+04
 145.8366751,1.3051178e+04
 145.8571095,1.3060345e+04
 145.8775439,1.3053528e+04
 145.8979782,1.3047132e+04
 145.9184127,1.3049674e+04
 145.9388470,1.3054311e+04
 145.9592813,1.3051124e+04
 145.9797157,1.3052070e+04
 146.0001502,1.3053015e+04
 146.0205845,1.3057261e+04
 146.0410188,1.3050826e+04
 146.0614533,1.3068885e+04
 146.0818877,1.3049696e+04
 146.1023220,1.3050842e+04
 146.1227563,1.3053605e+04
 146.1431908,1.3050595e+04
 146.1636251,1.3052940e+04
 146.1840595,1.3054561e+04
 146.2044938,1.3042167e+04
 146.2249282,1.3049047e+04
 146.2453626,1.3048266e+04
 146.2657970,1.3049456e+04
 146.2862313,1.3050888e+04
 146.3066657,1.3059480e+04
 146.3271001,         null
 146.3475344,1.3055531e+04
 146.3679688,1.3048285e+04
 146.3884032,1.3055172e+04
 146.4088375,1.3059160e+04
 146.4292720,1.3048235e+04
 146.4497063,1.3050743e+04
 146.4701406,1.3055050e+04
 146.4905751,1.3051594e+04
 146.5110094,1.3051797e+04
 146.5314438,1.3053222e+04
 146.5518781,1.3058658e+04
 146.5723126,1.3046236e+04
 146.5927469,1.3049892e+04
 146.6131813,1.3049304e+04
 146.6336156,1.3056104e+04
 146.6540501,1.3053866e+04
 146.6744844,1.3045947e+04
 146.6949187,1.3056881e+04
 146.7153532,1.3053738e+04
 146.7357876,1.3058271e+04
 146.7562219,1.3059618e+04
 146.7766562,1.3051254e+04
 146.7970907,1.3048064e+04
 146.8175250,1.3059373e+04
 146.8379593,1.3068601e+04
 146.8583937,1.3056627e+04
 146.8788282,1.3089048e+04
 146.8992624,1.3054518e+04
 146.9196968,1.3055459e+04
 146.9401313,1.3056316e+04
 146.9605655,1.3056650e+04
 146.9809999,1.3057304e+04
 147.0014343,1.3044376e+04
 147.0218687,1.3050447e+04
 147.0423030,1.3059038e+04
 147.0627374,1.3049160e+04
 147.0831719,1.3049194e+04
 147.1036061,1.3052562e+04
 147.1240405,1.3051197e+04
 147.1444748,1.3052835e+04
 147.1649093,1.3057366e+04
 147.1853436,1.3059093e+04
 147.2057779,1.3047391e+04
 147.2262124,1.3051271e+04
 147.2466467,1.3059169e+04
 147.2670811,1.3058540e+04
 147.2875154,1.3050274e+04
 147.3079498,1.3051405e+04
 147.3283842,1.3046606e+04
 147.3488185,1.3052517e+04
 147.3692529,1.3049479e+04
 147.3896873,1.3049920e+04
 147.4101216,1.3055534e+04
 147.4305560,1.3055620e+04
 147.4509904,1.3056783e+04
 147.4714247,1.3055379e+04
 147.4918591,1.3057193e+04
 147.5122934,1.3065591e+04
 147.5327279,1.3059197e+04
 147.5531622,1.3050566e+04
 147.5735965,1.3054635e+04
 147.5940310,1.3056357e+04
 147.6144653,1.3052813e+04
 147.6348996,1.3052335e+04
 147.6553339,1.3056727e+04
 147.6757684,1.3059936e+04
 147.6962027,1.3056240e+04
 147.7166370,1.3054210e+04
 147.7370715,1.3055077e+04
 147.7575058,1.3051143e+04
 147.7779402,1.3047561e+04
 147.7983745,1.3053580e+04
 147.8188089,1.3051776e+04
 147.8392433,1.3054508e+04
 147.8596776,1.3056196e+04
 147.8801119,1.3045782e+04
 147.9005464,         null
 147.9209807,1.3056883e+04
 147.9414150,1.3057126e+04
 147.9618495,1.3046120e+04
 147.9822838,1.3046384e+04
 148.0027181,1.3058792e+04
 148.0231525,1.3050164e+04
 148.0435870,1.3051262e+04
 148.0640212,1.3049146e+04
 148.0844556,1.3036711e+04
 148.1048901,1.3033777e+04
 148.1253243,1.3041558e+04
 148.1457587,1.3047166e+04
 148.1661931,1.3057092e+04
 148.1866274,1.3056722e+04
 148.2070618,1.3053657e+04
 148.2274962,1.3058342e+04
 148.2479306,1.3055281e+04
 148.2683649,1.3056027e+04
 148.2887992,1.3048614e+04
 148.3092336,1.3052655e+04
 148.3296680,1.3057930e+04
 148.3501023,1.3056824e+04
 148.3705367,1.3053840e+04
 148.3909710,1.3060305e+04
 148.4114054,1.3043687e+04
 148.4318398,1.3053341e+04
 148.4522741,1.3057807e+04
 148.4727085,1.3057384e+04
 148.4931429,1.3051351e+04
 148.5135772,1.3055255e+04
 148.5340115,1.3055527e+04
 148.5544460,1.3065975e+04
 148.5748803,1.3071616e+04
 148.5953146,1.3051689e+04
 148.6157490,1.3051422e+04
 148.6361834,1.3057685e+04
 148.6566177,1.3056663e+04
 148.6770520,1.3053229e+04
 148.6974865,1.3066721e+04
 148.7179208,1.3065075e+04
 148.7383551,1.3050971e+04
 148.7587896,1.3044125e+04
 148.7792239,1.3046238e+04
 148.7996582,1.3055068e+04
 148.8200926,1.3047656e+04
 148.8405270,1.3053992e+04
 148.8609613,1.3056553e+04
 148.8813956,1.3056248e+04
 148.9018301,1.3063683e+04
 148.9222644,1.3051139e+04
 148.9426987,1.3057837e+04
 148.9631331,1.3050490e+04
 148.9835674,1.3057574e+04
 149.0040018,1.3058922e+04
 149.0244362,1.3050709e+04
 149.0448704,1.3054252e+04
 149.0653049,1.3060065e+04
 149.0857392,1.3056902e+04
 149.1061735,1.3048912e+04
 149.1266080,1.3045244e+04
 149.1470423,1.3051422e+04
 149.1674766,1.3051721e+04
 149.1879109,1.3054220e+04
 149.2083454,1.3057491e+04
 149.2287798,1.3054882e+04
 149.2492140,1.3052343e+04
 149.2696485,1.3043439e+04
 149.2900828,1.3060148e+04
 149.3105171,         null
 149.3309514,1.3055559e+04
 149.3513859,1.3068677e+04
 149.3718202,1.3056842e+04
 149.3922545,1.3058491e+04
 149.4126890,1.3058285e+04
 149.4331232,1.3060548e+04
 149.4535576,1.3052470e+04
 149.4739919,1.3055804e+04
 149.4944263,1.3053757e+04
 149.5148607,1.3050075e+04
 149.5352950,1.3050582e+04
 149.5557295,1.3047276e+04
 149.5761637,1.3065834e+04
 149.5965981,1.3055198e+04
 149.6170323,1.3052868e+04
 149.6374668,1.3058004e+04
 149.6579012,1.3053018e+04
 149.6783354,1.3049761e+04
 149.6987698,1.3056869e+04
 149.7192042,1.3049225e+04
 149.7396386,1.3043744e+04
 149.7600728,1.3063954e+04
 149.7805073,1.3050970e+04
 149.8009416,1.3049909e+04
 149.8213759,1.3054290e+04
 149.8418102,1.3054562e+04
 149.8622447,1.3057021e+04
 149.8826791,1.3058847e+04
 149.9031133,1.3049250e+04
 149.9235478,1.3055901e+04
 149.9439821,1.3044473e+04
 149.9644165,1.3057460e+04
 149.9848507,1.3048228e+04
 150.0052852,1.3058839e+04
 150.0257195,1.3063447e+04
 150.0461538,1.3050956e+04
 150.0665882,1.3062027e+04
 150.0870226,1.3058796e+04
 150.1074568,1.3048445e+04
 150.1278912,1.3059483e+04
 150.1483257,1.3054375e+04
 150.1687599,1.3051537e+04
 150.1891943,1.3059396e+04
 150.2096287,1.3053282e+04
 150.2300630,1.3061337e+04
 150.2504973,1.3051945e+04
 150.2709317,1.3065055e+04
 150.2913661,1.3059362e+04
 150.3118004,1.3057850e+04
 150.3322347,1.3049787e+04
 150.3526690,1.3057614e+04
 150.3731034,1.3046634e+04
 150.3935378,1.3057200e+04
 150.4139720,1.3059656e+04
 150.4344065,1.3053925e+04
 150.4548408,1.3060159e+04
 150.4752752,1.3049545e+04
 150.4957094,1.3053554e+04
 150.5161439,1.3054692e+04
 150.5365782,1.3060070e+04
 150.5570125,1.3060742e+04
 150.5774469,1.3054328e+04
 150.5978813,1.3050103e+04
 150.6183155,1.3051873e+04
 150.6387499,1.3052839e+04
 150.6591843,1.3058153e+04
 150.6796186,1.3050246e+04
 150.7000529,1.3054822e+04
 150.7204874,1.3046830e+04
 150.7409217,1.3057091e+04
 150.7613560,1.3051966e+04
 150.7817903,1.3054309e+04
 150.8022248,1.3052157e+04
 150.8226590,1.3055930e+04
 150.8430934,1.3048814e+04
 150.8635278,1.3060070e+04
 150.8839621,1.3053660e+04
 150.9043964,1.3052875e+04
 150.9248308,1.3050140e+04
 150.9452651,1.3048269e+04
 150.9656995,1.3054409e+04
 150.9861338,1.3050046e+04
 151.0065681,1.3061378e+04
 151.0270025,1.3053457e+04
 151.0474369,1.3058933e+04
 151.0678711,1.3054817e+04
 151.0883055,1.3050547e+04
 151.1087399,1.3043891e+04
 151.1291741,1.3043028e+04
 151.1496085,1.3053136e+04
 151.1700429,1.3064767e+04
 151.1904772,1.3069254e+04
 151.2109115,1.3050012e+04
 151.2313460,1.3056666e+04
 151.2517803,1.3052354e+04
 151.2722146,1.3058043e+04
 151.2926489,1.3048011e+04
 151.3130834,1.3053794e+04
 151.3335176,1.3058324e+04
 151.3539519,1.3054623e+04
 151.3743864,1.3056466e+04
 151.3948206,1.3042661e+04
 151.4152550,1.3040132e+04
 151.4356893,1.3031634e+04
 151.4561237,1.3043337e+04
 151.4765580,1.3058695e+04
 151.4969924,1.3055288e+04
 151.5174267,1.3044491e+04
 151.5378610,1.3065625e+04
 151.5582954,1.3058749e+04
 151.5787297,1.3051144e+04
 151.5991642,1.3060065e+04
 151.6195984,1.3053058e+04
 151.6400328,1.3060811e+04
 151.6604671,         null
 151.6809015,1.3054138e+04
 151.7013358,1.3049030e+04
 151.7217701,1.3048154e+04
 151.7422045,1.3050501e+04
 151.7626388,1.3056625e+04
 151.7830732,1.3052604e+04
 151.8035074,1.3049155e+04
 151.8239419,1.3055014e+04
 151.8443762,1.3049091e+04
 151.8648104,1.3050010e+04
 151.8852449,1.3053533e+04
 151.9056792,1.3056501e+04
 151.9261135,1.3055943e+04
 151.9465478,1.3072503e+04
 151.9669822,1.3051508e+04
 151.9874166,1.3050367e+04
 152.0078508,1.3053024e+04
 152.0282853,1.3048319e+04
 152.0487196,1.3054874e+04
 152.0691538,1.3051743e+04
 152.0895882,1.3056964e+04
 152.1100226,1.3048638e+04
 152.1304569,1.3046767e+04
 152.1508912,1.3050349e+04
 152.1713255,1.3050435e+04
 152.1917599,1.3062307e+04
 152.2121942,1.3047251e+04
 152.2326286,1.3060278e+04
 152.2530630,1.3061652e+04
 152.2734972,1.3047258e+04
 152.2939316,         null
 152.3143658,1.3052056e+04
 152.3348003,1.3058129e+04
 152.3552346,1.3042521e+04
 152.3756688,1.3046979e+04
 152.3961033,1.3045110e+04
 152.4165376,1.3046086e+04
 152.4369720,1.3106049e+04
 152.4574062,1.3046378e+04
 152.4778406,1.3059227e+04
 152.4982750,1.3049460e+04
 152.5187092,1.3054086e+04
 152.5391436,1.3060947e+04
 152.5595780,1.3070584e+04
 152.5800122,1.3047720e+04
 152.6004466,1.3053515e+04
 152.6208810,1.3047379e+04
 152.6413152,1.3040166e+04
 152.6617496,         null
 152.6821839,1.3051964e+04
 152.7026182,1.3047312e+04
 152.7230526,1.3051479e+04
 152.7434869,1.3060168e+04
 152.7639214,1.3045204e+04
 152.7843556,1.3051355e+04
 152.8047899,1.3057698e+04
 152.8252242,1.3050416e+04
 152.8456586,1.3050981e+04
 152.8660929,1.3048110e+04
 152.8865272,1.3047251e+04
 152.9069616,1.3050928e+04
 152.9273959,1.3054049e+04
 152.9478303,1.3052984e+04
 152.9682645,1.3053527e+04
 152.9886989,1.3059068e+04
 153.0091333,1.3048877e+04
 153.0295675,1.3082111e+04
 153.0500019,1.3049170e+04
 153.0704363,1.3052748e+04
 153.0908705,1.3059286e+04
 153.1113048,1.3054036e+04
 153.1317393,1.3059076e+04
 153.1521735,1.3057874e+04
 153.1726078,1.3046761e+04
 153.1930422,1.3056155e+04
 153.2134766,1.3051760e+04
 153.2339109,1.3049615e+04
 153.2543452,1.3058805e+04
 153.2747796,1.3051333e+04
 153.2952139,1.3053097e+04
 153.3156482,1.3064544e+04
 153.3360825,1.3049837e+04
 153.3565168,1.3044468e+04
 153.3769512,1.3058379e+04
 153.3973855,1.3052677e+04
 153.4178199,1.3048848e+04
 153.4382543,1.3058904e+04
 153.4586885,1.3047265e+04
 153.4791228,1.3050122e+04
 153.4995573,1.3043167e+04
 153.5199915,1.3053459e+04
 153.5404258,1.3052678e+04
 153.5608603,1.3048158e+04
 153.5812945,1.3060704e+04
 153.6017288,1.3059444e+04
 153.6221631,1.3053733e+04
 153.6425975,1.3054750e+04
 153.6630318,1.3052368e+04
 153.6834661,1.3054404e+04
 153.7039004,1.3050898e+04
 153.7243348,1.3055935e+04
 153.7447691,1.3053095e+04
 153.7652034,1.3052352e+04
 153.7856378,1.3053420e+04
 153.8060721,1.3053694e+04
 153.8265063,1.3050622e+04
 153.8469407,1.3042438e+04
 153.8673751,1.3054621e+04
 153.8878093,1.3045025e+04
 153.9082437,1.3056349e+04
 153.9286781,1.3052446e+04
 153.9491124,1.3046062e+04
 153.9695466,1.3051574e+04
 153.9899810,1.3060075e+04
 154.0104154,1.3054268e+04
 154.0308496,1.3047650e+04
 154.0512839,1.3053057e+04
 154.0717184,1.3054936e+04
 154.0921526,1.3050159e+04
 154.1125869,1.3052493e+04
 154.1330213,1.3053762e+04
 154.1534556,1.3052251e+04
 154.1738899,1.3046059e+04
 154.1943242,1.3051799e+04
 154.2147586,1.3051412e+04
 154.2351929,1.3052394e+04
 154.2556272,1.3050769e+04
 154.2760614,1.3054981e+04
 154.2964959,1.3056138e+04
 154.3169302,1.3055581e+04
 154.3373644,1.3066785e+04
 154.3577987,1.3051736e+04
 154.3782332,1.3047632e+04
 154.3986674,1.3053007e+04
 154.4191017,1.3048906e+04
 154.4395361,1.3055293e+04
 154.4599705,1.3054708e+04
 154.4804047,1.3060531e+04
 154.5008390,1.3053404e+04
 154.5212734,1.3055733e+04
 154.5417077,1.3055568e+04
 154.5621420,1.3056066e+04
 154.5825764,1.3064157e+04
 154.6030106,1.3051135e+04
 154.6234450,1.3051155e+04
 154.6438793,1.3048392e+04
 154.6643136,1.3050109e+04
 154.6847479,1.3046929e+04
 154.7051823,1.3036554e+04
 154.7256167,1.3033261e+04
 154.7460509,1.3034528e+04
 154.7664852,1.3036387e+04
 154.7869195,1.3056992e+04
 154.8073539,1.3051580e+04
 154.8277882,1.3056988e+04
 154.8482224,1.3051594e+04
 154.8686568,1.3051318e+04
 154.8890912,1.3067077e+04
 154.9095255,1.3053879e+04
 154.9299598,1.3047292e+04
 154.9503941,1.3050572e+04
 154.9708284,1.3046806e+04
 154.9912628,1.3049402e+04
 155.0116970,1.3057425e+04
 155.0321314,1.3048129e+04
 155.0525657,1.3053774e+04
 155.0729999,1.3052489e+04
 155.0934344,1.3047866e+04
 155.1138687,1.3049554e+04
 155.1343029,1.3055564e+04
 155.1547372,1.3051171e+04
 155.1751716,1.3044253e+04
 155.1956060,1.3055242e+04
 155.2160402,1.3056088e+04
 155.2364745,1.3049265e+04
 155.2569089,1.3047098e+04
 155.2773431,         null
 155.2977775,1.3051660e+04
 155.3182119,1.3049837e+04
 155.3386461,1.3054068e+04
 155.3590804,1.3058071e+04
 155.3795147,1.3053515e+04
 155.3999490,1.3052407e+04
 155.4203834,1.3053532e+04
 155.4408177,1.3058243e+04
 155.4612521,1.3049976e+04
 155.4816863,1.3054365e+04
 155.5021206,1.3051337e+04
 155.5225548,1.3053017e+04
 155.5429893,1.3055860e+04
 155.5634236,         null
 155.5838578,1.3047350e+04
 155.6042922,1.3052766e+04
 155.6247265,1.3056083e+04
 155.6451608,1.3058649e+04
 155.6655951,1.3065293e+04
 155.6860295,1.3041608e+04
 155.7064638,1.3056567e+04
 155.7268980,1.3048872e+04
 155.7473323,1.3042526e+04
 155.7677667,1.3051595e+04
 155.7882010,1.3051717e+04
 155.8086353,1.3044191e+04
 155.8290697,1.3048974e+04
 155.8495039,1.3053597e+04
 155.8699382,1.3051924e+04
 155.8903725,1.3050812e+04
 155.9108069,1.3054744e+04
 155.9312412,1.3041894e+04
 155.9516755,1.3053070e+04
 155.9721099,1.3053248e+04
 155.9925441,1.3049152e+04
 156.0129784,1.3048178e+04
 156.0334126,1.3053779e+04
 156.0538470,1.3052820e+04
 156.0742814,1.3058852e+04
 156.0947157,1.3055380e+04
 156.1151500,1.3047993e+04
 156.1355843,1.3050456e+04
 156.1560186,1.3054512e+04
 156.1764528,1.3046260e+04
 156.1968872,1.3046628e+04
 156.2173215,1.3050582e+04
 156.2377558,1.3045740e+04
 156.2581901,1.3057391e+04
 156.2786245,1.3046593e+04
 156.2990587,1.3044568e+04
 156.3194930,1.3049011e+04
 156.3399274,1.3052138e+04
 156.3603616,1.3052694e+04
 156.3807959,1.3043767e+04
 156.4012302,1.3050666e+04
 156.4216647,1.3043730e+04
 156.4420989,1.3049827e+04
 156.4625332,1.3053666e+04
 156.4829676,1.3052356e+04
 156.5034018,1.3043900e+04
 156.5238361,1.3051876e+04
 156.5442704,1.3049600e+04
 156.5647047,1.3054859e+04
 156.5851390,1.3047869e+04
 156.6055733,1.3043240e+04
 156.6260077,1.3052767e+04
 156.6464420,1.3045434e+04
 156.6668763,1.3060708e+04
 156.6873106,1.3049318e+04
 156.7077449,1.3058331e+04
 156.7281792,1.3048178e+04
 156.7486135,1.3043489e+04
 156.7690477,1.3052776e+04
 156.7894821,1.3043343e+04
 156.8099164,1.3048803e+04
 156.8303507,1.3053229e+04
 156.8507850,1.3050653e+04
 156.8712193,1.3044476e+04
 156.8916537,1.3047651e+04
 156.9120879,1.3060609e+04
 156.9325223,1.3043123e+04
 156.9529566,1.3051732e+04
 156.9733908,1.3055275e+04
 156.9938252,1.3043422e+04
 157.0142595,1.3051277e+04
 157.0346937,1.3056291e+04
 157.0551280,1.3048548e+04
 157.0755624,1.3042888e+04
 157.0959966,1.3048683e+04
 157.1164309,1.3041379e+04
 157.1368653,1.3038622e+04
 157.1572996,1.3053142e+04
 157.1777338,1.3044745e+04
 157.1981681,1.3046650e+04
 157.2186025,1.3057697e+04
 157.2390368,1.3048372e+04
 157.2594711,1.3052591e+04
 157.2799054,1.3044998e+04
 157.3003397,1.3051515e+04
 157.3207740,1.3043099e+04
 157.3412083,1.3048126e+04
 157.3616426,1.3042663e+04
 157.3820769,1.3047612e+04
 157.4025112,1.3047759e+04
 157.4229454,1.3043340e+04
 157.4433798,1.3049630e+04
 157.4638141,1.3058712e+04
 157.4842483,1.3044060e+04
 157.5046827,1.3050915e+04
 157.5251170,1.3053478e+04
 157.5455512,1.3050314e+04
 157.5659855,1.3050523e+04
 157.5864199,1.3052984e+04
 157.6068541,1.3046538e+04
 157.6272884,1.3041546e+04
 157.6477228,1.3048307e+04
 157.6681571,1.3052015e+04
 157.6885913,1.3047760e+04
 157.7090256,1.3043085e+04
 157.7294600,1.3051105e+04
 157.7498942,1.3056376e+04
 157.7703285,1.3050718e+04
 157.7907629,1.3045146e+04
 157.8111971,1.3047409e+04
 157.8316314,1.3050718e+04
 157.8520657,1.3049493e+04
 157.8725000,1.3041412e+04
 157.8929343,1.3049010e+04
 157.9133686,1.3050223e+04
 157.9338028,1.3047619e+04
 157.9542372,1.3043574e+04
 157.9746715,1.3045223e+04
 157.9951057,1.3060693e+04
 158.0155401,1.3039996e+04
 158.0359744,1.3032661e+04
 158.0564086,1.3038831e+04
 158.0768429,1.3030382e+04
 158.0972773,1.3051891e+04
 158.1177116,1.3047015e+04
 158.1381458,1.3045944e+04
 158.1585802,1.3051263e+04
 158.1790145,1.3055105e+04
 158.1994487,1.3049316e+04
 158.2198830,1.3052228e+04
 158.2403174,1.3046228e+04
 158.2607516,         null
 158.2811859,1.3045658e+04
 158.3016203,1.3056635e+04
 158.3220546,1.3048334e+04
 158.3424888,1.3046489e+04
 158.3629231,1.3049228e+04
 158.3833575,1.3042387e+04
 158.4037918,1.3049511e+04
 158.4242260,1.3044572e+04
 158.4446602,1.3047076e+04
 158.4650946,1.3048521e+04
 158.4855288,1.3045188e+04
 158.5059631,1.3050388e+04
 158.5263975,1.3040635e+04
 158.5468317,1.3055005e+04
 158.5672660,1.3049224e+04
 158.5877003,1.3049138e+04
 158.6081346,1.3047135e+04
 158.6285689,1.3047918e+04
 158.6490032,1.3057854e+04
 158.6694376,1.3049801e+04
 158.6898718,1.3056291e+04
 158.7103061,1.3056090e+04
 158.7307403,1.3057726e+04
 158.7511747,1.3043511e+04
 158.7716090,1.3046805e+04
 158.7920432,1.3047983e+04
 158.8124775,1.3049896e+04
 158.8329118,1.3057893e+04
 158.8533461,1.3046406e+04
 158.8737803,1.3042942e+04
 158.8942147,1.3050618e+04
 158.9146490,1.3049572e+04
 158.9350832,1.3054486e+04
 158.9555176,1.3046262e+04
 158.9759519,1.3046757e+04
 158.9963861,1.3047146e+04
 159.0168204,1.3055517e+04
 159.0372547,1.3053118e+04
 159.0576889,1.3048794e+04
 159.0781232,1.3054228e+04
 159.0985575,1.3049524e+04
 159.1189919,1.3042314e+04
 159.1394261,1.3048570e+04
 159.1598604,1.3051642e+04
 159.1802948,1.3048168e+04
 159.2007290,1.3053727e+04
 159.2211633,1.3052885e+04
 159.2415974,1.3050296e+04
 159.2620318,1.3053516e+04
 159.2824661,1.3051178e+04
 159.3029004,1.3047771e+04
 159.3233347,1.3053713e+04
 159.3437690,1.3056619e+04
 159.3642033,1.3049544e+04
 159.3846375,1.3052379e+04
 159.4050719,1.3048210e+04
 159.4255061,1.3048429e+04
 159.4459403,1.3053847e+04
 159.4663747,1.3044412e+04
 159.4868090,1.3374912e+04
 159.5072432,1.3051058e+04
 159.5276775,1.3054463e+04
 159.5481119,1.3054814e+04
 159.5685461,1.3057138e+04
 159.5889803,1.3054540e+04
 159.6094146,1.3049356e+04
 159.6298490,1.3050421e+04
 159.6502832,1.3042915e+04
 159.6707175,1.3050955e+04
 159.6911519,1.3050604e+04
 159.7115861,1.3049848e+04
 159.7320203,1.3054619e+04
 159.7524546,1.3057997e+04
 159.7728889,1.3050002e+04
 159.7933232,1.3048281e+04
 159.8137575,1.3052428e+04
 159.8341918,1.3057589e+04
 159.8546260,1.3040806e+04
 159.8750603,1.3055427e+04
 159.8954945,1.3060143e+04
 159.9159289,1.3054188e+04
 159.9363632,1.3060528e+04
 159.9567975,1.3057943e+04
 159.9772318,1.3052440e+04
 159.9976660,1.3051325e+04
 160.0181003,1.3055561e+04
 160.0385346,1.3064771e+04
 160.0589689,1.3047452e+04
 160.0794032,1.3058078e+04
 160.0998374,1.3055795e+04
 160.1202716,1.3049747e+04
 160.1407060,1.3051836e+04
 160.1611403,1.3055302e+04
 160.1815745,1.3049399e+04
 160.2020089,1.3054271e+04
 160.2224431,1.3052186e+04
 160.2428773,1.3052021e+04
 160.2633116,1.3051007e+04
 160.2837460,1.3059504e+04
 160.3041802,1.3053235e+04
 160.3246144,1.3056941e+04
 160.3450488,1.3048684e+04
 160.3654831,1.3067534e+04
 160.3859173,1.3048974e+04
 160.4063516,1.3056853e+04
 160.4267859,1.3056519e+04
 160.4472201,1.3046156e+04
 160.4676544,1.3051112e+04
 160.4880888,1.3054518e+04
 160.5085230,1.3043659e+04
 160.5289572,1.3050875e+04
 160.5493915,1.3043804e+04
 160.5698258,1.3055432e+04
 160.5902601,1.3043189e+04
 160.6106944,1.3053075e+04
 160.6311285,1.3058166e+04
 160.6515629,1.3050021e+04
 160.6719972,1.3044182e+04
 160.6924314,1.3052073e+04
 160.7128657,1.3052062e+04
 160.7333000,1.3054649e+04
 160.7537342,1.3042121e+04
 160.7741685,1.3049995e+04
 160.7946029,1.3055257e+04
 160.8150371,1.3050273e+04
 160.8354713,1.3053859e+04
 160.8559057,1.3049639e+04
 160.8763400,1.3053161e+04
 160.8967741,1.3052967e+04
 160.9172084,1.3049907e+04
 160.9376428,1.3048573e+04
 160.9580770,1.3055240e+04
 160.9785112,1.3057518e+04
 160.9989456,1.3047525e+04
 161.0193798,1.3057380e+04
 161.0398141,1.3060211e+04
 161.0602483,1.3051625e+04
 161.0806826,1.3053494e+04
 161.1011169,1.3052796e+04
 161.1215512,1.3046572e+04
 161.1419855,1.3056421e+04
 161.1624197,1.3058867e+04
 161.1828540,1.3048620e+04
 161.2032882,1.3051944e+04
 161.2237225,1.3055509e+04
 161.2441568,         null
 161.2645911,1.3048361e+04
 161.2850252,1.3050999e+04
 161.3054596,1.3046213e+04
 161.3258939,1.3051638e+04
 161.3463281,1.3036896e+04
 161.3667624,1.3030225e+04
 161.3871967,1.3038868e+04
 161.4076309,1.3048232e+04
 161.4280652,1.3058614e+04
 161.4484995,1.3046785e+04
 161.4689337,1.3061917e+04
 161.4893680,1.3054382e+04
 161.5098023,1.3051405e+04
 161.5302365,1.3052470e+04
 161.5506708,1.3055563e+04
 161.5711050,1.3061811e+04
 161.5915394,1.3048661e+04
 161.6119736,1.3047099e+04
 161.6324079,1.3056539e+04
 161.6528422,1.3051777e+04
 161.6732765,1.3052780e+04
 161.6937107,1.3052611e+04
 161.7141449,1.3056042e+04
 161.7345793,1.3051649e+04
 161.7550135,1.3057604e+04
 161.7754477,1.3052569e+04
 161.7958820,1.3046578e+04
 161.8163163,1.3059954e+04
 161.8367506,1.3053102e+04
 161.8571848,1.3062396e+04
 161.8776192,1.3057900e+04
 161.8980534,1.3058551e+04
 161.9184876,1.3049769e+04
 161.9389218,1.3056349e+04
 161.9593562,1.3051211e+04
 161.9797904,1.3050396e+04
 162.0002247,1.3061915e+04
 162.0206590,1.3057518e+04
 162.0410932,1.3050707e+04
 162.0615275,1.3048063e+04
 162.0819617,1.3050823e+04
 162.1023960,1.3051570e+04
 162.1228303,1.3052068e+04
 162.1432645,1.3054613e+04
 162.1636988,1.3050191e+04
 162.1841331,1.3042535e+04
 162.2045673,1.3051021e+04
 162.2250015,1.3055832e+04
 162.2454359,1.3050800e+04
 162.2658700,1.3045698e+04
 162.2863043,1.3045107e+04
 162.3067387,1.3055130e+04
 162.3271729,1.3052694e+04
 162.3476071,1.3048267e+04
 162.3680414,1.3050175e+04
 162.3884757,1.3054335e+04
 162.4089099,1.3049398e+04
 162.4293442,1.3056048e+04
 162.4497783,1.3048674e+04
 162.4702127,1.3051930e+04
 162.4906469,1.3058868e+04
 162.5110806,1.3053600e+04
 162.5315150,1.3051819e+04
 162.5519491,1.3044083e+04
 162.5723834,1.3046805e+04
 162.5928177,1.3047211e+04
 162.6132520,1.3056931e+04
 162.6336862,1.3046401e+04
 162.6541204,1.3050501e+04
 162.6745548,1.3034791e+04
 162.6949890,1.3050680e+04
 162.7154232,1.3058479e+04
 162.7358575,1.3050892e+04
 162.7562917,1.3050312e+04
 162.7767260,1.3046861e+04
 162.7971603,1.3056302e+04
 162.8175945,1.3050036e+04
 162.8380288,1.3048218e+04
 162.8584630,1.3054740e+04
 162.8788972,1.3046242e+04
 162.8993316,1.3045268e+04
 162.9197658,1.3044949e+04
 162.9402000,1.3052380e+04
 162.9606342,1.3044998e+04
 162.9810686,1.3046882e+04
 163.0015028,1.3048859e+04
 163.0219370,1.3055650e+04
 163.0423714,1.3048177e+04
 163.0628056,1.3047292e+04
 163.0832398,1.3043052e+04
 163.1036741,1.3050902e+04
 163.1241084,1.3047161e+04
 163.1445426,1.3058006e+04
 163.1649768,1.3041256e+04
 163.1854112,1.3045289e+04
 163.2058453,1.3046413e+04
 163.2262796,1.3047646e+04
 163.2467139,1.3059350e+04
 163.2671481,1.3052303e+04
 163.2875824,1.3047727e+04
 163.3080166,1.3051611e+04
 163.3284510,1.3052321e+04
 163.3488851,1.3049267e+04
 163.3693194,1.3048130e+04
 163.3897535,1.3053209e+04
 163.4101879,1.3054972e+04
 163.4306222,1.3049236e+04
 163.4510563,1.3049655e+04
 163.4714907,1.3047334e+04
 163.4919249,1.3061768e+04
 163.5123592,1.3048957e+04
 163.5327933,1.3050949e+04
 163.5532277,1.3044184e+04
 163.5736619,1.3048313e+04
 163.5940961,1.3051641e+04
 163.6145303,1.3053021e+04
 163.6349647,1.3052066e+04
 163.6553988,1.3044384e+04
 163.6758331,1.3054604e+04
 163.6962675,1.3047329e+04
 163.7167016,1.3044553e+04
 163.7371359,1.3049952e+04
 163.7575701,1.3053463e+04
 163.7780044,1.3049516e+04
 163.7984386,1.3045940e+04
 163.8188729,1.3045999e+04
 163.8393072,1.3049153e+04
 163.8597414,1.3038743e+04
 163.8801756,1.3047425e+04
 163.9006098,1.3049258e+04
 163.9210441,1.3049158e+04
 163.9414784,1.3051074e+04
 163.9619126,1.3051410e+04
 163.9823469,1.3046628e+04
 164.0027811,1.3051694e+04
 164.0232154,1.3054003e+04
 164.0436495,1.3053695e+04
 164.0640839,1.3054865e+04
 164.0845181,1.3045311e+04
 164.1049524,1.3044514e+04
 164.1253865,1.3047371e+04
 164.1458209,1.3055146e+04
 164.1662550,1.3052650e+04
 164.1866893,1.3052369e+04
 164.2071236,1.3060884e+04
 164.2275579,         null
 164.2479920,1.3058797e+04
 164.2684263,1.3053018e+04
 164.2888605,1.3052256e+04
 164.3092947,1.3046408e+04
 164.3297290,1.3047630e+04
 164.3501633,1.3064012e+04
 164.3705976,1.3045911e+04
 164.3910317,1.3046852e+04
 164.4114660,1.3047363e+04
 164.4319002,1.3052524e+04
 164.4523345,1.3056078e+04
 164.4727687,1.3047776e+04
 164.4932031,1.3045879e+04
 164.5136372,1.3044381e+04
 164.5340715,1.3061910e+04
 164.5545057,1.3048739e+04
 164.5749399,1.3058688e+04
 164.5953742,1.3054144e+04
 164.6158084,1.3049730e+04
 164.6362426,1.3057840e+04
 164.6566769,1.3053666e+04
 164.6771112,1.3043298e+04
 164.6975454,1.3034595e+04
 164.7179797,1.3050047e+04
 164.7384139,1.3056843e+04
 164.7588481,1.3049038e+04
 164.7792823,1.3058878e+04
 164.7997166,1.3050670e+04
 164.8201509,1.3052840e+04
 164.8405850,1.3048841e+04
 164.8610194,1.3050333e+04
 164.8814536,1.3046210e+04
 164.9018877,1.3047050e+04
 164.9223220,1.3056255e+04
 164.9427563,1.3055106e+04
 164.9631905,1.3049161e+04
 164.9836247,1.3057250e+04
