        TIME,  PDCSAP_FLUX
 131.5127101,1.5619093e+04
 131.5331445,1.5614812e+04
 131.5535788,1.5627654e+04
 131.5740130,1.5617738e+04
 131.5944474,1.5618789e+04
 131.6148818,1.5617549e+04
 131.6353160,1.5619724e+04
 131.6557504,1.5623581e+04
 131.6761848,1.5603292e+04
 131.6966191,1.5613745e+04
 131.7170533,1.5614285e+04
 131.7374877,1.5623428e+04
 131.7579221,1.5619212e+04
 131.7783563,1.5620021e+04
 131.7987907,1.5621811e+04
 131.8192251,1.5630101e+04
 131.8396593,1.5624441e+04
 131.8600936,1.5612259e+04
 131.8805280,1.5621407e+04
 131.9009623,1.5616334e+04
 131.9213966,1.5615801e+04
 131.9418309,1.5618169e+04
 131.9622653,1.5622800e+04
 131.9826996,1.5611186e+04
 132.0031339,1.5615271e+04
 132.0235681,1.5632730e+04
 132.0440026,1.5614073e+04
 132.0644369,1.5617850e+04
 132.0848711,1.5621413e+04
 132.1053054,1.5621847e+04
 132.1257399,1.5619463e+04
 132.1461741,1.5615305e+04
 132.1666084,1.5637055e+04
 132.1870428,1.5618752e+04
 132.2074772,1.5626744e+04
 132.2279114,1.5619587e+04
 132.2483457,1.5622193e+04
 132.2687801,1.5620481e+04
 132.2892144,1.5610579e+04
 132.3096487,1.5610283e+04
 132.3300831,1.5622813e+04
 132.3505173,1.5621402e+04
 132.3709517,1.5626622e+04
 132.3913860,1.5625516e+04
 132.4118203,1.5619251e+04
 132.4322546,1.5616153e+04
 132.4526890,1.5614522e+04
 132.4731234,1.5619802e+04
 132.4935576,1.5614294e+04
 132.5139919,1.5621776e+04
 132.5344262,1.5623130e+04
 132.5548606,1.5628482e+04
 132.5752949,1.5616528e+04
 132.5957291,1.5620337e+04
 132.6161636,1.5621751e+04
 132.6365979,1.5625284e+04
 132.6570322,1.5622075e+04
 132.6774664,1.5621702e+04
 132.6979008,1.5620257e+04
 132.7183352,1.5614934e+04
 132.7387694,1.5614338e+04
 132.7592038,1.5629871e+04
 132.7796381,1.5614672e+04
 132.8000724,1.5617859e+04
 132.8205067,1.5621437e+04
 132.8409411,1.5619953e+04
 132.8613753,1.5629749e+04
 132.8818096,1.5629685e+04
 132.9022441,1.5616940e+04
 132.9226783,1.5615271e+04
 132.9431126,1.5622469e+04
 132.9635469,1.5640566e+04
 132.9839813,1.5623271e+04
 133.0044156,1.5631679e+04
 133.0248499,1.5616080e+04
 133.0452842,1.5626115e+04
 133.0657185,1.5618453e+04
 133.0861528,1.5617476e+04
 133.1065872,1.5618493e+04
 133.1270215,1.5630398e+04
 133.1474558,1.5623646e+04
 133.1678901,1.5618567e+04
 133.1883244,1.5626306e+04
 133.2087589,1.5617642e+04
 133.2291931,1.5620301e+04
 133.2496274,1.5623744e+04
 133.2700617,1.5626238e+04
 133.2904960,1.5619613e+04
 133.3109304,1.5629238e+04
 133.3313646,1.5611509e+04
 133.3517990,1.5624709e+04
 133.3722333,1.5626563e+04
 133.3926676,1.5621975e+04
 133.4131020,1.5628853e+04
 133.4335363,1.5628297e+04
 133.4539706,1.5624882e+04
 133.4744048,1.5642244e+04
 133.4948392,1.5622680e+04
 133.5152735,1.5616618e+04
 133.5357078,1.5619305e+04
 133.5561422,1.5636498e+04
 133.5765765,1.5623637e+04
 133.5970107,1.5625735e+04
 133.6174450,1.5626159e+04
 133.6378794,1.5620805e+04
 133.6583138,1.5618828e+04
 133.6787480,1.5622366e+04
 133.6991824,1.5618914e+04
 133.7196167,1.5623447e+04
 133.7400509,1.5618734e+04
 133.7604852,1.5622740e+04
 133.7809197,1.5622506e+04
 133.8013539,1.5623002e+04
 133.8217882,1.5626602e+04
 133.8422225,1.5618932e+04
 133.8626568,1.5617432e+04
 133.8830911,1.5613968e+04
 133.9035255,1.5622075e+04
 133.9239598,1.5622444e+04
 133.9443941,1.5616519e+04
 133.9648284,1.5623407e+04
 133.9852626,1.5622047e+04
 134.0056970,1.5627887e+04
 134.0261313,1.5624292e+04
 134.0465656,1.5625568e+04
 134.0670000,1.5624114e+04
 134.0874343,1.5629167e+04
 134.1078685,1.5642020e+04
 134.1283028,1.5626489e+04
 134.1487372,1.5621558e+04
 134.1691715,1.5619781e+04
 134.1896058,1.5631314e+04
 134.2100402,1.5627243e+04
 134.2304745,1.5626064e+04
 134.2509087,1.5624125e+04
 134.2713430,1.5633022e+04
 134.2917774,1.5620418e+04
 134.3122116,1.5630915e+04
 134.3326460,1.5625724e+04
 134.3530804,1.5627923e+04
 134.3735146,1.5628832e+04
 134.3939489,         null
 134.4143832,1.5616508e+04
 134.4348175,1.5625202e+04
 134.4552518,1.5619950e+04
 134.4756861,1.5630778e+04
 134.4961206,1.5627245e+04
 134.5165548,1.5629783e+04
 134.5369891,1.5624232e+04
 134.5574233,1.5627981e+04
 134.5778577,1.5621433e+04
 134.5982920,1.5630179e+04
 134.6187262,1.5629552e+04
 134.6391605,1.5626128e+04
 134.6595950,1.5625632e+04
 134.6800293,1.5628492e+04
 134.7004636,1.5632373e+04
 134.7208979,1.5637064e+04
 134.7413322,1.5624636e+04
 134.7617664,1.5625316e+04
 134.7822007,1.5628491e+04
 134.8026351,1.5622191e+04
 134.8230694,1.5629272e+04
 134.8435036,1.5622401e+04
 134.8639381,1.5621087e+04
 134.8843724,1.5634057e+04
 134.9048067,1.5630515e+04
 134.9252409,1.5626588e+04
 134.9456753,1.5624899e+04
 134.9661096,1.5620026e+04
 134.9865438,1.5622527e+04
 135.0069782,1.5620971e+04
 135.0274125,1.5625855e+04
 135.0478467,1.5620218e+04
 135.0682811,1.5630849e+04
 135.0887155,1.5631260e+04
 135.1091497,1.5631174e+04
 135.1295840,1.5615894e+04
 135.1500184,1.5625244e+04
 135.1704527,1.5625999e+04
 135.1908869,1.5626404e+04
 135.2113212,1.5622179e+04
 135.2317556,1.5616409e+04
 135.2521898,1.5625192e+04
 135.2726241,1.5624330e+04
 135.2930583,1.5624080e+04
 135.3134927,1.5624197e+04
 135.3339271,1.5624829e+04
 135.3543613,1.5629831e+04
 135.3747957,1.5637316e+04
 135.3952300,1.5624554e+04
 135.4156643,1.5622613e+04
 135.4360985,1.5633004e+04
 135.4565329,1.5624733e+04
 135.4769672,1.5623706e+04
 135.4974014,1.5625236e+04
 135.5178358,1.5628540e+04
 135.5382701,1.5622438e+04
 135.5587043,1.5624174e+04
 135.5791386,1.5629032e+04
 135.5995730,1.5628753e+04
 135.6200072,1.5624341e+04
 135.6404415,1.5626726e+04
 135.6608760,1.5623073e+04
 135.6813103,1.5633466e+04
 135.7017445,1.5627203e+04
 135.7221788,1.5623043e+04
 135.7426132,1.5628454e+04
 135.7630474,1.5624321e+04
 135.7834817,1.5630865e+04
 135.8039161,1.5626756e+04
 135.8243503,1.5622874e+04
 135.8447846,1.5626082e+04
 135.8652189,1.5624516e+04
 135.8856532,1.5622504e+04
 135.9060875,1.5625851e+04
 135.9265218,1.5626167e+04
 135.9469560,1.5623248e+04
 135.9673904,1.5627550e+04
 135.9878247,1.5621114e+04
 136.0082589,1.5618373e+04
 136.0286933,1.5630935e+04
 136.0491276,1.5627225e+04
 136.0695618,1.5621015e+04
 136.0899961,1.5622248e+04
 136.1104305,1.5634855e+04
 136.1308648,1.5625781e+04
 136.1512990,1.5626699e+04
 136.1717334,1.5631274e+04
 136.1921677,1.5618065e+04
 136.2126020,1.5626853e+04
 136.2330363,1.5626578e+04
 136.2534707,1.5623263e+04
 136.2739049,1.5628369e+04
 136.2943392,1.5630240e+04
 136.3147736,1.5634705e+04
 136.3352078,1.5629029e+04
 136.3556421,1.5636952e+04
 136.3760764,1.5643902e+04
 136.3965107,1.5631301e+04
 136.4169450,1.5627110e+04
 136.4373793,1.5633960e+04
 136.4578137,1.5631482e+04
 136.4782479,1.5627563e+04
 136.4986822,1.5627364e+04
 136.5191165,1.5622821e+04
 136.5395508,1.5626107e+04
 136.5599851,1.5630471e+04
 136.5804194,1.5622027e+04
 136.6008537,1.5628610e+04
 136.6212880,1.5626291e+04
 136.6417223,1.5620472e+04
 136.6621566,1.5622021e+04
 136.6825909,1.5632675e+04
 136.7030252,1.5628866e+04
 136.7234595,1.5636053e+04
 136.7438937,1.5625085e+04
 136.7643281,1.5620691e+04
 136.7847624,1.5621522e+04
 136.8051966,1.5625442e+04
 136.8256310,1.5629642e+04
 136.8460652,1.5628363e+04
 136.8664995,1.5626664e+04
 136.8869337,1.5620843e+04
 136.9073681,1.5632362e+04
 136.9278024,1.5621001e+04
 136.9482366,1.5633627e+04
 136.9686710,1.5636280e+04
 136.9891053,1.5625856e+04
 137.0095395,1.5619863e+04
 137.0299738,1.5631652e+04
 137.0504082,1.5632772e+04
 137.0708424,1.5634331e+04
 137.0912767,1.5628236e+04
 137.1117111,1.5629886e+04
 137.1321453,1.5633882e+04
 137.1525796,1.5633984e+04
 137.1730139,1.5620872e+04
 137.1934483,1.5615164e+04
 137.2138825,1.5631789e+04
 137.2343168,1.5627664e+04
 137.2547510,1.5639807e+04
 137.2751854,1.5637293e+04
 137.2956197,1.5633395e+04
 137.3160539,1.5629295e+04
 137.3364883,1.5635171e+04
 137.3569226,1.5620793e+04
 137.3773569,         null
 137.3977910,1.5630217e+04
 137.4182254,1.5636867e+04
 137.4386597,1.5619732e+04
 137.4590939,1.5619400e+04
 137.4795283,1.5633099e+04
 137.4999626,1.5620886e+04
 137.5203968,1.5631007e+04
 137.5408311,1.5629300e+04
 137.5612655,1.5632278e+04
 137.5816997,1.5623716e+04
 137.6021340,1.5629771e+04
 137.6225684,1.5630907e+04
 137.6430027,1.5634836e+04
 137.6634369,1.5622779e+04
 137.6838712,1.5634652e+04
 137.7043056,1.5628410e+04
 137.7247397,1.5623947e+04
 137.7451740,1.5629424e+04
 137.7656084,1.5632310e+04
 137.7860426,1.5631320e+04
 137.8064769,1.5635458e+04
 137.8269111,1.5636099e+04
 137.8473455,1.5627630e+04
 137.8677798,1.5635258e+04
 137.8882141,1.5634075e+04
 137.9086483,1.5629835e+04
 137.9290827,1.5632377e+04
 137.9495170,1.5635863e+04
 137.9699511,1.5635294e+04
 137.9903855,1.5633186e+04
 138.0108198,1.5633636e+04
 138.0312540,1.5631402e+04
 138.0516883,1.5635711e+04
 138.0721227,1.5638718e+04
 138.0925570,1.5637879e+04
 138.1129912,1.5647944e+04
 138.1334256,1.5637615e+04
 138.1538599,1.5633127e+04
 138.1742940,1.5626613e+04
 138.1947283,1.5632892e+04
 138.2151627,1.5631576e+04
 138.2355970,1.5633052e+04
 138.2560312,1.5637075e+04
 138.2764656,1.5636858e+04
 138.2968999,1.5632424e+04
 138.3173341,1.5636033e+04
 138.3377684,1.5630711e+04
 138.3582027,1.5639560e+04
 138.3786370,1.5638922e+04
 138.3990712,1.5640512e+04
 138.4195056,1.5633991e+04
 138.4399399,1.5628314e+04
 138.4603741,1.5624373e+04
 138.4808084,1.5642989e+04
 138.5012428,1.5632635e+04
 138.5216769,1.5634906e+04
 138.5421112,1.5636212e+04
 138.5625455,1.5628538e+04
 138.5829798,1.5634729e+04
 138.6034141,1.5638488e+04
 138.6238484,1.5638011e+04
 138.6442827,1.5632207e+04
 138.6647170,1.5634213e+04
 138.6851512,1.5640471e+04
 138.7055854,1.5639384e+04
 138.7260198,1.5636626e+04
 138.7464541,1.5631625e+04
 138.7668883,1.5635026e+04
 138.7873227,1.5629916e+04
 138.8077570,1.5635845e+04
 138.8281911,1.5637643e+04
 138.8486254,1.5632811e+04
 138.8690598,1.5634171e+04
 138.8894941,1.5627483e+04
 138.9099283,1.5635122e+04
 138.9303627,1.5640479e+04
 138.9507970,1.5651304e+04
 138.9712311,1.5633190e+04
 138.9916654,1.5637220e+04
 139.0120998,1.5623683e+04
 139.0325340,1.5626006e+04
 139.0529683,1.5634955e+04
 139.0734027,1.5630510e+04
 139.0938368,1.5644982e+04
 139.1142711,1.5639853e+04
 139.1347054,1.5635212e+04
 139.1551397,1.5643308e+04
 139.1755740,1.5637847e+04
 139.1960083,1.5632058e+04
 139.2164424,1.5636868e+04
 139.2368768,1.5636058e+04
 139.2573111,1.5633587e+04
 139.2777453,1.5630849e+04
 139.2981797,1.5629338e+04
 139.3186140,1.5630225e+04
 139.3390482,1.5630037e+04
 139.3594824,1.5641255e+04
 139.3799168,1.5641296e+04
 139.4003511,1.5631107e+04
 139.4207853,1.5642534e+04
 139.4412196,1.5646146e+04
 139.4616539,1.5630824e+04
 139.4820881,1.5632942e+04
 139.5025224,1.5625840e+04
 139.5229568,1.5638378e+04
 139.5433909,1.5639573e+04
 139.5638252,1.5639948e+04
 139.5842596,1.5640196e+04
 139.6046938,1.5631670e+04
 139.6251281,1.5638974e+04
 139.6455623,1.5636454e+04
 139.6659967,1.5635446e+04
 139.6864309,1.5634857e+04
 139.7068652,1.5633119e+04
 139.7272995,1.5630780e+04
 139.7477337,1.5635209e+04
 139.7681680,1.5644224e+04
 139.7886023,1.5634035e+04
 139.8090366,1.5631474e+04
 139.8294709,1.5630967e+04
 139.8499051,1.5624203e+04
 139.8703394,1.5633394e+04
 139.8907737,1.5635342e+04
 139.9112080,1.5635883e+04
 139.9316423,1.5638252e+04
 139.9520766,1.5635831e+04
 139.9725108,1.5632909e+04
 139.9929451,1.5638070e+04
 140.0133793,1.5635898e+04
 140.0338136,1.5629755e+04
 140.0542479,1.5629673e+04
 140.0746822,1.5634502e+04
 140.0951165,1.5625109e+04
 140.1155507,1.5634779e+04
 140.1359850,1.5633919e+04
 140.1564192,1.5641841e+04
 140.1768536,1.5639239e+04
 140.1972879,1.5634369e+04
 140.2177220,1.5629931e+04
 140.2381564,1.5636452e+04
 140.2585907,1.5627870e+04
 140.2790249,1.5628559e+04
 140.2994591,1.5636930e+04
 140.3198935,1.5639773e+04
 140.3403277,1.5637575e+04
 140.3607620,         null
 140.3811962,1.5632483e+04
 140.4016306,1.5626200e+04
 140.4220648,1.5634251e+04
 140.4424991,1.5635324e+04
 140.4629334,1.5629474e+04
 140.4833676,1.5634731e+04
 140.5038019,1.5637676e+04
 140.5242361,1.5636102e+04
 140.5446704,1.5640326e+04
 140.5651047,1.5638995e+04
 140.5855390,1.5628035e+04
 140.6059732,1.5628457e+04
 140.6264075,1.5632953e+04
 140.6468418,1.5636755e+04
 140.6672760,1.5639615e+04
 140.6877103,1.5637952e+04
 140.7081446,1.5635621e+04
 140.7285788,1.5635602e+04
 140.7490132,1.5634076e+04
 140.7694474,1.5636563e+04
 140.7898816,1.5635448e+04
 140.8103159,1.5629811e+04
 140.8307502,1.5632961e+04
 140.8511845,1.5634917e+04
 140.8716187,1.5642796e+04
 140.8920530,1.5635024e+04
 140.9124873,1.5629519e+04
 140.9329215,1.5632352e+04
 140.9533558,1.5626938e+04
 140.9737901,1.5631212e+04
 140.9942243,1.5633225e+04
 141.0146586,1.5631055e+04
 141.0350929,1.5631878e+04
 141.0555271,1.5632020e+04
 141.0759614,1.5629479e+04
 141.0963957,1.5634720e+04
 141.1168299,1.5634602e+04
 141.1372642,1.5628655e+04
 141.1576985,1.5628576e+04
 141.1781326,1.5634594e+04
 141.1985670,1.5634246e+04
 141.2190013,1.5633717e+04
 141.2394355,1.5637486e+04
 141.2598698,1.5638881e+04
 141.2803041,1.5635398e+04
 141.3007383,1.5631459e+04
 141.3211725,1.5634125e+04
 141.3416069,1.5637218e+04
 141.3620412,1.5637221e+04
 141.3824753,1.5643360e+04
 141.4029096,1.5635617e+04
 141.4233440,1.5631225e+04
 141.4437782,1.5643311e+04
 141.4642124,1.5635259e+04
 141.4846468,1.5637700e+04
 141.5050810,1.5635340e+04
 141.5255152,1.5633286e+04
 141.5459495,1.5639007e+04
 141.5663837,1.5634158e+04
 141.5868181,1.5637767e+04
 141.6072523,1.5641993e+04
 141.6276866,1.5639345e+04
 141.6481209,1.5641997e+04
 141.6685551,1.5643890e+04
 141.6889893,1.5633829e+04
 141.7094237,1.5639602e+04
 141.7298579,1.5643405e+04
 141.7502921,1.5634406e+04
 141.7707265,1.5630326e+04
 141.7911607,1.5633005e+04
 141.8115949,1.5631742e+04
 141.8320292,1.5632820e+04
 141.8524635,1.5638698e+04
 141.8728977,1.5637938e+04
 141.8933320,1.5640214e+04
 141.9137664,1.5635399e+04
 141.9342005,1.5635927e+04
 141.9546348,1.5635782e+04
 141.9750689,1.5640784e+04
 141.9955033,1.5634903e+04
 142.0159376,1.5636827e+04
 142.0363717,1.5641555e+04
 142.0568060,1.5637098e+04
 142.0772404,1.5630001e+04
 142.0976746,1.5644140e+04
 142.1181088,1.5637109e+04
 142.1385431,1.5637272e+04
 142.1589774,1.5635134e+04
 142.1794116,1.5639238e+04
 142.1998458,1.5638488e+04
 142.2202802,1.5633598e+04
 142.2407144,1.5638571e+04
 142.2611486,1.5629271e+04
 142.2815830,1.5640874e+04
 142.3020171,1.5637638e+04
 142.3224514,1.5631273e+04
 142.3428857,1.5632912e+04
 142.3633200,1.5639938e+04
 142.3837542,1.5638814e+04
 142.4041884,1.5630276e+04
 142.4246228,1.5636548e+04
 142.4450570,1.5623295e+04
 142.4654912,1.5643090e+04
 142.4859254,1.5635870e+04
 142.5063598,1.5635323e+04
 142.5267940,1.5641305e+04
 142.5472283,1.5637609e+04
 142.5676624,1.5641824e+04
 142.5880968,1.5633420e+04
 142.6085310,1.5638097e+04
 142.6289652,1.5640393e+04
 142.6493996,1.5639663e+04
 142.6698338,1.5631509e+04
 142.6902680,1.5638770e+04
 142.7107022,1.5631188e+04
 142.7311366,1.5637033e+04
 142.7515708,1.5640786e+04
 142.7720050,1.5629375e+04
 142.7924394,1.5628136e+04
 142.8128735,1.5629496e+04
 142.8333078,1.5634494e+04
 142.8537420,1.5642200e+04
 142.8741764,1.5637776e+04
 142.8946106,1.5634871e+04
 142.9150448,1.5632556e+04
 142.9354792,1.5635433e+04
 142.9559133,1.5627108e+04
 142.9763476,1.5641288e+04
 142.9967817,1.5635496e+04
 143.0172161,1.5632070e+04
 143.0376504,1.5634346e+04
 143.0580846,1.5628527e+04
 143.0785189,1.5637137e+04
 143.0989531,1.5634646e+04
 143.1193874,1.5638974e+04
 143.1398216,1.5630511e+04
 143.1602559,1.5628950e+04
 143.1806901,1.5627550e+04
 143.2011243,1.5632716e+04
 143.2215586,1.5631353e+04
 143.2419929,1.5634118e+04
 143.2624272,1.5632518e+04
 143.2828614,1.5637532e+04
 143.3032957,1.5627917e+04
 143.3237299,1.5628349e+04
 143.3441642,         null
 143.3645983,1.5631732e+04
 143.3850327,1.5632153e+04
 143.4054669,1.5637354e+04
 143.4259011,1.5629370e+04
 143.4463355,1.5630901e+04
 143.4667697,1.5636837e+04
 143.4872039,1.5638160e+04
 143.5076381,1.5634269e+04
 143.5280725,1.5637227e+04
 143.5485067,1.5638612e+04
 143.5689409,1.5627010e+04
 143.5893752,1.5649964e+04
 143.6098095,1.5632957e+04
 143.6302436,1.5629315e+04
 143.6506779,1.5636922e+04
 143.6711122,1.5630214e+04
 143.6915464,1.5629021e+04
 143.7119806,1.5626173e+04
 143.7324149,1.5628883e+04
 143.7528491,1.5626721e+04
 143.7732834,1.5629929e+04
 143.7937176,1.5633984e+04
 143.8141519,1.5629370e+04
 143.8345861,1.5627571e+04
 143.8550204,1.5628123e+04
 143.8754545,1.5631622e+04
 143.8958889,1.5625771e+04
 143.9163231,1.5629285e+04
 143.9367573,1.5635338e+04
 143.9571916,1.5633602e+04
 143.9776259,1.5633565e+04
 143.9980600,1.5634180e+04
 144.0184943,1.5629504e+04
 144.0389286,1.5633673e+04
 144.0593629,1.5635915e+04
 144.0797970,1.5628021e+04
 144.1002314,1.5627009e+04
 144.1206656,1.5628979e+04
 144.1410998,1.5630291e+04
 144.1615340,1.5635627e+04
 144.1819684,1.5625130e+04
 144.2024025,1.5630537e+04
 144.2228368,1.5635367e+04
 144.2432711,1.5638126e+04
 144.2637053,1.5632232e+04
 144.2841395,1.5627898e+04
 144.3045737,1.5631131e+04
 144.3250080,1.5630358e+04
 144.3454422,1.5631567e+04
 144.3658765,1.5628217e+04
 144.3863106,1.5628948e+04
 144.4067450,1.5627786e+04
 144.4271792,1.5625196e+04
 144.4476134,1.5628751e+04
 144.4680477,1.5631008e+04
 144.4884820,1.5630809e+04
 144.5089161,1.5632427e+04
 144.5293504,1.5619423e+04
 144.5497847,1.5635182e+04
 144.5702189,1.5635224e+04
 144.5906531,1.5637955e+04
 144.6110874,1.5627806e+04
 144.6315217,1.5635380e+04
 144.6519558,1.5637348e+04
 144.6723901,1.5629964e+04
 144.6928244,1.5631896e+04
 144.7132585,1.5629649e+04
 144.7336928,1.5632466e+04
 144.7541271,1.5629540e+04
 144.7745613,1.5628731e+04
 144.7949955,1.5634306e+04
 144.8154298,1.5628012e+04
 144.8358641,1.5635517e+04
 144.8562983,1.5628675e+04
 144.8767325,1.5627737e+04
 144.8971667,1.5625481e+04
 144.9176010,1.5631890e+04
 144.9380352,1.5612227e+04
 144.9584695,1.5624844e+04
 144.9789038,1.5628766e+04
 144.9993379,1.5621977e+04
 145.0197722,1.5626609e+04
 145.0402064,1.5621902e+04
 145.0606407,1.5628062e+04
 145.0810749,1.5628610e+04
 145.1015092,1.5625099e+04
 145.1219435,1.5626428e+04
 145.1423776,1.5621985e+04
 145.1628119,1.5636838e+04
 145.1832460,1.5616260e+04
 145.2036804,1.5632803e+04
 145.2241146,1.5624667e+04
 145.2445487,1.5634904e+04
 145.2649831,1.5641931e+04
 145.2854173,1.5631775e+04
 145.3058515,1.5627830e+04
 145.3262857,1.5618762e+04
 145.3467200,1.5627604e+04
 145.3671543,1.5626877e+04
 145.3875884,1.5622137e+04
 145.4080227,1.5628150e+04
 145.4284570,1.5624867e+04
 145.4488911,1.5625543e+04
 145.4693254,1.5628790e+04
 145.4897597,1.5627617e+04
 145.5101938,1.5635378e+04
 145.5306281,1.5619074e+04
 145.5510623,1.5624977e+04
 145.5714966,1.5630241e+04
 145.5919308,1.5618719e+04
 145.6123650,1.5627176e+04
 145.6327994,1.5635869e+04
 145.6532335,1.5628687e+04
 145.6736677,1.5627473e+04
 145.6941019,1.5628359e+04
 145.7145362,1.5630846e+04
 145.7349704,1.5625797e+04
 145.7554047,1.5627430e+04
 145.7758389,1.5620129e+04
 145.7962731,1.5627333e+04
 145.8167074,1.5629049e+04
 145.8371415,1.5630694e+04
 145.8575758,1.5623268e+04
 145.8780101,1.5623404e+04
 145.8984442,1.5621704e+04
 145.9188786,1.5623197e+04
 145.9393128,1.5629006e+04
 145.9597469,1.5628851e+04
 145.9801812,1.5625435e+04
 146.0006155,1.5626204e+04
 146.0210497,1.5624796e+04
 146.0414839,1.5619793e+04
 146.0619182,1.5626793e+04
 146.0823524,1.5623938e+04
 146.1027866,1.5624711e+04
 146.1232208,1.5619377e+04
 146.1436551,1.5618459e+04
 146.1640893,1.5624799e+04
 146.1845235,1.5618474e+04
 146.2049577,1.5626736e+04
 146.2253919,1.5618371e+04
 146.2458262,1.5615976e+04
 146.2662604,1.5625663e+04
 146.2866946,1.5621299e+04
 146.3071289,1.5631220e+04
 146.3275631,         null
 146.3479972,1.5627511e+04
 146.3684316,1.5619765e+04
 146.3888658,1.5618819e+04
 146.4092999,1.5615079e+04
 146.4297343,1.5619655e+04
 146.4501685,1.5617516e+04
 146.4706026,1.5617201e+04
 146.4910370,1.5628021e+04
 146.5114712,1.5625310e+04
 146.5319054,1.5623214e+04
 146.5523395,1.5607468e+04
 146.5727739,1.5630156e+04
 146.5932081,1.5622803e+04
 146.6136423,1.5625733e+04
 146.6340765,1.5613856e+04
 146.6545108,1.5617025e+04
 146.6749450,1.5618994e+04
 146.6953791,1.5617112e+04
 146.7158135,1.5627438e+04
 146.7362477,1.5617710e+04
 146.7566819,1.5622833e+04
 146.7771161,1.5621842e+04
 146.7975504,1.5629272e+04
 146.8179846,1.5614081e+04
 146.8384187,1.5618799e+04
 146.8588530,1.5623920e+04
 146.8792873,1.5626166e+04
 146.8997214,1.5620035e+04
 146.9201556,1.5617391e+04
 146.9405900,1.5618317e+04
 146.9610241,1.5618467e+04
 146.9814583,1.5616278e+04
 147.0018925,1.5621271e+04
 147.0223268,1.5618283e+04
 147.0427610,1.5621323e+04
 147.0631952,1.5625143e+04
 147.0836296,1.5615914e+04
 147.1040637,1.5620863e+04
 147.1244979,1.5619249e+04
 147.1449320,1.5627481e+04
 147.1653664,1.5616923e+04
 147.1858006,1.5618998e+04
 147.2062347,1.5618582e+04
 147.2266690,1.5621533e+04
 147.2471032,1.5616874e+04
 147.2675375,1.5621177e+04
 147.2879716,1.5616251e+04
 147.3084059,1.5619361e+04
 147.3288401,1.5619089e+04
 147.3492743,1.5618558e+04
 147.3697085,1.5615270e+04
 147.3901428,1.5618427e+04
 147.4105769,1.5613490e+04
 147.4310112,1.5625230e+04
 147.4514455,1.5627819e+04
 147.4718796,1.5629504e+04
 147.4923138,1.5612667e+04
 147.5127480,1.5618172e+04
 147.5331824,1.5616961e+04
 147.5536165,1.5623892e+04
 147.5740507,1.5626525e+04
 147.5944850,1.5613610e+04
 147.6149192,1.5617167e+04
 147.6353534,1.5612942e+04
 147.6557875,1.5617469e+04
 147.6762218,1.5619665e+04
 147.6966560,1.5623824e+04
 147.7170902,1.5619350e+04
 147.7375245,1.5615202e+04
 147.7579587,1.5617503e+04
 147.7783929,1.5613456e+04
 147.7988270,1.5621818e+04
 147.8192614,1.5629794e+04
 147.8396956,1.5623214e+04
 147.8601297,1.5615079e+04
 147.8805639,1.5618659e+04
 147.9009982,         null
 147.9214323,1.5620221e+04
 147.9418666,1.5618337e+04
 147.9623009,1.5628628e+04
 147.9827350,1.5619505e+04
 148.0031692,1.5620247e+04
 148.0236034,1.5630207e+04
 148.0440378,1.5623105e+04
 148.0644719,1.5617306e+04
 148.0849061,1.5619510e+04
 148.1053404,1.5620224e+04
 148.1257745,1.5620664e+04
 148.1462087,1.5618591e+04
 148.1666430,1.5613925e+04
 148.1870772,1.5617654e+04
 148.2075114,1.5625153e+04
 148.2279456,1.5635354e+04
 148.2483799,1.5616312e+04
 148.2688140,1.5619690e+04
 148.2892483,1.5629901e+04
 148.3096825,1.5625826e+04
 148.3301167,1.5621546e+04
 148.3505509,1.5610922e+04
 148.3709851,1.5620899e+04
 148.3914192,1.5622943e+04
 148.4118535,1.5622912e+04
 148.4322878,1.5618421e+04
 148.4527220,1.5614736e+04
 148.4731562,1.5623199e+04
 148.4935904,1.5624598e+04
 148.5140246,1.5612484e+04
 148.5344587,1.5615700e+04
 148.5548930,1.5616546e+04
 148.5753273,1.5619223e+04
 148.5957614,1.5613567e+04
 148.6161957,1.5623702e+04
 148.6366299,1.5620090e+04
 148.6570640,1.5622431e+04
 148.6774982,1.5619392e+04
 148.6979325,1.5619757e+04
 148.7183666,1.5629935e+04
 148.7388009,1.5617994e+04
 148.7592352,1.5619002e+04
 148.7796694,1.5617665e+04
 148.8001035,1.5611218e+04
 148.8205377,1.5618266e+04
 148.8409720,1.5618351e+04
 148.8614061,1.5615175e+04
 148.8818403,1.5619906e+04
 148.9022746,1.5623522e+04
 148.9227088,1.5611979e+04
 148.9431430,1.5618511e+04
 148.9635772,1.5609549e+04
 148.9840114,1.5614661e+04
 149.0044456,1.5611199e+04
 149.0248798,1.5621435e+04
 149.0453139,1.5614415e+04
 149.0657482,1.5617644e+04
 149.0861824,1.5622410e+04
 149.1066165,1.5615175e+04
 149.1270508,1.5615227e+04
 149.1474851,1.5615897e+04
 149.1679192,1.5621416e+04
 149.1883534,1.5619274e+04
 149.2087877,1.5621295e+04
 149.2292219,1.5620914e+04
 149.2496560,1.5623059e+04
 149.2700903,1.5609893e+04
 149.2905245,1.5622177e+04
 149.3109586,         null
 149.3313928,1.5622651e+04
 149.3518271,1.5632319e+04
 149.3722612,1.5612695e+04
 149.3926954,1.5617141e+04
 149.4131298,1.5609772e+04
 149.4335639,1.5610187e+04
 149.4539981,1.5613272e+04
 149.4744323,1.5614152e+04
 149.4948665,1.5616008e+04
 149.5153007,1.5624118e+04
 149.5357349,1.5609000e+04
 149.5561692,1.5621725e+04
 149.5766033,1.5614107e+04
 149.5970375,1.5616959e+04
 149.6174716,1.5615132e+04
 149.6379059,1.5615969e+04
 149.6583401,1.5609690e+04
 149.6787742,1.5615791e+04
 149.6992084,1.5616694e+04
 149.7196427,1.5613617e+04
 149.7400769,1.5622838e+04
 149.7605110,1.5626035e+04
 149.7809453,1.5619113e+04
 149.8013795,1.5611305e+04
 149.8218136,1.5611185e+04
 149.8422478,1.5625632e+04
 149.8626821,1.5610495e+04
 149.8831164,1.5620481e+04
 149.9035505,1.5614470e+04
 149.9239848,1.5611134e+04
 149.9444190,1.5616677e+04
 149.9648532,1.5622697e+04
 149.9852873,1.5619317e+04
 150.0057216,1.5616594e+04
 150.0261558,1.5624308e+04
 150.0465899,1.5623939e+04
 150.0670242,1.5619733e+04
 150.0874584,1.5620063e+04
 150.1078925,1.5618774e+04
 150.1283267,1.5621243e+04
 150.1487610,1.5610812e+04
 150.1691951,1.5615689e+04
 150.1896293,1.5623765e+04
 150.2100636,1.5616288e+04
 150.2304977,1.5610986e+04
 150.2509319,1.5618811e+04
 150.2713661,1.5619278e+04
 150.2918004,1.5613797e+04
 150.3122345,1.5614074e+04
 150.3326687,1.5614697e+04
 150.3531028,1.5611781e+04
 150.3735371,1.5616182e+04
 150.3939713,1.5619023e+04
 150.4144054,1.5607203e+04
 150.4348397,1.5617060e+04
 150.4552738,1.5611885e+04
 150.4757080,1.5618360e+04
 150.4961421,1.5625932e+04
 150.5165764,1.5609601e+04
 150.5370106,1.5614996e+04
 150.5574447,1.5618162e+04
 150.5778790,1.5612777e+04
 150.5983132,1.5614820e+04
 150.6187473,1.5609113e+04
 150.6391815,1.5610863e+04
 150.6596158,1.5616308e+04
 150.6800499,1.5616125e+04
 150.7004841,1.5623429e+04
 150.7209184,1.5617826e+04
 150.7413526,1.5619861e+04
 150.7617867,1.5622679e+04
 150.7822209,1.5620151e+04
 150.8026552,1.5624639e+04
 150.8230893,1.5623455e+04
 150.8435235,1.5614438e+04
 150.8639578,1.5616028e+04
 150.8843919,1.5622827e+04
 150.9048261,1.5612440e+04
 150.9252602,1.5615018e+04
 150.9456944,1.5611606e+04
 150.9661286,1.5613382e+04
 150.9865628,1.5614300e+04
 151.0069969,1.5616549e+04
 151.0274312,1.5615119e+04
 151.0478654,1.5613846e+04
 151.0682995,1.5614162e+04
 151.0887338,1.5609895e+04
 151.1091680,1.5613519e+04
 151.1296021,1.5617654e+04
 151.1500363,1.5621862e+04
 151.1704706,1.5610428e+04
 151.1909046,1.5619658e+04
 151.2113388,1.5636014e+04
 151.2317731,1.5625277e+04
 151.2522073,1.5616661e+04
 151.2726414,1.5619208e+04
 151.2930756,1.5616150e+04
 151.3135099,1.5621658e+04
 151.3339440,1.5613752e+04
 151.3543782,1.5620420e+04
 151.3748125,1.5625521e+04
 151.3952465,1.5618252e+04
 151.4156807,1.5616429e+04
 151.4361149,1.5624715e+04
 151.4565491,1.5623731e+04
 151.4769833,1.5621066e+04
 151.4974175,1.5620285e+04
 151.5178517,1.5614271e+04
 151.5382859,1.5621539e+04
 151.5587201,1.5622627e+04
 151.5791542,1.5612303e+04
 151.5995885,1.5614495e+04
 151.6200226,1.5618467e+04
 151.6404568,1.5616045e+04
 151.6608910,         null
 151.6813252,1.5621305e+04
 151.7017594,1.5623207e+04
 151.7221936,1.5613932e+04
 151.7426277,1.5613115e+04
 151.7630619,1.5621174e+04
 151.7834961,1.5624999e+04
 151.8039302,1.5626195e+04
 151.8243645,1.5623257e+04
 151.8447987,1.5622625e+04
 151.8652328,1.5629103e+04
 151.8856670,1.5623239e+04
 151.9061012,1.5620561e+04
 151.9265353,1.5618482e+04
 151.9469695,1.5622552e+04
 151.9674038,1.5619130e+04
 151.9878380,1.5619595e+04
 152.0082721,1.5636241e+04
 152.0287063,1.5622122e+04
 152.0491405,1.5623016e+04
 152.0695746,1.5634590e+04
 152.0900088,1.5624785e+04
 152.1104431,1.5617377e+04
 152.1308772,1.5625426e+04
 152.1513113,1.5623590e+04
 152.1717455,1.5624049e+04
 152.1921797,1.5627238e+04
 152.2126139,1.5613241e+04
 152.2330481,1.5619612e+04
 152.2534824,1.5623943e+04
 152.2739164,1.5625718e+04
 152.2943506,         null
 152.3147847,1.5619838e+04
 152.3352190,1.5622301e+04
 152.3556532,1.5613178e+04
 152.3760872,1.5620990e+04
 152.3965215,1.5620597e+04
 152.4169557,1.5624071e+04
 152.4373899,1.5628784e+04
 152.4578240,1.5624337e+04
 152.4782582,1.5623159e+04
 152.4986924,1.5620559e+04
 152.5191265,1.5624841e+04
 152.5395608,1.5616954e+04
 152.5599950,1.5627598e+04
 152.5804290,1.5628903e+04
 152.6008632,1.5623147e+04
 152.6212975,1.5621822e+04
 152.6417316,1.5624171e+04
 152.6621658,         null
 152.6825999,1.5621380e+04
 152.7030341,1.5620693e+04
 152.7234683,1.5631614e+04
 152.7439025,1.5621863e+04
 152.7643367,1.5623018e+04
 152.7847708,1.5625766e+04
 152.8052050,1.5617617e+04
 152.8256391,1.5628073e+04
 152.8460734,1.5634505e+04
 152.8665075,1.5624867e+04
 152.8869416,1.5628383e+04
 152.9073759,1.5632704e+04
 152.9278101,1.5618674e+04
 152.9482442,1.5626568e+04
 152.9686783,1.5635248e+04
 152.9891126,1.5621909e+04
 153.0095468,1.5629381e+04
 153.0299808,1.5626472e+04
 153.0504151,1.5631819e+04
 153.0708493,1.5628037e+04
 153.0912834,1.5617279e+04
 153.1117175,1.5621122e+04
 153.1321518,1.5618598e+04
 153.1525859,1.5636125e+04
 153.1730201,1.5616330e+04
 153.1934542,1.5622155e+04
 153.2138885,1.5620469e+04
 153.2343227,1.5626627e+04
 153.2547568,1.5624067e+04
 153.2751910,1.5622516e+04
 153.2956252,1.5620271e+04
 153.3160593,1.5624491e+04
 153.3364934,1.5626825e+04
 153.3569276,1.5628553e+04
 153.3773618,1.5643448e+04
 153.3977960,1.5623838e+04
 153.4182302,1.5631276e+04
 153.4386644,1.5623745e+04
 153.4590985,1.5629448e+04
 153.4795326,1.5621833e+04
 153.4999669,1.5626415e+04
 153.5204010,1.5622808e+04
 153.5408352,1.5625930e+04
 153.5612694,1.5627851e+04
 153.5817035,1.5620587e+04
 153.6021377,1.5621219e+04
 153.6225718,1.5635171e+04
 153.6430060,1.5622733e+04
 153.6634402,1.5625629e+04
 153.6838743,1.5625935e+04
 153.7043084,1.5627104e+04
 153.7247427,1.5635725e+04
 153.7451769,1.5619027e+04
 153.7656109,1.5631293e+04
 153.7860452,1.5628476e+04
 153.8064794,1.5621529e+04
 153.8269134,1.5618844e+04
 153.8473476,1.5621623e+04
 153.8677819,1.5620864e+04
 153.8882159,1.5628491e+04
 153.9086501,1.5622918e+04
 153.9290844,1.5626786e+04
 153.9495185,1.5624307e+04
 153.9699526,1.5629616e+04
 153.9903868,1.5621044e+04
 154.0108210,1.5622289e+04
 154.0312551,1.5631225e+04
 154.0516893,1.5621520e+04
 154.0721235,1.5627820e+04
 154.0925576,1.5628936e+04
 154.1129918,1.5622532e+04
 154.1334259,1.5627517e+04
 154.1538601,1.5623633e+04
 154.1742943,1.5625936e+04
 154.1947284,1.5622989e+04
 154.2151626,1.5618769e+04
 154.2355968,1.5629871e+04
 154.2560309,1.5630408e+04
 154.2764650,1.5625715e+04
 154.2968992,1.5623560e+04
 154.3173334,1.5624977e+04
 154.3377675,1.5635168e+04
 154.3582016,1.5620868e+04
 154.3786359,1.5625757e+04
 154.3990700,1.5624108e+04
 154.4195041,1.5630333e+04
 154.4399384,1.5623448e+04
 154.4603726,1.5626858e+04
 154.4808066,1.5620106e+04
 154.5012408,1.5635315e+04
 154.5216750,1.5613870e+04
 154.5421091,1.5620876e+04
 154.5625433,1.5620914e+04
 154.5829775,1.5617679e+04
 154.6034116,1.5629921e+04
 154.6238457,1.5624908e+04
 154.6442799,1.5621869e+04
 154.6647141,1.5641594e+04
 154.6851482,1.5624107e+04
 154.7055824,1.5636194e+04
 154.7260166,1.5623286e+04
 154.7464507,1.5630105e+04
 154.7668849,1.5624825e+04
 154.7873190,1.5622184e+04
 154.8077532,1.5632914e+04
 154.8281873,1.5622651e+04
 154.8486214,1.5637528e+04
 154.8690557,1.5622229e+04
 154.8894898,1.5636908e+04
 154.9099240,1.5631885e+04
 154.9303581,1.5629004e+04
 154.9507923,1.5625760e+04
 154.9712265,1.5630767e+04
 154.9916606,1.5629235e+04
 155.0120947,1.5633345e+04
 155.0325289,1.5629751e+04
 155.0529631,1.5631184e+04
 155.0733971,1.5629749e+04
 155.0938314,1.5629848e+04
 155.1142656,1.5621688e+04
 155.1346996,1.5633210e+04
 155.1551338,1.5628842e+04
 155.1755680,1.5621833e+04
 155.1960022,1.5636489e+04
 155.2164362,1.5627884e+04
 155.2368704,1.5636383e+04
 155.2573046,1.5634255e+04
 155.2777387,         null
 155.2981729,1.5630715e+04
 155.3186071,1.5627942e+04
 155.3390412,1.5633853e+04
 155.3594753,1.5631163e+04
 155.3799095,1.5632217e+04
 155.4003436,1.5627506e+04
 155.4207778,1.5626584e+04
 155.4412119,1.5632665e+04
 155.4616462,1.5626418e+04
 155.4820802,1.5636665e+04
 155.5025144,1.5629210e+04
 155.5229484,1.5629058e+04
 155.5433827,1.5626531e+04
 155.5638168,         null
 155.5842509,1.5625793e+04
 155.6046852,1.5629006e+04
 155.6251193,1.5632684e+04
 155.6455535,1.5628836e+04
 155.6659875,1.5643439e+04
 155.6864218,1.5626461e+04
 155.7068559,1.5629396e+04
 155.7272900,1.5626182e+04
 155.7477241,1.5631965e+04
 155.7681584,1.5633368e+04
 155.7885924,1.5641730e+04
 155.8090266,1.5632252e+04
 155.8294608,1.5637079e+04
 155.8498949,1.5631722e+04
 155.8703290,1.5638685e+04
 155.8907632,1.5634459e+04
 155.9111974,1.5629950e+04
 155.9316315,1.5637401e+04
 155.9520656,1.5634060e+04
 155.9724999,1.5633343e+04
 155.9929339,1.5629673e+04
 156.0133681,1.5626237e+04
 156.0338021,1.5624016e+04
 156.0542363,1.5638772e+04
 156.0746705,1.5624092e+04
 156.0951046,1.5627445e+04
 156.1155388,1.5641114e+04
 156.1359729,1.5630866e+04
 156.1564071,1.5635675e+04
 156.1768411,1.5637933e+04
 156.1972754,1.5627378e+04
 156.2177095,1.5639754e+04
 156.2381436,1.5627729e+04
 156.2585777,1.5630909e+04
 156.2790120,1.5629886e+04
 156.2994460,1.5626606e+04
 156.3198802,1.5639930e+04
 156.3403144,1.5634809e+04
 156.3607484,1.5636639e+04
 156.3811826,1.5626945e+04
 156.4016167,1.5638058e+04
 156.4220510,1.5629503e+04
 156.4424850,1.5628086e+04
 156.4629192,1.5642591e+04
 156.4833534,1.5632245e+04
 156.5037875,1.5641025e+04
 156.5242216,1.5633544e+04
 156.5446557,1.5641997e+04
 156.5650899,1.5647439e+04
 156.5855240,1.5636225e+04
 156.6059582,1.5634310e+04
 156.6263923,1.5635138e+04
 156.6468265,1.5630735e+04
 156.6672606,1.5638974e+04
 156.6876947,1.5629609e+04
 156.7081289,1.5634452e+04
 156.7285630,1.5630635e+04
 156.7489972,1.5639108e+04
 156.7694312,1.5637415e+04
 156.7898654,1.5640337e+04
 156.8102996,1.5648652e+04
 156.8307337,1.5634830e+04
 156.8511679,1.5633941e+04
 156.8716020,1.5636697e+04
 156.8920361,1.5632484e+04
 156.9124702,1.5634412e+04
 156.9329044,1.5640226e+04
 156.9533386,1.5632438e+04
 156.9737726,1.5634831e+04
 156.9942068,1.5638107e+04
 157.0146410,1.5646789e+04
 157.0350750,1.5635493e+04
 157.0555092,1.5636271e+04
 157.0759434,1.5636667e+04
 157.0963774,1.5630175e+04
 157.1168116,1.5635316e+04
 157.1372458,1.5637812e+04
 157.1576799,1.5636113e+04
 157.1781140,1.5642229e+04
 157.1985481,1.5631213e+04
 157.2189824,1.5638628e+04
 157.2394164,1.5638822e+04
 157.2598505,1.5637866e+04
 157.2802847,1.5633554e+04
 157.3007188,1.5647855e+04
 157.3211529,1.5642314e+04
 157.3415871,1.5634223e+04
 157.3620212,1.5630322e+04
 157.3824553,1.5643160e+04
 157.4028895,1.5642885e+04
 157.4233235,1.5639929e+04
 157.4437577,1.5632504e+04
 157.4641919,1.5632675e+04
 157.4846259,1.5638894e+04
 157.5050602,1.5634800e+04
 157.5254943,1.5638201e+04
 157.5459283,1.5644098e+04
 157.5663625,1.5638380e+04
 157.5867967,1.5636548e+04
 157.6072307,1.5634429e+04
 157.6276649,1.5634178e+04
 157.6480991,1.5631114e+04
 157.6685332,1.5638645e+04
 157.6889673,1.5640623e+04
 157.7094014,1.5636679e+04
 157.7298356,1.5637287e+04
 157.7502696,1.5639857e+04
 157.7707038,1.5636901e+04
 157.7911380,1.5629158e+04
 157.8115720,1.5636667e+04
 157.8320062,1.5631901e+04
 157.8524403,1.5633748e+04
 157.8728744,1.5644488e+04
 157.8933086,1.5632212e+04
 157.9137427,1.5635912e+04
 157.9341767,1.5644084e+04
 157.9546110,1.5637435e+04
 157.9750451,1.5644286e+04
 157.9954791,1.5649302e+04
 158.0159133,1.5638739e+04
 158.0363475,1.5646223e+04
 158.0567815,1.5631708e+04
 158.0772156,1.5629163e+04
 158.0976499,1.5636696e+04
 158.1180840,1.5637793e+04
 158.1385180,1.5647127e+04
 158.1589522,1.5638732e+04
 158.1793864,1.5644907e+04
 158.1998204,1.5640062e+04
 158.2202545,1.5637387e+04
 158.2406888,1.5635396e+04
 158.2611228,         null
 158.2815569,1.5641699e+04
 158.3019911,1.5640406e+04
 158.3224253,1.5641413e+04
 158.3428593,1.5627979e+04
 158.3632934,1.5641429e+04
 158.3837276,1.5636290e+04
 158.4041618,1.5641238e+04
 158.4245958,1.5642170e+04
 158.4450299,1.5641419e+04
 158.4654641,1.5639208e+04
 158.4858982,1.5641583e+04
 158.5063323,1.5636620e+04
 158.5267665,1.5640914e+04
 158.5472005,1.5631941e+04
 158.5676347,1.5637620e+04
 158.5880688,1.5640023e+04
 158.6085029,1.5649780e+04
 158.6289370,1.5630214e+04
 158.6493712,1.5643159e+04
 158.6698054,1.5641309e+04
 158.6902394,1.5633050e+04
 158.7106735,1.5633699e+04
 158.7311075,1.5648957e+04
 158.7515418,1.5639783e+04
 158.7719759,1.5627889e+04
 158.7924100,1.5638105e+04
 158.8128441,1.5632276e+04
 158.8332783,1.5632317e+04
 158.8537124,1.5630548e+04
 158.8741464,1.5636673e+04
 158.8945806,1.5643505e+04
 158.9150147,1.5634514e+04
 158.9354488,1.5640805e+04
 158.9558830,1.5647651e+04
 158.9763171,1.5640242e+04
 158.9967511,1.5626488e+04
 159.0171852,1.5632465e+04
 159.0376195,1.5634357e+04
 159.0580535,1.5639968e+04
 159.0784876,1.5632370e+04
 159.0989217,1.5628452e+04
 159.1193559,1.5631868e+04
 159.1397900,1.5633378e+04
 159.1602241,1.5638126e+04
 159.1806583,1.5636583e+04
 159.2010923,1.5638446e+04
 159.2215264,1.5633363e+04
 159.2419604,1.5639693e+04
 159.2623947,1.5637742e+04
 159.2828288,1.5643190e+04
 159.3032629,1.5638887e+04
 159.3236970,1.5637343e+04
 159.3441311,1.5634213e+04
 159.3645652,1.5629855e+04
 159.3849993,1.5636970e+04
 159.4054335,1.5645514e+04
 159.4258676,1.5638410e+04
 159.4463016,1.5636486e+04
 159.4667358,1.5638453e+04
 159.4871699,1.5645672e+04
 159.5076040,1.5639071e+04
 159.5280381,1.5627804e+04
 159.5484723,1.5637732e+04
 159.5689063,1.5633333e+04
 159.5893404,1.5633735e+04
 159.6097745,1.5636725e+04
 159.6302087,1.5630256e+04
 159.6506428,1.5624740e+04
 159.6710769,1.5637937e+04
 159.6915111,1.5629925e+04
 159.7119451,1.5632921e+04
 159.7323792,1.5635173e+04
 159.7528133,1.5636929e+04
 159.7732474,1.5630512e+04
 159.7936815,1.5638632e+04
 159.8141157,1.5637634e+04
 159.8345498,1.5632557e+04
 159.8549839,1.5634447e+04
 159.8754180,1.5637055e+04
 159.8958520,1.5631396e+04
 159.9162862,1.5641971e+04
 159.9367203,1.5635835e+04
 159.9571544,1.5627323e+04
 159.9775885,1.5642375e+04
 159.9980227,1.5629746e+04
 160.0184568,1.5636706e+04
 160.0388909,1.5633885e+04
 160.0593250,1.5633712e+04
 160.0797591,1.5633102e+04
 160.1001932,1.5628854e+04
 160.1206272,1.5630591e+04
 160.1410614,1.5628111e+04
 160.1614955,1.5628485e+04
 160.1819295,1.5628296e+04
 160.2023637,1.5642094e+04
 160.2227978,1.5634343e+04
 160.2432319,1.5633052e+04
 160.2636660,1.5634605e+04
 160.2841002,1.5635831e+04
 160.3045342,1.5625472e+04
 160.3249683,1.5632820e+04
 160.3454025,1.5632886e+04
 160.3658366,1.5633983e+04
 160.3862706,1.5633880e+04
 160.4067047,1.5639138e+04
 160.4271389,1.5645039e+04
 160.4475729,1.5639364e+04
 160.4680070,1.5626266e+04
 160.4884412,1.5633483e+04
 160.5088752,1.5632787e+04
 160.5293093,1.5630005e+04
 160.5497434,1.5634983e+04
 160.5701776,1.5630568e+04
 160.5906117,1.5628561e+04
 160.6110458,1.5633905e+04
 160.6314798,1.5632537e+04
 160.6519140,1.5643898e+04
 160.6723481,1.5641269e+04
 160.6927821,1.5632267e+04
 160.7132163,1.5641329e+04
 160.7336504,1.5626224e+04
 160.7540844,1.5621488e+04
 160.7745185,1.5634251e+04
 160.7949527,1.5631596e+04
 160.8153868,1.5628609e+04
 160.8358208,1.5625137e+04
 160.8562550,1.5631955e+04
 160.8766891,1.5638786e+04
 160.8971231,1.5628346e+04
 160.9175572,1.5639153e+04
 160.9379914,1.5646282e+04
 160.9584254,1.5635656e+04
 160.9788595,1.5634780e+04
 160.9992937,1.5628452e+04
 161.0197277,1.5639988e+04
 161.0401618,1.5638568e+04
 161.0605959,1.5625041e+04
 161.0810300,1.5632455e+04
 161.1014641,1.5633114e+04
 161.1218982,1.5632661e+04
 161.1423324,1.5637816e+04
 161.1627664,1.5635732e+04
 161.1832005,1.5639130e+04
 161.2036345,1.5632598e+04
 161.2240687,1.5631362e+04
 161.2445028,         null
 161.2649369,1.5633568e+04
 161.2853709,1.5623347e+04
 161.3058051,1.5626514e+04
 161.3262392,1.5634354e+04
 161.3466732,1.5631312e+04
 161.3671074,1.5624347e+04
 161.3875415,1.5619429e+04
 161.4079755,1.5637405e+04
 161.4284096,1.5624920e+04
 161.4488438,1.5634410e+04
 161.4692777,1.5628864e+04
 161.4897118,1.5648919e+04
 161.5101460,1.5630752e+04
 161.5305800,1.5630892e+04
 161.5510141,1.5631742e+04
 161.5714482,1.5627033e+04
 161.5918824,1.5628689e+04
 161.6123164,1.5639203e+04
 161.6327505,1.5631281e+04
 161.6531847,1.5630660e+04
 161.6736188,1.5627905e+04
 161.6940528,1.5624730e+04
 161.7144869,1.5625765e+04
 161.7349211,1.5628758e+04
 161.7553551,1.5633075e+04
 161.7757892,1.5625343e+04
 161.7962232,1.5623831e+04
 161.8166573,1.5627035e+04
 161.8370914,1.5627634e+04
 161.8575255,1.5639370e+04
 161.8779597,1.5624679e+04
 161.8983937,1.5631095e+04
 161.9188278,1.5640783e+04
 161.9392618,1.5633605e+04
 161.9596960,1.5626278e+04
 161.9801301,1.5627648e+04
 162.0005642,1.5629445e+04
 162.0209983,1.5622364e+04
 162.0414323,1.5631494e+04
 162.0618664,1.5617323e+04
 162.0823004,1.5621475e+04
 162.1027346,1.5622757e+04
 162.1231687,1.5627723e+04
 162.1436027,1.5625095e+04
 162.1640369,1.5635568e+04
 162.1844710,1.5639530e+04
 162.2049050,1.5626836e+04
 162.2253390,1.5619487e+04
 162.2457732,1.5628248e+04
 162.2662072,1.5616646e+04
 162.2866413,1.5621791e+04
 162.3070755,1.5632385e+04
 162.3275096,1.5627673e+04
 162.3479436,1.5629646e+04
 162.3683776,1.5620538e+04
 162.3888118,1.5628020e+04
 162.4092458,1.5628579e+04
 162.4296799,1.5633029e+04
 162.4501139,1.5624370e+04
 162.4705481,1.5620021e+04
 162.4909822,1.5620412e+04
 162.5114156,1.5622401e+04
 162.5318498,1.5624640e+04
 162.5522838,1.5623817e+04
 162.5727179,1.5633110e+04
 162.5931520,1.5630650e+04
 162.6135862,1.5649854e+04
 162.6340202,1.5622519e+04
 162.6544542,1.5619178e+04
 162.6748884,1.5624202e+04
 162.6953224,1.5627373e+04
 162.7157565,1.5624539e+04
 162.7361906,1.5625965e+04
 162.7566247,1.5629931e+04
 162.7770587,1.5620822e+04
 162.7974928,1.5625582e+04
 162.8179269,1.5624004e+04
 162.8383610,1.5619426e+04
 162.8587951,1.5622698e+04
 162.8792290,1.5620774e+04
 162.8996632,1.5618444e+04
 162.9200973,1.5618107e+04
 162.9405313,1.5627304e+04
 162.9609654,1.5626248e+04
 162.9813995,1.5636988e+04
 163.0018335,1.5623650e+04
 163.0222676,1.5614163e+04
 163.0427018,1.5615562e+04
 163.0631359,1.5626643e+04
 163.0835698,1.5623645e+04
 163.1040039,1.5619142e+04
 163.1244381,1.5621007e+04
 163.1448721,1.5631997e+04
 163.1653062,1.5620312e+04
 163.1857403,1.5626614e+04
 163.2061743,1.5616472e+04
 163.2266084,1.5624972e+04
 163.2470425,1.5618431e+04
 163.2674765,1.5628656e+04
 163.2879106,1.5621794e+04
 163.3083447,1.5630927e+04
 163.3287789,1.5617158e+04
 163.3492129,1.5627769e+04
 163.3696469,1.5623821e+04
 163.3900809,1.5616127e+04
 163.4105151,1.5621458e+04
 163.4309492,1.5625594e+04
 163.4513831,1.5617683e+04
 163.4718173,1.5612606e+04
 163.4922514,1.5625055e+04
 163.5126855,1.5622698e+04
 163.5331194,1.5629219e+04
 163.5535536,1.5630237e+04
 163.5739877,1.5616719e+04
 163.5944217,1.5631331e+04
 163.6148557,1.5621056e+04
 163.6352899,1.5617635e+04
 163.6557239,1.5623247e+04
 163.6761580,1.5618563e+04
 163.6965921,1.5623606e+04
 163.7170261,1.5624882e+04
 163.7374602,1.5616536e+04
 163.7578942,1.5616967e+04
 163.7783283,1.5615047e+04
 163.7987624,1.5624672e+04
 163.8191965,1.5613577e+04
 163.8396306,1.5622776e+04
 163.8600646,1.5620608e+04
 163.8804987,1.5615922e+04
 163.9009326,1.5611120e+04
 163.9213668,1.5622604e+04
 163.9418009,1.5618661e+04
 163.9622350,1.5611773e+04
 163.9826690,1.5623896e+04
 164.0031031,1.5610716e+04
 164.0235372,1.5628068e+04
 164.0439711,1.5625559e+04
 164.0644053,1.5611677e+04
 164.0848394,1.5617188e+04
 164.1052734,1.5616400e+04
 164.1257074,1.5622904e+04
 164.1461416,1.5617777e+04
 164.1665755,1.5611848e+04
 164.1870096,1.5624789e+04
 164.2074438,1.5620697e+04
 164.2278778,         null
 164.2483118,1.5618645e+04
 164.2687459,1.5619423e+04
 164.2891799,1.5618134e+04
 164.3096140,1.5616324e+04
 164.3300481,1.5619738e+04
 164.3504822,1.5626547e+04
 164.3709163,1.5613600e+04
 164.3913503,1.5612216e+04
 164.4117843,1.5621676e+04
 164.4322184,1.5615796e+04
 164.4526525,1.5617101e+04
 164.4730865,1.5612062e+04
 164.4935207,1.5625343e+04
 164.5139547,1.5615511e+04
 164.5343887,1.5624844e+04
 164.5548228,1.5618440e+04
 164.5752569,1.5607195e+04
 164.5956909,1.5613656e+04
 164.6161250,1.5608577e+04
 164.6365590,1.5614417e+04
 164.6569931,1.5623218e+04
 164.6774272,1.5615817e+04
 164.6978612,1.5612354e+04
 164.7182953,1.5609872e+04
 164.7387294,1.5613077e+04
 164.7591634,1.5608267e+04
 164.7795974,1.5609223e+04
 164.8000315,1.5613975e+04
 164.8204656,1.5616431e+04
 164.8408996,1.5609374e+04
 164.8613337,1.5604946e+04
 164.8817678,1.5613582e+04
 164.9022018,1.5616364e+04
 164.9226358,1.5616212e+04
 164.9430700,1.5611221e+04
 164.9635039,1.5614918e+04
 164.9839380,1.5620262e+04
