        TIME,  PDCSAP_FLUX
 131.5125764,4.3942480e+04
 131.5330107,4.3926172e+04
 131.5534449,4.3939508e+04
 131.5738790,4.3955207e+04
 131.5943132,4.3950797e+04
 131.6147475,4.3936137e+04
 131.6351816,4.3933473e+04
 131.6556157,4.3942277e+04
 131.6760500,4.3947602e+04
 131.6964842,4.3948422e+04
 131.7169183,4.3935359e+04
 131.7373525,4.3954281e+04
 131.7577868,4.3945809e+04
 131.7782209,4.3936230e+04
 131.7986551,4.3944930e+04
 131.8190894,4.3928270e+04
 131.8395234,4.3920484e+04
 131.8599576,4.3933023e+04
 131.8803918,4.3934895e+04
 131.9008260,4.3950227e+04
 131.9212602,4.3941363e+04
 131.9416944,4.3940359e+04
 131.9621286,4.3937727e+04
 131.9825628,4.3941836e+04
 132.0029970,4.3933031e+04
 132.0234310,4.3940887e+04
 132.0438653,4.3950086e+04
 132.0642995,4.3945664e+04
 132.0847336,4.3940781e+04
 132.1051678,4.3953289e+04
 132.1256021,4.3948957e+04
 132.1460362,4.3939262e+04
 132.1664704,4.3945527e+04
 132.1869046,4.3930887e+04
 132.2073388,4.3946859e+04
 132.2277729,4.3951051e+04
 132.2482071,4.3930914e+04
 132.2686414,4.3927477e+04
 132.2890755,4.3942238e+04
 132.3095097,4.3935332e+04
 132.3299440,4.3948695e+04
 132.3503780,4.3934914e+04
 132.3708122,4.3950473e+04
 132.3912464,4.3940816e+04
 132.4116806,4.3957949e+04
 132.4321148,4.3955086e+04
 132.4525490,4.3951902e+04
 132.4729833,4.3964473e+04
 132.4934173,4.3936242e+04
 132.5138515,4.3932578e+04
 132.5342856,4.3944332e+04
 132.5547199,4.3934480e+04
 132.5751541,4.3946414e+04
 132.5955882,4.3953195e+04
 132.6160225,4.3943129e+04
 132.6364566,4.3936465e+04
 132.6568908,4.3936461e+04
 132.6773249,4.3940461e+04
 132.6977592,4.3949469e+04
 132.7181934,4.3959430e+04
 132.7386275,4.3952645e+04
 132.7590617,4.3942863e+04
 132.7794959,4.3952598e+04
 132.7999300,4.3945922e+04
 132.8203642,4.3943148e+04
 132.8407985,4.3932852e+04
 132.8612326,4.3938754e+04
 132.8816668,4.3939832e+04
 132.9021010,4.3939859e+04
 132.9225351,4.3944016e+04
 132.9429693,4.3944023e+04
 132.9634035,4.3947250e+04
 132.9838378,4.3932059e+04
 133.0042719,4.3953020e+04
 133.0247060,4.3967695e+04
 133.0451402,4.3946934e+04
 133.0655744,4.3947438e+04
 133.0860086,4.3937445e+04
 133.1064428,4.3952363e+04
 133.1268770,4.3952172e+04
 133.1473111,4.3941457e+04
 133.1677453,4.3949867e+04
 133.1881795,4.3957898e+04
 133.2086138,4.3946887e+04
 133.2290479,4.3936082e+04
 133.2494820,4.3945441e+04
 133.2699162,4.3935762e+04
 133.2903504,4.3945613e+04
 133.3107846,4.3941930e+04
 133.3312187,4.3958473e+04
 133.3516530,4.3948715e+04
 133.3720871,4.3930695e+04
 133.3925213,4.3944207e+04
 133.4129555,4.3954527e+04
 133.4333897,4.3945715e+04
 133.4538239,4.3950703e+04
 133.4742579,4.3944547e+04
 133.4946922,4.3942445e+04
 133.5151264,4.3950836e+04
 133.5355605,4.3932902e+04
 133.5559948,4.3932277e+04
 133.5764290,4.3939879e+04
 133.5968630,4.3944145e+04
 133.6172972,4.3950258e+04
 133.6377315,4.3940066e+04
 133.6581657,4.3960371e+04
 133.6785998,4.3943047e+04
 133.6990340,4.3946684e+04
 133.7194682,4.3939227e+04
 133.7399023,4.3954086e+04
 133.7603365,4.3937898e+04
 133.7807708,4.3935270e+04
 133.8012048,4.3949207e+04
 133.8216390,4.3947355e+04
 133.8420732,4.3954832e+04
 133.8625074,4.3955105e+04
 133.8829415,4.3961633e+04
 133.9033757,4.3949547e+04
 133.9238099,4.3936691e+04
 133.9442441,4.3951250e+04
 133.9646783,4.3951742e+04
 133.9851123,4.3945363e+04
 134.0055466,4.3934957e+04
 134.0259808,4.3943277e+04
 134.0464149,4.3958281e+04
 134.0668492,4.3949219e+04
 134.0872833,4.3948770e+04
 134.1077174,4.3962828e+04
 134.1281516,4.3956145e+04
 134.1485859,4.3943547e+04
 134.1690200,4.3948477e+04
 134.1894541,4.3948590e+04
 134.2098884,4.3961332e+04
 134.2303226,4.3956730e+04
 134.2507567,4.3953645e+04
 134.2711908,4.3944723e+04
 134.2916251,4.3942352e+04
 134.3120592,4.3953266e+04
 134.3324934,4.3950098e+04
 134.3529276,4.3950531e+04
 134.3733617,4.3955461e+04
 134.3937959,         null
 134.4142301,4.3957172e+04
 134.4346642,4.3955129e+04
 134.4550984,4.3943379e+04
 134.4755326,4.3949164e+04
 134.4959669,4.3980168e+04
 134.5164010,4.3959973e+04
 134.5368351,4.3950211e+04
 134.5572692,4.3953941e+04
 134.5777035,4.3947664e+04
 134.5981377,4.3941195e+04
 134.6185717,4.3941539e+04
 134.6390059,4.3959980e+04
 134.6594402,4.3935191e+04
 134.6798744,4.3963355e+04
 134.7003085,4.3951980e+04
 134.7207427,4.3953254e+04
 134.7411769,4.3959484e+04
 134.7616110,4.3955199e+04
 134.7820451,4.3942953e+04
 134.8024794,4.3964113e+04
 134.8229136,4.3961465e+04
 134.8433477,4.3946578e+04
 134.8637819,4.3972012e+04
 134.8842161,4.3947352e+04
 134.9046503,4.3961109e+04
 134.9250843,4.3963531e+04
 134.9455186,4.3946367e+04
 134.9659528,4.3944074e+04
 134.9863869,4.3980965e+04
 135.0068211,4.3942805e+04
 135.0272553,4.3953742e+04
 135.0476894,4.3950371e+04
 135.0681236,4.3965742e+04
 135.0885578,4.3948648e+04
 135.1089919,4.3945273e+04
 135.1294261,4.3945250e+04
 135.1498604,4.3944922e+04
 135.1702945,4.3965059e+04
 135.1907286,4.3955879e+04
 135.2111628,4.3938098e+04
 135.2315970,4.3952711e+04
 135.2520311,4.3942711e+04
 135.2724653,4.3959496e+04
 135.2928994,4.3947293e+04
 135.3133336,4.3952207e+04
 135.3337678,4.3953020e+04
 135.3542019,4.3936215e+04
 135.3746361,4.3955246e+04
 135.3950703,4.3954523e+04
 135.4155045,4.3945547e+04
 135.4359386,4.3952512e+04
 135.4563728,4.3955812e+04
 135.4768070,4.3947246e+04
 135.4972411,4.3952512e+04
 135.5176753,4.3961352e+04
 135.5381095,4.3951176e+04
 135.5585436,4.3969422e+04
 135.5789778,4.3959535e+04
 135.5994120,4.3953969e+04
 135.6198461,4.3946332e+04
 135.6402803,4.3940465e+04
 135.6607145,4.3960637e+04
 135.6811487,4.3965824e+04
 135.7015828,4.3955797e+04
 135.7220169,4.3949070e+04
 135.7424512,4.3956617e+04
 135.7628853,4.3952270e+04
 135.7833195,4.3950086e+04
 135.8037537,4.3950156e+04
 135.8241878,4.3953133e+04
 135.8446220,4.3946707e+04
 135.8650561,4.3961621e+04
 135.8854903,4.3960789e+04
 135.9059245,4.3974695e+04
 135.9263586,4.3942941e+04
 135.9467927,4.3948602e+04
 135.9672270,4.3941727e+04
 135.9876611,4.3954781e+04
 136.0080952,4.3963359e+04
 136.0285295,4.3961840e+04
 136.0489636,4.3951875e+04
 136.0693977,4.3953777e+04
 136.0898319,4.3952379e+04
 136.1102662,4.3954762e+04
 136.1307003,4.3953777e+04
 136.1511344,4.3956773e+04
 136.1715687,4.4006477e+04
 136.1920028,4.3954586e+04
 136.2124369,4.3964703e+04
 136.2328711,4.3944227e+04
 136.2533053,4.3957422e+04
 136.2737394,4.3951215e+04
 136.2941736,4.3965387e+04
 136.3146078,4.3955203e+04
 136.3350419,4.3967164e+04
 136.3554761,4.3956496e+04
 136.3759102,4.3942461e+04
 136.3963444,4.3960504e+04
 136.4167786,4.3966473e+04
 136.4372127,4.3951875e+04
 136.4576470,4.3949273e+04
 136.4780811,4.3957316e+04
 136.4985152,4.3959203e+04
 136.5189494,4.3953156e+04
 136.5393835,4.3948527e+04
 136.5598177,4.3948594e+04
 136.5802519,4.3960676e+04
 136.6006860,4.3948363e+04
 136.6211202,4.3944836e+04
 136.6415544,4.3939734e+04
 136.6619885,4.3955961e+04
 136.6824227,4.3953984e+04
 136.7028569,4.3951359e+04
 136.7232910,4.3956430e+04
 136.7437251,4.3956211e+04
 136.7641594,4.3932227e+04
 136.7845935,4.3963488e+04
 136.8050276,4.3945648e+04
 136.8254619,4.3949113e+04
 136.8458960,4.3952383e+04
 136.8663302,4.3951078e+04
 136.8867642,4.3963738e+04
 136.9071985,4.3938945e+04
 136.9276327,4.3948863e+04
 136.9480667,4.3943641e+04
 136.9685010,4.3966617e+04
 136.9889352,4.3940047e+04
 137.0093692,4.3941180e+04
 137.0298034,4.3946027e+04
 137.0502377,4.3955121e+04
 137.0706717,4.3942879e+04
 137.0911059,4.3952938e+04
 137.1115401,4.3936793e+04
 137.1319742,4.3949203e+04
 137.1524084,4.3935516e+04
 137.1728425,4.3940371e+04
 137.1932768,4.3954219e+04
 137.2137108,4.3941113e+04
 137.2341450,4.3944906e+04
 137.2545791,4.3958672e+04
 137.2750133,4.3986266e+04
 137.2954475,4.3947953e+04
 137.3158816,4.3946371e+04
 137.3363158,4.3966406e+04
 137.3567500,4.3944570e+04
 137.3771841,         null
 137.3976182,4.3965090e+04
 137.4180525,4.3947266e+04
 137.4384866,4.3939168e+04
 137.4589207,4.3962105e+04
 137.4793549,4.3935852e+04
 137.4997891,4.3955191e+04
 137.5202232,4.3955824e+04
 137.5406573,4.3945512e+04
 137.5610916,4.3939480e+04
 137.5815256,4.3943215e+04
 137.6019598,4.3960012e+04
 137.6223941,4.3948148e+04
 137.6428282,4.3944730e+04
 137.6632623,4.3960504e+04
 137.6836964,4.3959570e+04
 137.7041307,4.3950477e+04
 137.7245648,4.3953918e+04
 137.7449989,4.3947348e+04
 137.7654332,4.3951301e+04
 137.7858672,4.3952387e+04
 137.8063014,4.3954824e+04
 137.8267355,4.3952332e+04
 137.8471697,4.3943105e+04
 137.8676039,4.3947516e+04
 137.8880380,4.3962344e+04
 137.9084721,4.3954906e+04
 137.9289063,4.3954148e+04
 137.9493405,4.3933340e+04
 137.9697746,4.3941988e+04
 137.9902088,4.3953609e+04
 138.0106430,4.3939398e+04
 138.0310770,4.3955027e+04
 138.0515112,4.3961102e+04
 138.0719454,4.3955840e+04
 138.0923796,4.3959266e+04
 138.1128137,4.3966887e+04
 138.1332479,4.3945734e+04
 138.1536821,4.3943141e+04
 138.1741161,4.3954242e+04
 138.1945503,4.3947152e+04
 138.2149845,4.3942223e+04
 138.2354187,4.3948086e+04
 138.2558528,4.3957133e+04
 138.2762870,4.3961371e+04
 138.2967212,4.3955172e+04
 138.3171552,4.3959219e+04
 138.3375894,4.3944676e+04
 138.3580236,4.3966621e+04
 138.3784578,4.3954309e+04
 138.3988918,4.3964434e+04
 138.4193261,4.3939934e+04
 138.4397603,4.3951879e+04
 138.4601943,4.3957422e+04
 138.4806285,4.3945852e+04
 138.5010627,4.3947461e+04
 138.5214968,4.3955977e+04
 138.5419309,4.3950023e+04
 138.5623651,4.3945641e+04
 138.5827992,4.3956043e+04
 138.6032334,4.3952805e+04
 138.6236675,4.3951070e+04
 138.6441017,4.3960109e+04
 138.6645358,4.3962277e+04
 138.6849700,4.3958340e+04
 138.7054041,4.3945520e+04
 138.7258383,4.3949254e+04
 138.7462725,4.3960406e+04
 138.7667065,4.3947652e+04
 138.7871408,4.3951934e+04
 138.8075749,4.3963141e+04
 138.8280090,4.3948406e+04
 138.8484431,4.3953250e+04
 138.8688774,4.3948699e+04
 138.8893115,4.3953664e+04
 138.9097456,4.3945176e+04
 138.9301798,4.3943047e+04
 138.9506140,4.3965957e+04
 138.9710480,4.3953766e+04
 138.9914822,4.3945211e+04
 139.0119164,4.3957191e+04
 139.0323505,4.3962656e+04
 139.0527846,4.3951820e+04
 139.0732189,4.3954953e+04
 139.0936530,4.3950762e+04
 139.1140871,4.3945336e+04
 139.1345213,4.3953664e+04
 139.1549554,4.3944938e+04
 139.1753896,4.3950051e+04
 139.1958237,4.3969113e+04
 139.2162578,4.3951184e+04
 139.2366920,4.3957566e+04
 139.2571262,4.3956926e+04
 139.2775602,4.3957422e+04
 139.2979945,4.3966660e+04
 139.3184286,4.3962535e+04
 139.3388628,4.3963273e+04
 139.3592968,4.3944172e+04
 139.3797311,4.3952832e+04
 139.4001652,4.3955852e+04
 139.4205993,4.3962809e+04
 139.4410335,4.3963789e+04
 139.4614677,4.3947211e+04
 139.4819017,4.3957508e+04
 139.5023359,4.3962566e+04
 139.5227701,4.3952246e+04
 139.5432042,4.3963594e+04
 139.5636383,4.3951867e+04
 139.5840726,4.3965672e+04
 139.6045066,4.3947758e+04
 139.6249407,4.3958516e+04
 139.6453749,4.3946547e+04
 139.6658091,4.3948926e+04
 139.6862432,4.3950660e+04
 139.7066773,4.3954051e+04
 139.7271115,4.3967273e+04
 139.7475456,4.3964125e+04
 139.7679798,4.3953250e+04
 139.7884139,4.3960023e+04
 139.8088481,4.3949355e+04
 139.8292822,4.3968195e+04
 139.8497164,4.3957477e+04
 139.8701505,4.3961883e+04
 139.8905847,4.3961168e+04
 139.9110188,4.3962863e+04
 139.9314530,4.3947516e+04
 139.9518872,4.3950535e+04
 139.9723213,4.3942656e+04
 139.9927554,4.3962270e+04
 140.0131894,4.3959293e+04
 140.0336237,4.3963680e+04
 140.0540578,4.3956227e+04
 140.0744920,4.3951156e+04
 140.0949261,4.3953039e+04
 140.1153603,4.3955090e+04
 140.1357944,4.3970031e+04
 140.1562285,4.3968441e+04
 140.1766627,4.3969137e+04
 140.1970969,4.3956203e+04
 140.2175309,4.3966301e+04
 140.2379651,4.3967508e+04
 140.2583993,4.3975930e+04
 140.2788333,4.3956703e+04
 140.2992675,4.3972695e+04
 140.3197017,4.3977352e+04
 140.3401358,4.3966199e+04
 140.3605699,         null
 140.3810041,4.3959695e+04
 140.4014383,4.3956344e+04
 140.4218723,4.3968023e+04
 140.4423065,4.3950578e+04
 140.4627407,4.3964176e+04
 140.4831748,4.3958527e+04
 140.5036089,4.3975688e+04
 140.5240430,4.3959348e+04
 140.5444772,4.3976930e+04
 140.5649113,4.3963840e+04
 140.5853455,4.3959855e+04
 140.6057796,4.3963336e+04
 140.6262138,4.3969223e+04
 140.6466479,4.3970797e+04
 140.6670820,4.3955992e+04
 140.6875162,4.3969766e+04
 140.7079503,4.3966977e+04
 140.7283844,4.3957348e+04
 140.7488186,4.3968711e+04
 140.7692528,4.3967262e+04
 140.7896868,4.3970566e+04
 140.8101209,4.3973848e+04
 140.8305552,4.3972070e+04
 140.8509893,4.3975055e+04
 140.8714234,4.3970160e+04
 140.8918575,4.3965910e+04
 140.9122918,4.3971066e+04
 140.9327258,4.3973828e+04
 140.9531599,4.3942859e+04
 140.9735942,4.3970750e+04
 140.9940282,4.3946441e+04
 141.0144624,4.3956777e+04
 141.0348965,4.3980023e+04
 141.0553306,4.3966883e+04
 141.0757648,4.3970371e+04
 141.0961989,4.3967438e+04
 141.1166331,4.3950453e+04
 141.1370672,4.3971918e+04
 141.1575013,4.3955066e+04
 141.1779354,4.3979984e+04
 141.1983696,4.3962855e+04
 141.2188037,4.3953648e+04
 141.2392378,4.3954426e+04
 141.2596720,4.3955352e+04
 141.2801062,4.3970285e+04
 141.3005402,4.3978762e+04
 141.3209743,4.3959051e+04
 141.3414086,4.3960453e+04
 141.3618427,4.3957055e+04
 141.3822768,4.3972688e+04
 141.4027109,4.3966035e+04
 141.4231451,4.3949152e+04
 141.4435793,4.3971238e+04
 141.4640133,4.3963762e+04
 141.4844475,4.3947934e+04
 141.5048817,4.3971391e+04
 141.5253157,4.3952891e+04
 141.5457499,4.3961996e+04
 141.5661840,4.3950332e+04
 141.5866182,4.3979375e+04
 141.6070523,4.3955504e+04
 141.6274865,4.3965371e+04
 141.6479206,4.3959902e+04
 141.6683547,4.3974945e+04
 141.6887888,4.3972973e+04
 141.7092230,4.3968285e+04
 141.7296571,4.3966035e+04
 141.7500912,4.3958590e+04
 141.7705255,4.3952168e+04
 141.7909595,4.3960426e+04
 141.8113936,4.3952652e+04
 141.8318278,4.3952836e+04
 141.8522619,4.3958723e+04
 141.8726960,4.3951582e+04
 141.8931302,4.3952254e+04
 141.9135644,4.3970863e+04
 141.9339984,4.3961426e+04
 141.9544326,4.3958871e+04
 141.9748666,4.3956266e+04
 141.9953008,4.3977516e+04
 142.0157350,4.3951023e+04
 142.0361690,4.3982043e+04
 142.0566031,4.3957305e+04
 142.0770374,4.3946008e+04
 142.0974715,4.3965449e+04
 142.1179055,4.3957945e+04
 142.1383398,4.3956516e+04
 142.1587739,4.3960695e+04
 142.1792079,4.3952039e+04
 142.1996421,4.3954941e+04
 142.2200763,4.3974793e+04
 142.2405103,4.3971512e+04
 142.2609445,4.3962355e+04
 142.2813787,4.3958520e+04
 142.3018127,4.3953449e+04
 142.3222469,4.3971152e+04
 142.3426810,4.3950742e+04
 142.3631152,4.3954164e+04
 142.3835493,4.3961238e+04
 142.4039834,4.3959980e+04
 142.4244176,4.3955660e+04
 142.4448517,4.3946445e+04
 142.4652858,4.3961910e+04
 142.4857198,4.3953590e+04
 142.5061541,4.3967684e+04
 142.5265882,4.3960898e+04
 142.5470223,4.3966066e+04
 142.5674563,4.3950883e+04
 142.5878906,4.3952555e+04
 142.6083247,4.3952113e+04
 142.6287587,4.3969023e+04
 142.6491930,4.3961730e+04
 142.6696271,4.3971402e+04
 142.6900611,4.3956828e+04
 142.7104953,4.3972918e+04
 142.7309295,4.3948918e+04
 142.7513635,4.3946531e+04
 142.7717976,4.3956637e+04
 142.7922319,4.3957039e+04
 142.8126659,4.3951141e+04
 142.8331000,4.3953555e+04
 142.8535342,4.3960012e+04
 142.8739684,4.3952996e+04
 142.8944024,4.3963645e+04
 142.9148365,4.3961805e+04
 142.9352708,4.3975562e+04
 142.9557048,4.3952957e+04
 142.9761389,4.3955656e+04
 142.9965730,4.3958629e+04
 143.0170072,4.3952758e+04
 143.0374413,4.3959828e+04
 143.0578754,4.3961602e+04
 143.0783096,4.3955273e+04
 143.0987437,4.3966008e+04
 143.1191778,4.3967793e+04
 143.1396120,4.3955840e+04
 143.1600461,4.3966461e+04
 143.1804802,4.3977199e+04
 143.2009142,4.3971184e+04
 143.2213484,4.3966445e+04
 143.2417826,4.3977594e+04
 143.2622167,4.3956035e+04
 143.2826508,4.3963898e+04
 143.3030850,4.3975117e+04
 143.3235191,4.3962637e+04
 143.3439532,         null
 143.3643872,4.3950598e+04
 143.3848215,4.3971410e+04
 143.4052556,4.3968547e+04
 143.4256896,4.3989969e+04
 143.4461238,4.3966340e+04
 143.4665580,4.3962340e+04
 143.4869920,4.3952273e+04
 143.5074261,4.3987434e+04
 143.5278603,4.3955234e+04
 143.5482945,4.3982047e+04
 143.5687285,4.3957492e+04
 143.5891627,4.3975246e+04
 143.6095968,4.3976445e+04
 143.6300309,4.3953961e+04
 143.6504650,4.3956535e+04
 143.6708992,4.3965559e+04
 143.6913332,4.3963398e+04
 143.7117674,4.3969645e+04
 143.7322015,4.3963117e+04
 143.7526356,4.3976164e+04
 143.7730697,4.3957520e+04
 143.7935039,4.3984301e+04
 143.8139380,4.3968414e+04
 143.8343721,4.3966176e+04
 143.8548062,4.3964012e+04
 143.8752402,4.3961297e+04
 143.8956745,4.3967824e+04
 143.9161086,4.3974875e+04
 143.9365426,4.3968762e+04
 143.9569768,4.3973816e+04
 143.9774110,4.3964906e+04
 143.9978450,4.3970023e+04
 144.0182791,4.3951633e+04
 144.0387133,4.3965219e+04
 144.0591474,4.3972598e+04
 144.0795815,4.3981531e+04
 144.1000157,4.3966066e+04
 144.1204498,4.3961172e+04
 144.1408838,4.3973754e+04
 144.1613179,4.3976434e+04
 144.1817522,4.3971457e+04
 144.2021862,4.3970586e+04
 144.2226203,4.3969453e+04
 144.2430545,4.3963121e+04
 144.2634885,4.3968848e+04
 144.2839227,4.3966719e+04
 144.3043568,4.3964035e+04
 144.3247909,4.3970023e+04
 144.3452250,4.3979562e+04
 144.3656591,4.3971043e+04
 144.3860932,4.3971578e+04
 144.4065274,4.3954062e+04
 144.4269615,4.3963117e+04
 144.4473955,4.3965988e+04
 144.4678297,4.3958863e+04
 144.4882639,4.3971012e+04
 144.5086979,4.3957914e+04
 144.5291320,4.3959039e+04
 144.5495662,4.3961926e+04
 144.5700003,4.3963840e+04
 144.5904344,4.3959582e+04
 144.6108686,4.3967824e+04
 144.6313027,4.3965477e+04
 144.6517367,4.3968383e+04
 144.6721708,4.3960633e+04
 144.6926050,4.3961617e+04
 144.7130391,4.3936562e+04
 144.7334732,4.3962875e+04
 144.7539074,4.3955902e+04
 144.7743414,4.3959836e+04
 144.7947755,4.3964633e+04
 144.8152096,4.3961312e+04
 144.8356439,4.3972102e+04
 144.8560779,4.3968344e+04
 144.8765120,4.3962543e+04
 144.8969461,4.3983316e+04
 144.9173802,4.3973980e+04
 144.9378143,4.3959457e+04
 144.9582485,4.3959172e+04
 144.9786827,4.3973543e+04
 144.9991167,4.3954500e+04
 145.0195508,4.3957117e+04
 145.0399849,4.3962625e+04
 145.0604190,4.3973211e+04
 145.0808531,4.3956863e+04
 145.1012873,4.3961059e+04
 145.1217215,4.3971594e+04
 145.1421555,4.3961281e+04
 145.1625896,4.3951051e+04
 145.1830236,4.3950543e+04
 145.2034578,4.3970727e+04
 145.2238919,4.3953949e+04
 145.2443260,4.3958008e+04
 145.2647602,4.3958238e+04
 145.2851943,4.3966234e+04
 145.3056284,4.3943676e+04
 145.3260624,4.3949684e+04
 145.3464966,4.3957914e+04
 145.3669307,4.3953879e+04
 145.3873647,4.3964855e+04
 145.4077990,4.3951355e+04
 145.4282331,4.3946160e+04
 145.4486671,4.3966887e+04
 145.4691012,4.3961758e+04
 145.4895354,4.3964617e+04
 145.5099694,4.3961598e+04
 145.5304035,4.3961730e+04
 145.5508376,4.3967246e+04
 145.5712719,4.3967977e+04
 145.5917059,4.3955699e+04
 145.6121400,4.3950305e+04
 145.6325742,4.3959457e+04
 145.6530082,4.3954609e+04
 145.6734423,4.3948887e+04
 145.6938763,4.3950219e+04
 145.7143105,4.3956754e+04
 145.7347446,4.3958914e+04
 145.7551788,4.3950895e+04
 145.7756129,4.3964953e+04
 145.7960470,4.3962359e+04
 145.8164811,4.3956980e+04
 145.8369151,4.3946898e+04
 145.8573493,4.3954828e+04
 145.8777834,4.3967078e+04
 145.8982174,4.3953602e+04
 145.9186516,4.3960461e+04
 145.9390857,4.3956961e+04
 145.9595198,4.3953582e+04
 145.9799539,4.3957090e+04
 146.0003881,4.3957820e+04
 146.0208222,4.3955809e+04
 146.0412562,4.3945082e+04
 146.0616904,4.3956691e+04
 146.0821245,4.3962453e+04
 146.1025585,4.3960422e+04
 146.1229926,4.3961020e+04
 146.1434268,4.3962855e+04
 146.1638608,4.3956363e+04
 146.1842949,4.3948629e+04
 146.2047290,4.3951434e+04
 146.2251632,4.3951797e+04
 146.2455973,4.3965082e+04
 146.2660314,4.3959445e+04
 146.2864655,4.3955020e+04
 146.3068996,4.3960707e+04
 146.3273337,         null
 146.3477677,4.3938691e+04
 146.3682019,4.3968711e+04
 146.3886360,4.3956211e+04
 146.4090700,4.3957230e+04
 146.4295042,4.3952594e+04
 146.4499383,4.3950547e+04
 146.4703723,4.3968945e+04
 146.4908065,4.3963035e+04
 146.5112406,4.3967918e+04
 146.5316747,4.3955879e+04
 146.5521088,4.3978902e+04
 146.5725430,4.3967945e+04
 146.5929771,4.3970078e+04
 146.6134112,4.3951367e+04
 146.6338452,4.3954469e+04
 146.6542794,4.3961512e+04
 146.6747135,4.3976137e+04
 146.6951475,4.3959398e+04
 146.7155817,4.3964402e+04
 146.7360158,4.3989691e+04
 146.7564499,4.3977008e+04
 146.7768839,4.3967992e+04
 146.7973181,4.3967703e+04
 146.8177522,4.3967465e+04
 146.8381862,4.3959102e+04
 146.8586203,4.3972953e+04
 146.8790545,4.3965652e+04
 146.8994885,4.3967258e+04
 146.9199226,4.3976727e+04
 146.9403568,4.3965211e+04
 146.9607908,4.3958953e+04
 146.9812249,4.3958934e+04
 147.0016590,4.3958699e+04
 147.0220931,4.3952758e+04
 147.0425272,4.3959223e+04
 147.0629613,4.3957508e+04
 147.0833955,4.3963910e+04
 147.1038295,4.3968039e+04
 147.1242636,4.3972852e+04
 147.1446976,4.3963926e+04
 147.1651318,4.3967949e+04
 147.1855659,4.3953656e+04
 147.2059999,4.3960652e+04
 147.2264341,4.3950848e+04
 147.2468682,4.3969191e+04
 147.2673023,4.3962969e+04
 147.2877363,4.3966809e+04
 147.3081705,4.3959977e+04
 147.3286046,4.3953535e+04
 147.3490386,4.3968094e+04
 147.3694727,4.3956891e+04
 147.3899069,4.3957625e+04
 147.4103409,4.3965230e+04
 147.4307750,4.3963551e+04
 147.4512092,4.3959285e+04
 147.4716432,4.3962043e+04
 147.4920773,4.3973172e+04
 147.5125114,4.3974680e+04
 147.5329456,4.3942176e+04
 147.5533796,4.3968891e+04
 147.5738137,4.3964703e+04
 147.5942479,4.3978355e+04
 147.6146819,4.3960445e+04
 147.6351160,4.3956781e+04
 147.6555500,4.3952176e+04
 147.6759842,4.3956930e+04
 147.6964183,4.3965648e+04
 147.7168523,4.3979797e+04
 147.7372865,4.3961141e+04
 147.7577206,4.3954902e+04
 147.7781547,4.3974734e+04
 147.7985887,4.3969453e+04
 147.8190229,4.3979258e+04
 147.8394570,4.3965898e+04
 147.8598910,4.3965164e+04
 147.8803251,4.3951230e+04
 147.9007593,         null
 147.9211933,4.3956031e+04
 147.9416274,4.3965746e+04
 147.9620616,4.3949352e+04
 147.9824956,4.3950906e+04
 148.0029297,4.3958988e+04
 148.0233638,4.3970156e+04
 148.0437980,4.3954637e+04
 148.0642319,4.3971328e+04
 148.0846660,4.3965176e+04
 148.1051002,4.3958609e+04
 148.1255342,4.3975742e+04
 148.1459683,4.3982480e+04
 148.1664024,4.3967551e+04
 148.1868365,4.3963984e+04
 148.2072706,4.3954672e+04
 148.2277047,4.3965469e+04
 148.2481389,4.3968391e+04
 148.2685729,4.3968734e+04
 148.2890070,4.3973465e+04
 148.3094411,4.3965277e+04
 148.3298752,4.3957340e+04
 148.3503093,4.3964141e+04
 148.3707434,4.3980527e+04
 148.3911773,4.3983695e+04
 148.4116115,4.3965027e+04
 148.4320456,4.3975887e+04
 148.4524797,4.3963004e+04
 148.4729138,4.3966473e+04
 148.4933479,4.3963152e+04
 148.5137820,4.3957367e+04
 148.5342160,4.3948973e+04
 148.5546502,4.3965938e+04
 148.5750843,4.3956133e+04
 148.5955183,4.3961977e+04
 148.6159525,4.3963254e+04
 148.6363865,4.3966934e+04
 148.6568205,4.3974383e+04
 148.6772546,4.3960906e+04
 148.6976888,4.3955355e+04
 148.7181228,4.3961199e+04
 148.7385569,4.3971551e+04
 148.7589911,4.3970367e+04
 148.7794252,4.3958738e+04
 148.7998592,4.3949164e+04
 148.8202933,4.3977496e+04
 148.8407274,4.3973961e+04
 148.8611614,4.3964227e+04
 148.8815955,4.3966070e+04
 148.9020297,4.3972340e+04
 148.9224637,4.3948008e+04
 148.9428978,4.3956242e+04
 148.9633319,4.3948668e+04
 148.9837660,4.3974477e+04
 149.0042001,4.3948742e+04
 149.0246341,4.3960316e+04
 149.0450681,4.3958434e+04
 149.0655023,4.3964266e+04
 149.0859364,4.3963926e+04
 149.1063704,4.3959512e+04
 149.1268046,4.3952707e+04
 149.1472387,4.3972473e+04
 149.1676727,4.3947957e+04
 149.1881067,4.3965500e+04
 149.2085409,4.3952492e+04
 149.2289750,4.3966953e+04
 149.2494090,4.3964141e+04
 149.2698432,4.3948770e+04
 149.2902773,4.3949160e+04
 149.3107113,         null
 149.3311453,4.3952664e+04
 149.3515795,4.3961812e+04
 149.3720135,4.3961102e+04
 149.3924476,4.3959809e+04
 149.4128818,4.3964816e+04
 149.4333158,4.3950902e+04
 149.4537499,4.3963801e+04
 149.4741839,4.3958570e+04
 149.4946180,4.3976570e+04
 149.5150521,4.3976938e+04
 149.5354862,4.3966355e+04
 149.5559204,4.3952547e+04
 149.5763544,4.3959062e+04
 149.5967885,4.3974309e+04
 149.6172224,4.3966652e+04
 149.6376566,4.3977750e+04
 149.6580907,4.3956504e+04
 149.6785247,4.3964137e+04
 149.6989588,4.3964613e+04
 149.7193930,4.3956711e+04
 149.7398270,4.3961840e+04
 149.7602610,4.3966270e+04
 149.7806952,4.3971758e+04
 149.8011293,4.3955680e+04
 149.8215633,4.3958527e+04
 149.8419973,4.3951262e+04
 149.8624315,4.3944434e+04
 149.8828656,4.3965176e+04
 149.9032996,4.3953418e+04
 149.9237338,4.3974621e+04
 149.9441679,4.3950922e+04
 149.9646019,4.3962246e+04
 149.9850359,4.3953438e+04
 150.0054701,4.3971047e+04
 150.0259042,4.3953273e+04
 150.0463382,4.3942918e+04
 150.0667723,4.3960879e+04
 150.0872064,4.3952629e+04
 150.1076404,4.3953457e+04
 150.1280745,4.3951828e+04
 150.1485087,4.3959816e+04
 150.1689426,4.3952152e+04
 150.1893767,4.3950438e+04
 150.2098109,4.3960074e+04
 150.2302449,4.3969703e+04
 150.2506790,4.3971004e+04
 150.2711130,4.3952609e+04
 150.2915472,4.3950094e+04
 150.3119812,4.3950133e+04
 150.3324153,4.3953738e+04
 150.3528493,4.3945777e+04
 150.3732834,4.3951930e+04
 150.3937175,4.3969336e+04
 150.4141515,4.3956527e+04
 150.4345857,4.3957422e+04
 150.4550198,4.3946160e+04
 150.4754538,4.3951734e+04
 150.4958878,4.3948723e+04
 150.5163220,4.3949930e+04
 150.5367561,4.3959344e+04
 150.5571900,4.3959801e+04
 150.5776242,4.3966633e+04
 150.5980583,4.3949758e+04
 150.6184923,4.3951121e+04
 150.6389263,4.3945664e+04
 150.6593605,4.3953953e+04
 150.6797945,4.3940984e+04
 150.7002286,4.3955020e+04
 150.7206628,4.3957137e+04
 150.7410968,4.3936969e+04
 150.7615308,4.3949473e+04
 150.7819649,4.3955891e+04
 150.8023991,4.3959914e+04
 150.8228330,4.3946320e+04
 150.8432671,4.3952762e+04
 150.8637013,4.3942547e+04
 150.8841353,4.3942355e+04
 150.9045693,4.3958820e+04
 150.9250034,4.3947484e+04
 150.9454375,4.3946055e+04
 150.9658716,4.3943168e+04
 150.9863056,4.3948168e+04
 151.0067396,4.3965316e+04
 151.0271738,4.3960145e+04
 151.0476078,4.3941023e+04
 151.0680418,4.3945613e+04
 151.0884760,4.3957797e+04
 151.1089101,4.3941938e+04
 151.1293440,4.3951367e+04
 151.1497781,4.3956379e+04
 151.1702123,4.3944941e+04
 151.1906463,4.3954688e+04
 151.2110803,4.3945949e+04
 151.2315145,4.3946535e+04
 151.2519486,4.3937973e+04
 151.2723825,4.3955613e+04
 151.2928166,4.3952531e+04
 151.3132508,4.3938453e+04
 151.3336848,4.3953059e+04
 151.3541188,4.3944402e+04
 151.3745530,4.3948023e+04
 151.3949870,4.3944281e+04
 151.4154210,4.3961832e+04
 151.4358551,4.3944207e+04
 151.4562892,4.3969703e+04
 151.4767233,4.3950664e+04
 151.4971573,4.3946363e+04
 151.5175914,4.3952480e+04
 151.5380255,4.3952227e+04
 151.5584595,4.3943500e+04
 151.5788936,4.3948367e+04
 151.5993278,4.3962352e+04
 151.6197618,4.3969758e+04
 151.6401958,4.3965637e+04
 151.6606299,         null
 151.6810640,4.3949719e+04
 151.7014980,4.3962469e+04
 151.7219321,4.3941973e+04
 151.7423662,4.3965555e+04
 151.7628002,4.3954547e+04
 151.7832343,4.3959355e+04
 151.8036683,4.3954145e+04
 151.8241024,4.3953750e+04
 151.8445365,4.3959715e+04
 151.8649705,4.3945777e+04
 151.8854046,4.3944359e+04
 151.9058387,4.3952059e+04
 151.9262727,4.3964918e+04
 151.9467067,4.3942254e+04
 151.9671409,4.3943754e+04
 151.9875750,4.3951738e+04
 152.0080089,4.3954035e+04
 152.0284431,4.3959105e+04
 152.0488772,4.3944605e+04
 152.0693111,4.3952367e+04
 152.0897452,4.3945191e+04
 152.1101794,4.3969801e+04
 152.1306133,4.3950918e+04
 152.1510474,4.3958539e+04
 152.1714815,4.3952027e+04
 152.1919155,4.3948879e+04
 152.2123496,4.3947355e+04
 152.2327837,4.3943832e+04
 152.2532178,4.3950938e+04
 152.2736518,4.3948828e+04
 152.2940859,         null
 152.3145198,4.3942035e+04
 152.3349540,4.3950023e+04
 152.3553881,4.3955453e+04
 152.3758220,4.3933852e+04
 152.3962562,4.4208629e+04
 152.4166902,4.3955281e+04
 152.4371243,4.3942676e+04
 152.4575583,4.3961223e+04
 152.4779924,4.3945355e+04
 152.4984265,4.3944211e+04
 152.5188605,4.3959336e+04
 152.5392946,4.3955480e+04
 152.5597287,4.3957992e+04
 152.5801626,4.3955785e+04
 152.6005967,4.3946766e+04
 152.6210309,4.3955641e+04
 152.6414648,4.3937492e+04
 152.6618989,         null
 152.6823330,4.3949602e+04
 152.7027670,4.3958047e+04
 152.7232011,4.3954855e+04
 152.7436351,4.3949340e+04
 152.7640693,4.3952793e+04
 152.7845033,4.3942727e+04
 152.8049373,4.3949691e+04
 152.8253713,4.3962789e+04
 152.8458054,4.3959133e+04
 152.8662395,4.3937461e+04
 152.8866735,4.3957176e+04
 152.9071076,4.3953629e+04
 152.9275417,4.3951875e+04
 152.9479757,4.3958594e+04
 152.9684097,4.3955395e+04
 152.9888439,4.3947953e+04
 153.0092779,4.3958539e+04
 153.0297119,4.3956031e+04
 153.0501460,4.3952711e+04
 153.0705801,4.3948609e+04
 153.0910141,4.3948344e+04
 153.1114481,4.3957895e+04
 153.1318823,4.3955406e+04
 153.1523162,4.3947523e+04
 153.1727503,4.3965602e+04
 153.1931843,4.3960609e+04
 153.2136185,4.3952105e+04
 153.2340526,4.3955203e+04
 153.2544865,4.3972453e+04
 153.2749207,4.3948480e+04
 153.2953547,4.3972297e+04
 153.3157887,4.3947992e+04
 153.3362228,4.3955359e+04
 153.3566568,4.3950949e+04
 153.3770909,4.3972188e+04
 153.3975249,4.3965238e+04
 153.4179591,4.3938895e+04
 153.4383931,4.3939551e+04
 153.4588271,4.3970559e+04
 153.4792611,4.3944699e+04
 153.4996953,4.3949387e+04
 153.5201293,4.3968922e+04
 153.5405633,4.3962621e+04
 153.5609975,4.3951574e+04
 153.5814314,4.3962617e+04
 153.6018655,4.3965254e+04
 153.6222995,4.3966648e+04
 153.6427336,4.3964191e+04
 153.6631676,4.3949180e+04
 153.6836017,4.3964883e+04
 153.7040356,4.3958348e+04
 153.7244698,4.3956926e+04
 153.7449039,4.3957891e+04
 153.7653378,4.3958168e+04
 153.7857720,4.3963590e+04
 153.8062060,4.3970125e+04
 153.8266400,4.3962754e+04
 153.8470740,4.3941543e+04
 153.8675082,4.3948590e+04
 153.8879421,4.3949453e+04
 153.9083762,4.3949598e+04
 153.9288103,4.3957102e+04
 153.9492444,4.3963613e+04
 153.9696783,4.3956848e+04
 153.9901124,4.3954805e+04
 154.0105465,4.3956109e+04
 154.0309805,4.3950484e+04
 154.0514145,4.3947875e+04
 154.0718487,4.3966961e+04
 154.0922826,4.3956504e+04
 154.1127167,4.3951215e+04
 154.1331507,4.3947895e+04
 154.1535848,4.3954312e+04
 154.1740188,4.3961090e+04
 154.1944529,4.3953512e+04
 154.2148869,4.3953238e+04
 154.2353210,4.3958426e+04
 154.2557550,4.3959039e+04
 154.2761890,4.3955848e+04
 154.2966231,4.3951496e+04
 154.3170572,4.3955633e+04
 154.3374911,4.3946262e+04
 154.3579252,4.3960105e+04
 154.3783593,4.3959078e+04
 154.3987933,4.3961672e+04
 154.4192273,4.3963895e+04
 154.4396615,4.3957172e+04
 154.4600955,4.3952477e+04
 154.4805295,4.3946699e+04
 154.5009635,4.3960598e+04
 154.5213977,4.3959020e+04
 154.5418316,4.3954086e+04
 154.5622657,4.3979508e+04
 154.5826998,4.3956316e+04
 154.6031338,4.3942121e+04
 154.6235678,4.3967266e+04
 154.6440019,4.3951133e+04
 154.6644359,4.3940273e+04
 154.6848700,4.3954367e+04
 154.7053040,4.3964191e+04
 154.7257381,4.3958727e+04
 154.7461721,4.3960348e+04
 154.7666061,4.3968297e+04
 154.7870402,4.3945496e+04
 154.8074742,4.3952477e+04
 154.8279083,4.3953598e+04
 154.8483422,4.3953383e+04
 154.8687764,4.3949074e+04
 154.8892104,4.3950641e+04
 154.9096445,4.3962336e+04
 154.9300785,4.3966770e+04
 154.9505125,4.3945633e+04
 154.9709466,4.3957340e+04
 154.9913806,4.3950559e+04
 155.0118146,4.3963660e+04
 155.0322487,4.3959062e+04
 155.0526828,4.3964496e+04
 155.0731167,4.3970762e+04
 155.0935509,4.3953742e+04
 155.1139849,4.3953594e+04
 155.1344188,4.3950266e+04
 155.1548529,4.3967828e+04
 155.1752870,4.3967594e+04
 155.1957211,4.3970457e+04
 155.2161550,4.3963449e+04
 155.2365891,4.3960762e+04
 155.2570232,4.3965707e+04
 155.2774571,         null
 155.2978912,4.3946891e+04
 155.3183253,4.3956016e+04
 155.3387593,4.3958973e+04
 155.3591933,4.3964172e+04
 155.3796273,4.3954105e+04
 155.4000614,4.3959496e+04
 155.4204954,4.3958566e+04
 155.4409295,4.3954426e+04
 155.4613636,4.3958094e+04
 155.4817975,4.3958801e+04
 155.5022316,4.3945227e+04
 155.5226655,4.3958086e+04
 155.5430997,4.3955621e+04
 155.5635337,         null
 155.5839676,4.3951242e+04
 155.6044018,4.3958625e+04
 155.6248358,4.3948309e+04
 155.6452699,4.3951355e+04
 155.6657038,4.3956004e+04
 155.6861379,4.3948520e+04
 155.7065720,4.3978535e+04
 155.7270059,4.3963480e+04
 155.7474400,4.3953949e+04
 155.7678741,4.3955293e+04
 155.7883080,4.3953625e+04
 155.8087421,4.3947727e+04
 155.8291762,4.3961711e+04
 155.8496101,4.3960484e+04
 155.8700442,4.3958574e+04
 155.8904782,4.3961715e+04
 155.9109124,4.3960727e+04
 155.9313463,4.3966316e+04
 155.9517803,4.3969895e+04
 155.9722145,4.3978340e+04
 155.9926484,4.3952977e+04
 156.0130824,4.3967113e+04
 156.0335164,4.3961898e+04
 156.0539505,4.3958188e+04
 156.0743845,4.3942301e+04
 156.0948186,4.3945340e+04
 156.1152526,4.3945895e+04
 156.1356867,4.3955336e+04
 156.1561207,4.3955398e+04
 156.1765546,4.3956059e+04
 156.1969888,4.3957418e+04
 156.2174228,4.3947535e+04
 156.2378567,4.3964707e+04
 156.2582908,4.3961844e+04
 156.2787249,4.3955699e+04
 156.2991588,4.3956242e+04
 156.3195929,4.3961125e+04
 156.3400270,4.3958977e+04
 156.3604609,4.3961512e+04
 156.3808950,4.3960332e+04
 156.4013290,4.3944320e+04
 156.4217631,4.3970719e+04
 156.4421971,4.3961746e+04
 156.4626311,4.3946781e+04
 156.4830652,4.3972926e+04
 156.5034992,4.3966164e+04
 156.5239332,4.3962070e+04
 156.5443672,4.3955078e+04
 156.5648013,4.3978023e+04
 156.5852353,4.3954781e+04
 156.6056693,4.3968031e+04
 156.6261034,4.3960270e+04
 156.6465374,4.3961863e+04
 156.6669714,4.3958199e+04
 156.6874054,4.3959859e+04
 156.7078395,4.3953609e+04
 156.7282735,4.3972555e+04
 156.7487075,4.3975746e+04
 156.7691415,4.3953781e+04
 156.7895756,4.3952551e+04
 156.8100096,4.3956473e+04
 156.8304437,4.3960918e+04
 156.8508777,4.3954164e+04
 156.8713117,4.3957832e+04
 156.8917457,4.3973344e+04
 156.9121797,4.3956430e+04
 156.9326138,4.3972137e+04
 156.9530478,4.3951969e+04
 156.9734818,4.3962969e+04
 156.9939159,4.3959090e+04
 157.0143499,4.3969293e+04
 157.0347838,4.3953289e+04
 157.0552179,4.3960957e+04
 157.0756520,4.3960340e+04
 157.0960859,4.3962418e+04
 157.1165200,4.3957160e+04
 157.1369541,4.3942699e+04
 157.1573881,4.3970457e+04
 157.1778220,4.3941672e+04
 157.1982561,4.3970523e+04
 157.2186902,4.3960125e+04
 157.2391241,4.3957008e+04
 157.2595581,4.3960660e+04
 157.2799922,4.3956344e+04
 157.3004262,4.3958625e+04
 157.3208602,4.3942562e+04
 157.3412942,4.3970820e+04
 157.3617283,4.3950535e+04
 157.3821623,4.3950410e+04
 157.4025963,4.3941816e+04
 157.4230302,4.3972391e+04
 157.4434644,4.3954156e+04
 157.4638984,4.3956285e+04
 157.4843323,4.3948906e+04
 157.5047664,4.3965559e+04
 157.5252005,4.3961660e+04
 157.5456344,4.3963438e+04
 157.5660684,4.3952332e+04
 157.5865025,4.3959938e+04
 157.6069365,4.3963512e+04
 157.6273705,4.3965848e+04
 157.6478046,4.3970793e+04
 157.6682386,4.3966895e+04
 157.6886726,4.3957910e+04
 157.7091066,4.3968086e+04
 157.7295407,4.3957570e+04
 157.7499746,4.3958977e+04
 157.7704087,4.3955066e+04
 157.7908428,4.3956793e+04
 157.8112767,4.3961254e+04
 157.8317107,4.3967488e+04
 157.8521447,4.3969387e+04
 157.8725788,4.3970535e+04
 157.8930128,4.3950969e+04
 157.9134468,4.3964391e+04
 157.9338807,4.3964852e+04
 157.9543148,4.3965098e+04
 157.9747489,4.3951574e+04
 157.9951828,4.3973207e+04
 158.0156169,4.3959488e+04
 158.0360509,4.3952340e+04
 158.0564848,4.3967871e+04
 158.0769189,4.3958984e+04
 158.0973530,4.3967047e+04
 158.1177870,4.3964785e+04
 158.1382209,4.3974125e+04
 158.1586550,4.3982938e+04
 158.1790891,4.3968586e+04
 158.1995230,4.3973547e+04
 158.2199570,4.3983375e+04
 158.2403911,4.3981207e+04
 158.2608250,         null
 158.2812591,4.3961512e+04
 158.3016932,4.3975945e+04
 158.3221272,4.3949039e+04
 158.3425611,4.3966121e+04
 158.3629951,4.3949234e+04
 158.3834292,4.3969477e+04
 158.4038633,4.3956777e+04
 158.4242972,4.3974164e+04
 158.4447312,4.3962566e+04
 158.4651653,4.3970250e+04
 158.4855992,4.3965820e+04
 158.5060332,4.3962105e+04
 158.5264674,4.3967859e+04
 158.5469013,4.3952250e+04
 158.5673353,4.3971070e+04
 158.5877693,4.3954074e+04
 158.6082033,4.3959543e+04
 158.6286373,4.3969922e+04
 158.6490714,4.3966812e+04
 158.6695055,4.3975668e+04
 158.6899394,4.3966453e+04
 158.7103734,4.3967758e+04
 158.7308073,4.3965750e+04
 158.7512414,4.3961656e+04
 158.7716754,4.3962895e+04
 158.7921095,4.3956270e+04
 158.8125435,4.3964977e+04
 158.8329775,4.3966035e+04
 158.8534115,4.3960801e+04
 158.8738454,4.3970957e+04
 158.8942795,4.3966289e+04
 158.9147135,4.3966262e+04
 158.9351474,4.3964738e+04
 158.9555816,4.3972074e+04
 158.9760156,4.3963945e+04
 158.9964495,4.3970688e+04
 159.0168835,4.3965824e+04
 159.0373176,4.3974547e+04
 159.0577515,4.3974414e+04
 159.0781855,4.3974379e+04
 159.0986195,4.3967348e+04
 159.1190537,4.3977480e+04
 159.1394876,4.3972215e+04
 159.1599216,4.3971254e+04
 159.1803557,4.3949277e+04
 159.2007896,4.3951273e+04
 159.2212236,4.3970777e+04
 159.2416575,4.3972461e+04
 159.2620916,4.3977750e+04
 159.2825256,4.3974773e+04
 159.3029597,4.3956125e+04
 159.3233937,4.3975250e+04
 159.3438277,4.3966031e+04
 159.3642617,4.3986336e+04
 159.3846956,4.3953562e+04
 159.4051297,4.3970418e+04
 159.4255637,4.3952816e+04
 159.4459976,4.3973406e+04
 159.4664317,4.3975414e+04
 159.4868657,4.3964949e+04
 159.5072996,4.3962906e+04
 159.5277336,4.3970578e+04
 159.5481678,4.3961129e+04
 159.5686017,4.3979766e+04
 159.5890357,4.3988914e+04
 159.6094697,4.3980035e+04
 159.6299038,4.3962395e+04
 159.6503377,4.3964629e+04
 159.6707717,4.3988832e+04
 159.6912058,4.3964020e+04
 159.7116397,4.3959543e+04
 159.7320737,4.3959871e+04
 159.7525077,4.3966824e+04
 159.7729417,4.3954633e+04
 159.7933757,4.3949273e+04
 159.8138097,4.3958953e+04
 159.8342438,4.3961691e+04
 159.8546778,4.3961273e+04
 159.8751118,4.3951340e+04
 159.8955457,4.3964750e+04
 159.9159798,4.3944926e+04
 159.9364138,4.3959273e+04
 159.9568478,4.3946762e+04
 159.9772818,4.3938543e+04
 159.9977158,4.3948262e+04
 160.0181498,4.3963887e+04
 160.0385838,4.3959691e+04
 160.0590178,4.3955680e+04
 160.0794518,4.3964613e+04
 160.0998858,4.3965805e+04
 160.1203197,4.3950770e+04
 160.1407538,4.3955973e+04
 160.1611878,4.3961184e+04
 160.1816217,4.3964496e+04
 160.2020558,4.3958480e+04
 160.2224898,4.3948527e+04
 160.2429237,4.3967859e+04
 160.2633577,4.3946988e+04
 160.2837918,4.3964613e+04
 160.3042257,4.3964598e+04
 160.3246597,4.3947516e+04
 160.3450938,4.3950125e+04
 160.3655278,4.3955254e+04
 160.3859617,4.3956805e+04
 160.4063957,4.3956094e+04
 160.4268298,4.3979770e+04
 160.4472637,4.3967730e+04
 160.4676977,4.3959266e+04
 160.4881318,4.3958820e+04
 160.5085657,4.3969281e+04
 160.5289997,4.3951547e+04
 160.5494337,4.3968039e+04
 160.5698677,4.3957355e+04
 160.5903017,4.3961219e+04
 160.6107357,4.3964387e+04
 160.6311696,4.3955277e+04
 160.6516037,4.3954715e+04
 160.6720377,4.3957223e+04
 160.6924716,4.3958289e+04
 160.7129057,4.3954641e+04
 160.7333397,4.3973285e+04
 160.7537736,4.3949488e+04
 160.7742076,4.3964133e+04
 160.7946417,4.3946617e+04
 160.8150757,4.3959520e+04
 160.8355096,4.3959996e+04
 160.8559437,4.3954520e+04
 160.8763777,4.3970965e+04
 160.8968116,4.3973234e+04
 160.9172456,4.3964219e+04
 160.9376797,4.3956418e+04
 160.9581136,4.3953590e+04
 160.9785476,4.3974730e+04
 160.9989817,4.3959152e+04
 161.0194156,4.3970246e+04
 161.0398496,4.3959590e+04
 161.0602836,4.3966430e+04
 161.0807176,4.3971137e+04
 161.1011516,4.3958328e+04
 161.1215856,4.3964566e+04
 161.1420197,4.3950070e+04
 161.1624535,4.3951707e+04
 161.1828875,4.3960801e+04
 161.2033214,4.3967164e+04
 161.2237555,4.3953043e+04
 161.2441895,         null
 161.2646235,4.3960523e+04
 161.2850574,4.3970211e+04
 161.3054915,4.3956074e+04
 161.3259255,4.3949918e+04
 161.3463594,4.3955227e+04
 161.3667935,4.3973848e+04
 161.3872275,4.3969234e+04
 161.4076614,4.3952746e+04
 161.4280954,4.3958863e+04
 161.4485295,4.3951625e+04
 161.4689633,4.3962535e+04
 161.4893973,4.3961707e+04
 161.5098314,4.3951828e+04
 161.5302653,4.3961824e+04
 161.5506993,4.3957250e+04
 161.5711333,4.3968172e+04
 161.5915674,4.3963113e+04
 161.6120013,4.3956414e+04
 161.6324353,4.3963359e+04
 161.6528694,4.3944629e+04
 161.6733034,4.3952285e+04
 161.6937372,4.3950543e+04
 161.7141712,4.3954695e+04
 161.7346053,4.3958367e+04
 161.7550392,4.3953750e+04
 161.7754732,4.3968145e+04
 161.7959072,4.3967824e+04
 161.8163412,4.3957797e+04
 161.8367752,4.3965477e+04
 161.8572092,4.3960680e+04
 161.8776432,4.3963945e+04
 161.8980771,4.3952023e+04
 161.9185111,4.3957320e+04
 161.9389450,4.3959195e+04
 161.9593791,4.3944695e+04
 161.9798131,4.3955191e+04
 162.0002471,4.3953289e+04
 162.0206811,4.3961844e+04
 162.0411150,4.3953809e+04
 162.0615490,4.3963543e+04
 162.0819829,4.3946895e+04
 162.1024170,4.3951777e+04
 162.1228510,4.3951434e+04
 162.1432849,4.3952121e+04
 162.1637190,4.3952926e+04
 162.1841530,4.3951766e+04
 162.2045868,4.3960535e+04
 162.2250208,4.3957309e+04
 162.2454549,4.3960938e+04
 162.2658888,4.3950863e+04
 162.2863228,4.3950320e+04
 162.3067569,4.3953820e+04
 162.3271908,4.3947062e+04
 162.3476247,4.3953027e+04
 162.3680587,4.3948613e+04
 162.3884928,4.3950074e+04
 162.4089267,4.3950383e+04
 162.4293607,4.3967641e+04
 162.4497946,4.3956117e+04
 162.4702286,4.3956184e+04
 162.4906626,4.3952949e+04
 162.5110960,4.3958574e+04
 162.5315301,4.3968742e+04
 162.5519640,4.3958137e+04
 162.5723980,4.3949902e+04
 162.5928319,4.3956504e+04
 162.6132660,4.3943172e+04
 162.6336999,4.3947004e+04
 162.6541339,4.3949305e+04
 162.6745680,4.3959855e+04
 162.6950018,4.3953355e+04
 162.7154358,4.3956055e+04
 162.7358698,4.3950238e+04
 162.7563038,4.3958324e+04
 162.7767378,4.3962625e+04
 162.7971717,4.3967223e+04
 162.8176057,4.3949469e+04
 162.8380397,4.3956281e+04
 162.8584737,4.3963336e+04
 162.8789076,4.3949199e+04
 162.8993416,4.3951230e+04
 162.9197756,4.3968270e+04
 162.9402095,4.3966586e+04
 162.9606435,4.3961105e+04
 162.9810776,4.3960754e+04
 163.0015114,4.3968285e+04
 163.0219454,4.3940531e+04
 163.0423795,4.3948672e+04
 163.0628135,4.3968055e+04
 163.0832474,4.3960574e+04
 163.1036813,4.3956590e+04
 163.1241154,4.3950094e+04
 163.1445493,4.3967664e+04
 163.1649833,4.3942973e+04
 163.1854173,4.3955680e+04
 163.2058512,4.3954238e+04
 163.2262852,4.3960316e+04
 163.2467192,4.3946758e+04
 163.2671532,4.3948840e+04
 163.2875871,4.3952801e+04
 163.3080211,4.3941953e+04
 163.3284552,4.3952793e+04
 163.3488891,4.3953961e+04
 163.3693230,4.3950750e+04
 163.3897569,4.3950660e+04
 163.4101910,4.3945188e+04
 163.4306250,4.3950602e+04
 163.4510588,4.3949066e+04
 163.4714929,4.3960406e+04
 163.4919269,4.3956039e+04
 163.5123609,4.3939043e+04
 163.5327947,4.3947445e+04
 163.5532288,4.3950547e+04
 163.5736628,4.3948203e+04
 163.5940967,4.3949559e+04
 163.6145306,4.3947250e+04
 163.6349647,4.3948195e+04
 163.6553986,4.3954887e+04
 163.6758326,4.3952367e+04
 163.6962666,4.3950453e+04
 163.7167005,4.3944395e+04
 163.7371345,4.3954535e+04
 163.7575684,4.3955445e+04
 163.7780024,4.3941484e+04
 163.7984364,4.3948746e+04
 163.8188704,4.3959949e+04
 163.8393044,4.3961613e+04
 163.8597383,4.3947520e+04
 163.8801723,4.3948875e+04
 163.9006061,4.3945941e+04
 163.9210402,4.3937637e+04
 163.9414742,4.3961426e+04
 163.9619082,4.3952000e+04
 163.9823421,4.3954254e+04
 164.0027761,4.3958812e+04
 164.0232101,4.3948328e+04
 164.0436439,4.3951281e+04
 164.0640780,4.3946148e+04
 164.0845120,4.3956078e+04
 164.1049459,4.3951102e+04
 164.1253798,4.3946742e+04
 164.1458139,4.3938918e+04
 164.1662478,4.3948160e+04
 164.1866817,4.3950828e+04
 164.2071158,4.3967559e+04
 164.2275498,         null
 164.2479836,4.3938609e+04
 164.2684176,4.3949188e+04
 164.2888516,4.3964199e+04
 164.3092855,4.3950105e+04
 164.3297195,4.3958457e+04
 164.3501536,4.3950184e+04
 164.3705875,4.3952180e+04
 164.3910214,4.3946816e+04
 164.4114554,4.3945297e+04
 164.4318893,4.3949879e+04
 164.4523233,4.3946207e+04
 164.4727573,4.3954219e+04
 164.4931913,4.3959523e+04
 164.5136252,4.3947309e+04
 164.5340592,4.3946742e+04
 164.5544931,4.3968324e+04
 164.5749271,4.3945945e+04
 164.5953611,4.3948805e+04
 164.6157950,4.3969188e+04
 164.6362289,4.3957867e+04
 164.6566630,4.3956828e+04
 164.6770969,4.3958504e+04
 164.6975309,4.3960195e+04
 164.7179648,4.3950129e+04
 164.7383988,4.3946527e+04
 164.7588328,4.3948898e+04
 164.7792666,4.3941707e+04
 164.7997007,4.3949086e+04
 164.8201347,4.3955379e+04
 164.8405685,4.3947535e+04
 164.8610026,4.3948484e+04
 164.8814366,4.3945316e+04
 164.9018704,4.3957684e+04
 164.9223044,4.3951035e+04
 164.9427384,4.3953234e+04
 164.9631723,4.3938797e+04
 164.9836063,4.3943793e+04
