        TIME,  PDCSAP_FLUX
 131.5121376,9.3302549e+03
 131.5325722,9.3220518e+03
 131.5530067,9.3280459e+03
 131.5734411,9.3244814e+03
 131.5938755,9.3228496e+03
 131.6143101,9.3240059e+03
 131.6347445,9.3288105e+03
 131.6551789,9.3284951e+03
 131.6756135,9.3263096e+03
 131.6960480,9.3190068e+03
 131.7164824,9.3302246e+03
 131.7369168,9.3245586e+03
 131.7573514,9.3172471e+03
 131.7777858,9.3300020e+03
 131.7982203,9.3246738e+03
 131.8186548,9.3398115e+03
 131.8390892,9.3230049e+03
 131.8595237,9.3261553e+03
 131.8799581,9.3256084e+03
 131.9003926,9.3181465e+03
 131.9208271,9.3211416e+03
 131.9412616,9.3252969e+03
 131.9616960,9.3211230e+03
 131.9821305,9.3182227e+03
 132.0025650,9.3154482e+03
 132.0229993,9.3175830e+03
 132.0434339,9.3174150e+03
 132.0638684,9.3217568e+03
 132.0843028,9.3294746e+03
 132.1047372,9.3132158e+03
 132.1251718,9.3185781e+03
 132.1456062,9.3248096e+03
 132.1660406,9.3290234e+03
 132.1864752,9.3242275e+03
 132.2069097,9.3227598e+03
 132.2273441,9.3319111e+03
 132.2477785,9.3222461e+03
 132.2682131,9.3256660e+03
 132.2886475,9.3263369e+03
 132.3090819,9.3244805e+03
 132.3295165,9.3156309e+03
 132.3499509,9.3204219e+03
 132.3703854,9.3234629e+03
 132.3908198,9.3188916e+03
 132.4112543,9.3291035e+03
 132.4316888,9.3303809e+03
 132.4521232,9.3179121e+03
 132.4725578,9.3192451e+03
 132.4929922,9.3224863e+03
 132.5134266,9.3238125e+03
 132.5338610,9.3171670e+03
 132.5542956,9.3234512e+03
 132.5747301,9.3225557e+03
 132.5951644,9.3223691e+03
 132.6155990,9.3268818e+03
 132.6360335,9.3301240e+03
 132.6564679,9.3184287e+03
 132.6769023,9.3212090e+03
 132.6973369,9.3188721e+03
 132.7177713,9.3275928e+03
 132.7382057,9.3230596e+03
 132.7586403,9.3183613e+03
 132.7790748,9.3224541e+03
 132.7995091,9.3143125e+03
 132.8199436,9.3130527e+03
 132.8403782,9.3191807e+03
 132.8608125,9.3189521e+03
 132.8812470,9.3150439e+03
 132.9016816,9.3216006e+03
 132.9221159,9.3169395e+03
 132.9425504,9.3277852e+03
 132.9629849,9.3213604e+03
 132.9834194,9.3210801e+03
 133.0038538,9.3226797e+03
 133.0242883,9.3258896e+03
 133.0447228,9.3225049e+03
 133.0651572,9.3063145e+03
 133.0855917,9.3273213e+03
 133.1060262,9.3191133e+03
 133.1264606,9.3188467e+03
 133.1468951,9.3185732e+03
 133.1673296,9.3277500e+03
 133.1877640,9.3139570e+03
 133.2081986,9.3196748e+03
 133.2286330,9.3220811e+03
 133.2490674,9.3182363e+03
 133.2695019,9.3214180e+03
 133.2899364,9.3193125e+03
 133.3103708,9.3229775e+03
 133.3308052,9.3221328e+03
 133.3512398,9.3176670e+03
 133.3716742,9.3233438e+03
 133.3921087,9.3155889e+03
 133.4125432,9.3182354e+03
 133.4329777,9.3225713e+03
 133.4534121,9.3176113e+03
 133.4738465,9.3299980e+03
 133.4942811,9.3238457e+03
 133.5147155,9.3306387e+03
 133.5351499,9.3270586e+03
 133.5555845,9.3151592e+03
 133.5760189,9.3143125e+03
 133.5964533,9.3223125e+03
 133.6168878,9.3189385e+03
 133.6373223,9.3231650e+03
 133.6577568,9.3185342e+03
 133.6781912,9.3181895e+03
 133.6986257,9.3229922e+03
 133.7190602,9.3194111e+03
 133.7394946,9.3235068e+03
 133.7599290,9.3254707e+03
 133.7803636,9.3091016e+03
 133.8007980,9.3236768e+03
 133.8212324,9.3286289e+03
 133.8416669,9.3212197e+03
 133.8621014,9.3261279e+03
 133.8825358,9.3242207e+03
 133.9029703,9.3225625e+03
 133.9234048,9.3262051e+03
 133.9438392,9.3159336e+03
 133.9642737,9.3188555e+03
 133.9847081,9.3285586e+03
 134.0051426,9.3138799e+03
 134.0255771,9.3230703e+03
 134.0460115,9.3121875e+03
 134.0664460,9.3201221e+03
 134.0868805,9.3162891e+03
 134.1073149,9.3144248e+03
 134.1277493,9.3183047e+03
 134.1481839,9.3261748e+03
 134.1686184,9.3156475e+03
 134.1890527,9.3218760e+03
 134.2094873,9.3142754e+03
 134.2299218,9.3230186e+03
 134.2503561,9.3148271e+03
 134.2707906,9.3226748e+03
 134.2912251,9.3201387e+03
 134.3116595,9.3207168e+03
 134.3320940,9.3259980e+03
 134.3525285,9.3191396e+03
 134.3729629,9.3179717e+03
 134.3933974,         null
 134.4138318,9.3098301e+03
 134.4342663,9.3166338e+03
 134.4547008,9.3140859e+03
 134.4751352,9.3214707e+03
 134.4955698,9.3142500e+03
 134.5160042,9.3155996e+03
 134.5364386,9.3199053e+03
 134.5568730,9.3143271e+03
 134.5773076,9.3140293e+03
 134.5977420,9.3214434e+03
 134.6181764,9.3158945e+03
 134.6386109,9.3158115e+03
 134.6590454,9.3120312e+03
 134.6794799,9.3118203e+03
 134.6999143,9.3182490e+03
 134.7203488,9.3182852e+03
 134.7407833,9.3199541e+03
 134.7612176,9.3404580e+03
 134.7816521,9.3208506e+03
 134.8020867,9.3182959e+03
 134.8225211,9.3168213e+03
 134.8429555,9.3152109e+03
 134.8633901,9.3160176e+03
 134.8838245,9.3143105e+03
 134.9042590,9.3149854e+03
 134.9246933,9.3164258e+03
 134.9451279,9.3131855e+03
 134.9655624,9.3133760e+03
 134.9859967,9.3142773e+03
 135.0064313,9.3099844e+03
 135.0268658,9.3107314e+03
 135.0473001,9.3129219e+03
 135.0677346,9.3165771e+03
 135.0881692,9.3173984e+03
 135.1086035,9.3243945e+03
 135.1290380,9.3071807e+03
 135.1494725,9.3233955e+03
 135.1699070,9.3133770e+03
 135.1903414,9.3123564e+03
 135.2107758,9.3157793e+03
 135.2312104,9.3138242e+03
 135.2516448,9.3154912e+03
 135.2720792,9.3183291e+03
 135.2925136,9.3201396e+03
 135.3129481,9.3164756e+03
 135.3333826,9.3202285e+03
 135.3538170,9.3237080e+03
 135.3742515,9.3193379e+03
 135.3946860,9.3225498e+03
 135.4151205,9.3250264e+03
 135.4355548,9.3127949e+03
 135.4559894,9.3170586e+03
 135.4764238,9.3108145e+03
 135.4968582,9.3142881e+03
 135.5172928,9.3198555e+03
 135.5377272,9.3120059e+03
 135.5581616,9.3197861e+03
 135.5785960,9.3154756e+03
 135.5990306,9.3138018e+03
 135.6194650,9.3107402e+03
 135.6398994,9.3108154e+03
 135.6603340,9.3168945e+03
 135.6807685,9.3184375e+03
 135.7012028,9.3214922e+03
 135.7216373,9.3197529e+03
 135.7420718,9.3167715e+03
 135.7625062,9.3244561e+03
 135.7829407,9.3115742e+03
 135.8033752,9.3198379e+03
 135.8238096,9.3151621e+03
 135.8442440,9.3167451e+03
 135.8646785,9.3085801e+03
 135.8851130,9.3180166e+03
 135.9055474,9.3134170e+03
 135.9259819,9.3138086e+03
 135.9464162,9.3182168e+03
 135.9668508,9.3092148e+03
 135.9872853,9.3188965e+03
 136.0077196,9.3110244e+03
 136.0281542,9.3066377e+03
 136.0485886,9.3183604e+03
 136.0690230,9.3135771e+03
 136.0894575,9.3083701e+03
 136.1098920,9.3141758e+03
 136.1303265,9.3100127e+03
 136.1507608,9.3161807e+03
 136.1711954,9.3142402e+03
 136.1916299,9.3092783e+03
 136.2120642,9.3113633e+03
 136.2324987,9.3124502e+03
 136.2529332,9.3138740e+03
 136.2733676,9.3137520e+03
 136.2938021,9.3135752e+03
 136.3142366,9.3235449e+03
 136.3346710,9.3119961e+03
 136.3551054,9.3208516e+03
 136.3755399,9.3184414e+03
 136.3959744,9.3069951e+03
 136.4164088,9.3084795e+03
 136.4368433,9.3106045e+03
 136.4572778,9.3138750e+03
 136.4777122,9.3161582e+03
 136.4981466,9.3167227e+03
 136.5185811,9.3181953e+03
 136.5390156,9.3168242e+03
 136.5594500,9.3144219e+03
 136.5798845,9.3236836e+03
 136.6003189,9.3167910e+03
 136.6207534,9.3187305e+03
 136.6411879,9.3138799e+03
 136.6616223,9.3260576e+03
 136.6820568,9.3219834e+03
 136.7024912,9.3182383e+03
 136.7229257,9.3229531e+03
 136.7433600,9.3064453e+03
 136.7637946,9.3127695e+03
 136.7842291,9.3202363e+03
 136.8046634,9.3196816e+03
 136.8250980,9.3268936e+03
 136.8455324,9.3224307e+03
 136.8659669,9.3181689e+03
 136.8864012,9.3153359e+03
 136.9068358,9.3098096e+03
 136.9272703,9.3143965e+03
 136.9477046,9.3165566e+03
 136.9681392,9.3202441e+03
 136.9885736,9.3118916e+03
 137.0090080,9.3198457e+03
 137.0294424,9.3138066e+03
 137.0498770,9.3156748e+03
 137.0703114,9.3215684e+03
 137.0907458,9.3186660e+03
 137.1111804,9.3165654e+03
 137.1316147,9.3166787e+03
 137.1520492,9.3201582e+03
 137.1724836,9.3114062e+03
 137.1929182,9.3137412e+03
 137.2133525,9.3255342e+03
 137.2337870,9.3242842e+03
 137.2542214,9.3122734e+03
 137.2746559,9.3167207e+03
 137.2950904,9.3173984e+03
 137.3155247,9.3130967e+03
 137.3359593,9.3116475e+03
 137.3563937,9.3167100e+03
 137.3768282,         null
 137.3972625,9.3190908e+03
 137.4176971,9.3131338e+03
 137.4381316,9.3174512e+03
 137.4585659,9.3202979e+03
 137.4790005,9.3137861e+03
 137.4994349,9.3132324e+03
 137.5198693,9.3212793e+03
 137.5403037,9.3190244e+03
 137.5607383,9.3162559e+03
 137.5811726,9.3163633e+03
 137.6016071,9.3165732e+03
 137.6220416,9.3206943e+03
 137.6424761,9.3128584e+03
 137.6629105,9.3147080e+03
 137.6833449,9.3164570e+03
 137.7037795,9.3259619e+03
 137.7242138,9.3254590e+03
 137.7446483,9.3128438e+03
 137.7650828,9.3216240e+03
 137.7855172,9.3229629e+03
 137.8059516,9.3239424e+03
 137.8263860,9.3122783e+03
 137.8468205,9.3183330e+03
 137.8672550,9.3186865e+03
 137.8876894,9.3218740e+03
 137.9081238,9.3072646e+03
 137.9285584,9.3114121e+03
 137.9489928,9.3231123e+03
 137.9694272,9.3142441e+03
 137.9898617,9.3203379e+03
 138.0102962,9.3093105e+03
 138.0307305,9.3188457e+03
 138.0511650,9.3164521e+03
 138.0715995,9.3171826e+03
 138.0920340,9.3164404e+03
 138.1124683,9.3170898e+03
 138.1329029,9.3093281e+03
 138.1533373,9.3154893e+03
 138.1737717,9.3128447e+03
 138.1942061,9.3188486e+03
 138.2146407,9.3258096e+03
 138.2350751,9.3211084e+03
 138.2555095,9.3197031e+03
 138.2759440,9.3341123e+03
 138.2963785,9.3188965e+03
 138.3168129,9.3119668e+03
 138.3372473,9.3071455e+03
 138.3576819,9.3110371e+03
 138.3781163,9.3206182e+03
 138.3985507,9.3217070e+03
 138.4189852,9.3244756e+03
 138.4394197,9.3101602e+03
 138.4598540,9.3121787e+03
 138.4802885,9.3204014e+03
 138.5007230,9.3185000e+03
 138.5211574,9.3238418e+03
 138.5415918,9.3132666e+03
 138.5620263,9.3175996e+03
 138.5824607,9.3213662e+03
 138.6028952,9.3156807e+03
 138.6233296,9.3202686e+03
 138.6437641,9.3154111e+03
 138.6641985,9.3177705e+03
 138.6846330,9.3127988e+03
 138.7050673,9.3133193e+03
 138.7255019,9.3147021e+03
 138.7459363,9.3205244e+03
 138.7663707,9.3225225e+03
 138.7868052,9.3173740e+03
 138.8072397,9.3197979e+03
 138.8276740,9.3082783e+03
 138.8481085,9.3202949e+03
 138.8685430,9.3127803e+03
 138.8889775,9.3145283e+03
 138.9094118,9.3115107e+03
 138.9298464,9.3190098e+03
 138.9502808,9.3186709e+03
 138.9707152,9.3143271e+03
 138.9911496,9.3110977e+03
 139.0115842,9.3262900e+03
 139.0320185,9.3150586e+03
 139.0524530,9.3153125e+03
 139.0728875,9.3256670e+03
 139.0933219,9.3135566e+03
 139.1137563,9.3117246e+03
 139.1341908,9.3131240e+03
 139.1546252,9.3208623e+03
 139.1750597,9.3158721e+03
 139.1954941,9.3212695e+03
 139.2159285,9.3223135e+03
 139.2363630,9.3203799e+03
 139.2567975,9.3170986e+03
 139.2772318,9.3253750e+03
 139.2976663,9.3187236e+03
 139.3181008,9.3176924e+03
 139.3385352,9.3208516e+03
 139.3589696,9.3167246e+03
 139.3794041,9.3181670e+03
 139.3998386,9.3157041e+03
 139.4202729,9.3210684e+03
 139.4407075,9.3196631e+03
 139.4611419,9.3091504e+03
 139.4815763,9.3128916e+03
 139.5020107,9.3250811e+03
 139.5224453,9.3194854e+03
 139.5428796,9.3153291e+03
 139.5633141,9.3141543e+03
 139.5837486,9.3226777e+03
 139.6041830,9.3256221e+03
 139.6246174,9.3130713e+03
 139.6450519,9.3237666e+03
 139.6654864,9.3209844e+03
 139.6859207,9.3150078e+03
 139.7063552,9.3155156e+03
 139.7267896,9.3202373e+03
 139.7472241,9.3133721e+03
 139.7676585,9.3116084e+03
 139.7880930,9.3209004e+03
 139.8085274,9.3171592e+03
 139.8289619,9.3192539e+03
 139.8493963,9.3224971e+03
 139.8698308,9.3187822e+03
 139.8902652,9.3169824e+03
 139.9106996,9.3197275e+03
 139.9311341,9.3199492e+03
 139.9515686,9.3135547e+03
 139.9720030,9.3272178e+03
 139.9924374,9.3120781e+03
 140.0128718,9.3224775e+03
 140.0333063,9.3254434e+03
 140.0537408,9.3183711e+03
 140.0741752,9.3200947e+03
 140.0946097,9.3189395e+03
 140.1150441,9.3159844e+03
 140.1354785,9.3227725e+03
 140.1559129,9.3246895e+03
 140.1763474,9.3113740e+03
 140.1967819,9.3256367e+03
 140.2172162,9.3084521e+03
 140.2376508,9.3154980e+03
 140.2580852,9.3220732e+03
 140.2785196,9.3240938e+03
 140.2989540,9.3303145e+03
 140.3193885,9.3184062e+03
 140.3398229,9.3182773e+03
 140.3602573,         null
 140.3806918,9.3309014e+03
 140.4011263,9.3187881e+03
 140.4215607,9.3202100e+03
 140.4419951,9.3105449e+03
 140.4624296,9.3259512e+03
 140.4828640,9.3214678e+03
 140.5032984,9.3356025e+03
 140.5237328,9.3171621e+03
 140.5441673,9.3173760e+03
 140.5646018,9.3342520e+03
 140.5850362,9.3192256e+03
 140.6054706,9.3211836e+03
 140.6259051,9.3243145e+03
 140.6463395,9.3227510e+03
 140.6667739,9.3207588e+03
 140.6872084,9.3217510e+03
 140.7076429,9.3256836e+03
 140.7280772,9.3258662e+03
 140.7485117,9.3197539e+03
 140.7689462,9.3222520e+03
 140.7893805,9.3166338e+03
 140.8098150,9.3175654e+03
 140.8302495,9.3202734e+03
 140.8506839,9.3235225e+03
 140.8711183,9.3151777e+03
 140.8915527,9.3205303e+03
 140.9119873,9.3190049e+03
 140.9324216,9.3127451e+03
 140.9528561,9.3219844e+03
 140.9732906,9.3119951e+03
 140.9937249,9.3229805e+03
 141.0141594,9.3209160e+03
 141.0345938,9.3210518e+03
 141.0550283,9.3232051e+03
 141.0754627,9.3129102e+03
 141.0958971,9.3167549e+03
 141.1163316,9.3267119e+03
 141.1367660,9.3215020e+03
 141.1572005,9.3212197e+03
 141.1776348,9.3238086e+03
 141.1980693,9.3247764e+03
 141.2185038,9.3265088e+03
 141.2389381,9.3195234e+03
 141.2593727,9.3180986e+03
 141.2798071,9.3187158e+03
 141.3002414,9.3208408e+03
 141.3206759,9.3188447e+03
 141.3411104,9.3229688e+03
 141.3615449,9.3240137e+03
 141.3819792,9.3158750e+03
 141.4024136,9.3179600e+03
 141.4228482,9.3167900e+03
 141.4432826,9.3204580e+03
 141.4637169,9.3264473e+03
 141.4841515,9.3187207e+03
 141.5045859,9.3255283e+03
 141.5250203,9.3273516e+03
 141.5454547,9.3185557e+03
 141.5658891,9.3201738e+03
 141.5863237,9.3179688e+03
 141.6067580,9.3176611e+03
 141.6271926,9.3244326e+03
 141.6476270,9.3234150e+03
 141.6680613,9.3264043e+03
 141.6884958,9.3189961e+03
 141.7089303,9.3234102e+03
 141.7293646,9.3260645e+03
 141.7497991,9.3258965e+03
 141.7702336,9.3192197e+03
 141.7906680,9.3197637e+03
 141.8111024,9.3200078e+03
 141.8315368,9.3261621e+03
 141.8519713,9.3194932e+03
 141.8724057,9.3298086e+03
 141.8928401,9.3165215e+03
 141.9132747,9.3206211e+03
 141.9337090,9.3193340e+03
 141.9541434,9.3191816e+03
 141.9745778,9.3211387e+03
 141.9950123,9.3172354e+03
 142.0154468,9.3306484e+03
 142.0358811,9.3210488e+03
 142.0563155,9.3172686e+03
 142.0767501,9.3221973e+03
 142.0971845,9.3314287e+03
 142.1176188,9.3233604e+03
 142.1380534,9.3231484e+03
 142.1584878,9.3234268e+03
 142.1789221,9.3231553e+03
 142.1993566,9.3253184e+03
 142.2197911,9.3280361e+03
 142.2402254,9.3216670e+03
 142.2606599,9.3176016e+03
 142.2810944,9.3208916e+03
 142.3015288,9.3243789e+03
 142.3219632,9.3198047e+03
 142.3423976,9.3166016e+03
 142.3628322,9.3280908e+03
 142.3832665,9.3204307e+03
 142.4037009,9.3221230e+03
 142.4241355,9.3207939e+03
 142.4445698,9.3216758e+03
 142.4650042,9.3289395e+03
 142.4854386,9.3228789e+03
 142.5058731,9.3242510e+03
 142.5263075,9.3144219e+03
 142.5467420,9.3267773e+03
 142.5671763,9.3266211e+03
 142.5876108,9.3233252e+03
 142.6080453,9.3188418e+03
 142.6284796,9.3215967e+03
 142.6489141,9.3216631e+03
 142.6693486,9.3218223e+03
 142.6897829,9.3192012e+03
 142.7102173,9.3265400e+03
 142.7306519,9.3200586e+03
 142.7510862,9.3268350e+03
 142.7715206,9.3271143e+03
 142.7919552,9.3228193e+03
 142.8123895,9.3225869e+03
 142.8328239,9.3265312e+03
 142.8532584,9.3214092e+03
 142.8736929,9.3253535e+03
 142.8941272,9.3238623e+03
 142.9145617,9.3254150e+03
 142.9349962,9.3273213e+03
 142.9554305,9.3120479e+03
 142.9758649,9.3107637e+03
 142.9962993,9.3196582e+03
 143.0167338,9.3112529e+03
 143.0371682,9.3196885e+03
 143.0576027,9.3210684e+03
 143.0780371,9.3224521e+03
 143.0984715,9.3216357e+03
 143.1189060,9.3215283e+03
 143.1393404,9.3191152e+03
 143.1597748,9.3185352e+03
 143.1802093,9.3188555e+03
 143.2006436,9.3203232e+03
 143.2210780,9.3155947e+03
 143.2415126,9.3205176e+03
 143.2619470,9.3200322e+03
 143.2823814,9.3232373e+03
 143.3028158,9.3233994e+03
 143.3232503,9.3205898e+03
 143.3436847,         null
 143.3641190,9.3205938e+03
 143.3845536,9.3244951e+03
 143.4049880,9.3154941e+03
 143.4254223,9.3243701e+03
 143.4458568,9.3222637e+03
 143.4662913,9.3222939e+03
 143.4867256,9.3216758e+03
 143.5071600,9.3195488e+03
 143.5275946,9.3265596e+03
 143.5480290,9.3208389e+03
 143.5684633,9.3194609e+03
 143.5888979,9.3230703e+03
 143.6093323,9.3175410e+03
 143.6297666,9.3285713e+03
 143.6502010,9.3251826e+03
 143.6706356,9.3134170e+03
 143.6910699,9.3214980e+03
 143.7115043,9.3187402e+03
 143.7319387,9.3210938e+03
 143.7523732,9.3253008e+03
 143.7728076,9.3180146e+03
 143.7932420,9.3191807e+03
 143.8136765,9.3177939e+03
 143.8341109,9.3212666e+03
 143.8545453,9.3249648e+03
 143.8749796,9.3157441e+03
 143.8954142,9.3227910e+03
 143.9158486,9.3129756e+03
 143.9362829,9.3204961e+03
 143.9567174,9.3227334e+03
 143.9771519,9.3145908e+03
 143.9975862,9.3192334e+03
 144.0180206,9.3152666e+03
 144.0384552,9.3254922e+03
 144.0588896,9.3188398e+03
 144.0793239,9.3210684e+03
 144.0997584,9.3185127e+03
 144.1201929,9.3193711e+03
 144.1406272,9.3191113e+03
 144.1610616,9.3247061e+03
 144.1814961,9.3156885e+03
 144.2019305,9.3127725e+03
 144.2223649,9.3210098e+03
 144.2427994,9.3208223e+03
 144.2632337,9.3132930e+03
 144.2836682,9.3214268e+03
 144.3041026,9.3215645e+03
 144.3245370,9.3194199e+03
 144.3449714,9.3221035e+03
 144.3654059,9.3226885e+03
 144.3858402,9.3164990e+03
 144.4062747,9.3208408e+03
 144.4267091,9.3300195e+03
 144.4471435,9.3159043e+03
 144.4675780,9.3141572e+03
 144.4880124,9.3210195e+03
 144.5084467,9.3263242e+03
 144.5288812,9.3216445e+03
 144.5493157,9.3113828e+03
 144.5697501,9.3236230e+03
 144.5901844,9.3158057e+03
 144.6106189,9.3213965e+03
 144.6310534,9.3227295e+03
 144.6514877,9.3231797e+03
 144.6719221,9.3159570e+03
 144.6923566,9.3157666e+03
 144.7127910,9.3233438e+03
 144.7332254,9.3131123e+03
 144.7536599,9.3186973e+03
 144.7740942,9.3223936e+03
 144.7945287,9.3224824e+03
 144.8149631,9.3132520e+03
 144.8353976,9.3299043e+03
 144.8558319,9.3189785e+03
 144.8762663,9.3257051e+03
 144.8967008,9.3300449e+03
 144.9171352,9.3191572e+03
 144.9375696,9.3221143e+03
 144.9580040,9.3214980e+03
 144.9784386,9.3232686e+03
 144.9988729,9.3303789e+03
 145.0193073,9.3203975e+03
 145.0397417,9.3262783e+03
 145.0601761,9.3282998e+03
 145.0806106,9.3305537e+03
 145.1010450,9.3247812e+03
 145.1214795,9.3255918e+03
 145.1419138,9.3341025e+03
 145.1623482,9.3213379e+03
 145.1827826,9.3169961e+03
 145.2032171,9.3300674e+03
 145.2236515,9.3306592e+03
 145.2440858,9.3268232e+03
 145.2645203,9.3259678e+03
 145.2849548,9.3316328e+03
 145.3053892,9.3256211e+03
 145.3258235,9.3255449e+03
 145.3462580,9.3267539e+03
 145.3666924,9.3212314e+03
 145.3871268,9.3206904e+03
 145.4075613,9.3262256e+03
 145.4279957,9.3301572e+03
 145.4484300,9.3259189e+03
 145.4688644,9.3284219e+03
 145.4892990,9.3280342e+03
 145.5097333,9.3303018e+03
 145.5301677,9.3279082e+03
 145.5506021,9.3258564e+03
 145.5710366,9.3196670e+03
 145.5914709,9.3260664e+03
 145.6119054,9.3306611e+03
 145.6323399,9.3312373e+03
 145.6527742,9.3356367e+03
 145.6732086,9.3225430e+03
 145.6936429,9.3236963e+03
 145.7140775,9.3221348e+03
 145.7345119,9.3352461e+03
 145.7549463,9.3287549e+03
 145.7753807,9.3290195e+03
 145.7958151,9.3295029e+03
 145.8162495,9.3244287e+03
 145.8366839,9.3256318e+03
 145.8571184,9.3257266e+03
 145.8775528,9.3229512e+03
 145.8979871,9.3256523e+03
 145.9184216,9.3273213e+03
 145.9388560,9.3293252e+03
 145.9592904,9.3262793e+03
 145.9797248,9.3305244e+03
 146.0001593,9.3258828e+03
 146.0205937,9.3219287e+03
 146.0410280,9.3434863e+03
 146.0614625,9.3266924e+03
 146.0818970,9.3270791e+03
 146.1023313,9.3204824e+03
 146.1227657,9.3237959e+03
 146.1432002,9.3280586e+03
 146.1636345,9.3347510e+03
 146.1840689,9.3233330e+03
 146.2045033,9.3335430e+03
 146.2249378,9.3287031e+03
 146.2453722,9.3242725e+03
 146.2658066,9.3254834e+03
 146.2862410,9.3341484e+03
 146.3066754,9.3347744e+03
 146.3271098,         null
 146.3475441,9.3214395e+03
 146.3679787,9.3232588e+03
 146.3884131,9.3307734e+03
 146.4088474,9.3284814e+03
 146.4292819,9.3307021e+03
 146.4497163,9.3243262e+03
 146.4701506,9.3228809e+03
 146.4905851,9.3278623e+03
 146.5110196,9.3285137e+03
 146.5314540,9.3234082e+03
 146.5518883,9.3262217e+03
 146.5723228,9.3221943e+03
 146.5927572,9.3153086e+03
 146.6131916,9.3123291e+03
 146.6336259,9.3133271e+03
 146.6540604,9.3151807e+03
 146.6744949,9.3114072e+03
 146.6949292,9.3110244e+03
 146.7153637,9.3167900e+03
 146.7357981,9.3061611e+03
 146.7562325,9.3211318e+03
 146.7766668,9.3299248e+03
 146.7971013,9.3140303e+03
 146.8175357,9.3228779e+03
 146.8379700,9.3238896e+03
 146.8584045,9.3250264e+03
 146.8788390,9.3197080e+03
 146.8992733,9.3223223e+03
 146.9197077,9.3220137e+03
 146.9401422,9.3280801e+03
 146.9605765,9.3290586e+03
 146.9810109,9.3192441e+03
 147.0014453,9.3201006e+03
 147.0218797,9.3333545e+03
 147.0423142,9.3247129e+03
 147.0627486,9.3302139e+03
 147.0831831,9.3335537e+03
 147.1036174,9.3208350e+03
 147.1240518,9.3290205e+03
 147.1444861,9.3183311e+03
 147.1649206,9.3232549e+03
 147.1853550,9.3284756e+03
 147.2057893,9.3234961e+03
 147.2262238,9.3240469e+03
 147.2466582,9.3253740e+03
 147.2670927,9.3304717e+03
 147.2875270,9.3274756e+03
 147.3079615,9.3318691e+03
 147.3283959,9.3215010e+03
 147.3488302,9.3223643e+03
 147.3692646,9.3199707e+03
 147.3896991,9.3248926e+03
 147.4101334,9.3220684e+03
 147.4305678,9.3245840e+03
 147.4510023,9.3186709e+03
 147.4714366,9.3262998e+03
 147.4918710,9.3193604e+03
 147.5123055,9.3208711e+03
 147.5327400,9.3201924e+03
 147.5531743,9.3235928e+03
 147.5736087,9.3216260e+03
 147.5940432,9.3209268e+03
 147.6144775,9.3276787e+03
 147.6349119,9.3210117e+03
 147.6553462,9.3252490e+03
 147.6757807,9.3243711e+03
 147.6962151,9.3331592e+03
 147.7166494,9.3182217e+03
 147.7370839,9.3201504e+03
 147.7575183,9.3316699e+03
 147.7779527,9.3255371e+03
 147.7983870,9.3240410e+03
 147.8188216,9.3310947e+03
 147.8392560,9.3427676e+03
 147.8596903,9.3285527e+03
 147.8801247,9.3195068e+03
 147.9005592,         null
 147.9209935,9.3210879e+03
 147.9414279,9.3186426e+03
 147.9618624,9.3210947e+03
 147.9822967,9.3153213e+03
 148.0027311,9.3197197e+03
 148.0231655,9.3297998e+03
 148.0436000,9.3268154e+03
 148.0640343,9.3278496e+03
 148.0844687,9.3229834e+03
 148.1049032,9.3246084e+03
 148.1253375,9.3282061e+03
 148.1457719,9.3175762e+03
 148.1662063,9.3267520e+03
 148.1866407,9.3256631e+03
 148.2070751,9.3230186e+03
 148.2275095,9.3208564e+03
 148.2479440,9.3242402e+03
 148.2683783,9.3212959e+03
 148.2888127,9.3199014e+03
 148.3092472,9.3241738e+03
 148.3296816,9.3267988e+03
 148.3501160,9.3222793e+03
 148.3705504,9.3222998e+03
 148.3909847,9.3209541e+03
 148.4114192,9.3178379e+03
 148.4318536,9.3172998e+03
 148.4522880,9.3319561e+03
 148.4727224,9.3246387e+03
 148.4931568,9.3272158e+03
 148.5135912,9.3253057e+03
 148.5340255,9.3194668e+03
 148.5544600,9.3233066e+03
 148.5748944,9.3181758e+03
 148.5953287,9.3271328e+03
 148.6157632,9.3271992e+03
 148.6361976,9.3243418e+03
 148.6566319,9.3281738e+03
 148.6770663,9.3349805e+03
 148.6975008,9.3207090e+03
 148.7179351,9.3255879e+03
 148.7383695,9.3283398e+03
 148.7588040,9.3274678e+03
 148.7792384,9.3300000e+03
 148.7996727,9.3276201e+03
 148.8201071,9.3246582e+03
 148.8405416,9.3237305e+03
 148.8609759,9.3200635e+03
 148.8814103,9.3238701e+03
 148.9018448,9.3257100e+03
 148.9222791,9.3263984e+03
 148.9427135,9.3317666e+03
 148.9631479,9.3243281e+03
 148.9835823,9.3333506e+03
 149.0040167,9.3189570e+03
 149.0244511,9.3283037e+03
 149.0448854,9.3314668e+03
 149.0653199,9.3405762e+03
 149.0857543,9.3265312e+03
 149.1061886,9.3284307e+03
 149.1266231,9.3256797e+03
 149.1470575,9.3276533e+03
 149.1674918,9.3306299e+03
 149.1879262,9.3268730e+03
 149.2083607,9.3187139e+03
 149.2287950,9.3266123e+03
 149.2492293,9.3259346e+03
 149.2696638,9.3299668e+03
 149.2900982,9.3215703e+03
 149.3105325,         null
 149.3309669,9.3355439e+03
 149.3514014,9.3268535e+03
 149.3718357,9.3202920e+03
 149.3922701,9.3233301e+03
 149.4127046,9.3333867e+03
 149.4331389,9.3303535e+03
 149.4535733,9.3309531e+03
 149.4740077,9.3287559e+03
 149.4944421,9.3308604e+03
 149.5148765,9.3223281e+03
 149.5353109,9.3206670e+03
 149.5557454,9.3335312e+03
 149.5761797,9.3200996e+03
 149.5966141,9.3285371e+03
 149.6170484,9.3321865e+03
 149.6374829,9.3258389e+03
 149.6579173,9.3273213e+03
 149.6783516,9.3245254e+03
 149.6987859,9.3213594e+03
 149.7192204,9.3244609e+03
 149.7396548,9.3286904e+03
 149.7600891,9.3242451e+03
 149.7805236,9.3304336e+03
 149.8009580,9.3219199e+03
 149.8213923,9.3229277e+03
 149.8418267,9.3255166e+03
 149.8622612,9.3202500e+03
 149.8826956,9.3311738e+03
 149.9031299,9.3250498e+03
 149.9235644,9.3234375e+03
 149.9439988,9.3219248e+03
 149.9644332,9.3255645e+03
 149.9848675,9.3315361e+03
 150.0053019,9.3274395e+03
 150.0257363,9.3277451e+03
 150.0461706,9.3275205e+03
 150.0666051,9.3277510e+03
 150.0870395,9.3281074e+03
 150.1074738,9.3180625e+03
 150.1279082,9.3284863e+03
 150.1483427,9.3305439e+03
 150.1687770,9.3301318e+03
 150.1892114,9.3210186e+03
 150.2096459,9.3288682e+03
 150.2300802,9.3253262e+03
 150.2505145,9.3293896e+03
 150.2709489,9.3244756e+03
 150.2913834,9.3206299e+03
 150.3118177,9.3297793e+03
 150.3322521,9.3253164e+03
 150.3526864,9.3330283e+03
 150.3731209,9.3318945e+03
 150.3935553,9.3272842e+03
 150.4139896,9.3281475e+03
 150.4344241,9.3294512e+03
 150.4548584,9.3266455e+03
 150.4752928,9.3361465e+03
 150.4957271,9.3354561e+03
 150.5161616,9.3409873e+03
 150.5365960,9.3317988e+03
 150.5570303,9.3311641e+03
 150.5774648,9.3244932e+03
 150.5978992,9.3346064e+03
 150.6183335,9.3311172e+03
 150.6387678,9.3225039e+03
 150.6592023,9.3239121e+03
 150.6796366,9.3264180e+03
 150.7000710,9.3340605e+03
 150.7205055,9.3264248e+03
 150.7409399,9.3253477e+03
 150.7613742,9.3285312e+03
 150.7818086,9.3255518e+03
 150.8022430,9.3348135e+03
 150.8226773,9.3246357e+03
 150.8431117,9.3276553e+03
 150.8635462,9.3340107e+03
 150.8839805,9.3194932e+03
 150.9044149,9.3250361e+03
 150.9248493,9.3278301e+03
 150.9452837,9.3187432e+03
 150.9657180,9.3302236e+03
 150.9861524,9.3298652e+03
 151.0065867,9.3349541e+03
 151.0270212,9.3247617e+03
 151.0474556,9.3207061e+03
 151.0678899,9.3268242e+03
 151.0883244,9.3321016e+03
 151.1087587,9.3292520e+03
 151.1291930,9.3219775e+03
 151.1496274,9.3231406e+03
 151.1700619,9.3251016e+03
 151.1904962,9.3303320e+03
 151.2109306,9.3332100e+03
 151.2313650,9.3283574e+03
 151.2517994,9.3338965e+03
 151.2722337,9.3275596e+03
 151.2926681,9.3329238e+03
 151.3131026,9.3293369e+03
 151.3335369,9.3279512e+03
 151.3539713,9.3258623e+03
 151.3744057,9.3242432e+03
 151.3948400,9.3297471e+03
 151.4152744,9.3249932e+03
 151.4357088,9.3184492e+03
 151.4561432,9.3244756e+03
 151.4765776,9.3263711e+03
 151.4970119,9.3265146e+03
 151.5174463,9.3208105e+03
 151.5378807,9.3253779e+03
 151.5583151,9.3178818e+03
 151.5787495,9.3330830e+03
 151.5991839,9.3368906e+03
 151.6196182,9.3306592e+03
 151.6400526,9.3231260e+03
 151.6604870,         null
 151.6809214,9.3352646e+03
 151.7013558,9.3273047e+03
 151.7217901,9.3270059e+03
 151.7422245,9.3325215e+03
 151.7626589,9.3382920e+03
 151.7830933,9.3333223e+03
 151.8035276,9.3243721e+03
 151.8239620,9.3255596e+03
 151.8443964,9.3300391e+03
 151.8648307,9.3291348e+03
 151.8852652,9.3351670e+03
 151.9056996,9.3333008e+03
 151.9261338,9.3305801e+03
 151.9465682,9.3359775e+03
 151.9670027,9.3352568e+03
 151.9874371,9.3197324e+03
 152.0078714,9.3285996e+03
 152.0283058,9.3338760e+03
 152.0487402,9.3322100e+03
 152.0691745,9.3351396e+03
 152.0896089,9.3314131e+03
 152.1100433,9.3254746e+03
 152.1304776,9.3310527e+03
 152.1509120,9.3341670e+03
 152.1713464,9.3280840e+03
 152.1917808,9.3387939e+03
 152.2122151,9.3302529e+03
 152.2326495,9.3460068e+03
 152.2530840,9.3293477e+03
 152.2735183,9.3361279e+03
 152.2939527,         null
 152.3143869,9.3292129e+03
 152.3348214,9.3344697e+03
 152.3552558,9.3383545e+03
 152.3756901,9.3246650e+03
 152.3961245,9.3273574e+03
 152.4165589,9.3283262e+03
 152.4369933,9.3336094e+03
 152.4574276,9.3305557e+03
 152.4778620,9.3317480e+03
 152.4982964,9.3277266e+03
 152.5187307,9.3338584e+03
 152.5391652,9.3286230e+03
 152.5595995,9.3364297e+03
 152.5800338,9.3391445e+03
 152.6004682,9.3310381e+03
 152.6209027,9.3313242e+03
 152.6413369,9.3424971e+03
 152.6617713,         null
 152.6822057,9.3275654e+03
 152.7026401,9.3318125e+03
 152.7230744,9.3357188e+03
 152.7435088,9.3374492e+03
 152.7639433,9.3305635e+03
 152.7843776,9.3288496e+03
 152.8048119,9.3326201e+03
 152.8252462,9.3299951e+03
 152.8456807,9.3289463e+03
 152.8661151,9.3302314e+03
 152.8865493,9.3337451e+03
 152.9069838,9.3246631e+03
 152.9274182,9.3342441e+03
 152.9478526,9.3319053e+03
 152.9682868,9.3233965e+03
 152.9887213,9.3332275e+03
 153.0091557,9.3252646e+03
 153.0295899,9.3237793e+03
 153.0500244,9.3275674e+03
 153.0704588,9.3312061e+03
 153.0908931,9.3320400e+03
 153.1113274,9.3236562e+03
 153.1317619,9.3359180e+03
 153.1521962,9.3256406e+03
 153.1726305,9.3355205e+03
 153.1930649,9.3255430e+03
 153.2134994,9.3363564e+03
 153.2339338,9.3330215e+03
 153.2543680,9.3352324e+03
 153.2748025,9.3303389e+03
 153.2952369,9.3312949e+03
 153.3156711,9.3257256e+03
 153.3361055,9.3238369e+03
 153.3565399,9.3310625e+03
 153.3769742,9.3435029e+03
 153.3974086,9.3325381e+03
 153.4178431,9.3337549e+03
 153.4382775,9.3302031e+03
 153.4587117,9.3206416e+03
 153.4791461,9.3299639e+03
 153.4995806,9.3251338e+03
 153.5200148,9.3316592e+03
 153.5404492,9.3273398e+03
 153.5608837,9.3235557e+03
 153.5813179,9.3246934e+03
 153.6017523,9.3289873e+03
 153.6221867,9.3340557e+03
 153.6426210,9.3221768e+03
 153.6630554,9.3266328e+03
 153.6834898,9.3270332e+03
 153.7039240,9.3308477e+03
 153.7243585,9.3295879e+03
 153.7447929,9.3285205e+03
 153.7652272,9.3279102e+03
 153.7856616,9.3317217e+03
 153.8060960,9.3233633e+03
 153.8265303,9.3303164e+03
 153.8469646,9.3263701e+03
 153.8673991,9.3272266e+03
 153.8878333,9.3244395e+03
 153.9082677,9.3320537e+03
 153.9287022,9.3220010e+03
 153.9491365,9.3251621e+03
 153.9695708,9.3287129e+03
 153.9900052,9.3266045e+03
 154.0104396,9.3362852e+03
 154.0308739,9.3194355e+03
 154.0513083,9.3260684e+03
 154.0717427,9.3229971e+03
 154.0921770,9.3213018e+03
 154.1126114,9.3251973e+03
 154.1330457,9.3316484e+03
 154.1534801,9.3268867e+03
 154.1739145,9.3255625e+03
 154.1943488,9.3400127e+03
 154.2147832,9.3256533e+03
 154.2352176,9.3194766e+03
 154.2556519,9.3246904e+03
 154.2760862,9.3230654e+03
 154.2965206,9.3154883e+03
 154.3169550,9.3246172e+03
 154.3373893,9.3241201e+03
 154.3578236,9.3191494e+03
 154.3782581,9.3153975e+03
 154.3986924,9.3200605e+03
 154.4191267,9.3255586e+03
 154.4395612,9.3230186e+03
 154.4599955,9.3234404e+03
 154.4804298,9.3302344e+03
 154.5008642,9.3261719e+03
 154.5212986,9.3288232e+03
 154.5417329,9.3223301e+03
 154.5621673,9.3105918e+03
 154.5826017,9.3232617e+03
 154.6030360,9.3160947e+03
 154.6234703,9.3173506e+03
 154.6439047,9.3235898e+03
 154.6643391,9.3177275e+03
 154.6847734,9.3230547e+03
 154.7052078,9.3227178e+03
 154.7256422,9.3250020e+03
 154.7460765,9.3198398e+03
 154.7665109,9.3292422e+03
 154.7869452,9.3268389e+03
 154.8073796,9.3196035e+03
 154.8278139,9.3295361e+03
 154.8482482,9.3201846e+03
 154.8686827,9.3243525e+03
 154.8891170,9.3192578e+03
 154.9095514,9.3195166e+03
 154.9299857,9.3200127e+03
 154.9504201,9.3246924e+03
 154.9708545,9.3206924e+03
 154.9912888,9.3201367e+03
 155.0117231,9.3266123e+03
 155.0321575,9.3173164e+03
 155.0525919,9.3210664e+03
 155.0730261,9.3155332e+03
 155.0934606,9.3165195e+03
 155.1138950,9.3224668e+03
 155.1343292,9.3110225e+03
 155.1547636,9.3231436e+03
 155.1751980,9.3227920e+03
 155.1956324,9.3153994e+03
 155.2160666,9.3213809e+03
 155.2365010,9.3165156e+03
 155.2569355,9.3137930e+03
 155.2773697,         null
 155.2978041,9.3193311e+03
 155.3182385,9.3221904e+03
 155.3386728,9.3158164e+03
 155.3591071,9.3191748e+03
 155.3795415,9.3207070e+03
 155.3999758,9.3171689e+03
 155.4204102,9.3231055e+03
 155.4408446,9.3172959e+03
 155.4612790,9.3208125e+03
 155.4817133,9.3161943e+03
 155.5021476,9.3166064e+03
 155.5225819,9.3188252e+03
 155.5430163,9.3194258e+03
 155.5634507,         null
 155.5838849,9.3171650e+03
 155.6043194,9.3224375e+03
 155.6247537,9.3301973e+03
 155.6451881,9.3210176e+03
 155.6656224,9.3120596e+03
 155.6860568,9.3241270e+03
 155.7064912,9.3293447e+03
 155.7269254,9.3178877e+03
 155.7473598,9.3152734e+03
 155.7677942,9.3155869e+03
 155.7882285,9.3135615e+03
 155.8086628,9.3183096e+03
 155.8290973,9.3298799e+03
 155.8495315,9.3184707e+03
 155.8699659,9.3227793e+03
 155.8904002,9.3187578e+03
 155.9108347,9.3116680e+03
 155.9312689,9.3243975e+03
 155.9517033,9.3170176e+03
 155.9721377,9.3187305e+03
 155.9925720,9.3217275e+03
 156.0130063,9.3213066e+03
 156.0334406,9.3235439e+03
 156.0538750,9.3140703e+03
 156.0743094,9.3190049e+03
 156.0947437,9.3166777e+03
 156.1151781,9.3178926e+03
 156.1356124,9.3138291e+03
 156.1560468,9.3183330e+03
 156.1764810,9.3137568e+03
 156.1969155,9.3092510e+03
 156.2173498,9.3202803e+03
 156.2377841,9.3170371e+03
 156.2582184,9.3137607e+03
 156.2786529,9.3120566e+03
 156.2990871,9.3160967e+03
 156.3195215,9.3198096e+03
 156.3399559,9.3201484e+03
 156.3603902,9.3116162e+03
 156.3808245,9.3185059e+03
 156.4012589,9.3117734e+03
 156.4216933,9.3225137e+03
 156.4421276,9.3114316e+03
 156.4625619,9.3130244e+03
 156.4829964,9.3200889e+03
 156.5034306,9.3227080e+03
 156.5238650,9.3164834e+03
 156.5442993,9.3042412e+03
 156.5647336,9.3104053e+03
 156.5851680,9.3098535e+03
 156.6056023,9.3180000e+03
 156.6260367,9.3143477e+03
 156.6464710,9.3249844e+03
 156.6669054,9.3154131e+03
 156.6873397,9.3164502e+03
 156.7077741,9.3169492e+03
 156.7282084,9.3211650e+03
 156.7486428,9.3154346e+03
 156.7690770,9.3214404e+03
 156.7895114,9.3196768e+03
 156.8099458,9.3188623e+03
 156.8303801,9.3170166e+03
 156.8508145,9.3157090e+03
 156.8712488,9.3110117e+03
 156.8916832,9.3137119e+03
 156.9121174,9.3199209e+03
 156.9325519,9.3105020e+03
 156.9529862,9.3181533e+03
 156.9734204,9.3170957e+03
 156.9938549,9.3218477e+03
 157.0142892,9.3192627e+03
 157.0347235,9.3100684e+03
 157.0551578,9.3180303e+03
 157.0755923,9.3181299e+03
 157.0960265,9.3073330e+03
 157.1164608,9.3248535e+03
 157.1368953,9.3145049e+03
 157.1573296,9.3119189e+03
 157.1777639,9.3197139e+03
 157.1981982,9.3107617e+03
 157.2186327,9.3169395e+03
 157.2390669,9.3152783e+03
 157.2595012,9.3103408e+03
 157.2799356,9.3137725e+03
 157.3003699,9.3176973e+03
 157.3208043,9.3111357e+03
 157.3412386,9.3147588e+03
 157.3616729,9.3145264e+03
 157.3821073,9.3169189e+03
 157.4025416,9.3132207e+03
 157.4229759,9.3115615e+03
 157.4434103,9.3164492e+03
 157.4638446,9.3269502e+03
 157.4842789,9.3171865e+03
 157.5047133,9.3152314e+03
 157.5251477,9.3124814e+03
 157.5455819,9.3159785e+03
 157.5660162,9.3100566e+03
 157.5864507,9.3128438e+03
 157.6068849,9.3198057e+03
 157.6273193,9.3265908e+03
 157.6477537,9.3151797e+03
 157.6681880,9.3116016e+03
 157.6886223,9.3067705e+03
 157.7090566,9.3143965e+03
 157.7294910,9.3130684e+03
 157.7499253,9.3060508e+03
 157.7703596,9.3130713e+03
 157.7907941,9.3217148e+03
 157.8112283,9.3157158e+03
 157.8316626,9.3158965e+03
 157.8520970,9.3106680e+03
 157.8725313,9.3152061e+03
 157.8929656,9.3142783e+03
 157.9134000,9.3231484e+03
 157.9338342,9.3107598e+03
 157.9542686,9.3154043e+03
 157.9747030,9.3168633e+03
 157.9951372,9.3195850e+03
 158.0155717,9.3140898e+03
 158.0360060,9.3143896e+03
 158.0564402,9.3149922e+03
 158.0768746,9.3215703e+03
 158.0973090,9.3146113e+03
 158.1177433,9.3174746e+03
 158.1381776,9.3161113e+03
 158.1586120,9.3180381e+03
 158.1790463,9.3162471e+03
 158.1994806,9.3321123e+03
 158.2199149,9.3127822e+03
 158.2403493,9.3070459e+03
 158.2607836,         null
 158.2812179,9.3120859e+03
 158.3016523,9.3231152e+03
 158.3220867,9.3051025e+03
 158.3425209,9.3124873e+03
 158.3629552,9.3138623e+03
 158.3833897,9.3175264e+03
 158.4038240,9.3195264e+03
 158.4242582,9.3202002e+03
 158.4446926,9.3013770e+03
 158.4651270,9.3064375e+03
 158.4855612,9.3069805e+03
 158.5059956,9.3089932e+03
 158.5264300,9.3158857e+03
 158.5468642,9.3128320e+03
 158.5672985,9.3130479e+03
 158.5877329,9.3206523e+03
 158.6081672,9.3158613e+03
 158.6286015,9.3144785e+03
 158.6490359,9.3161514e+03
 158.6694703,9.3183389e+03
 158.6899045,9.3213613e+03
 158.7103389,9.3189336e+03
 158.7307731,9.3216973e+03
 158.7512075,9.3168555e+03
 158.7716418,9.3087188e+03
 158.7920762,9.3118457e+03
 158.8125105,9.3188027e+03
 158.8329448,9.3218320e+03
 158.8533792,9.3099082e+03
 158.8738134,9.3078896e+03
 158.8942478,9.3191211e+03
 158.9146821,9.3207725e+03
 158.9351164,9.3142773e+03
 158.9555508,9.3202256e+03
 158.9759851,9.3212734e+03
 158.9964194,9.3167812e+03
 159.0168537,9.3194111e+03
 159.0372881,9.3213887e+03
 159.0577223,9.3196143e+03
 159.0781567,9.3173613e+03
 159.0985910,9.3193379e+03
 159.1190254,9.3186885e+03
 159.1394596,9.3143428e+03
 159.1598940,9.3181787e+03
 159.1803284,9.3199424e+03
 159.2007626,9.3178027e+03
 159.2211969,9.3151680e+03
 159.2416312,9.3106230e+03
 159.2620656,9.3134297e+03
 159.2824999,9.3204297e+03
 159.3029342,9.3136270e+03
 159.3233686,9.3120869e+03
 159.3438029,9.3193730e+03
 159.3642372,9.3184170e+03
 159.3846714,9.3266953e+03
 159.4051059,9.3114258e+03
 159.4255402,9.3123232e+03
 159.4459744,9.3157041e+03
 159.4664088,9.3099131e+03
 159.4868432,9.3173271e+03
 159.5072774,9.3192754e+03
 159.5277117,9.3156592e+03
 159.5481461,9.3197559e+03
 159.5685804,9.3190146e+03
 159.5890147,9.3186221e+03
 159.6094490,9.3194727e+03
 159.6298834,9.3107930e+03
 159.6503176,9.3136084e+03
 159.6707520,9.3121689e+03
 159.6911864,9.3361885e+03
 159.7116206,9.3060107e+03
 159.7320549,9.3143350e+03
 159.7524893,9.3156543e+03
 159.7729236,9.3176152e+03
 159.7933579,9.3236787e+03
 159.8137922,9.3192812e+03
 159.8342265,9.3184053e+03
 159.8546609,9.3135391e+03
 159.8750952,9.3199297e+03
 159.8955294,9.3150215e+03
 159.9159638,9.3228691e+03
 159.9363981,9.3102959e+03
 159.9568325,9.3150205e+03
 159.9772668,9.3193691e+03
 159.9977011,9.3093145e+03
 160.0181354,9.3080801e+03
 160.0385697,9.3156689e+03
 160.0590041,9.3196152e+03
 160.0794384,9.3287939e+03
 160.0998727,9.3149082e+03
 160.1203069,9.3125801e+03
 160.1407413,9.3220840e+03
 160.1611756,9.3212939e+03
 160.1816099,9.3130869e+03
 160.2020443,9.3212764e+03
 160.2224786,9.3255000e+03
 160.2429128,9.3140723e+03
 160.2633471,9.3189717e+03
 160.2837816,9.3173086e+03
 160.3042158,9.3197412e+03
 160.3246501,9.3160928e+03
 160.3450845,9.3097207e+03
 160.3655188,9.3233770e+03
 160.3859530,9.3220742e+03
 160.4063874,9.3176064e+03
 160.4268218,9.3160635e+03
 160.4472560,9.3195596e+03
 160.4676903,9.3171006e+03
 160.4881247,9.3142930e+03
 160.5085589,9.3164736e+03
 160.5289932,9.3177148e+03
 160.5494276,9.3185742e+03
 160.5698619,9.3125654e+03
 160.5902962,9.3196953e+03
 160.6107305,9.3095293e+03
 160.6311647,9.3241152e+03
 160.6515991,9.3169023e+03
 160.6720334,9.3139414e+03
 160.6924677,9.3206094e+03
 160.7129021,9.3197217e+03
 160.7333364,9.3202695e+03
 160.7537706,9.3134873e+03
 160.7742049,9.3217109e+03
 160.7946393,9.3253877e+03
 160.8150736,9.3224443e+03
 160.8355078,9.3170371e+03
 160.8559423,9.3167148e+03
 160.8763766,9.3260137e+03
 160.8968108,9.3134932e+03
 160.9172451,9.3221465e+03
 160.9376795,9.3212910e+03
 160.9581137,9.3197783e+03
 160.9785480,9.3155059e+03
 160.9989824,9.3177236e+03
 161.0194166,9.3191689e+03
 161.0398510,9.3190176e+03
 161.0602853,9.3266826e+03
 161.0807196,9.3178740e+03
 161.1011539,9.3132773e+03
 161.1215882,9.3086943e+03
 161.1420226,9.3176777e+03
 161.1624568,9.3172656e+03
 161.1828911,9.3201104e+03
 161.2033253,9.3351689e+03
 161.2237597,9.3195898e+03
 161.2441941,         null
 161.2646284,9.3193828e+03
 161.2850626,9.3202852e+03
 161.3054970,9.3382314e+03
 161.3259313,9.3233896e+03
 161.3463655,9.3246455e+03
 161.3667999,9.3187402e+03
 161.3872342,9.3121230e+03
 161.4076684,9.3317510e+03
 161.4281027,9.3214746e+03
 161.4485371,9.3201650e+03
 161.4689713,9.3174336e+03
 161.4894056,9.3154785e+03
 161.5098401,9.3174580e+03
 161.5302743,9.3158555e+03
 161.5507086,9.3145273e+03
 161.5711429,9.3188740e+03
 161.5915773,9.3197852e+03
 161.6120115,9.3140986e+03
 161.6324458,9.3117744e+03
 161.6528802,9.3254629e+03
 161.6733145,9.3198613e+03
 161.6937487,9.3187803e+03
 161.7141830,9.3141738e+03
 161.7346174,9.3180283e+03
 161.7550516,9.3177539e+03
 161.7754859,9.3156387e+03
 161.7959202,9.3248896e+03
 161.8163545,9.3272373e+03
 161.8367888,9.3163975e+03
 161.8572231,9.3191064e+03
 161.8776575,9.3241680e+03
 161.8980917,9.3188828e+03
 161.9185261,9.3203604e+03
 161.9389603,9.3189678e+03
 161.9593947,9.3260059e+03
 161.9798290,9.3163975e+03
 162.0002633,9.3246719e+03
 162.0206976,9.3170869e+03
 162.0411319,9.3199912e+03
 162.0615662,9.3176240e+03
 162.0820004,9.3164541e+03
 162.1024348,9.3270273e+03
 162.1228691,9.3178770e+03
 162.1433033,9.3174092e+03
 162.1637377,9.3142520e+03
 162.1841720,9.3183730e+03
 162.2046062,9.3194150e+03
 162.2250405,9.3201230e+03
 162.2454749,9.3142021e+03
 162.2659091,9.3177373e+03
 162.2863434,9.3249033e+03
 162.3067778,9.3168896e+03
 162.3272121,9.3186318e+03
 162.3476463,9.3111094e+03
 162.3680806,9.3138164e+03
 162.3885150,9.3116211e+03
 162.4089492,9.3157246e+03
 162.4293835,9.3197432e+03
 162.4498177,9.3207256e+03
 162.4702521,9.3250254e+03
 162.4906864,9.3138555e+03
 162.5111201,9.3177910e+03
 162.5315545,9.3169365e+03
 162.5519887,9.3166270e+03
 162.5724230,9.3198652e+03
 162.5928573,9.3250908e+03
 162.6132917,9.3233730e+03
 162.6337258,9.3306787e+03
 162.6541601,9.3218027e+03
 162.6745945,9.3201924e+03
 162.6950287,9.3258115e+03
 162.7154630,9.3227197e+03
 162.7358973,9.3167275e+03
 162.7563316,9.3266641e+03
 162.7767659,9.3242842e+03
 162.7972002,9.3171885e+03
 162.8176345,9.3186016e+03
 162.8380688,9.3202266e+03
 162.8585031,9.3208857e+03
 162.8789373,9.3224590e+03
 162.8993717,9.3216982e+03
 162.9198060,9.3218193e+03
 162.9402402,9.3228857e+03
 162.9606745,9.3289521e+03
 162.9811089,9.3176104e+03
 163.0015431,9.3263887e+03
 163.0219774,9.3280889e+03
 163.0424117,9.3272168e+03
 163.0628460,9.3267041e+03
 163.0832802,9.3319941e+03
 163.1037145,9.3250537e+03
 163.1241489,9.3145938e+03
 163.1445831,9.3254062e+03
 163.1650174,9.3243887e+03
 163.1854518,9.3246943e+03
 163.2058860,9.3254102e+03
 163.2263203,9.3245527e+03
 163.2467546,9.3200674e+03
 163.2671889,9.3263477e+03
 163.2876232,9.3194600e+03
 163.3080574,9.3203125e+03
 163.3284918,9.3197148e+03
 163.3489260,9.3254795e+03
 163.3693603,9.3269502e+03
 163.3897945,9.3180137e+03
 163.4102289,9.3168066e+03
 163.4306632,9.3208262e+03
 163.4510974,9.3245029e+03
 163.4715318,9.3244229e+03
 163.4919661,9.3226934e+03
 163.5124003,9.3255273e+03
 163.5328345,9.3258926e+03
 163.5532689,9.3241865e+03
 163.5737032,9.3196455e+03
 163.5941374,9.3169414e+03
 163.6145717,9.3314912e+03
 163.6350061,9.3242979e+03
 163.6554403,9.3198779e+03
 163.6758746,9.3259521e+03
 163.6963089,9.3231445e+03
 163.7167431,9.3257510e+03
 163.7371774,9.3175068e+03
 163.7576117,9.3082246e+03
 163.7780460,9.2920918e+03
 163.7984803,9.2799375e+03
 163.8189146,9.2588896e+03
 163.8393489,9.2512012e+03
 163.8597831,9.2642080e+03
 163.8802174,9.2447002e+03
 163.9006516,9.2449395e+03
 163.9210860,9.2498047e+03
 163.9415203,9.2527930e+03
 163.9619546,9.2611641e+03
 163.9823888,9.2663281e+03
 164.0028231,9.2918350e+03
 164.0232574,9.3105439e+03
 164.0436916,9.3323027e+03
 164.0641260,9.3226230e+03
 164.0845603,9.3284424e+03
 164.1049945,9.3276328e+03
 164.1254287,9.3226094e+03
 164.1458631,9.3197979e+03
 164.1662973,9.3242012e+03
 164.1867316,9.3235615e+03
 164.2071660,9.3293691e+03
 164.2276002,         null
 164.2480344,9.3355146e+03
 164.2684687,9.3324297e+03
 164.2889030,9.3208906e+03
 164.3093373,9.3287041e+03
 164.3297716,9.3316768e+03
 164.3502059,9.3276191e+03
 164.3706402,9.3219697e+03
 164.3910744,9.3229473e+03
 164.4115087,9.3268887e+03
 164.4319430,9.3315908e+03
 164.4523772,9.3316035e+03
 164.4728115,9.3265166e+03
 164.4932459,9.3273408e+03
 164.5136801,9.3265264e+03
 164.5341144,9.3297617e+03
 164.5545486,9.3262373e+03
 164.5749829,9.3298584e+03
 164.5954172,9.3227178e+03
 164.6158515,9.3303369e+03
 164.6362857,9.3283535e+03
 164.6567200,9.3306484e+03
 164.6771543,9.3259678e+03
 164.6975886,9.3280518e+03
 164.7180229,9.3286523e+03
 164.7384572,9.3281436e+03
 164.7588914,9.3329502e+03
 164.7793256,9.3260049e+03
 164.7997600,9.3276816e+03
 164.8201943,9.3316084e+03
 164.8406284,9.3248799e+03
 164.8610628,9.3290264e+03
 164.8814971,9.3335635e+03
 164.9019313,9.3280830e+03
 164.9223656,9.3257344e+03
 164.9427999,9.3250645e+03
 164.9632341,9.3177275e+03
 164.9836684,9.3242031e+03
