        TIME,  PDCSAP_FLUX
 131.5122997,1.1604076e+04
 131.5327343,1.1598395e+04
 131.5531689,1.1603693e+04
 131.5736033,1.1600118e+04
 131.5940379,1.1596788e+04
 131.6144725,1.1604794e+04
 131.6349070,1.1602987e+04
 131.6553415,1.1602388e+04
 131.6757762,1.1595683e+04
 131.6962107,1.1603557e+04
 131.7166452,1.1600418e+04
 131.7370797,1.1607112e+04
 131.7575144,1.1600791e+04
 131.7779488,1.1612038e+04
 131.7983834,1.1607464e+04
 131.8188180,1.1603011e+04
 131.8392525,1.1601327e+04
 131.8596870,1.1609592e+04
 131.8801216,1.1608282e+04
 131.9005561,1.1601138e+04
 131.9209907,1.1604038e+04
 131.9414252,1.1606256e+04
 131.9618598,1.1602840e+04
 131.9822943,1.1605311e+04
 132.0027288,1.1605756e+04
 132.0231633,1.1618144e+04
 132.0435979,1.1603594e+04
 132.0640325,1.1601652e+04
 132.0844669,1.1606436e+04
 132.1049015,1.1606973e+04
 132.1253361,1.1603856e+04
 132.1457706,1.1598437e+04
 132.1662051,1.1594102e+04
 132.1866398,1.1599805e+04
 132.2070743,1.1605543e+04
 132.2275088,1.1597871e+04
 132.2479433,1.1593500e+04
 132.2683780,1.1598303e+04
 132.2888124,1.1595869e+04
 132.3092470,1.1593262e+04
 132.3296816,1.1592794e+04
 132.3501161,1.1605019e+04
 132.3705506,1.1593110e+04
 132.3909852,1.1600949e+04
 132.4114197,1.1597021e+04
 132.4318542,1.1593907e+04
 132.4522888,1.1596003e+04
 132.4727234,1.1608188e+04
 132.4931579,1.1596958e+04
 132.5135924,1.1604020e+04
 132.5340269,1.1608005e+04
 132.5544615,1.1607657e+04
 132.5748961,1.1601087e+04
 132.5953305,1.1597140e+04
 132.6157652,1.1602323e+04
 132.6361997,1.1600904e+04
 132.6566343,1.1596672e+04
 132.6770687,1.1598520e+04
 132.6975033,1.1599150e+04
 132.7179379,1.1604738e+04
 132.7383723,1.1602838e+04
 132.7588070,1.1597521e+04
 132.7792415,1.1608991e+04
 132.7996760,1.1601226e+04
 132.8201105,1.1601593e+04
 132.8405452,1.1601697e+04
 132.8609796,1.1602552e+04
 132.8814142,1.1603192e+04
 132.9018488,1.1601230e+04
 132.9222832,1.1599170e+04
 132.9427178,1.1598003e+04
 132.9631523,1.1599905e+04
 132.9835870,1.1600532e+04
 133.0040214,1.1600991e+04
 133.0244560,1.1601100e+04
 133.0448905,1.1605199e+04
 133.0653251,1.1598652e+04
 133.0857596,1.1598929e+04
 133.1061941,1.1596372e+04
 133.1266287,1.1602817e+04
 133.1470632,1.1601269e+04
 133.1674978,1.1600951e+04
 133.1879323,1.1591763e+04
 133.2083670,1.1598297e+04
 133.2288014,1.1596312e+04
 133.2492360,1.1595377e+04
 133.2696705,1.1600030e+04
 133.2901050,1.1594213e+04
 133.3105396,1.1595513e+04
 133.3309740,1.1597578e+04
 133.3514087,1.1603603e+04
 133.3718432,1.1603451e+04
 133.3922778,1.1604151e+04
 133.4127123,1.1591123e+04
 133.4331468,1.1595446e+04
 133.4535814,1.1594668e+04
 133.4740158,1.1598117e+04
 133.4944505,1.1592031e+04
 133.5148850,1.1595095e+04
 133.5353195,1.1600050e+04
 133.5557541,1.1596164e+04
 133.5761886,1.1597253e+04
 133.5966231,1.1595110e+04
 133.6170576,1.1593016e+04
 133.6374923,1.1597352e+04
 133.6579268,1.1606277e+04
 133.6783613,1.1599674e+04
 133.6987959,1.1591513e+04
 133.7192304,1.1598094e+04
 133.7396649,1.1595806e+04
 133.7600994,1.1594346e+04
 133.7805341,1.1598108e+04
 133.8009685,1.1598159e+04
 133.8214031,1.1596784e+04
 133.8418376,1.1593396e+04
 133.8622721,1.1590977e+04
 133.8827067,1.1586020e+04
 133.9031412,1.1583229e+04
 133.9235758,1.1585549e+04
 133.9440103,1.1603526e+04
 133.9644448,1.1594359e+04
 133.9848793,1.1601697e+04
 134.0053139,1.1604433e+04
 134.0257485,1.1597956e+04
 134.0461829,1.1599231e+04
 134.0666175,1.1597163e+04
 134.0870521,1.1591700e+04
 134.1074865,1.1601368e+04
 134.1279211,1.1597790e+04
 134.1483557,1.1598095e+04
 134.1687902,1.1599951e+04
 134.1892247,1.1601571e+04
 134.2096593,1.1601259e+04
 134.2300939,1.1601323e+04
 134.2505283,1.1598468e+04
 134.2709629,1.1599816e+04
 134.2913975,1.1593092e+04
 134.3118319,1.1601518e+04
 134.3322665,1.1598729e+04
 134.3527011,1.1592895e+04
 134.3731355,1.1600570e+04
 134.3935701,         null
 134.4140046,1.1599755e+04
 134.4344392,1.1602748e+04
 134.4548737,1.1598524e+04
 134.4753082,1.1603642e+04
 134.4957429,1.1599533e+04
 134.5161773,1.1598015e+04
 134.5366119,1.1599522e+04
 134.5570463,1.1597096e+04
 134.5774809,1.1593312e+04
 134.5979155,1.1594888e+04
 134.6183499,1.1590154e+04
 134.6387845,1.1607593e+04
 134.6592191,1.1597584e+04
 134.6796536,1.1592094e+04
 134.7000882,1.1597750e+04
 134.7205227,1.1598907e+04
 134.7409573,1.1597436e+04
 134.7613917,1.1596321e+04
 134.7818262,1.1598610e+04
 134.8022609,1.1598468e+04
 134.8226954,1.1614968e+04
 134.8431298,1.1589729e+04
 134.8635645,1.1597853e+04
 134.8839990,1.1596233e+04
 134.9044336,1.1603910e+04
 134.9248680,1.1594241e+04
 134.9453026,1.1605775e+04
 134.9657372,1.1592790e+04
 134.9861716,1.1600248e+04
 135.0066062,1.1602111e+04
 135.0270408,1.1594488e+04
 135.0474752,1.1603921e+04
 135.0679098,1.1602466e+04
 135.0883444,1.1595146e+04
 135.1087788,1.1597328e+04
 135.1292134,1.1600604e+04
 135.1496480,1.1598972e+04
 135.1700825,1.1584912e+04
 135.1905170,1.1607062e+04
 135.2109515,1.1598741e+04
 135.2313861,1.1599082e+04
 135.2518206,1.1597777e+04
 135.2722551,1.1603490e+04
 135.2926896,1.1592539e+04
 135.3131242,1.1600318e+04
 135.3335587,1.1601413e+04
 135.3539932,1.1594920e+04
 135.3744278,1.1598394e+04
 135.3948623,1.1601671e+04
 135.4152969,1.1599662e+04
 135.4357313,1.1604842e+04
 135.4561659,1.1597164e+04
 135.4766005,1.1605312e+04
 135.4970349,1.1598647e+04
 135.5174695,1.1596245e+04
 135.5379041,1.1598645e+04
 135.5583385,1.1595363e+04
 135.5787730,1.1600863e+04
 135.5992077,1.1598528e+04
 135.6196421,1.1601823e+04
 135.6400767,1.1594356e+04
 135.6605113,1.1600431e+04
 135.6809458,1.1593901e+04
 135.7013803,1.1601753e+04
 135.7218148,1.1598859e+04
 135.7422494,1.1603697e+04
 135.7626839,1.1609363e+04
 135.7831184,1.1599754e+04
 135.8035530,1.1594310e+04
 135.8239875,1.1596628e+04
 135.8444220,1.1604767e+04
 135.8648565,1.1604757e+04
 135.8852911,1.1598143e+04
 135.9057256,1.1593590e+04
 135.9261601,1.1588521e+04
 135.9465946,1.1595724e+04
 135.9670292,1.1602099e+04
 135.9874637,1.1600721e+04
 136.0078982,1.1592572e+04
 136.0283328,1.1604569e+04
 136.0487673,1.1598833e+04
 136.0692018,1.1596643e+04
 136.0896363,1.1594659e+04
 136.1100709,1.1591474e+04
 136.1305055,1.1588587e+04
 136.1509399,1.1595732e+04
 136.1713745,1.1593292e+04
 136.1918091,1.1597757e+04
 136.2122435,1.1604695e+04
 136.2326780,1.1601630e+04
 136.2531127,1.1593910e+04
 136.2735471,1.1592203e+04
 136.2939816,1.1604749e+04
 136.3144162,1.1598295e+04
 136.3348507,1.1600051e+04
 136.3552852,1.1593320e+04
 136.3757197,1.1592250e+04
 136.3961543,1.1590604e+04
 136.4165888,1.1596773e+04
 136.4370233,1.1591006e+04
 136.4574580,1.1599074e+04
 136.4778924,1.1589767e+04
 136.4983269,1.1592690e+04
 136.5187615,1.1585251e+04
 136.5391960,1.1590883e+04
 136.5596305,1.1597994e+04
 136.5800651,1.1598024e+04
 136.6004996,1.1592919e+04
 136.6209341,1.1598726e+04
 136.6413686,1.1602175e+04
 136.6618032,1.1601989e+04
 136.6822377,1.1598882e+04
 136.7026722,1.1595738e+04
 136.7231068,1.1595181e+04
 136.7435412,1.1592282e+04
 136.7639758,1.1602364e+04
 136.7844104,1.1596690e+04
 136.8048448,1.1595809e+04
 136.8252794,1.1595595e+04
 136.8457139,1.1593156e+04
 136.8661485,1.1597370e+04
 136.8865829,1.1597905e+04
 136.9070175,1.1595719e+04
 136.9274521,1.1594226e+04
 136.9478865,1.1592363e+04
 136.9683211,1.1595562e+04
 136.9887556,1.1595779e+04
 137.0091901,1.1595410e+04
 137.0296246,1.1593079e+04
 137.0500592,1.1591026e+04
 137.0704937,1.1594696e+04
 137.0909282,1.1588469e+04
 137.1113628,1.1600900e+04
 137.1317972,1.1592091e+04
 137.1522318,1.1587184e+04
 137.1726663,1.1594315e+04
 137.1931009,1.1592491e+04
 137.2135354,1.1594466e+04
 137.2339699,1.1588708e+04
 137.2544043,1.1594138e+04
 137.2748389,1.1592049e+04
 137.2952735,1.1593525e+04
 137.3157079,1.1588261e+04
 137.3361425,1.1600182e+04
 137.3565770,1.1602740e+04
 137.3770116,         null
 137.3974460,1.1598837e+04
 137.4178806,1.1586362e+04
 137.4383152,1.1598198e+04
 137.4587496,1.1593685e+04
 137.4791842,1.1595616e+04
 137.4996187,1.1598105e+04
 137.5200532,1.1595853e+04
 137.5404877,1.1592507e+04
 137.5609223,1.1599080e+04
 137.5813567,1.1588615e+04
 137.6017913,1.1594701e+04
 137.6222259,1.1601347e+04
 137.6426604,1.1592146e+04
 137.6630948,1.1594592e+04
 137.6835294,1.1590184e+04
 137.7039640,1.1598836e+04
 137.7243984,1.1588218e+04
 137.7448329,1.1591360e+04
 137.7652676,1.1595039e+04
 137.7857020,1.1593821e+04
 137.8061365,1.1597311e+04
 137.8265709,1.1586249e+04
 137.8470056,1.1595287e+04
 137.8674401,1.1599420e+04
 137.8878746,1.1583752e+04
 137.9083090,1.1594031e+04
 137.9287437,1.1584420e+04
 137.9491782,1.1586490e+04
 137.9696126,1.1583389e+04
 137.9900472,1.1597404e+04
 138.0104818,1.1588730e+04
 138.0309162,1.1581447e+04
 138.0513507,1.1591923e+04
 138.0717853,1.1593672e+04
 138.0922199,1.1589164e+04
 138.1126543,1.1589287e+04
 138.1330889,1.1586345e+04
 138.1535234,1.1595680e+04
 138.1739579,1.1605089e+04
 138.1943924,1.1594549e+04
 138.2148270,1.1583134e+04
 138.2352615,1.1594050e+04
 138.2556959,1.1599562e+04
 138.2761306,1.1587366e+04
 138.2965651,1.1596789e+04
 138.3169995,1.1590629e+04
 138.3374340,1.1594482e+04
 138.3578687,1.1589018e+04
 138.3783032,1.1589691e+04
 138.3987376,1.1600625e+04
 138.4191722,1.1591808e+04
 138.4396067,1.1586852e+04
 138.4600412,1.1592567e+04
 138.4804757,1.1596938e+04
 138.5009103,1.1589194e+04
 138.5213447,1.1598726e+04
 138.5417793,1.1591764e+04
 138.5622138,1.1591268e+04
 138.5826483,1.1590347e+04
 138.6030828,1.1591991e+04
 138.6235173,1.1584306e+04
 138.6439519,1.1590107e+04
 138.6643864,1.1591451e+04
 138.6848209,1.1587549e+04
 138.7052553,1.1596577e+04
 138.7256899,1.1590395e+04
 138.7461245,1.1587371e+04
 138.7665589,1.1594267e+04
 138.7869935,1.1592119e+04
 138.8074280,1.1594016e+04
 138.8278624,1.1589872e+04
 138.8482970,1.1594754e+04
 138.8687316,1.1586618e+04
 138.8891661,1.1595049e+04
 138.9096005,1.1592065e+04
 138.9300351,1.1591437e+04
 138.9504697,1.1586811e+04
 138.9709041,1.1593679e+04
 138.9913386,1.1595094e+04
 139.0117732,1.1595411e+04
 139.0322076,1.1589472e+04
 139.0526422,1.1585170e+04
 139.0730768,1.1584794e+04
 139.0935112,1.1606858e+04
 139.1139457,1.1590926e+04
 139.1343802,1.1594731e+04
 139.1548148,1.1597692e+04
 139.1752493,1.1594195e+04
 139.1956838,1.1589609e+04
 139.2161182,1.1587461e+04
 139.2365528,1.1592916e+04
 139.2569873,1.1593238e+04
 139.2774218,1.1586973e+04
 139.2978564,1.1589316e+04
 139.3182909,1.1591339e+04
 139.3387254,1.1590662e+04
 139.3591598,1.1596521e+04
 139.3795945,1.1588253e+04
 139.4000290,1.1596269e+04
 139.4204634,1.1584919e+04
 139.4408980,1.1580261e+04
 139.4613325,1.1587008e+04
 139.4817669,1.1597659e+04
 139.5022015,1.1591572e+04
 139.5226361,1.1586855e+04
 139.5430705,1.1591298e+04
 139.5635050,1.1586538e+04
 139.5839396,1.1589104e+04
 139.6043740,1.1592844e+04
 139.6248086,1.1597818e+04
 139.6452431,1.1589079e+04
 139.6656777,1.1587309e+04
 139.6861121,1.1589264e+04
 139.7065466,1.1585206e+04
 139.7269811,1.1591030e+04
 139.7474156,1.1591677e+04
 139.7678502,1.1590558e+04
 139.7882847,1.1594650e+04
 139.8087192,1.1593647e+04
 139.8291537,1.1586234e+04
 139.8495882,1.1591210e+04
 139.8700227,1.1593759e+04
 139.8904573,1.1586506e+04
 139.9108918,1.1592427e+04
 139.9313263,1.1588203e+04
 139.9517609,1.1591778e+04
 139.9721953,1.1591105e+04
 139.9926298,1.1588866e+04
 140.0130642,1.1586670e+04
 140.0334989,1.1586062e+04
 140.0539334,1.1593388e+04
 140.0743679,1.1589486e+04
 140.0948024,1.1594684e+04
 140.1152369,1.1584080e+04
 140.1356714,1.1585753e+04
 140.1561058,1.1589132e+04
 140.1765405,1.1592370e+04
 140.1969750,1.1587370e+04
 140.2174094,1.1584252e+04
 140.2378440,1.1587542e+04
 140.2582785,1.1593063e+04
 140.2787129,1.1585360e+04
 140.2991474,1.1585243e+04
 140.3195820,1.1591678e+04
 140.3400165,1.1585339e+04
 140.3604510,         null
 140.3808855,1.1584473e+04
 140.4013201,1.1583823e+04
 140.4217545,1.1598317e+04
 140.4421890,1.1590233e+04
 140.4626236,1.1589507e+04
 140.4830580,1.1593301e+04
 140.5034925,1.1592119e+04
 140.5239270,1.1592534e+04
 140.5443616,1.1583389e+04
 140.5647961,1.1590230e+04
 140.5852306,1.1592898e+04
 140.6056651,1.1589304e+04
 140.6260996,1.1596025e+04
 140.6465341,1.1580808e+04
 140.6669685,1.1594103e+04
 140.6874031,1.1587405e+04
 140.7078377,1.1587647e+04
 140.7282721,1.1585005e+04
 140.7487067,1.1587027e+04
 140.7691412,1.1588850e+04
 140.7895756,1.1583995e+04
 140.8100101,1.1591634e+04
 140.8304447,1.1587060e+04
 140.8508792,1.1584910e+04
 140.8713136,1.1587344e+04
 140.8917481,1.1592501e+04
 140.9121828,1.1589859e+04
 140.9326172,1.1586834e+04
 140.9530517,1.1585542e+04
 140.9734863,1.1587794e+04
 140.9939207,1.1579937e+04
 141.0143552,1.1589403e+04
 141.0347897,1.1591001e+04
 141.0552242,1.1590627e+04
 141.0756587,1.1590217e+04
 141.0960932,1.1588248e+04
 141.1165277,1.1595497e+04
 141.1369623,1.1585490e+04
 141.1573968,1.1584016e+04
 141.1778312,1.1585204e+04
 141.1982658,1.1598795e+04
 141.2187003,1.1588263e+04
 141.2391347,1.1592486e+04
 141.2595693,1.1593302e+04
 141.2800038,1.1587657e+04
 141.3004382,1.1584850e+04
 141.3208727,1.1588521e+04
 141.3413073,1.1588679e+04
 141.3617418,1.1588130e+04
 141.3821762,1.1584130e+04
 141.4026107,1.1604526e+04
 141.4230454,1.1587826e+04
 141.4434799,1.1588062e+04
 141.4639143,1.1592846e+04
 141.4843489,1.1584552e+04
 141.5047834,1.1590862e+04
 141.5252178,1.1584815e+04
 141.5456523,1.1600246e+04
 141.5660868,1.1586905e+04
 141.5865214,1.1583226e+04
 141.6069558,1.1592013e+04
 141.6273904,1.1587391e+04
 141.6478249,1.1594954e+04
 141.6682593,1.1598361e+04
 141.6886938,1.1596434e+04
 141.7091284,1.1589598e+04
 141.7295628,1.1586876e+04
 141.7499973,1.1582787e+04
 141.7704319,1.1597597e+04
 141.7908664,1.1587073e+04
 141.8113009,1.1587670e+04
 141.8317354,1.1597900e+04
 141.8521699,1.1585331e+04
 141.8726044,1.1589252e+04
 141.8930389,1.1583563e+04
 141.9134735,1.1583552e+04
 141.9339079,1.1587769e+04
 141.9543424,1.1591247e+04
 141.9747768,1.1588604e+04
 141.9952114,1.1587490e+04
 142.0156459,1.1584419e+04
 142.0360803,1.1583236e+04
 142.0565148,1.1583201e+04
 142.0769494,1.1592601e+04
 142.0973839,1.1581196e+04
 142.1178183,1.1583362e+04
 142.1382529,1.1599727e+04
 142.1586874,1.1592088e+04
 142.1791218,1.1581634e+04
 142.1995563,1.1588092e+04
 142.2199909,1.1590155e+04
 142.2404253,1.1589559e+04
 142.2608598,1.1600060e+04
 142.2812944,1.1583290e+04
 142.3017288,1.1594484e+04
 142.3221633,1.1586336e+04
 142.3425978,1.1589208e+04
 142.3630324,1.1590396e+04
 142.3834668,1.1588938e+04
 142.4039013,1.1594684e+04
 142.4243359,1.1587936e+04
 142.4447703,1.1589508e+04
 142.4652048,1.1590877e+04
 142.4856392,1.1590672e+04
 142.5060738,1.1588012e+04
 142.5265083,1.1595832e+04
 142.5469428,1.1590686e+04
 142.5673772,1.1589533e+04
 142.5878118,1.1594208e+04
 142.6082463,1.1596240e+04
 142.6286807,1.1591258e+04
 142.6491153,1.1594414e+04
 142.6695498,1.1587572e+04
 142.6899842,1.1589133e+04
 142.7104187,1.1590534e+04
 142.7308533,1.1588698e+04
 142.7512877,1.1592474e+04
 142.7717222,1.1592005e+04
 142.7921568,1.1580523e+04
 142.8125912,1.1585193e+04
 142.8330257,1.1584857e+04
 142.8534602,1.1597469e+04
 142.8738948,1.1593732e+04
 142.8943292,1.1593323e+04
 142.9147637,1.1587553e+04
 142.9351983,1.1583752e+04
 142.9556327,1.1591440e+04
 142.9760672,1.1586742e+04
 142.9965016,1.1597292e+04
 143.0169362,1.1581940e+04
 143.0373707,1.1590244e+04
 143.0578052,1.1593151e+04
 143.0782397,1.1595786e+04
 143.0986742,1.1585338e+04
 143.1191087,1.1594121e+04
 143.1395432,1.1582804e+04
 143.1599777,1.1595737e+04
 143.1804122,1.1587401e+04
 143.2008466,1.1591211e+04
 143.2212811,1.1588632e+04
 143.2417157,1.1586753e+04
 143.2621502,1.1599021e+04
 143.2825847,1.1594346e+04
 143.3030192,1.1588285e+04
 143.3234537,1.1591372e+04
 143.3438882,         null
 143.3643225,1.1582490e+04
 143.3847571,1.1595342e+04
 143.4051916,1.1592620e+04
 143.4256260,1.1591557e+04
 143.4460606,1.1591398e+04
 143.4664951,1.1584023e+04
 143.4869295,1.1582648e+04
 143.5073640,1.1586468e+04
 143.5277986,1.1584910e+04
 143.5482331,1.1597768e+04
 143.5686675,1.1600625e+04
 143.5891021,1.1590793e+04
 143.6095366,1.1595104e+04
 143.6299710,1.1588555e+04
 143.6504055,1.1590334e+04
 143.6708401,1.1594162e+04
 143.6912745,1.1589316e+04
 143.7117090,1.1595526e+04
 143.7321434,1.1590912e+04
 143.7525779,1.1600279e+04
 143.7730124,1.1587826e+04
 143.7934469,1.1587475e+04
 143.8138814,1.1591725e+04
 143.8343159,1.1593604e+04
 143.8547504,1.1597426e+04
 143.8751848,1.1595842e+04
 143.8956194,1.1590629e+04
 143.9160539,1.1596244e+04
 143.9364883,1.1597400e+04
 143.9569229,1.1591115e+04
 143.9773574,1.1586415e+04
 143.9977917,1.1593003e+04
 144.0182262,1.1605453e+04
 144.0386608,1.1596439e+04
 144.0590953,1.1593617e+04
 144.0795297,1.1599014e+04
 144.0999643,1.1589645e+04
 144.1203988,1.1595628e+04
 144.1408332,1.1600153e+04
 144.1612677,1.1587413e+04
 144.1817023,1.1586876e+04
 144.2021367,1.1595791e+04
 144.2225711,1.1589793e+04
 144.2430057,1.1595716e+04
 144.2634401,1.1597119e+04
 144.2838746,1.1588748e+04
 144.3043091,1.1591834e+04
 144.3247436,1.1598287e+04
 144.3451781,1.1592448e+04
 144.3656126,1.1590244e+04
 144.3860470,1.1592716e+04
 144.4064815,1.1598523e+04
 144.4269160,1.1589515e+04
 144.4473504,1.1596101e+04
 144.4677850,1.1596085e+04
 144.4882195,1.1593049e+04
 144.5086539,1.1598146e+04
 144.5290884,1.1592457e+04
 144.5495230,1.1592212e+04
 144.5699575,1.1589506e+04
 144.5903918,1.1590103e+04
 144.6108264,1.1585262e+04
 144.6312609,1.1596554e+04
 144.6516953,1.1588494e+04
 144.6721298,1.1607482e+04
 144.6925644,1.1592628e+04
 144.7129988,1.1599815e+04
 144.7334333,1.1596248e+04
 144.7538678,1.1593106e+04
 144.7743022,1.1592488e+04
 144.7947367,1.1590255e+04
 144.8151712,1.1597044e+04
 144.8356058,1.1592132e+04
 144.8560402,1.1588370e+04
 144.8764747,1.1591356e+04
 144.8969091,1.1596065e+04
 144.9173436,1.1585693e+04
 144.9377781,1.1595922e+04
 144.9582126,1.1593263e+04
 144.9786472,1.1592577e+04
 144.9990816,1.1599021e+04
 145.0195161,1.1597144e+04
 145.0399505,1.1602016e+04
 145.0603850,1.1592560e+04
 145.0808195,1.1594158e+04
 145.1012540,1.1591379e+04
 145.1216886,1.1589511e+04
 145.1421230,1.1598336e+04
 145.1625574,1.1597882e+04
 145.1829918,1.1601320e+04
 145.2034264,1.1595503e+04
 145.2238609,1.1603626e+04
 145.2442953,1.1599047e+04
 145.2647299,1.1590192e+04
 145.2851644,1.1595117e+04
 145.3055988,1.1602759e+04
 145.3260332,1.1591914e+04
 145.3464678,1.1594691e+04
 145.3669023,1.1597057e+04
 145.3873367,1.1592725e+04
 145.4077713,1.1594807e+04
 145.4282057,1.1591854e+04
 145.4486401,1.1591613e+04
 145.4690746,1.1600484e+04
 145.4895092,1.1599882e+04
 145.5099436,1.1595123e+04
 145.5303780,1.1601304e+04
 145.5508125,1.1595449e+04
 145.5712471,1.1592372e+04
 145.5916815,1.1590333e+04
 145.6121160,1.1583109e+04
 145.6325506,1.1583803e+04
 145.6529849,1.1578016e+04
 145.6734194,1.1591073e+04
 145.6938538,1.1590310e+04
 145.7142884,1.1601032e+04
 145.7347229,1.1597999e+04
 145.7551573,1.1594514e+04
 145.7755918,1.1596183e+04
 145.7960263,1.1596419e+04
 145.8164608,1.1600189e+04
 145.8368952,1.1594805e+04
 145.8573297,1.1593705e+04
 145.8777642,1.1596150e+04
 145.8981986,1.1592544e+04
 145.9186332,1.1599359e+04
 145.9390677,1.1597087e+04
 145.9595020,1.1597768e+04
 145.9799365,1.1597493e+04
 146.0003711,1.1590572e+04
 146.0208056,1.1593896e+04
 146.0412399,1.1600311e+04
 146.0616745,1.1583586e+04
 146.0821090,1.1602331e+04
 146.1025434,1.1594651e+04
 146.1229779,1.1598308e+04
 146.1434124,1.1595257e+04
 146.1638468,1.1595004e+04
 146.1842813,1.1591137e+04
 146.2047158,1.1586635e+04
 146.2251502,1.1591100e+04
 146.2455847,1.1588816e+04
 146.2660192,1.1588636e+04
 146.2864537,1.1597791e+04
 146.3068882,1.1591404e+04
 146.3273226,         null
 146.3477570,1.1593879e+04
 146.3681916,1.1594001e+04
 146.3886261,1.1589138e+04
 146.4090604,1.1597549e+04
 146.4294950,1.1590917e+04
 146.4499295,1.1591599e+04
 146.4703639,1.1595006e+04
 146.4907984,1.1595047e+04
 146.5112329,1.1589743e+04
 146.5316674,1.1593921e+04
 146.5521018,1.1588069e+04
 146.5725363,1.1600395e+04
 146.5929708,1.1589819e+04
 146.6134053,1.1596431e+04
 146.6338397,1.1601410e+04
 146.6542742,1.1597229e+04
 146.6747087,1.1599135e+04
 146.6951431,1.1588536e+04
 146.7155777,1.1595195e+04
 146.7360121,1.1601186e+04
 146.7564466,1.1604728e+04
 146.7768810,1.1590489e+04
 146.7973156,1.1595146e+04
 146.8177500,1.1596633e+04
 146.8381844,1.1593195e+04
 146.8586189,1.1593937e+04
 146.8790534,1.1603594e+04
 146.8994878,1.1596116e+04
 146.9199223,1.1598019e+04
 146.9403569,1.1593330e+04
 146.9607912,1.1590082e+04
 146.9812257,1.1599898e+04
 147.0016602,1.1600331e+04
 147.0220947,1.1601761e+04
 147.0425291,1.1589780e+04
 147.0629636,1.1591683e+04
 147.0833982,1.1599364e+04
 147.1038325,1.1595621e+04
 147.1242670,1.1600600e+04
 147.1447014,1.1599804e+04
 147.1651360,1.1594977e+04
 147.1855704,1.1591959e+04
 147.2060048,1.1605906e+04
 147.2264394,1.1591513e+04
 147.2468738,1.1594181e+04
 147.2673083,1.1598084e+04
 147.2877427,1.1600153e+04
 147.3081772,1.1596193e+04
 147.3286117,1.1601962e+04
 147.3490461,1.1597106e+04
 147.3694806,1.1590870e+04
 147.3899151,1.1588616e+04
 147.4103495,1.1593607e+04
 147.4307840,1.1596797e+04
 147.4512185,1.1599860e+04
 147.4716529,1.1593655e+04
 147.4920874,1.1594708e+04
 147.5125218,1.1596615e+04
 147.5329564,1.1595443e+04
 147.5533908,1.1602149e+04
 147.5738252,1.1597769e+04
 147.5942598,1.1598249e+04
 147.6146942,1.1595588e+04
 147.6351286,1.1590037e+04
 147.6555630,1.1597697e+04
 147.6759976,1.1591752e+04
 147.6964320,1.1600918e+04
 147.7168664,1.1592477e+04
 147.7373010,1.1594722e+04
 147.7577354,1.1603602e+04
 147.7781699,1.1601643e+04
 147.7986043,1.1600645e+04
 147.8190388,1.1608735e+04
 147.8394733,1.1593260e+04
 147.8599077,1.1593321e+04
 147.8803421,1.1594715e+04
 147.9007767,         null
 147.9212111,1.1597003e+04
 147.9416455,1.1597845e+04
 147.9620801,1.1632488e+04
 147.9825145,1.1604520e+04
 148.0029489,1.1595787e+04
 148.0233834,1.1604786e+04
 148.0438180,1.1596974e+04
 148.0642523,1.1596712e+04
 148.0846868,1.1595591e+04
 148.1051214,1.1598410e+04
 148.1255557,1.1598638e+04
 148.1459902,1.1600687e+04
 148.1664247,1.1592205e+04
 148.1868591,1.1596072e+04
 148.2072936,1.1599438e+04
 148.2277280,1.1605656e+04
 148.2481626,1.1590666e+04
 148.2685970,1.1607536e+04
 148.2890314,1.1598209e+04
 148.3094659,1.1588750e+04
 148.3299004,1.1586415e+04
 148.3503348,1.1596686e+04
 148.3707693,1.1595817e+04
 148.3912037,1.1597074e+04
 148.4116382,1.1595741e+04
 148.4320727,1.1595315e+04
 148.4525071,1.1592257e+04
 148.4729416,1.1596859e+04
 148.4933761,1.1599248e+04
 148.5138105,1.1602609e+04
 148.5342449,1.1595373e+04
 148.5546794,1.1604461e+04
 148.5751139,1.1603721e+04
 148.5955483,1.1598238e+04
 148.6159828,1.1604351e+04
 148.6364173,1.1594573e+04
 148.6568516,1.1600426e+04
 148.6772861,1.1602672e+04
 148.6977207,1.1592884e+04
 148.7181550,1.1598544e+04
 148.7385895,1.1597285e+04
 148.7590240,1.1593893e+04
 148.7794585,1.1599054e+04
 148.7998929,1.1607310e+04
 148.8203273,1.1591544e+04
 148.8407619,1.1594379e+04
 148.8611962,1.1594157e+04
 148.8816307,1.1596290e+04
 148.9020653,1.1600920e+04
 148.9224996,1.1601811e+04
 148.9429341,1.1601887e+04
 148.9633685,1.1597276e+04
 148.9838030,1.1603487e+04
 149.0042375,1.1607601e+04
 149.0246719,1.1604226e+04
 149.0451063,1.1596736e+04
 149.0655408,1.1603551e+04
 149.0859753,1.1599405e+04
 149.1064096,1.1593883e+04
 149.1268442,1.1598292e+04
 149.1472787,1.1593000e+04
 149.1677130,1.1596479e+04
 149.1881475,1.1595162e+04
 149.2085820,1.1594773e+04
 149.2290165,1.1596812e+04
 149.2494508,1.1591998e+04
 149.2698854,1.1591861e+04
 149.2903198,1.1598496e+04
 149.3107542,         null
 149.3311887,1.1604732e+04
 149.3516232,1.1599604e+04
 149.3720576,1.1592387e+04
 149.3924920,1.1596858e+04
 149.4129266,1.1595175e+04
 149.4333609,1.1600933e+04
 149.4537954,1.1596108e+04
 149.4742298,1.1597645e+04
 149.4946643,1.1589946e+04
 149.5150988,1.1603135e+04
 149.5355332,1.1599738e+04
 149.5559678,1.1593303e+04
 149.5764021,1.1593333e+04
 149.5968366,1.1594972e+04
 149.6172709,1.1607466e+04
 149.6377055,1.1593415e+04
 149.6581399,1.1589384e+04
 149.6785743,1.1594928e+04
 149.6990087,1.1605607e+04
 149.7194433,1.1605854e+04
 149.7398777,1.1601247e+04
 149.7603121,1.1600230e+04
 149.7807466,1.1593258e+04
 149.8011811,1.1602173e+04
 149.8216154,1.1610094e+04
 149.8420499,1.1594528e+04
 149.8624845,1.1592662e+04
 149.8829189,1.1598298e+04
 149.9033533,1.1605899e+04
 149.9237878,1.1596149e+04
 149.9442223,1.1602884e+04
 149.9646567,1.1593158e+04
 149.9850911,1.1599505e+04
 150.0055256,1.1603389e+04
 150.0259601,1.1590600e+04
 150.0463944,1.1597236e+04
 150.0668290,1.1595503e+04
 150.0872634,1.1600665e+04
 150.1076978,1.1598729e+04
 150.1281322,1.1601631e+04
 150.1485668,1.1598328e+04
 150.1690011,1.1596766e+04
 150.1894356,1.1591687e+04
 150.2098701,1.1597375e+04
 150.2303045,1.1594324e+04
 150.2507389,1.1591539e+04
 150.2711734,1.1602007e+04
 150.2916079,1.1592498e+04
 150.3120422,1.1605102e+04
 150.3324767,1.1589048e+04
 150.3529110,1.1604988e+04
 150.3733456,1.1603118e+04
 150.3937800,1.1592519e+04
 150.4142144,1.1588773e+04
 150.4346489,1.1607454e+04
 150.4550834,1.1599040e+04
 150.4755178,1.1596736e+04
 150.4959522,1.1596851e+04
 150.5163867,1.1600077e+04
 150.5368212,1.1597338e+04
 150.5572555,1.1596773e+04
 150.5776901,1.1600510e+04
 150.5981245,1.1597771e+04
 150.6185589,1.1599562e+04
 150.6389933,1.1591205e+04
 150.6594278,1.1601541e+04
 150.6798622,1.1602305e+04
 150.7002966,1.1597598e+04
 150.7207312,1.1593554e+04
 150.7411656,1.1596979e+04
 150.7616000,1.1599049e+04
 150.7820344,1.1599959e+04
 150.8024690,1.1599860e+04
 150.8229033,1.1601316e+04
 150.8433378,1.1607794e+04
 150.8637723,1.1598776e+04
 150.8842066,1.1589340e+04
 150.9046411,1.1594933e+04
 150.9250755,1.1603292e+04
 150.9455100,1.1603046e+04
 150.9659444,1.1600320e+04
 150.9863789,1.1597883e+04
 151.0068132,1.1598257e+04
 151.0272477,1.1617135e+04
 151.0476822,1.1595267e+04
 151.0681165,1.1598590e+04
 151.0885511,1.1593073e+04
 151.1089855,1.1598585e+04
 151.1294199,1.1597290e+04
 151.1498543,1.1600909e+04
 151.1702888,1.1598184e+04
 151.1907232,1.1601202e+04
 151.2111576,1.1598025e+04
 151.2315922,1.1592720e+04
 151.2520266,1.1598290e+04
 151.2724609,1.1597169e+04
 151.2928954,1.1597925e+04
 151.3133299,1.1596705e+04
 151.3337643,1.1595694e+04
 151.3541987,1.1599005e+04
 151.3746332,1.1601401e+04
 151.3950676,1.1595956e+04
 151.4155020,1.1594110e+04
 151.4359365,1.1592137e+04
 151.4563709,1.1594952e+04
 151.4768053,1.1599850e+04
 151.4972398,1.1599344e+04
 151.5176742,1.1595511e+04
 151.5381087,1.1592396e+04
 151.5585431,1.1595174e+04
 151.5789775,1.1601818e+04
 151.5994121,1.1589904e+04
 151.6198464,1.1593120e+04
 151.6402809,1.1587804e+04
 151.6607153,         null
 151.6811497,1.1589695e+04
 151.7015842,1.1600969e+04
 151.7220186,1.1588897e+04
 151.7424530,1.1593177e+04
 151.7628875,1.1593910e+04
 151.7833219,1.1607909e+04
 151.8037563,1.1589688e+04
 151.8241908,1.1593032e+04
 151.8446252,1.1591134e+04
 151.8650596,1.1592796e+04
 151.8854941,1.1592454e+04
 151.9059285,1.1596049e+04
 151.9263629,1.1599561e+04
 151.9467973,1.1593123e+04
 151.9672318,1.1593362e+04
 151.9876663,1.1585973e+04
 152.0081006,1.1592564e+04
 152.0285351,1.1597403e+04
 152.0489696,1.1589313e+04
 152.0694039,1.1591219e+04
 152.0898383,1.1589911e+04
 152.1102729,1.1605916e+04
 152.1307072,1.1590809e+04
 152.1511417,1.1588470e+04
 152.1715761,1.1597812e+04
 152.1920105,1.1604269e+04
 152.2124450,1.1591293e+04
 152.2328794,1.1597626e+04
 152.2533139,1.1599255e+04
 152.2737483,1.1591707e+04
 152.2941827,         null
 152.3146170,1.1591121e+04
 152.3350515,1.1594131e+04
 152.3554860,1.1585485e+04
 152.3759203,1.1594183e+04
 152.3963548,1.1592743e+04
 152.4167893,1.1589803e+04
 152.4372237,1.1591674e+04
 152.4576580,1.1591798e+04
 152.4780926,1.1597545e+04
 152.4985270,1.1593170e+04
 152.5189613,1.1646926e+04
 152.5393959,1.1593254e+04
 152.5598303,1.1594592e+04
 152.5802646,1.1593882e+04
 152.6006991,1.1583109e+04
 152.6211336,1.1598619e+04
 152.6415679,1.1591437e+04
 152.6620023,         null
 152.6824368,1.1592945e+04
 152.7028712,1.1595900e+04
 152.7233056,1.1590499e+04
 152.7437401,1.1594779e+04
 152.7641746,1.1578451e+04
 152.7846089,1.1594984e+04
 152.8050434,1.1590762e+04
 152.8254777,1.1587329e+04
 152.8459122,1.1599374e+04
 152.8663466,1.1592771e+04
 152.8867810,1.1586867e+04
 152.9072155,1.1583762e+04
 152.9276499,1.1596740e+04
 152.9480843,1.1588068e+04
 152.9685187,1.1609234e+04
 152.9889532,1.1591537e+04
 153.0093876,1.1593215e+04
 153.0298220,1.1586367e+04
 153.0502565,1.1590305e+04
 153.0706909,1.1583711e+04
 153.0911252,1.1595777e+04
 153.1115597,1.1595260e+04
 153.1319942,1.1591078e+04
 153.1524285,1.1592081e+04
 153.1728629,1.1594602e+04
 153.1932974,1.1589401e+04
 153.2137319,1.1594472e+04
 153.2341663,1.1590453e+04
 153.2546006,1.1592691e+04
 153.2750352,1.1594991e+04
 153.2954696,1.1595719e+04
 153.3159039,1.1587290e+04
 153.3363383,1.1587014e+04
 153.3567728,1.1593846e+04
 153.3772072,1.1592680e+04
 153.3976416,1.1588552e+04
 153.4180761,1.1583770e+04
 153.4385106,1.1588172e+04
 153.4589449,1.1589469e+04
 153.4793793,1.1594726e+04
 153.4998138,1.1593880e+04
 153.5202482,1.1589661e+04
 153.5406826,1.1598432e+04
 153.5611171,1.1591012e+04
 153.5815514,1.1584325e+04
 153.6019858,1.1594068e+04
 153.6224203,1.1599851e+04
 153.6428547,1.1600173e+04
 153.6632891,1.1592648e+04
 153.6837235,1.1595842e+04
 153.7041579,1.1595475e+04
 153.7245924,1.1588328e+04
 153.7450268,1.1584555e+04
 153.7654611,1.1595959e+04
 153.7858956,1.1590596e+04
 153.8063301,1.1588053e+04
 153.8267644,1.1590605e+04
 153.8471988,1.1588748e+04
 153.8676333,1.1590175e+04
 153.8880676,1.1592715e+04
 153.9085021,1.1586506e+04
 153.9289366,1.1592762e+04
 153.9493710,1.1596367e+04
 153.9698053,1.1590779e+04
 153.9902397,1.1585542e+04
 154.0106743,1.1589675e+04
 154.0311086,1.1588067e+04
 154.0515430,1.1590875e+04
 154.0719775,1.1593553e+04
 154.0924118,1.1592966e+04
 154.1128462,1.1593421e+04
 154.1332807,1.1588886e+04
 154.1537151,1.1595455e+04
 154.1741495,1.1582547e+04
 154.1945839,1.1595681e+04
 154.2150183,1.1593950e+04
 154.2354528,1.1587764e+04
 154.2558872,1.1592597e+04
 154.2763215,1.1589124e+04
 154.2967560,1.1591578e+04
 154.3171904,1.1588347e+04
 154.3376247,1.1598331e+04
 154.3580591,1.1590196e+04
 154.3784937,1.1592072e+04
 154.3989280,1.1584323e+04
 154.4193624,1.1595340e+04
 154.4397969,1.1583942e+04
 154.4602313,1.1582206e+04
 154.4806656,1.1593196e+04
 154.5011001,1.1592385e+04
 154.5215346,1.1586543e+04
 154.5419689,1.1586440e+04
 154.5624033,1.1584699e+04
 154.5828378,1.1590352e+04
 154.6032721,1.1592312e+04
 154.6237065,1.1596787e+04
 154.6441410,1.1589774e+04
 154.6645754,1.1588721e+04
 154.6850098,1.1587049e+04
 154.7054442,1.1587160e+04
 154.7258787,1.1596357e+04
 154.7463130,1.1583867e+04
 154.7667474,1.1583271e+04
 154.7871818,1.1583091e+04
 154.8076163,1.1591771e+04
 154.8280507,1.1586062e+04
 154.8484850,1.1591490e+04
 154.8689195,1.1584580e+04
 154.8893539,1.1580403e+04
 154.9097883,1.1584173e+04
 154.9302227,1.1587357e+04
 154.9506571,1.1589028e+04
 154.9710915,1.1582702e+04
 154.9915260,1.1588210e+04
 155.0119603,1.1584447e+04
 155.0323948,1.1586151e+04
 155.0528292,1.1585104e+04
 155.0732635,1.1588058e+04
 155.0936980,1.1585313e+04
 155.1141324,1.1586027e+04
 155.1345667,1.1590224e+04
 155.1550011,1.1592183e+04
 155.1754356,1.1584429e+04
 155.1958701,1.1584734e+04
 155.2163044,1.1580985e+04
 155.2367388,1.1592580e+04
 155.2571733,1.1575884e+04
 155.2776076,         null
 155.2980420,1.1593210e+04
 155.3184765,1.1597590e+04
 155.3389108,1.1588271e+04
 155.3593452,1.1587919e+04
 155.3797796,1.1589022e+04
 155.4002140,1.1590383e+04
 155.4206484,1.1590391e+04
 155.4410828,1.1586133e+04
 155.4615174,1.1591446e+04
 155.4819517,1.1593405e+04
 155.5023861,1.1590448e+04
 155.5228204,1.1581864e+04
 155.5432549,1.1593965e+04
 155.5636893,         null
 155.5841236,1.1577798e+04
 155.6045581,1.1586223e+04
 155.6249925,1.1593446e+04
 155.6454269,1.1585816e+04
 155.6658612,1.1590664e+04
 155.6862957,1.1587198e+04
 155.7067301,1.1585306e+04
 155.7271644,1.1581850e+04
 155.7475988,1.1593017e+04
 155.7680333,1.1587255e+04
 155.7884676,1.1589141e+04
 155.8089020,1.1596557e+04
 155.8293365,1.1585492e+04
 155.8497708,1.1595475e+04
 155.8702052,1.1583240e+04
 155.8906396,1.1583575e+04
 155.9110742,1.1585060e+04
 155.9315085,1.1585399e+04
 155.9519429,1.1584142e+04
 155.9723774,1.1590452e+04
 155.9928117,1.1589979e+04
 156.0132461,1.1596463e+04
 156.0336804,1.1583968e+04
 156.0541149,1.1593023e+04
 156.0745493,1.1583492e+04
 156.0949837,1.1587990e+04
 156.1154181,1.1587410e+04
 156.1358525,1.1588630e+04
 156.1562869,1.1586618e+04
 156.1767212,1.1583263e+04
 156.1971557,1.1583633e+04
 156.2175901,1.1585662e+04
 156.2380244,1.1583312e+04
 156.2584588,1.1586089e+04
 156.2788933,1.1582778e+04
 156.2993276,1.1588522e+04
 156.3197620,1.1585895e+04
 156.3401965,1.1583050e+04
 156.3606308,1.1589299e+04
 156.3810652,1.1589969e+04
 156.4014996,1.1584343e+04
 156.4219341,1.1591635e+04
 156.4423684,1.1581367e+04
 156.4628028,1.1589639e+04
 156.4832373,1.1589761e+04
 156.5036715,1.1583473e+04
 156.5241059,1.1590065e+04
 156.5445403,1.1594500e+04
 156.5649747,1.1596447e+04
 156.5854091,1.1581291e+04
 156.6058435,1.1580658e+04
 156.6262779,1.1586452e+04
 156.6467123,1.1582394e+04
 156.6671467,1.1585724e+04
 156.6875811,1.1586047e+04
 156.7080155,1.1592128e+04
 156.7284499,1.1583768e+04
 156.7488843,1.1588474e+04
 156.7693186,1.1584667e+04
 156.7897531,1.1591866e+04
 156.8101875,1.1585575e+04
 156.8306219,1.1596601e+04
 156.8510563,1.1587636e+04
 156.8714907,1.1592275e+04
 156.8919251,1.1588701e+04
 156.9123594,1.1590831e+04
 156.9327939,1.1582128e+04
 156.9532282,1.1588196e+04
 156.9736625,1.1592042e+04
 156.9940970,1.1586719e+04
 157.0145314,1.1593789e+04
 157.0349657,1.1589961e+04
 157.0554001,1.1591582e+04
 157.0758346,1.1589666e+04
 157.0962689,1.1587670e+04
 157.1167033,1.1588175e+04
 157.1371378,1.1588966e+04
 157.1575722,1.1583583e+04
 157.1780065,1.1600735e+04
 157.1984409,1.1592596e+04
 157.2188753,1.1591623e+04
 157.2393096,1.1588930e+04
 157.2597440,1.1583980e+04
 157.2801784,1.1602210e+04
 157.3006128,1.1590400e+04
 157.3210472,1.1593991e+04
 157.3414816,1.1589989e+04
 157.3619160,1.1581163e+04
 157.3823504,1.1586118e+04
 157.4027848,1.1575127e+04
 157.4232190,1.1581281e+04
 157.4436535,1.1577062e+04
 157.4640879,1.1593254e+04
 157.4845222,1.1589951e+04
 157.5049567,1.1592534e+04
 157.5253911,1.1585857e+04
 157.5458254,1.1592889e+04
 157.5662598,1.1587019e+04
 157.5866943,1.1599349e+04
 157.6071285,1.1590401e+04
 157.6275629,1.1593596e+04
 157.6479974,1.1587343e+04
 157.6684318,1.1591522e+04
 157.6888661,1.1605889e+04
 157.7093005,1.1589850e+04
 157.7297350,1.1592540e+04
 157.7501692,1.1590967e+04
 157.7706036,1.1592502e+04
 157.7910381,1.1599749e+04
 157.8114724,1.1586656e+04
 157.8319068,1.1598833e+04
 157.8523412,1.1582118e+04
 157.8727756,1.1597978e+04
 157.8932099,1.1595492e+04
 157.9136443,1.1596449e+04
 157.9340786,1.1588225e+04
 157.9545131,1.1594546e+04
 157.9749475,1.1589806e+04
 157.9953818,1.1597171e+04
 158.0158163,1.1585863e+04
 158.0362506,1.1587757e+04
 158.0566849,1.1585890e+04
 158.0771193,1.1585341e+04
 158.0975538,1.1601297e+04
 158.1179882,1.1586195e+04
 158.1384224,1.1593087e+04
 158.1588569,1.1589066e+04
 158.1792913,1.1591803e+04
 158.1997256,1.1595576e+04
 158.2201600,1.1590102e+04
 158.2405945,1.1590466e+04
 158.2610287,         null
 158.2814631,1.1592808e+04
 158.3018976,1.1590812e+04
 158.3223320,1.1590599e+04
 158.3427663,1.1592510e+04
 158.3632006,1.1591613e+04
 158.3836351,1.1590823e+04
 158.4040695,1.1591613e+04
 158.4245038,1.1600365e+04
 158.4449382,1.1591697e+04
 158.4653726,1.1598493e+04
 158.4858069,1.1599653e+04
 158.5062413,1.1607021e+04
 158.5266758,1.1599269e+04
 158.5471101,1.1591632e+04
 158.5675444,1.1596297e+04
 158.5879788,1.1588393e+04
 158.6084132,1.1592345e+04
 158.6288476,1.1593638e+04
 158.6492820,1.1588200e+04
 158.6697164,1.1591475e+04
 158.6901507,1.1591786e+04
 158.7105851,1.1591690e+04
 158.7310194,1.1589535e+04
 158.7514538,1.1592396e+04
 158.7718882,1.1600386e+04
 158.7923226,1.1594656e+04
 158.8127570,1.1594243e+04
 158.8331913,1.1587362e+04
 158.8536257,1.1592109e+04
 158.8740600,1.1594136e+04
 158.8944945,1.1593361e+04
 158.9149289,1.1597166e+04
 158.9353631,1.1600078e+04
 158.9557976,1.1599735e+04
 158.9762320,1.1594434e+04
 158.9966663,1.1585878e+04
 159.0171006,1.1591844e+04
 159.0375351,1.1594901e+04
 159.0579694,1.1591537e+04
 159.0784037,1.1605604e+04
 159.0988381,1.1597693e+04
 159.1192726,1.1590863e+04
 159.1397069,1.1600513e+04
 159.1601412,1.1594542e+04
 159.1805757,1.1591003e+04
 159.2010100,1.1591366e+04
 159.2214444,1.1597881e+04
 159.2418786,1.1589219e+04
 159.2623131,1.1595460e+04
 159.2827475,1.1594734e+04
 159.3031818,1.1596494e+04
 159.3236162,1.1596333e+04
 159.3440506,1.1598539e+04
 159.3644850,1.1590880e+04
 159.3849192,1.1588575e+04
 159.4053537,1.1598895e+04
 159.4257881,1.1592940e+04
 159.4462223,1.1601673e+04
 159.4666568,1.1584669e+04
 159.4870912,1.1595933e+04
 159.5075255,1.1599245e+04
 159.5279598,1.1596070e+04
 159.5483943,1.1587661e+04
 159.5688286,1.1594229e+04
 159.5892629,1.1606456e+04
 159.6096973,1.1595952e+04
 159.6301318,1.1601601e+04
 159.6505660,1.1594367e+04
 159.6710004,1.1593662e+04
 159.6914349,1.1590448e+04
 159.7118691,1.1590712e+04
 159.7323035,1.1606079e+04
 159.7527379,1.1603336e+04
 159.7731722,1.1599996e+04
 159.7936066,1.1599433e+04
 159.8140410,1.1602254e+04
 159.8344753,1.1586672e+04
 159.8549097,1.1598039e+04
 159.8753441,1.1590619e+04
 159.8957783,1.1592746e+04
 159.9162128,1.1590958e+04
 159.9366472,1.1614368e+04
 159.9570815,1.1584858e+04
 159.9775159,1.1594176e+04
 159.9979503,1.1618517e+04
 160.0183846,1.1592884e+04
 160.0388190,1.1598685e+04
 160.0592534,1.1596170e+04
 160.0796877,1.1593772e+04
 160.1001221,1.1598359e+04
 160.1205564,1.1600343e+04
 160.1409908,1.1603574e+04
 160.1614252,1.1592029e+04
 160.1818595,1.1587157e+04
 160.2022939,1.1597329e+04
 160.2227283,1.1594012e+04
 160.2431625,1.1588251e+04
 160.2635969,1.1595814e+04
 160.2840314,1.1603241e+04
 160.3044656,1.1592984e+04
 160.3249000,1.1601044e+04
 160.3453345,1.1604870e+04
 160.3657688,1.1596812e+04
 160.3862031,1.1597254e+04
 160.4066374,1.1606670e+04
 160.4270719,1.1590863e+04
 160.4475062,1.1591145e+04
 160.4679405,1.1598330e+04
 160.4883750,1.1591970e+04
 160.5088092,1.1595401e+04
 160.5292436,1.1594384e+04
 160.5496780,1.1602675e+04
 160.5701123,1.1602379e+04
 160.5905467,1.1593498e+04
 160.6109810,1.1606886e+04
 160.6314153,1.1590420e+04
 160.6518498,1.1604688e+04
 160.6722841,1.1597790e+04
 160.6927184,1.1599000e+04
 160.7131528,1.1595113e+04
 160.7335872,1.1597025e+04
 160.7540215,1.1591838e+04
 160.7744558,1.1600405e+04
 160.7948903,1.1601516e+04
 160.8153246,1.1597814e+04
 160.8357589,1.1604198e+04
 160.8561933,1.1598867e+04
 160.8766277,1.1593428e+04
 160.8970619,1.1596265e+04
 160.9174963,1.1597393e+04
 160.9379308,1.1606291e+04
 160.9583650,1.1596508e+04
 160.9787994,1.1590969e+04
 160.9992338,1.1594951e+04
 161.0196681,1.1595703e+04
 161.0401024,1.1596466e+04
 161.0605368,1.1598240e+04
 161.0809711,1.1594750e+04
 161.1014055,1.1597377e+04
 161.1218399,1.1596276e+04
 161.1422743,1.1598846e+04
 161.1627086,1.1595165e+04
 161.1831429,1.1593522e+04
 161.2035772,1.1589694e+04
 161.2240116,1.1595582e+04
 161.2444460,         null
 161.2648803,1.1596047e+04
 161.2853146,1.1592672e+04
 161.3057490,1.1601990e+04
 161.3261834,1.1592897e+04
 161.3466176,1.1603431e+04
 161.3670521,1.1596719e+04
 161.3874864,1.1599766e+04
 161.4079207,1.1594792e+04
 161.4283551,1.1598893e+04
 161.4487895,1.1602712e+04
 161.4692238,1.1599686e+04
 161.4896581,1.1604489e+04
 161.5100926,1.1597846e+04
 161.5305268,1.1590363e+04
 161.5509612,1.1593533e+04
 161.5713955,1.1602764e+04
 161.5918300,1.1599951e+04
 161.6122642,1.1595289e+04
 161.6326986,1.1595801e+04
 161.6531330,1.1594349e+04
 161.6735674,1.1594918e+04
 161.6940016,1.1595866e+04
 161.7144359,1.1597331e+04
 161.7348704,1.1597201e+04
 161.7553046,1.1594818e+04
 161.7757390,1.1601725e+04
 161.7961733,1.1604595e+04
 161.8166077,1.1601151e+04
 161.8370420,1.1601418e+04
 161.8574764,1.1599438e+04
 161.8779108,1.1606375e+04
 161.8983451,1.1597104e+04
 161.9187794,1.1595531e+04
 161.9392137,1.1600522e+04
 161.9596481,1.1593741e+04
 161.9800825,1.1609722e+04
 162.0005168,1.1604030e+04
 162.0209512,1.1603188e+04
 162.0413855,1.1600252e+04
 162.0618198,1.1602405e+04
 162.0822541,1.1608908e+04
 162.1026885,1.1603290e+04
 162.1231229,1.1594192e+04
 162.1435571,1.1608959e+04
 162.1639916,1.1607746e+04
 162.1844259,1.1601399e+04
 162.2048602,1.1604200e+04
 162.2252945,1.1605656e+04
 162.2457289,1.1602202e+04
 162.2661632,1.1604305e+04
 162.2865975,1.1600434e+04
 162.3070320,1.1606366e+04
 162.3274663,1.1602461e+04
 162.3479006,1.1595957e+04
 162.3683349,1.1597820e+04
 162.3887693,1.1612287e+04
 162.4092036,1.1596030e+04
 162.4296379,1.1604790e+04
 162.4500722,1.1600589e+04
 162.4705066,1.1602719e+04
 162.4909409,1.1597123e+04
 162.5113747,1.1601366e+04
 162.5318091,1.1600982e+04
 162.5522434,1.1604999e+04
 162.5726777,1.1601015e+04
 162.5931120,1.1611027e+04
 162.6135465,1.1608481e+04
 162.6339807,1.1603713e+04
 162.6544151,1.1607227e+04
 162.6748495,1.1599419e+04
 162.6952837,1.1608861e+04
 162.7157181,1.1597148e+04
 162.7361524,1.1609039e+04
 162.7565868,1.1606304e+04
 162.7770211,1.1594871e+04
 162.7974554,1.1608079e+04
 162.8178898,1.1604802e+04
 162.8383241,1.1601739e+04
 162.8587584,1.1606931e+04
 162.8791927,1.1598052e+04
 162.8996271,1.1610294e+04
 162.9200615,1.1601638e+04
 162.9404957,1.1606370e+04
 162.9609300,1.1603561e+04
 162.9813645,1.1603375e+04
 163.0017987,1.1602656e+04
 163.0222330,1.1598669e+04
 163.0426675,1.1604582e+04
 163.0631018,1.1613284e+04
 163.0835360,1.1600057e+04
 163.1039704,1.1598217e+04
 163.1244048,1.1609093e+04
 163.1448390,1.1598146e+04
 163.1652734,1.1604993e+04
 163.1857078,1.1609120e+04
 163.2061420,1.1602628e+04
 163.2265764,1.1604777e+04
 163.2470107,1.1602532e+04
 163.2674450,1.1602250e+04
 163.2878794,1.1605998e+04
 163.3083137,1.1605074e+04
 163.3287481,1.1604696e+04
 163.3491824,1.1596601e+04
 163.3696167,1.1622414e+04
 163.3900509,1.1609736e+04
 163.4104854,1.1602581e+04
 163.4309197,1.1599940e+04
 163.4513539,1.1609545e+04
 163.4717884,1.1597628e+04
 163.4922227,1.1600261e+04
 163.5126570,1.1609022e+04
 163.5330912,1.1598810e+04
 163.5535257,1.1606977e+04
 163.5739600,1.1600602e+04
 163.5943942,1.1598601e+04
 163.6148286,1.1601661e+04
 163.6352630,1.1608025e+04
 163.6556972,1.1608168e+04
 163.6761316,1.1605286e+04
 163.6965660,1.1600387e+04
 163.7170002,1.1603457e+04
 163.7374345,1.1608414e+04
 163.7578689,1.1598799e+04
 163.7783032,1.1604610e+04
 163.7987375,1.1608516e+04
 163.8191718,1.1604726e+04
 163.8396063,1.1604631e+04
 163.8600405,1.1602447e+04
 163.8804748,1.1605955e+04
 163.9009091,1.1607668e+04
 163.9213435,1.1609425e+04
 163.9417778,1.1612866e+04
 163.9622121,1.1616884e+04
 163.9826465,1.1600655e+04
 164.0030808,1.1611392e+04
 164.0235151,1.1600588e+04
 164.0439493,1.1601945e+04
 164.0643838,1.1604946e+04
 164.0848181,1.1604166e+04
 164.1052524,1.1612212e+04
 164.1256866,1.1603426e+04
 164.1461211,1.1611520e+04
 164.1665553,1.1611816e+04
 164.1869896,1.1600432e+04
 164.2074240,1.1610830e+04
 164.2278584,         null
 164.2482926,1.1613156e+04
 164.2687269,1.1608054e+04
 164.2891612,1.1605803e+04
 164.3095955,1.1602627e+04
 164.3300299,1.1600110e+04
 164.3504643,1.1602080e+04
 164.3708986,1.1605577e+04
 164.3913328,1.1614160e+04
 164.4117671,1.1608149e+04
 164.4322015,1.1598048e+04
 164.4526358,1.1607214e+04
 164.4730701,1.1600902e+04
 164.4935045,1.1607236e+04
 164.5139388,1.1604630e+04
 164.5343731,1.1609119e+04
 164.5548074,1.1608340e+04
 164.5752417,1.1601864e+04
 164.5956760,1.1611874e+04
 164.6161103,1.1610889e+04
 164.6365446,1.1603936e+04
 164.6569790,1.1604182e+04
 164.6774133,1.1610364e+04
 164.6978476,1.1609197e+04
 164.7182819,1.1597104e+04
 164.7387163,1.1604946e+04
 164.7591506,1.1614207e+04
 164.7795848,1.1606881e+04
 164.8000192,1.1608396e+04
 164.8204535,1.1606268e+04
 164.8408877,1.1609254e+04
 164.8613222,1.1604667e+04
 164.8817565,1.1609021e+04
 164.9021907,1.1607522e+04
 164.9226250,1.1605530e+04
 164.9430594,1.1599141e+04
 164.9634936,1.1603324e+04
 164.9839280,1.1603294e+04
