        TIME,  PDCSAP_FLUX
 131.5125923,1.2138538e+04
 131.5330267,1.2132244e+04
 131.5534610,1.2143536e+04
 131.5738952,1.2138887e+04
 131.5943295,1.2135480e+04
 131.6147639,1.2138631e+04
 131.6351981,1.2138867e+04
 131.6556324,1.2138671e+04
 131.6760668,1.2135979e+04
 131.6965011,1.2133182e+04
 131.7169353,1.2133129e+04
 131.7373696,1.2141098e+04
 131.7578040,1.2144358e+04
 131.7782382,1.2136934e+04
 131.7986725,1.2134309e+04
 131.8191069,1.2132205e+04
 131.8395411,1.2128296e+04
 131.8599754,1.2148399e+04
 131.8804097,1.2132026e+04
 131.9008440,1.2129253e+04
 131.9212783,1.2131034e+04
 131.9417126,1.2135307e+04
 131.9621469,1.2134598e+04
 131.9825812,1.2131056e+04
 132.0030155,1.2133290e+04
 132.0234497,1.2133712e+04
 132.0438841,1.2140517e+04
 132.0643184,1.2131993e+04
 132.0847526,1.2138915e+04
 132.1051869,1.2144065e+04
 132.1256213,1.2136814e+04
 132.1460555,1.2139197e+04
 132.1664898,1.2124754e+04
 132.1869242,1.2134086e+04
 132.2073585,1.2129127e+04
 132.2277927,1.2135718e+04
 132.2482270,1.2138547e+04
 132.2686614,1.2137621e+04
 132.2890956,1.2130390e+04
 132.3095299,1.2137670e+04
 132.3299643,1.2135626e+04
 132.3503985,1.2137976e+04
 132.3708328,1.2145831e+04
 132.3912671,1.2130519e+04
 132.4117014,1.2135680e+04
 132.4321357,1.2138589e+04
 132.4525700,1.2131741e+04
 132.4730044,1.2135979e+04
 132.4934386,1.2133262e+04
 132.5138729,1.2136739e+04
 132.5343071,1.2137615e+04
 132.5547415,1.2133060e+04
 132.5751758,1.2138637e+04
 132.5956100,1.2133787e+04
 132.6160444,1.2136818e+04
 132.6364787,1.2133196e+04
 132.6569130,1.2129794e+04
 132.6773472,1.2126704e+04
 132.6977816,1.2145723e+04
 132.7182159,1.2136243e+04
 132.7386501,1.2146702e+04
 132.7590845,1.2131572e+04
 132.7795188,1.2134713e+04
 132.7999530,1.2135770e+04
 132.8203873,1.2137485e+04
 132.8408216,1.2137167e+04
 132.8612558,1.2141061e+04
 132.8816901,1.2145182e+04
 132.9021245,1.2143903e+04
 132.9225587,1.2137799e+04
 132.9429930,1.2140498e+04
 132.9634273,1.2140440e+04
 132.9838617,1.2137752e+04
 133.0042959,1.2142101e+04
 133.0247302,1.2141893e+04
 133.0451645,1.2132754e+04
 133.0655988,1.2141877e+04
 133.0860331,1.2136093e+04
 133.1064674,1.2143022e+04
 133.1269017,1.2139007e+04
 133.1473360,1.2129756e+04
 133.1677703,1.2136286e+04
 133.1882046,1.2144303e+04
 133.2086390,1.2140705e+04
 133.2290732,1.2131813e+04
 133.2495075,1.2141167e+04
 133.2699417,1.2133029e+04
 133.2903760,1.2139815e+04
 133.3108103,1.2132165e+04
 133.3312445,1.2127480e+04
 133.3516789,1.2130620e+04
 133.3721132,1.2147847e+04
 133.3925475,1.2137422e+04
 133.4129818,1.2138170e+04
 133.4334161,1.2134687e+04
 133.4538504,1.2141688e+04
 133.4742846,1.2147406e+04
 133.4947190,1.2133317e+04
 133.5151533,1.2133165e+04
 133.5355875,1.2139422e+04
 133.5560219,1.2137757e+04
 133.5764561,1.2142877e+04
 133.5968903,1.2134821e+04
 133.6173246,1.2138981e+04
 133.6377590,1.2142095e+04
 133.6581933,1.2135225e+04
 133.6786275,1.2151105e+04
 133.6990619,1.2137018e+04
 133.7194962,1.2133066e+04
 133.7399304,1.2133733e+04
 133.7603647,1.2139656e+04
 133.7807991,1.2135600e+04
 133.8012333,1.2140403e+04
 133.8216675,1.2134889e+04
 133.8421018,1.2133305e+04
 133.8625361,1.2133218e+04
 133.8829704,1.2133707e+04
 133.9034047,1.2133452e+04
 133.9238390,1.2135187e+04
 133.9442733,1.2128637e+04
 133.9647076,1.2133700e+04
 133.9851418,1.2135250e+04
 134.0055762,1.2131391e+04
 134.0260105,1.2128768e+04
 134.0464446,1.2139164e+04
 134.0668790,1.2138326e+04
 134.0873133,1.2137307e+04
 134.1077475,1.2132473e+04
 134.1281818,1.2139256e+04
 134.1486162,1.2133952e+04
 134.1690505,1.2141726e+04
 134.1894847,1.2134089e+04
 134.2099191,1.2134898e+04
 134.2303534,1.2139332e+04
 134.2507875,1.2131279e+04
 134.2712218,1.2145354e+04
 134.2916562,1.2137388e+04
 134.3120904,1.2129539e+04
 134.3325247,1.2129722e+04
 134.3529591,1.2141831e+04
 134.3733933,1.2136948e+04
 134.3938276,         null
 134.4142619,1.2128336e+04
 134.4346961,1.2127052e+04
 134.4551304,1.2128058e+04
 134.4755647,1.2125041e+04
 134.4959991,1.2129836e+04
 134.5164333,1.2127059e+04
 134.5368676,1.2132580e+04
 134.5573018,1.2138639e+04
 134.5777362,1.2125694e+04
 134.5981704,1.2139092e+04
 134.6186046,1.2131581e+04
 134.6390389,1.2138177e+04
 134.6594733,1.2145848e+04
 134.6799076,1.2134725e+04
 134.7003419,1.2141424e+04
 134.7207762,1.2140267e+04
 134.7412105,1.2132623e+04
 134.7616446,1.2146846e+04
 134.7820789,1.2139717e+04
 134.8025133,1.2137578e+04
 134.8229476,1.2140300e+04
 134.8433818,1.2136414e+04
 134.8638162,1.2141102e+04
 134.8842505,1.2135330e+04
 134.9046847,1.2140210e+04
 134.9251189,1.2132972e+04
 134.9455533,1.2140347e+04
 134.9659876,1.2132214e+04
 134.9864218,1.2128401e+04
 135.0068562,1.2134339e+04
 135.0272905,1.2132454e+04
 135.0477246,1.2139304e+04
 135.0681589,1.2133580e+04
 135.0885933,1.2135566e+04
 135.1090275,1.2128175e+04
 135.1294618,1.2131121e+04
 135.1498962,1.2130034e+04
 135.1703304,1.2141949e+04
 135.1907646,1.2132041e+04
 135.2111989,1.2133814e+04
 135.2316333,1.2139622e+04
 135.2520675,1.2134899e+04
 135.2725018,1.2136863e+04
 135.2929360,1.2135624e+04
 135.3133703,1.2128368e+04
 135.3338046,1.2134029e+04
 135.3542388,1.2136664e+04
 135.3746732,1.2130171e+04
 135.3951075,1.2140656e+04
 135.4155418,1.2145234e+04
 135.4359759,1.2136026e+04
 135.4564103,1.2128605e+04
 135.4768446,1.2134940e+04
 135.4972788,1.2133213e+04
 135.5177132,1.2136395e+04
 135.5381475,1.2132050e+04
 135.5585816,1.2141449e+04
 135.5790159,1.2134962e+04
 135.5994503,1.2138596e+04
 135.6198845,1.2133830e+04
 135.6403188,1.2135591e+04
 135.6607531,1.2137350e+04
 135.6811874,1.2130768e+04
 135.7016216,1.2132354e+04
 135.7220559,1.2138875e+04
 135.7424903,1.2131457e+04
 135.7629245,1.2141333e+04
 135.7833587,1.2139592e+04
 135.8037931,1.2138165e+04
 135.8242273,1.2128975e+04
 135.8446616,1.2131525e+04
 135.8650959,1.2130775e+04
 135.8855301,1.2142066e+04
 135.9059644,1.2140507e+04
 135.9263987,1.2135012e+04
 135.9468329,1.2136578e+04
 135.9672673,1.2134711e+04
 135.9877015,1.2138521e+04
 136.0081357,1.2138830e+04
 136.0285701,1.2138111e+04
 136.0490044,1.2126536e+04
 136.0694386,1.2135217e+04
 136.0898728,1.2134496e+04
 136.1103072,1.2134777e+04
 136.1307415,1.2128917e+04
 136.1511757,1.2129892e+04
 136.1716101,1.2138316e+04
 136.1920443,1.2137011e+04
 136.2124785,1.2134710e+04
 136.2329128,1.2146159e+04
 136.2533472,1.2134142e+04
 136.2737813,1.2136171e+04
 136.2942156,1.2139434e+04
 136.3146500,1.2139688e+04
 136.3350842,1.2137710e+04
 136.3555185,1.2133251e+04
 136.3759527,1.2131548e+04
 136.3963870,1.2137689e+04
 136.4168213,1.2142239e+04
 136.4372556,1.2139270e+04
 136.4576899,1.2142035e+04
 136.4781241,1.2134739e+04
 136.4985584,1.2135334e+04
 136.5189927,1.2127211e+04
 136.5394270,1.2136357e+04
 136.5598612,1.2125588e+04
 136.5802955,1.2135636e+04
 136.6007298,1.2135283e+04
 136.6211641,1.2133767e+04
 136.6415983,1.2127357e+04
 136.6620326,1.2132050e+04
 136.6824669,1.2133413e+04
 136.7029012,1.2134273e+04
 136.7233354,1.2132229e+04
 136.7437696,1.2136418e+04
 136.7642040,1.2134351e+04
 136.7846383,1.2126490e+04
 136.8050724,1.2134250e+04
 136.8255068,1.2136185e+04
 136.8459411,1.2133965e+04
 136.8663754,1.2134651e+04
 136.8868096,1.2136562e+04
 136.9072439,1.2127729e+04
 136.9276782,1.2126784e+04
 136.9481124,1.2130823e+04
 136.9685468,1.2135737e+04
 136.9889810,1.2135499e+04
 137.0094152,1.2131142e+04
 137.0298495,1.2133334e+04
 137.0502838,1.2130999e+04
 137.0707180,1.2125949e+04
 137.0911523,1.2133263e+04
 137.1115867,1.2131306e+04
 137.1320208,1.2134375e+04
 137.1524551,1.2135442e+04
 137.1728894,1.2128757e+04
 137.1933238,1.2137728e+04
 137.2137579,1.2129729e+04
 137.2341922,1.2133417e+04
 137.2546264,1.2134307e+04
 137.2750608,1.2131676e+04
 137.2954950,1.2126607e+04
 137.3159292,1.2136792e+04
 137.3363636,1.2138447e+04
 137.3567978,1.2136219e+04
 137.3772321,         null
 137.3976663,1.2135719e+04
 137.4181007,1.2131632e+04
 137.4385349,1.2134195e+04
 137.4589691,1.2144860e+04
 137.4794035,1.2126859e+04
 137.4998378,1.2130949e+04
 137.5202719,1.2136052e+04
 137.5407062,1.2141221e+04
 137.5611406,1.2137330e+04
 137.5815747,1.2134602e+04
 137.6020090,1.2134122e+04
 137.6224434,1.2134212e+04
 137.6428777,1.2135500e+04
 137.6633118,1.2132873e+04
 137.6837461,1.2133942e+04
 137.7041805,1.2135760e+04
 137.7246146,1.2127642e+04
 137.7450489,1.2139036e+04
 137.7654833,1.2133236e+04
 137.7859174,1.2130211e+04
 137.8063517,1.2133114e+04
 137.8267859,1.2136213e+04
 137.8472203,1.2133734e+04
 137.8676545,1.2130290e+04
 137.8880888,1.2137132e+04
 137.9085230,1.2132503e+04
 137.9289573,1.2139071e+04
 137.9493916,1.2137279e+04
 137.9698258,1.2141789e+04
 137.9902601,1.2134661e+04
 138.0106944,1.2136691e+04
 138.0311286,1.2145715e+04
 138.0515628,1.2131493e+04
 138.0719972,1.2136498e+04
 138.0924315,1.2137997e+04
 138.1128657,1.2138298e+04
 138.1333000,1.2136063e+04
 138.1537343,1.2129709e+04
 138.1741685,1.2137936e+04
 138.1946027,1.2139688e+04
 138.2150371,1.2139896e+04
 138.2354714,1.2134216e+04
 138.2559055,1.2137117e+04
 138.2763399,1.2134155e+04
 138.2967742,1.2130232e+04
 138.3172083,1.2135229e+04
 138.3376426,1.2137003e+04
 138.3580770,1.2136225e+04
 138.3785112,1.2136731e+04
 138.3989454,1.2136295e+04
 138.4193798,1.2130617e+04
 138.4398140,1.2135822e+04
 138.4602482,1.2131081e+04
 138.4806825,1.2139204e+04
 138.5011168,1.2130359e+04
 138.5215510,1.2130238e+04
 138.5419853,1.2142064e+04
 138.5624195,1.2135509e+04
 138.5828538,1.2130872e+04
 138.6032881,1.2138807e+04
 138.6237223,1.2139080e+04
 138.6441566,1.2130541e+04
 138.6645908,1.2131493e+04
 138.6850251,1.2136246e+04
 138.7054593,1.2133896e+04
 138.7258936,1.2137272e+04
 138.7463279,1.2136930e+04
 138.7667621,1.2131867e+04
 138.7871964,1.2137154e+04
 138.8076307,1.2134733e+04
 138.8280649,1.2147821e+04
 138.8484991,1.2131089e+04
 138.8689335,1.2130274e+04
 138.8893678,1.2133770e+04
 138.9098019,1.2129413e+04
 138.9302363,1.2132424e+04
 138.9506705,1.2143044e+04
 138.9711047,1.2126411e+04
 138.9915390,1.2136797e+04
 139.0119733,1.2136427e+04
 139.0324075,1.2138180e+04
 139.0528418,1.2135401e+04
 139.0732761,1.2134477e+04
 139.0937103,1.2135584e+04
 139.1141445,1.2141557e+04
 139.1345788,1.2134344e+04
 139.1550131,1.2128956e+04
 139.1754473,1.2127852e+04
 139.1958816,1.2135371e+04
 139.2163158,1.2131469e+04
 139.2367501,1.2135930e+04
 139.2571844,1.2137560e+04
 139.2776185,1.2134275e+04
 139.2980529,1.2142102e+04
 139.3184872,1.2132344e+04
 139.3389214,1.2134056e+04
 139.3593556,1.2133055e+04
 139.3797899,1.2133168e+04
 139.4002242,1.2138929e+04
 139.4206584,1.2136857e+04
 139.4410927,1.2135773e+04
 139.4615270,1.2130765e+04
 139.4819611,1.2133872e+04
 139.5023954,1.2133318e+04
 139.5228298,1.2126201e+04
 139.5432639,1.2141183e+04
 139.5636982,1.2134534e+04
 139.5841325,1.2135983e+04
 139.6045667,1.2142848e+04
 139.6250010,1.2127479e+04
 139.6454352,1.2126529e+04
 139.6658696,1.2136482e+04
 139.6863037,1.2136327e+04
 139.7067380,1.2130574e+04
 139.7271723,1.2134332e+04
 139.7476065,1.2135582e+04
 139.7680408,1.2142734e+04
 139.7884750,1.2136301e+04
 139.8089093,1.2134738e+04
 139.8293436,1.2134520e+04
 139.8497778,1.2135730e+04
 139.8702121,1.2133546e+04
 139.8906463,1.2138656e+04
 139.9110806,1.2132006e+04
 139.9315148,1.2141396e+04
 139.9519492,1.2131465e+04
 139.9723834,1.2135610e+04
 139.9928176,1.2124183e+04
 140.0132518,1.2135716e+04
 140.0336861,1.2133807e+04
 140.0541204,1.2129257e+04
 140.0745546,1.2130529e+04
 140.0949889,1.2140049e+04
 140.1154232,1.2138808e+04
 140.1358574,1.2139188e+04
 140.1562916,1.2142973e+04
 140.1767259,1.2139339e+04
 140.1971602,1.2134365e+04
 140.2175943,1.2127343e+04
 140.2380287,1.2137815e+04
 140.2584629,1.2133085e+04
 140.2788971,1.2135688e+04
 140.2993314,1.2129647e+04
 140.3197657,1.2132669e+04
 140.3401999,1.2131559e+04
 140.3606341,         null
 140.3810684,1.2136637e+04
 140.4015027,1.2134774e+04
 140.4219369,1.2138352e+04
 140.4423711,1.2129719e+04
 140.4628055,1.2131169e+04
 140.4832396,1.2128562e+04
 140.5036739,1.2135751e+04
 140.5241081,1.2127868e+04
 140.5445424,1.2138769e+04
 140.5649767,1.2130105e+04
 140.5854109,1.2134515e+04
 140.6058452,1.2130011e+04
 140.6262794,1.2133575e+04
 140.6467137,1.2132438e+04
 140.6671478,1.2133275e+04
 140.6875822,1.2138285e+04
 140.7080164,1.2139271e+04
 140.7284506,1.2139218e+04
 140.7488849,1.2135604e+04
 140.7693192,1.2136971e+04
 140.7897533,1.2138274e+04
 140.8101876,1.2133561e+04
 140.8306219,1.2133645e+04
 140.8510562,1.2135009e+04
 140.8714903,1.2137138e+04
 140.8919246,1.2131211e+04
 140.9123590,1.2138557e+04
 140.9327931,1.2142393e+04
 140.9532274,1.2139171e+04
 140.9736617,1.2140490e+04
 140.9940959,1.2129470e+04
 141.0145301,1.2133828e+04
 141.0349644,1.2138543e+04
 141.0553986,1.2133244e+04
 141.0758329,1.2143232e+04
 141.0962671,1.2154284e+04
 141.1167014,1.2133711e+04
 141.1371356,1.2140259e+04
 141.1575699,1.2141828e+04
 141.1780040,1.2129889e+04
 141.1984384,1.2143870e+04
 141.2188726,1.2137109e+04
 141.2393068,1.2128654e+04
 141.2597411,1.2135864e+04
 141.2801754,1.2143469e+04
 141.3006095,1.2143332e+04
 141.3210438,1.2137849e+04
 141.3414781,1.2138136e+04
 141.3619123,1.2131763e+04
 141.3823465,1.2145961e+04
 141.4027807,1.2135692e+04
 141.4232151,1.2134492e+04
 141.4436493,1.2133977e+04
 141.4640835,1.2134744e+04
 141.4845178,1.2141503e+04
 141.5049521,1.2142041e+04
 141.5253862,1.2135339e+04
 141.5458205,1.2138780e+04
 141.5662547,1.2140029e+04
 141.5866891,1.2131568e+04
 141.6071232,1.2140904e+04
 141.6275576,1.2133877e+04
 141.6479918,1.2139090e+04
 141.6684260,1.2133353e+04
 141.6888602,1.2137212e+04
 141.7092946,1.2137673e+04
 141.7297287,1.2134437e+04
 141.7501629,1.2140799e+04
 141.7705973,1.2130546e+04
 141.7910314,1.2135729e+04
 141.8114657,1.2135191e+04
 141.8318999,1.2142332e+04
 141.8523342,1.2131523e+04
 141.8727684,1.2142565e+04
 141.8932027,1.2137410e+04
 141.9136370,1.2145088e+04
 141.9340712,1.2135907e+04
 141.9545054,1.2135375e+04
 141.9749395,1.2127059e+04
 141.9953739,1.2150425e+04
 142.0158081,1.2145214e+04
 142.0362423,1.2140905e+04
 142.0566765,1.2139727e+04
 142.0771109,1.2143865e+04
 142.0975451,1.2141953e+04
 142.1179793,1.2144418e+04
 142.1384136,1.2138025e+04
 142.1588478,1.2139394e+04
 142.1792820,1.2137846e+04
 142.1997162,1.2131683e+04
 142.2201506,1.2136497e+04
 142.2405847,1.2144828e+04
 142.2610190,1.2133396e+04
 142.2814533,1.2140628e+04
 142.3018874,1.2138217e+04
 142.3223217,1.2141116e+04
 142.3427559,1.2140336e+04
 142.3631903,1.2135778e+04
 142.3836244,1.2140299e+04
 142.4040587,1.2130050e+04
 142.4244930,1.2138867e+04
 142.4449271,1.2138339e+04
 142.4653614,1.2134058e+04
 142.4857955,1.2145821e+04
 142.5062299,1.2142876e+04
 142.5266641,1.2137401e+04
 142.5470983,1.2145144e+04
 142.5675325,1.2138491e+04
 142.5879668,1.2128221e+04
 142.6084011,1.2140084e+04
 142.6288352,1.2141285e+04
 142.6492695,1.2137804e+04
 142.6697038,1.2135411e+04
 142.6901379,1.2135566e+04
 142.7105722,1.2132425e+04
 142.7310065,1.2138396e+04
 142.7514406,1.2141139e+04
 142.7718749,1.2130277e+04
 142.7923092,1.2140056e+04
 142.8127434,1.2134496e+04
 142.8331776,1.2139337e+04
 142.8536118,1.2136559e+04
 142.8740462,1.2139674e+04
 142.8944803,1.2137052e+04
 142.9149146,1.2139812e+04
 142.9353489,1.2140720e+04
 142.9557830,1.2138827e+04
 142.9762173,1.2136783e+04
 142.9966514,1.2140257e+04
 143.0170857,1.2139655e+04
 143.0375200,1.2134879e+04
 143.0579542,1.2136812e+04
 143.0783885,1.2136924e+04
 143.0988227,1.2144035e+04
 143.1192569,1.2141253e+04
 143.1396912,1.2137975e+04
 143.1601254,1.2140342e+04
 143.1805596,1.2127677e+04
 143.2009938,1.2133390e+04
 143.2214280,1.2144083e+04
 143.2418624,1.2143069e+04
 143.2622966,1.2132817e+04
 143.2827308,1.2136867e+04
 143.3031651,1.2128521e+04
 143.3235993,1.2134444e+04
 143.3440335,         null
 143.3644677,1.2137908e+04
 143.3849020,1.2136972e+04
 143.4053362,1.2134647e+04
 143.4257704,1.2141463e+04
 143.4462047,1.2137397e+04
 143.4666389,1.2130009e+04
 143.4870731,1.2132760e+04
 143.5075073,1.2137510e+04
 143.5279417,1.2135229e+04
 143.5483759,1.2139964e+04
 143.5688100,1.2139236e+04
 143.5892444,1.2132567e+04
 143.6096786,1.2136347e+04
 143.6301127,1.2136741e+04
 143.6505470,1.2134221e+04
 143.6709813,1.2135399e+04
 143.6914154,1.2136826e+04
 143.7118497,1.2137545e+04
 143.7322839,1.2132316e+04
 143.7527181,1.2133319e+04
 143.7731524,1.2135867e+04
 143.7935866,1.2136404e+04
 143.8140208,1.2136706e+04
 143.8344551,1.2134838e+04
 143.8548893,1.2133315e+04
 143.8753234,1.2140308e+04
 143.8957578,1.2132443e+04
 143.9161920,1.2139869e+04
 143.9366261,1.2137226e+04
 143.9570604,1.2139182e+04
 143.9774947,1.2135957e+04
 143.9979288,1.2138777e+04
 144.0183630,1.2135480e+04
 144.0387974,1.2132006e+04
 144.0592316,1.2129852e+04
 144.0796657,1.2129453e+04
 144.1001001,1.2141520e+04
 144.1205343,1.2133512e+04
 144.1409684,1.2144743e+04
 144.1614027,1.2134200e+04
 144.1818370,1.2137406e+04
 144.2022711,1.2139123e+04
 144.2227053,1.2137508e+04
 144.2431397,1.2129906e+04
 144.2635738,1.2132310e+04
 144.2840080,1.2128673e+04
 144.3044423,1.2131240e+04
 144.3248765,1.2127938e+04
 144.3453107,1.2135044e+04
 144.3657449,1.2135126e+04
 144.3861791,1.2137047e+04
 144.4066134,1.2139649e+04
 144.4270476,1.2136544e+04
 144.4474818,1.2138868e+04
 144.4679161,1.2140300e+04
 144.4883503,1.2139341e+04
 144.5087844,1.2131018e+04
 144.5292187,1.2140864e+04
 144.5496530,1.2132111e+04
 144.5700872,1.2127233e+04
 144.5905214,1.2131379e+04
 144.6109557,1.2130885e+04
 144.6313899,1.2142531e+04
 144.6518240,1.2132454e+04
 144.6722583,1.2132607e+04
 144.6926926,1.2133821e+04
 144.7131267,1.2128897e+04
 144.7335609,1.2128867e+04
 144.7539953,1.2136175e+04
 144.7744294,1.2136279e+04
 144.7948636,1.2133181e+04
 144.8152978,1.2133692e+04
 144.8357322,1.2140426e+04
 144.8561663,1.2141406e+04
 144.8766005,1.2133573e+04
 144.8970348,1.2143984e+04
 144.9174690,1.2137774e+04
 144.9379032,1.2133146e+04
 144.9583374,1.2129752e+04
 144.9787718,1.2129803e+04
 144.9992059,1.2136284e+04
 145.0196401,1.2131879e+04
 145.0400743,1.2135898e+04
 145.0605085,1.2140185e+04
 145.0809428,1.2135854e+04
 145.1013770,1.2129749e+04
 145.1218113,1.2131203e+04
 145.1422454,1.2130797e+04
 145.1626797,1.2137720e+04
 145.1831138,1.2135338e+04
 145.2035481,1.2136385e+04
 145.2239823,1.2131488e+04
 145.2444165,1.2145808e+04
 145.2648508,1.2137716e+04
 145.2852850,1.2138448e+04
 145.3057192,1.2137378e+04
 145.3261533,1.2126398e+04
 145.3465877,1.2133072e+04
 145.3670219,1.2137824e+04
 145.3874560,1.2137663e+04
 145.4078903,1.2137995e+04
 145.4283246,1.2135667e+04
 145.4487587,1.2143112e+04
 145.4691929,1.2134866e+04
 145.4896272,1.2141429e+04
 145.5100613,1.2132872e+04
 145.5304956,1.2133277e+04
 145.5509298,1.2135183e+04
 145.5713641,1.2142962e+04
 145.5917982,1.2131146e+04
 145.6122324,1.2138960e+04
 145.6326668,1.2139309e+04
 145.6531009,1.2136762e+04
 145.6735351,1.2128878e+04
 145.6939692,1.2132307e+04
 145.7144035,1.2133724e+04
 145.7348378,1.2139938e+04
 145.7552720,1.2138859e+04
 145.7757062,1.2143411e+04
 145.7961404,1.2133328e+04
 145.8165746,1.2133336e+04
 145.8370088,1.2139680e+04
 145.8574431,1.2127457e+04
 145.8778773,1.2130156e+04
 145.8983114,1.2138301e+04
 145.9187457,1.2137288e+04
 145.9391799,1.2138392e+04
 145.9596141,1.2131488e+04
 145.9800483,1.2141183e+04
 146.0004826,1.2142331e+04
 146.0209168,1.2128706e+04
 146.0413509,1.2127204e+04
 146.0617853,1.2138486e+04
 146.0822195,1.2139703e+04
 146.1026536,1.2139910e+04
 146.1230878,1.2138972e+04
 146.1435221,1.2132993e+04
 146.1639562,1.2133532e+04
 146.1843905,1.2125512e+04
 146.2048247,1.2135818e+04
 146.2252589,1.2142360e+04
 146.2456931,1.2137217e+04
 146.2661273,1.2137633e+04
 146.2865615,1.2131714e+04
 146.3069957,1.2145892e+04
 146.3274300,         null
 146.3478641,1.2135175e+04
 146.3682984,1.2131475e+04
 146.3887326,1.2135823e+04
 146.4091667,1.2131077e+04
 146.4296010,1.2135470e+04
 146.4500353,1.2128788e+04
 146.4704694,1.2136263e+04
 146.4909037,1.2145125e+04
 146.5113379,1.2137042e+04
 146.5317721,1.2144393e+04
 146.5522062,1.2138647e+04
 146.5726405,1.2132651e+04
 146.5930747,1.2131897e+04
 146.6135090,1.2142431e+04
 146.6339431,1.2137313e+04
 146.6543774,1.2139248e+04
 146.6748116,1.2131071e+04
 146.6952457,1.2142454e+04
 146.7156800,1.2137820e+04
 146.7361142,1.2136954e+04
 146.7565484,1.2128992e+04
 146.7769826,1.2138491e+04
 146.7974169,1.2139320e+04
 146.8178511,1.2138923e+04
 146.8382852,1.2129304e+04
 146.8587194,1.2130149e+04
 146.8791537,1.2137870e+04
 146.8995878,1.2136933e+04
 146.9200220,1.2135158e+04
 146.9404564,1.2130137e+04
 146.9608905,1.2137398e+04
 146.9813247,1.2128614e+04
 147.0017589,1.2132654e+04
 147.0221931,1.2132172e+04
 147.0426273,1.2134410e+04
 147.0630615,1.2139338e+04
 147.0834958,1.2135022e+04
 147.1039299,1.2132891e+04
 147.1243641,1.2133426e+04
 147.1447983,1.2127925e+04
 147.1652326,1.2130067e+04
 147.1856668,1.2146366e+04
 147.2061009,1.2142517e+04
 147.2265352,1.2134247e+04
 147.2469694,1.2139455e+04
 147.2674036,1.2138679e+04
 147.2878377,1.2134832e+04
 147.3082720,1.2133673e+04
 147.3287062,1.2136691e+04
 147.3491403,1.2142821e+04
 147.3695745,1.2136493e+04
 147.3900089,1.2138712e+04
 147.4104430,1.2151884e+04
 147.4308772,1.2123916e+04
 147.4513115,1.2132254e+04
 147.4717456,1.2129835e+04
 147.4921798,1.2133928e+04
 147.5126140,1.2132711e+04
 147.5330483,1.2133437e+04
 147.5534824,1.2140076e+04
 147.5739166,1.2134736e+04
 147.5943509,1.2132827e+04
 147.6147850,1.2136428e+04
 147.6352192,1.2134814e+04
 147.6556533,1.2131159e+04
 147.6760876,1.2141604e+04
 147.6965218,1.2130978e+04
 147.7169560,1.2136545e+04
 147.7373903,1.2135014e+04
 147.7578245,1.2131733e+04
 147.7782587,1.2131525e+04
 147.7986928,1.2131080e+04
 147.8191271,1.2132443e+04
 147.8395613,1.2129887e+04
 147.8599954,1.2131917e+04
 147.8804296,1.2134736e+04
 147.9008639,         null
 147.9212980,1.2139861e+04
 147.9417322,1.2139628e+04
 147.9621665,1.2132085e+04
 147.9826006,1.2129652e+04
 148.0030348,1.2129306e+04
 148.0234690,1.2138381e+04
 148.0439033,1.2134468e+04
 148.0643374,1.2140838e+04
 148.0847716,1.2133461e+04
 148.1052059,1.2142180e+04
 148.1256400,1.2133318e+04
 148.1460742,1.2134898e+04
 148.1665084,1.2134322e+04
 148.1869426,1.2137995e+04
 148.2073768,1.2129681e+04
 148.2278110,1.2135088e+04
 148.2482453,1.2128774e+04
 148.2686794,1.2139556e+04
 148.2891136,1.2136690e+04
 148.3095478,1.2136887e+04
 148.3299820,1.2138600e+04
 148.3504162,1.2131388e+04
 148.3708504,1.2136163e+04
 148.3912845,1.2128562e+04
 148.4117188,1.2137844e+04
 148.4321530,1.2141149e+04
 148.4525872,1.2141656e+04
 148.4730214,1.2134018e+04
 148.4934556,1.2135448e+04
 148.5138898,1.2131564e+04
 148.5343239,1.2142921e+04
 148.5547582,1.2139370e+04
 148.5751924,1.2140435e+04
 148.5956265,1.2139109e+04
 148.6160608,1.2133875e+04
 148.6364950,1.2138646e+04
 148.6569291,1.2130927e+04
 148.6773633,1.2136651e+04
 148.6977976,1.2139388e+04
 148.7182317,1.2141055e+04
 148.7386659,1.2129979e+04
 148.7591002,1.2130650e+04
 148.7795344,1.2140166e+04
 148.7999685,1.2136982e+04
 148.8204027,1.2126332e+04
 148.8408370,1.2129962e+04
 148.8612711,1.2134048e+04
 148.8817053,1.2137950e+04
 148.9021396,1.2136068e+04
 148.9225737,1.2137706e+04
 148.9430079,1.2135790e+04
 148.9634421,1.2132643e+04
 148.9838763,1.2132124e+04
 149.0043105,1.2133892e+04
 149.0247447,1.2135827e+04
 149.0451788,1.2139904e+04
 149.0656131,1.2133286e+04
 149.0860473,1.2137011e+04
 149.1064813,1.2132902e+04
 149.1269156,1.2140801e+04
 149.1473498,1.2132537e+04
 149.1677839,1.2135598e+04
 149.1882181,1.2133043e+04
 149.2086524,1.2141953e+04
 149.2290866,1.2135931e+04
 149.2495207,1.2130583e+04
 149.2699550,1.2140879e+04
 149.2903892,1.2142625e+04
 149.3108233,         null
 149.3312575,1.2132806e+04
 149.3516918,1.2134558e+04
 149.3721259,1.2142777e+04
 149.3925601,1.2130470e+04
 149.4129944,1.2141295e+04
 149.4334284,1.2132845e+04
 149.4538626,1.2138373e+04
 149.4742968,1.2137001e+04
 149.4947310,1.2140629e+04
 149.5151652,1.2135274e+04
 149.5355994,1.2128524e+04
 149.5560337,1.2145008e+04
 149.5764678,1.2133313e+04
 149.5969020,1.2133062e+04
 149.6173361,1.2138148e+04
 149.6377704,1.2131652e+04
 149.6582046,1.2130873e+04
 149.6786386,1.2133528e+04
 149.6990728,1.2140284e+04
 149.7195071,1.2134536e+04
 149.7399413,1.2124916e+04
 149.7603754,1.2144047e+04
 149.7808097,1.2138126e+04
 149.8012439,1.2132501e+04
 149.8216780,1.2133138e+04
 149.8421122,1.2137325e+04
 149.8625464,1.2146450e+04
 149.8829806,1.2133823e+04
 149.9034147,1.2132741e+04
 149.9238490,1.2130199e+04
 149.9442832,1.2138093e+04
 149.9647174,1.2129427e+04
 149.9851515,1.2136076e+04
 150.0055858,1.2140700e+04
 150.0260200,1.2136499e+04
 150.0464540,1.2135295e+04
 150.0668883,1.2133513e+04
 150.0873225,1.2140759e+04
 150.1077566,1.2139916e+04
 150.1281908,1.2128167e+04
 150.1486251,1.2134246e+04
 150.1690592,1.2129499e+04
 150.1894934,1.2126135e+04
 150.2099276,1.2131601e+04
 150.2303617,1.2133783e+04
 150.2507959,1.2127310e+04
 150.2712301,1.2132613e+04
 150.2916644,1.2123623e+04
 150.3120985,1.2130749e+04
 150.3325327,1.2128033e+04
 150.3529667,1.2136867e+04
 150.3734010,1.2136219e+04
 150.3938352,1.2136447e+04
 150.4142693,1.2140396e+04
 150.4347036,1.2130710e+04
 150.4551378,1.2134926e+04
 150.4755719,1.2128937e+04
 150.4960060,1.2137474e+04
 150.5164403,1.2129006e+04
 150.5368745,1.2130289e+04
 150.5573086,1.2134184e+04
 150.5777429,1.2136064e+04
 150.5981771,1.2143574e+04
 150.6186111,1.2140217e+04
 150.6390453,1.2134103e+04
 150.6594796,1.2138703e+04
 150.6799137,1.2133773e+04
 150.7003479,1.2144040e+04
 150.7207821,1.2140363e+04
 150.7412163,1.2138657e+04
 150.7616504,1.2135262e+04
 150.7820846,1.2131950e+04
 150.8025189,1.2139762e+04
 150.8229530,1.2136765e+04
 150.8433871,1.2129312e+04
 150.8638214,1.2139482e+04
 150.8842555,1.2128719e+04
 150.9046897,1.2139883e+04
 150.9251239,1.2136526e+04
 150.9455580,1.2136713e+04
 150.9659922,1.2132051e+04
 150.9864264,1.2131777e+04
 151.0068605,1.2134359e+04
 151.0272948,1.2133577e+04
 151.0477289,1.2145569e+04
 151.0681630,1.2128847e+04
 151.0885973,1.2141475e+04
 151.1090315,1.2139507e+04
 151.1294656,1.2135555e+04
 151.1498997,1.2128204e+04
 151.1703340,1.2137252e+04
 151.1907681,1.2136015e+04
 151.2112023,1.2136864e+04
 151.2316366,1.2129869e+04
 151.2520707,1.2136697e+04
 151.2725048,1.2135173e+04
 151.2929390,1.2140976e+04
 151.3133733,1.2134346e+04
 151.3338073,1.2134372e+04
 151.3542415,1.2136139e+04
 151.3746758,1.2134498e+04
 151.3951099,1.2134983e+04
 151.4155441,1.2143241e+04
 151.4359782,1.2139396e+04
 151.4564124,1.2136462e+04
 151.4768466,1.2136043e+04
 151.4972808,1.2132039e+04
 151.5177149,1.2142881e+04
 151.5381491,1.2130391e+04
 151.5585833,1.2136634e+04
 151.5790175,1.2136163e+04
 151.5994517,1.2133455e+04
 151.6198858,1.2134405e+04
 151.6403200,1.2136060e+04
 151.6607542,         null
 151.6811883,1.2132969e+04
 151.7016225,1.2125406e+04
 151.7220567,1.2137212e+04
 151.7424909,1.2137295e+04
 151.7629250,1.2132785e+04
 151.7833592,1.2123867e+04
 151.8037933,1.2135102e+04
 151.8242276,1.2132924e+04
 151.8446617,1.2132813e+04
 151.8650958,1.2131944e+04
 151.8855301,1.2132585e+04
 151.9059643,1.2132651e+04
 151.9263983,1.2127310e+04
 151.9468325,1.2136140e+04
 151.9672668,1.2130717e+04
 151.9877009,1.2131681e+04
 152.0081350,1.2130542e+04
 152.0285693,1.2140439e+04
 152.0490035,1.2137595e+04
 152.0694375,1.2134708e+04
 152.0898717,1.2132561e+04
 152.1103060,1.2136876e+04
 152.1307401,1.2132184e+04
 152.1511742,1.2137261e+04
 152.1716084,1.2134014e+04
 152.1920426,1.2134965e+04
 152.2124767,1.2142107e+04
 152.2329109,1.2137233e+04
 152.2533452,1.2136483e+04
 152.2737792,1.2127710e+04
 152.2942134,         null
 152.3146475,1.2128427e+04
 152.3350818,1.2131008e+04
 152.3555159,1.2135149e+04
 152.3759500,1.2139712e+04
 152.3963843,1.2133698e+04
 152.4168184,1.2137741e+04
 152.4372526,1.2131505e+04
 152.4576867,1.2134203e+04
 152.4781209,1.2137188e+04
 152.4985551,1.2127171e+04
 152.5189892,1.2130333e+04
 152.5394234,1.2133454e+04
 152.5598576,1.2136570e+04
 152.5802917,1.2136331e+04
 152.6007258,1.2133493e+04
 152.6211601,1.2143513e+04
 152.6415942,1.2135524e+04
 152.6620283,         null
 152.6824625,1.2136006e+04
 152.7028967,1.2128646e+04
 152.7233308,1.2132750e+04
 152.7437650,1.2141893e+04
 152.7641993,1.2134711e+04
 152.7846333,1.2133354e+04
 152.8050675,1.2139274e+04
 152.8255016,1.2135141e+04
 152.8459358,1.2146285e+04
 152.8663700,1.2134890e+04
 152.8868041,1.2132082e+04
 152.9072383,1.2129614e+04
 152.9276725,1.2148471e+04
 152.9481067,1.2138688e+04
 152.9685407,1.2135619e+04
 152.9889750,1.2139404e+04
 153.0094092,1.2137149e+04
 153.0298432,1.2138011e+04
 153.0502775,1.2129751e+04
 153.0707117,1.2133908e+04
 153.0911457,1.2134209e+04
 153.1115799,1.2132825e+04
 153.1320141,1.2128060e+04
 153.1524482,1.2129546e+04
 153.1728824,1.2134301e+04
 153.1933165,1.2139821e+04
 153.2137508,1.2141964e+04
 153.2341850,1.2131076e+04
 153.2546190,1.2132202e+04
 153.2750533,1.2144270e+04
 153.2954874,1.2142685e+04
 153.3159215,1.2139844e+04
 153.3363557,1.2130572e+04
 153.3567898,1.2149398e+04
 153.3772240,1.2134354e+04
 153.3976582,1.2129462e+04
 153.4180924,1.2129282e+04
 153.4385266,1.2132665e+04
 153.4589606,1.2136188e+04
 153.4793948,1.2132717e+04
 153.4998291,1.2134214e+04
 153.5202631,1.2135718e+04
 153.5406973,1.2136274e+04
 153.5611315,1.2137653e+04
 153.5815656,1.2133411e+04
 153.6019998,1.2137146e+04
 153.6224339,1.2137692e+04
 153.6428681,1.2133495e+04
 153.6633022,1.2137680e+04
 153.6837364,1.2133965e+04
 153.7041704,1.2139225e+04
 153.7246047,1.2141244e+04
 153.7450389,1.2130883e+04
 153.7654729,1.2129662e+04
 153.7859072,1.2139171e+04
 153.8063413,1.2134602e+04
 153.8267754,1.2136391e+04
 153.8472096,1.2135293e+04
 153.8676438,1.2131146e+04
 153.8880779,1.2132749e+04
 153.9085120,1.2130352e+04
 153.9289463,1.2136327e+04
 153.9493804,1.2126410e+04
 153.9698145,1.2130688e+04
 153.9902487,1.2129127e+04
 154.0106829,1.2136119e+04
 154.0311170,1.2136190e+04
 154.0515511,1.2127388e+04
 154.0719854,1.2136416e+04
 154.0924194,1.2142204e+04
 154.1128536,1.2138918e+04
 154.1332877,1.2130296e+04
 154.1537219,1.2134819e+04
 154.1741560,1.2143443e+04
 154.1945902,1.2133667e+04
 154.2150244,1.2132624e+04
 154.2354585,1.2140468e+04
 154.2558927,1.2131185e+04
 154.2763267,1.2142646e+04
 154.2967610,1.2135683e+04
 154.3171951,1.2133739e+04
 154.3376292,1.2134657e+04
 154.3580633,1.2134110e+04
 154.3784976,1.2139331e+04
 154.3989316,1.2139499e+04
 154.4193658,1.2128766e+04
 154.4398000,1.2134370e+04
 154.4602342,1.2133261e+04
 154.4806682,1.2136864e+04
 154.5011024,1.2133412e+04
 154.5215367,1.2132600e+04
 154.5419707,1.2138661e+04
 154.5624049,1.2141231e+04
 154.5828391,1.2135276e+04
 154.6032732,1.2139665e+04
 154.6237073,1.2133612e+04
 154.6441415,1.2137429e+04
 154.6645756,1.2129263e+04
 154.6850098,1.2136175e+04
 154.7054439,1.2137129e+04
 154.7258782,1.2129623e+04
 154.7463122,1.2132388e+04
 154.7667464,1.2127213e+04
 154.7871805,1.2143536e+04
 154.8076147,1.2141852e+04
 154.8280488,1.2133499e+04
 154.8484829,1.2130504e+04
 154.8689171,1.2138889e+04
 154.8893513,1.2133052e+04
 154.9097854,1.2137796e+04
 154.9302196,1.2134788e+04
 154.9506537,1.2128353e+04
 154.9710878,1.2144167e+04
 154.9915220,1.2135812e+04
 155.0119560,1.2132235e+04
 155.0323903,1.2147731e+04
 155.0528244,1.2139461e+04
 155.0732585,1.2133374e+04
 155.0936927,1.2135434e+04
 155.1141269,1.2133958e+04
 155.1345609,1.2135230e+04
 155.1549951,1.2135202e+04
 155.1754293,1.2129780e+04
 155.1958635,1.2143495e+04
 155.2162975,1.2134776e+04
 155.2367317,1.2142385e+04
 155.2571659,1.2141590e+04
 155.2775999,         null
 155.2980341,1.2134394e+04
 155.3184683,1.2139602e+04
 155.3389024,1.2134104e+04
 155.3593365,1.2140069e+04
 155.3797707,1.2137437e+04
 155.4002048,1.2138041e+04
 155.4206390,1.2136797e+04
 155.4410731,1.2131405e+04
 155.4615074,1.2141391e+04
 155.4819414,1.2140284e+04
 155.5023755,1.2134142e+04
 155.5228096,1.2130178e+04
 155.5432438,1.2137814e+04
 155.5636780,         null
 155.5841120,1.2135799e+04
 155.6045463,1.2126541e+04
 155.6249804,1.2134452e+04
 155.6454145,1.2136403e+04
 155.6658486,1.2136090e+04
 155.6862828,1.2132603e+04
 155.7067170,1.2141374e+04
 155.7271510,1.2139423e+04
 155.7475851,1.2134445e+04
 155.7680194,1.2132112e+04
 155.7884534,1.2126403e+04
 155.8088876,1.2131545e+04
 155.8293218,1.2132591e+04
 155.8497559,1.2129868e+04
 155.8701900,1.2134547e+04
 155.8906241,1.2132931e+04
 155.9110584,1.2133570e+04
 155.9314924,1.2139868e+04
 155.9519266,1.2136189e+04
 155.9723608,1.2136721e+04
 155.9927948,1.2142795e+04
 156.0132290,1.2129283e+04
 156.0336630,1.2137031e+04
 156.0540972,1.2133606e+04
 156.0745314,1.2139727e+04
 156.0949655,1.2130077e+04
 156.1153997,1.2135719e+04
 156.1358338,1.2130800e+04
 156.1562679,1.2135481e+04
 156.1767020,1.2132072e+04
 156.1971362,1.2136625e+04
 156.2175704,1.2129484e+04
 156.2380044,1.2141629e+04
 156.2584385,1.2139895e+04
 156.2788728,1.2126963e+04
 156.2993068,1.2138959e+04
 156.3197409,1.2135837e+04
 156.3401752,1.2140481e+04
 156.3606092,1.2141936e+04
 156.3810433,1.2132182e+04
 156.4014775,1.2134193e+04
 156.4219117,1.2137593e+04
 156.4423458,1.2125368e+04
 156.4627799,1.2139442e+04
 156.4832141,1.2144396e+04
 156.5036482,1.2144159e+04
 156.5240823,1.2132927e+04
 156.5445164,1.2133404e+04
 156.5649506,1.2134803e+04
 156.5853847,1.2133085e+04
 156.6058188,1.2136442e+04
 156.6262530,1.2136488e+04
 156.6466871,1.2138510e+04
 156.6671212,1.2135356e+04
 156.6875554,1.2146024e+04
 156.7079895,1.2137640e+04
 156.7284236,1.2139769e+04
 156.7488578,1.2133839e+04
 156.7692918,1.2135717e+04
 156.7897260,1.2132342e+04
 156.8101602,1.2132273e+04
 156.8305943,1.2131481e+04
 156.8510284,1.2138221e+04
 156.8714626,1.2135349e+04
 156.8918967,1.2130615e+04
 156.9123307,1.2135315e+04
 156.9327650,1.2130493e+04
 156.9531991,1.2135544e+04
 156.9736331,1.2134998e+04
 156.9940673,1.2136313e+04
 157.0145015,1.2134846e+04
 157.0349355,1.2136175e+04
 157.0553696,1.2143327e+04
 157.0758039,1.2139568e+04
 157.0962379,1.2130039e+04
 157.1166720,1.2135759e+04
 157.1371063,1.2141182e+04
 157.1575404,1.2137321e+04
 157.1779744,1.2132769e+04
 157.1984085,1.2129245e+04
 157.2188428,1.2137725e+04
 157.2392768,1.2137652e+04
 157.2597109,1.2137067e+04
 157.2801451,1.2135975e+04
 157.3005792,1.2136588e+04
 157.3210133,1.2141586e+04
 157.3414474,1.2134965e+04
 157.3618816,1.2142663e+04
 157.3823157,1.2141489e+04
 157.4027498,1.2136697e+04
 157.4231839,1.2138344e+04
 157.4436181,1.2136781e+04
 157.4640522,1.2134184e+04
 157.4844862,1.2141874e+04
 157.5049205,1.2129021e+04
 157.5253546,1.2132659e+04
 157.5457886,1.2141344e+04
 157.5662227,1.2137221e+04
 157.5866570,1.2135981e+04
 157.6070910,1.2142041e+04
 157.6275251,1.2136198e+04
 157.6479593,1.2137000e+04
 157.6683935,1.2129938e+04
 157.6888275,1.2136813e+04
 157.7092616,1.2142445e+04
 157.7296958,1.2130423e+04
 157.7501299,1.2132106e+04
 157.7705640,1.2135537e+04
 157.7909982,1.2131928e+04
 157.8114322,1.2128183e+04
 157.8318664,1.2140219e+04
 157.8523005,1.2140977e+04
 157.8727346,1.2132617e+04
 157.8931687,1.2139781e+04
 157.9136028,1.2143406e+04
 157.9340369,1.2136658e+04
 157.9544711,1.2133877e+04
 157.9749052,1.2153979e+04
 157.9953392,1.2132300e+04
 158.0157735,1.2141084e+04
 158.0362076,1.2136717e+04
 158.0566416,1.2139040e+04
 158.0770757,1.2139754e+04
 158.0975099,1.2134651e+04
 158.1179441,1.2134199e+04
 158.1383781,1.2137942e+04
 158.1588123,1.2138902e+04
 158.1792464,1.2136913e+04
 158.1996804,1.2135343e+04
 158.2201146,1.2137846e+04
 158.2405488,1.2135501e+04
 158.2609828,         null
 158.2814169,1.2140500e+04
 158.3018511,1.2129543e+04
 158.3222853,1.2133842e+04
 158.3427193,1.2136405e+04
 158.3631534,1.2138686e+04
 158.3835876,1.2140768e+04
 158.4040217,1.2133087e+04
 158.4244558,1.2140072e+04
 158.4448899,1.2143680e+04
 158.4653241,1.2137713e+04
 158.4857581,1.2132078e+04
 158.5061922,1.2139750e+04
 158.5266264,1.2133772e+04
 158.5470605,1.2129008e+04
 158.5674946,1.2144040e+04
 158.5879287,1.2134591e+04
 158.6083628,1.2130353e+04
 158.6287969,1.2134794e+04
 158.6492310,1.2132273e+04
 158.6696653,1.2143315e+04
 158.6900993,1.2137188e+04
 158.7105334,1.2135670e+04
 158.7309674,1.2147310e+04
 158.7514016,1.2131739e+04
 158.7718357,1.2135969e+04
 158.7922699,1.2141234e+04
 158.8127040,1.2136838e+04
 158.8331381,1.2131232e+04
 158.8535722,1.2129863e+04
 158.8740062,1.2136886e+04
 158.8944404,1.2131449e+04
 158.9148745,1.2140921e+04
 158.9353086,1.2138598e+04
 158.9557428,1.2136352e+04
 158.9761769,1.2141291e+04
 158.9966109,1.2127989e+04
 159.0170450,1.2131539e+04
 159.0374792,1.2134521e+04
 159.0579132,1.2134110e+04
 159.0783473,1.2131615e+04
 159.0987815,1.2132565e+04
 159.1192157,1.2131480e+04
 159.1396497,1.2137539e+04
 159.1600838,1.2134099e+04
 159.1805180,1.2135118e+04
 159.2009520,1.2133924e+04
 159.2213861,1.2135478e+04
 159.2418201,1.2131398e+04
 159.2622544,1.2135729e+04
 159.2826885,1.2133131e+04
 159.3031226,1.2131440e+04
 159.3235567,1.2137294e+04
 159.3439908,1.2135856e+04
 159.3644249,1.2140422e+04
 159.3848589,1.2133830e+04
 159.4052931,1.2138686e+04
 159.4257272,1.2136928e+04
 159.4461612,1.2137318e+04
 159.4665954,1.2137799e+04
 159.4870296,1.2138712e+04
 159.5074636,1.2132537e+04
 159.5278977,1.2132713e+04
 159.5483319,1.2140139e+04
 159.5687659,1.2134147e+04
 159.5892000,1.2136323e+04
 159.6096341,1.2137686e+04
 159.6300683,1.2132290e+04
 159.6505023,1.2139976e+04
 159.6709364,1.2137139e+04
 159.6913706,1.2135950e+04
 159.7118046,1.2138629e+04
 159.7322387,1.2139844e+04
 159.7526729,1.2137731e+04
 159.7731070,1.2137107e+04
 159.7935411,1.2137820e+04
 159.8139752,1.2137344e+04
 159.8344093,1.2139920e+04
 159.8548434,1.2133296e+04
 159.8752775,1.2132599e+04
 159.8957115,1.2133768e+04
 159.9161457,1.2134588e+04
 159.9365798,1.2133850e+04
 159.9570139,1.2137479e+04
 159.9774480,1.2139326e+04
 159.9978821,1.2145220e+04
 160.0183162,1.2134014e+04
 160.0387503,1.2135074e+04
 160.0591844,1.2126230e+04
 160.0796185,1.2128633e+04
 160.1000526,1.2135031e+04
 160.1204866,1.2131383e+04
 160.1409208,1.2134662e+04
 160.1613549,1.2134763e+04
 160.1817889,1.2134544e+04
 160.2022231,1.2141000e+04
 160.2226573,1.2136868e+04
 160.2430913,1.2140877e+04
 160.2635254,1.2128183e+04
 160.2839596,1.2135028e+04
 160.3043936,1.2133462e+04
 160.3248277,1.2138345e+04
 160.3452619,1.2138054e+04
 160.3656960,1.2138637e+04
 160.3861300,1.2131308e+04
 160.4065641,1.2142020e+04
 160.4269983,1.2139792e+04
 160.4474323,1.2140700e+04
 160.4678664,1.2126572e+04
 160.4883006,1.2141283e+04
 160.5087346,1.2133194e+04
 160.5291687,1.2145235e+04
 160.5496028,1.2137861e+04
 160.5700369,1.2133752e+04
 160.5904710,1.2133527e+04
 160.6109051,1.2140449e+04
 160.6313391,1.2142608e+04
 160.6517733,1.2136025e+04
 160.6722073,1.2135409e+04
 160.6926413,1.2135936e+04
 160.7130755,1.2133871e+04
 160.7335096,1.2130426e+04
 160.7539436,1.2138528e+04
 160.7743777,1.2132785e+04
 160.7948119,1.2129105e+04
 160.8152460,1.2126760e+04
 160.8356800,1.2129642e+04
 160.8561142,1.2137624e+04
 160.8765483,1.2135855e+04
 160.8969823,1.2134846e+04
 160.9174164,1.2136446e+04
 160.9378506,1.2144321e+04
 160.9582846,1.2138940e+04
 160.9787187,1.2132062e+04
 160.9991529,1.2131648e+04
 161.0195869,1.2136043e+04
 161.0400210,1.2146568e+04
 161.0604551,1.2136001e+04
 161.0808892,1.2134057e+04
 161.1013233,1.2131460e+04
 161.1217574,1.2132685e+04
 161.1421916,1.2140888e+04
 161.1626255,1.2138182e+04
 161.1830596,1.2132761e+04
 161.2034936,1.2139120e+04
 161.2239278,1.2136248e+04
 161.2443619,         null
 161.2647960,1.2130175e+04
 161.2852300,1.2140923e+04
 161.3056642,1.2138644e+04
 161.3260983,1.2139183e+04
 161.3465323,1.2136971e+04
 161.3669665,1.2137979e+04
 161.3874006,1.2132813e+04
 161.4078346,1.2136596e+04
 161.4282686,1.2135404e+04
 161.4487028,1.2137469e+04
 161.4691368,1.2142010e+04
 161.4895709,1.2141699e+04
 161.5100051,1.2145063e+04
 161.5304391,1.2136201e+04
 161.5508732,1.2129449e+04
 161.5713073,1.2133867e+04
 161.5917415,1.2138656e+04
 161.6121755,1.2132605e+04
 161.6326095,1.2130395e+04
 161.6530437,1.2131498e+04
 161.6734778,1.2140479e+04
 161.6939118,1.2137119e+04
 161.7143459,1.2142087e+04
 161.7347801,1.2137810e+04
 161.7552141,1.2139151e+04
 161.7756482,1.2135438e+04
 161.7960822,1.2135917e+04
 161.8165163,1.2139768e+04
 161.8369504,1.2136668e+04
 161.8573845,1.2137277e+04
 161.8778187,1.2136035e+04
 161.8982527,1.2133670e+04
 161.9186868,1.2135940e+04
 161.9391208,1.2141136e+04
 161.9595549,1.2133792e+04
 161.9799890,1.2134128e+04
 162.0004231,1.2137998e+04
 162.0208572,1.2142312e+04
 162.0412913,1.2139877e+04
 162.0617254,1.2134417e+04
 162.0821594,1.2135510e+04
 162.1025935,1.2129898e+04
 162.1230276,1.2141170e+04
 162.1434616,1.2140526e+04
 162.1638958,1.2131159e+04
 162.1843299,1.2133876e+04
 162.2047639,1.2128952e+04
 162.2251979,1.2137109e+04
 162.2456321,1.2128715e+04
 162.2660661,1.2140354e+04
 162.2865002,1.2139772e+04
 162.3069344,1.2140836e+04
 162.3273685,1.2137254e+04
 162.3478024,1.2132586e+04
 162.3682365,1.2133568e+04
 162.3886707,1.2136213e+04
 162.4091047,1.2129744e+04
 162.4295388,1.2139010e+04
 162.4499728,1.2134051e+04
 162.4704069,1.2137761e+04
 162.4908410,1.2142470e+04
 162.5112745,1.2148560e+04
 162.5317087,1.2131139e+04
 162.5521427,1.2141282e+04
 162.5725767,1.2136541e+04
 162.5930108,1.2139101e+04
 162.6134450,1.2139562e+04
 162.6338790,1.2136691e+04
 162.6543131,1.2140713e+04
 162.6747472,1.2129652e+04
 162.6951812,1.2132959e+04
 162.7156153,1.2134407e+04
 162.7360494,1.2133659e+04
 162.7564835,1.2130452e+04
 162.7769175,1.2137481e+04
 162.7973516,1.2129556e+04
 162.8177857,1.2132744e+04
 162.8382198,1.2139875e+04
 162.8586538,1.2135662e+04
 162.8790878,1.2132263e+04
 162.8995220,1.2127604e+04
 162.9199561,1.2131426e+04
 162.9403901,1.2136890e+04
 162.9608241,1.2130229e+04
 162.9812583,1.2137001e+04
 163.0016923,1.2139243e+04
 163.0221264,1.2131533e+04
 163.0425605,1.2133272e+04
 163.0629946,1.2139199e+04
 163.0834286,1.2137374e+04
 163.1038627,1.2123366e+04
 163.1242968,1.2134440e+04
 163.1447308,1.2137562e+04
 163.1651649,1.2134026e+04
 163.1855991,1.2137356e+04
 163.2060330,1.2139711e+04
 163.2264671,1.2134211e+04
 163.2469012,1.2132342e+04
 163.2673353,1.2133322e+04
 163.2877693,1.2141570e+04
 163.3082034,1.2141749e+04
 163.3286376,1.2135595e+04
 163.3490715,1.2139551e+04
 163.3695056,1.2134497e+04
 163.3899396,1.2129955e+04
 163.4103738,1.2134880e+04
 163.4308078,1.2139228e+04
 163.4512418,1.2123443e+04
 163.4716760,1.2139498e+04
 163.4921101,1.2136457e+04
 163.5125441,1.2135485e+04
 163.5329781,1.2135306e+04
 163.5534123,1.2136466e+04
 163.5738463,1.2133484e+04
 163.5942803,1.2138631e+04
 163.6147144,1.2137883e+04
 163.6351486,1.2139939e+04
 163.6555825,1.2140028e+04
 163.6760166,1.2136541e+04
 163.6964508,1.2140076e+04
 163.7168847,1.2132115e+04
 163.7373188,1.2136845e+04
 163.7577529,1.2126831e+04
 163.7781869,1.2135498e+04
 163.7986210,1.2130724e+04
 163.8190551,1.2144296e+04
 163.8394892,1.2140985e+04
 163.8599232,1.2133104e+04
 163.8803573,1.2129657e+04
 163.9007912,1.2133020e+04
 163.9212254,1.2140993e+04
 163.9416595,1.2131715e+04
 163.9620936,1.2139716e+04
 163.9825276,1.2136954e+04
 164.0029617,1.2130296e+04
 164.0233958,1.2131564e+04
 164.0438297,1.2141434e+04
 164.0642639,1.2134363e+04
 164.0846979,1.2126115e+04
 164.1051320,1.2130295e+04
 164.1255660,1.2138170e+04
 164.1460001,1.2131041e+04
 164.1664341,1.2144425e+04
 164.1868682,1.2138101e+04
 164.2073023,1.2134706e+04
 164.2277364,         null
 164.2481704,1.2130507e+04
 164.2686044,1.2137322e+04
 164.2890385,1.2134354e+04
 164.3094726,1.2133517e+04
 164.3299066,1.2131111e+04
 164.3503408,1.2133866e+04
 164.3707749,1.2133726e+04
 164.3912088,1.2133530e+04
 164.4116429,1.2137005e+04
 164.4320769,1.2144506e+04
 164.4525110,1.2134202e+04
 164.4729451,1.2135913e+04
 164.4933792,1.2131654e+04
 164.5138132,1.2132930e+04
 164.5342473,1.2126562e+04
 164.5546813,1.2131443e+04
 164.5751154,1.2135978e+04
 164.5955494,1.2125675e+04
 164.6159835,1.2127474e+04
 164.6364175,1.2131834e+04
 164.6568516,1.2141458e+04
 164.6772857,1.2133332e+04
 164.6977197,1.2134283e+04
 164.7181538,1.2126651e+04
 164.7385879,1.2135993e+04
 164.7590219,1.2141945e+04
 164.7794559,1.2144144e+04
 164.7998900,1.2129834e+04
 164.8203241,1.2135585e+04
 164.8407581,1.2131810e+04
 164.8611922,1.2135461e+04
 164.8816263,1.2136604e+04
 164.9020602,1.2136900e+04
 164.9224943,1.2133893e+04
 164.9429284,1.2138834e+04
 164.9633624,1.2137450e+04
 164.9837965,1.2136803e+04
