        TIME,  PDCSAP_FLUX
 131.5126855,2.2424453e+04
 131.5331199,2.2440254e+04
 131.5535543,2.2436916e+04
 131.5739885,2.2436975e+04
 131.5944228,2.2430523e+04
 131.6148573,2.2435385e+04
 131.6352915,2.2448352e+04
 131.6557258,2.2440457e+04
 131.6761603,2.2441574e+04
 131.6965946,2.2443354e+04
 131.7170288,2.2446395e+04
 131.7374632,2.2445979e+04
 131.7578976,2.2452594e+04
 131.7783319,2.2441811e+04
 131.7987662,2.2443486e+04
 131.8192006,2.2446158e+04
 131.8396349,2.2445018e+04
 131.8600692,2.2442805e+04
 131.8805035,2.2441326e+04
 131.9009379,2.2445414e+04
 131.9213722,2.2446809e+04
 131.9418065,2.2447328e+04
 131.9622409,2.2438562e+04
 131.9826752,2.2453242e+04
 132.0031095,2.2441496e+04
 132.0235438,2.2445609e+04
 132.0439782,2.2443574e+04
 132.0644125,2.2454135e+04
 132.0848468,2.2439287e+04
 132.1052811,2.2438246e+04
 132.1257155,2.2447279e+04
 132.1461498,2.2448141e+04
 132.1665841,2.2456752e+04
 132.1870185,2.2448672e+04
 132.2074529,2.2446215e+04
 132.2278871,2.2452654e+04
 132.2483214,2.2457789e+04
 132.2687559,2.2453346e+04
 132.2891901,2.2452820e+04
 132.3096244,2.2443348e+04
 132.3300589,2.2439816e+04
 132.3504931,2.2458477e+04
 132.3709274,2.2457955e+04
 132.3913618,2.2448787e+04
 132.4117961,2.2473041e+04
 132.4322304,2.2449660e+04
 132.4526648,2.2450918e+04
 132.4730992,2.2458650e+04
 132.4935334,2.2460439e+04
 132.5139678,2.2461746e+04
 132.5344020,2.2456049e+04
 132.5548364,2.2457918e+04
 132.5752707,2.2463125e+04
 132.5957050,2.2469201e+04
 132.6161394,2.2456904e+04
 132.6365737,2.2457539e+04
 132.6570081,2.2460260e+04
 132.6774423,2.2460467e+04
 132.6978767,2.2465898e+04
 132.7183111,2.2476676e+04
 132.7387453,2.2457418e+04
 132.7591797,2.2463420e+04
 132.7796140,2.2469420e+04
 132.8000483,2.2463021e+04
 132.8204826,2.2477301e+04
 132.8409170,2.2455078e+04
 132.8613513,2.2470838e+04
 132.8817856,2.2460689e+04
 132.9022200,2.2478223e+04
 132.9226543,2.2468170e+04
 132.9430886,2.2463227e+04
 132.9635229,2.2466762e+04
 132.9839573,2.2451627e+04
 133.0043916,2.2459461e+04
 133.0248259,2.2470914e+04
 133.0452602,2.2464107e+04
 133.0656946,2.2468648e+04
 133.0861289,2.2467371e+04
 133.1065632,2.2474141e+04
 133.1269975,2.2457486e+04
 133.1474319,2.2472090e+04
 133.1678662,2.2458188e+04
 133.1883005,2.2471346e+04
 133.2087350,2.2468604e+04
 133.2291692,2.2459387e+04
 133.2496035,2.2476279e+04
 133.2700378,2.2470537e+04
 133.2904722,2.2474016e+04
 133.3109065,2.2459340e+04
 133.3313407,2.2460643e+04
 133.3517751,2.2465379e+04
 133.3722095,2.2463812e+04
 133.3926438,2.2461838e+04
 133.4130781,2.2468678e+04
 133.4335124,2.2466408e+04
 133.4539468,2.2477596e+04
 133.4743810,2.2461707e+04
 133.4948154,2.2462162e+04
 133.5152498,2.2464059e+04
 133.5356840,2.2460662e+04
 133.5561184,2.2473111e+04
 133.5765527,2.2482033e+04
 133.5969870,2.2474738e+04
 133.6174213,2.2472010e+04
 133.6378557,2.2465795e+04
 133.6582900,2.2471668e+04
 133.6787243,2.2471574e+04
 133.6991587,2.2470434e+04
 133.7195930,2.2468168e+04
 133.7400272,2.2458826e+04
 133.7604616,2.2466795e+04
 133.7808960,2.2472873e+04
 133.8013302,2.2475725e+04
 133.8217645,2.2469020e+04
 133.8421989,2.2472799e+04
 133.8626332,2.2488186e+04
 133.8830675,2.2475492e+04
 133.9035018,2.2478510e+04
 133.9239361,2.2472529e+04
 133.9443705,2.2469646e+04
 133.9648048,2.2473248e+04
 133.9852390,2.2473986e+04
 134.0056734,2.2470643e+04
 134.0261078,2.2474918e+04
 134.0465420,2.2483814e+04
 134.0669764,2.2481672e+04
 134.0874107,2.2482129e+04
 134.1078450,2.2479371e+04
 134.1282793,2.2484352e+04
 134.1487137,2.2469562e+04
 134.1691480,2.2482709e+04
 134.1895822,2.2478119e+04
 134.2100167,2.2471584e+04
 134.2304510,2.2489248e+04
 134.2508852,2.2478195e+04
 134.2713195,2.2472807e+04
 134.2917540,2.2479695e+04
 134.3121882,2.2477045e+04
 134.3326225,2.2478193e+04
 134.3530569,2.2481756e+04
 134.3734911,2.2481539e+04
 134.3939255,         null
 134.4143598,2.2477264e+04
 134.4347941,2.2484627e+04
 134.4552284,2.2483387e+04
 134.4756627,2.2479902e+04
 134.4960972,2.2485070e+04
 134.5165314,2.2481965e+04
 134.5369657,2.2504793e+04
 134.5573999,2.2487129e+04
 134.5778343,2.2482650e+04
 134.5982687,2.2481627e+04
 134.6187029,2.2484529e+04
 134.6391372,2.2479797e+04
 134.6595716,2.2489104e+04
 134.6800059,2.2487986e+04
 134.7004403,2.2492957e+04
 134.7208746,2.2475621e+04
 134.7413089,2.2489936e+04
 134.7617431,2.2485109e+04
 134.7821774,2.2482781e+04
 134.8026119,2.2492350e+04
 134.8230462,2.2488303e+04
 134.8434804,2.2486414e+04
 134.8639148,2.2482240e+04
 134.8843491,2.2487568e+04
 134.9047835,2.2484691e+04
 134.9252177,2.2478984e+04
 134.9456521,2.2488852e+04
 134.9660864,2.2481809e+04
 134.9865206,2.2492576e+04
 135.0069550,2.2484285e+04
 135.0273894,2.2484738e+04
 135.0478236,2.2500131e+04
 135.0682579,2.2478715e+04
 135.0886923,2.2486498e+04
 135.1091265,2.2487998e+04
 135.1295608,2.2485779e+04
 135.1499953,2.2489918e+04
 135.1704296,2.2483086e+04
 135.1908638,2.2499768e+04
 135.2112981,2.2470934e+04
 135.2317325,2.2488463e+04
 135.2521667,2.2476072e+04
 135.2726011,2.2493098e+04
 135.2930353,2.2477170e+04
 135.3134697,2.2483049e+04
 135.3339040,2.2488514e+04
 135.3543382,2.2488775e+04
 135.3747726,2.2479283e+04
 135.3952070,2.2479494e+04
 135.4156413,2.2477141e+04
 135.4360755,2.2476818e+04
 135.4565099,2.2476812e+04
 135.4769442,2.2485146e+04
 135.4973784,2.2478875e+04
 135.5178128,2.2475283e+04
 135.5382472,2.2477660e+04
 135.5586814,2.2474709e+04
 135.5791157,2.2488188e+04
 135.5995501,2.2470279e+04
 135.6199843,2.2472816e+04
 135.6404186,2.2475104e+04
 135.6608530,2.2474688e+04
 135.6812874,2.2469652e+04
 135.7017216,2.2480434e+04
 135.7221559,2.2479889e+04
 135.7425903,2.2478791e+04
 135.7630245,2.2478488e+04
 135.7834588,2.2484393e+04
 135.8038932,2.2477170e+04
 135.8243274,2.2478467e+04
 135.8447618,2.2480814e+04
 135.8651961,2.2473811e+04
 135.8856304,2.2482260e+04
 135.9060647,2.2472734e+04
 135.9264990,2.2478189e+04
 135.9469332,2.2476498e+04
 135.9673676,2.2465057e+04
 135.9878019,2.2470357e+04
 136.0082362,2.2475721e+04
 136.0286706,2.2466959e+04
 136.0491049,2.2474785e+04
 136.0695391,2.2473650e+04
 136.0899734,2.2473041e+04
 136.1104078,2.2472021e+04
 136.1308421,2.2477072e+04
 136.1512763,2.2470170e+04
 136.1717107,2.2465744e+04
 136.1921451,2.2491490e+04
 136.2125793,2.2467926e+04
 136.2330136,2.2464963e+04
 136.2534480,2.2481279e+04
 136.2738822,2.2463936e+04
 136.2943165,2.2471188e+04
 136.3147509,2.2477678e+04
 136.3351851,2.2466115e+04
 136.3556194,2.2469379e+04
 136.3760537,2.2470193e+04
 136.3964881,2.2473125e+04
 136.4169224,2.2470943e+04
 136.4373567,2.2477361e+04
 136.4577911,2.2470354e+04
 136.4782253,2.2464650e+04
 136.4986596,2.2462688e+04
 136.5190939,2.2472619e+04
 136.5395282,2.2456016e+04
 136.5599625,2.2465744e+04
 136.5803968,2.2463047e+04
 136.6008311,2.2475979e+04
 136.6212655,2.2468428e+04
 136.6416998,2.2457494e+04
 136.6621341,2.2456303e+04
 136.6825684,2.2459338e+04
 136.7030027,2.2463354e+04
 136.7234370,2.2464844e+04
 136.7438712,2.2462416e+04
 136.7643056,2.2459943e+04
 136.7847399,2.2453717e+04
 136.8051741,2.2467340e+04
 136.8256085,2.2457018e+04
 136.8460428,2.2455176e+04
 136.8664771,2.2468428e+04
 136.8869113,2.2452289e+04
 136.9073458,2.2451523e+04
 136.9277801,2.2463926e+04
 136.9482143,2.2452781e+04
 136.9686487,2.2459777e+04
 136.9890830,2.2455555e+04
 137.0095172,2.2453879e+04
 137.0299515,2.2463818e+04
 137.0503859,2.2462459e+04
 137.0708201,2.2447941e+04
 137.0912544,2.2460689e+04
 137.1116888,2.2454004e+04
 137.1321230,2.2458695e+04
 137.1525573,2.2455547e+04
 137.1729916,2.2462340e+04
 137.1934260,2.2454301e+04
 137.2138602,2.2454465e+04
 137.2342945,2.2442045e+04
 137.2547287,2.2456109e+04
 137.2751631,2.2450725e+04
 137.2955974,2.2446229e+04
 137.3160317,2.2448656e+04
 137.3364661,2.2451336e+04
 137.3569004,2.2446082e+04
 137.3773347,         null
 137.3977689,2.2444289e+04
 137.4182033,2.2445705e+04
 137.4386376,2.2444896e+04
 137.4590718,2.2456049e+04
 137.4795062,2.2450707e+04
 137.4999405,2.2442566e+04
 137.5203747,2.2438932e+04
 137.5408090,2.2442816e+04
 137.5612434,2.2442066e+04
 137.5816776,2.2452248e+04
 137.6021119,2.2440578e+04
 137.6225463,2.2445701e+04
 137.6429806,2.2433430e+04
 137.6634148,2.2441994e+04
 137.6838491,2.2439154e+04
 137.7042835,2.2447002e+04
 137.7247177,2.2439074e+04
 137.7451520,2.2437613e+04
 137.7655864,2.2444541e+04
 137.7860206,2.2441701e+04
 137.8064549,2.2445283e+04
 137.8268891,2.2445627e+04
 137.8473235,2.2438242e+04
 137.8677578,2.2434260e+04
 137.8881921,2.2450682e+04
 137.9086263,2.2433074e+04
 137.9290607,2.2445027e+04
 137.9494950,2.2451705e+04
 137.9699292,2.2434348e+04
 137.9903636,2.2438629e+04
 138.0107979,2.2431258e+04
 138.0312321,2.2454607e+04
 138.0516664,2.2443895e+04
 138.0721008,2.2440404e+04
 138.0925351,2.2445895e+04
 138.1129693,2.2435729e+04
 138.1334037,2.2423887e+04
 138.1538380,2.2427514e+04
 138.1742722,2.2433928e+04
 138.1947065,2.2433084e+04
 138.2151409,2.2425613e+04
 138.2355752,2.2431449e+04
 138.2560094,2.2434508e+04
 138.2764438,2.2439283e+04
 138.2968781,2.2424584e+04
 138.3173123,2.2431240e+04
 138.3377466,2.2428268e+04
 138.3581810,2.2424172e+04
 138.3786153,2.2430939e+04
 138.3990495,2.2424148e+04
 138.4194839,2.2426906e+04
 138.4399182,2.2422182e+04
 138.4603524,2.2431996e+04
 138.4807867,2.2432709e+04
 138.5012211,2.2424580e+04
 138.5216552,2.2423682e+04
 138.5420895,2.2425811e+04
 138.5625238,2.2430266e+04
 138.5829581,2.2433586e+04
 138.6033924,2.2427182e+04
 138.6238267,2.2424996e+04
 138.6442610,2.2418805e+04
 138.6646953,2.2426881e+04
 138.6851296,2.2425850e+04
 138.7055638,2.2424531e+04
 138.7259982,2.2425039e+04
 138.7464325,2.2415760e+04
 138.7668667,2.2423789e+04
 138.7873011,2.2418230e+04
 138.8077354,2.2412654e+04
 138.8281696,2.2427168e+04
 138.8486039,2.2421227e+04
 138.8690383,2.2426234e+04
 138.8894726,2.2425996e+04
 138.9099068,2.2418217e+04
 138.9303411,2.2421900e+04
 138.9507754,2.2417623e+04
 138.9712096,2.2417775e+04
 138.9916439,2.2412016e+04
 139.0120783,2.2406730e+04
 139.0325125,2.2415891e+04
 139.0529468,2.2417025e+04
 139.0733812,2.2416449e+04
 139.0938154,2.2405566e+04
 139.1142497,2.2412859e+04
 139.1346840,2.2410852e+04
 139.1551183,2.2420027e+04
 139.1755526,2.2414852e+04
 139.1959868,2.2414160e+04
 139.2164210,2.2411316e+04
 139.2368554,2.2409473e+04
 139.2572897,2.2412221e+04
 139.2777239,2.2416811e+04
 139.2981583,2.2411246e+04
 139.3185926,2.2422385e+04
 139.3390269,2.2413215e+04
 139.3594611,2.2414045e+04
 139.3798955,2.2404332e+04
 139.4003298,2.2403883e+04
 139.4207639,2.2408713e+04
 139.4411983,2.2410191e+04
 139.4616326,2.2403436e+04
 139.4820668,2.2406266e+04
 139.5025011,2.2412883e+04
 139.5229355,2.2414639e+04
 139.5433697,2.2405193e+04
 139.5638040,2.2415209e+04
 139.5842384,2.2413516e+04
 139.6046726,2.2408350e+04
 139.6251068,2.2412711e+04
 139.6455411,2.2399604e+04
 139.6659755,2.2410430e+04
 139.6864097,2.2414789e+04
 139.7068440,2.2409461e+04
 139.7272783,2.2420158e+04
 139.7477126,2.2404645e+04
 139.7681469,2.2404877e+04
 139.7885812,2.2409820e+04
 139.8090154,2.2410996e+04
 139.8294497,2.2409996e+04
 139.8498840,2.2412641e+04
 139.8703183,2.2401049e+04
 139.8907526,2.2405000e+04
 139.9111869,2.2397494e+04
 139.9316212,2.2400844e+04
 139.9520556,2.2404760e+04
 139.9724897,2.2405377e+04
 139.9929240,2.2408934e+04
 140.0133582,2.2396838e+04
 140.0337926,2.2397812e+04
 140.0542269,2.2395371e+04
 140.0746612,2.2394150e+04
 140.0950955,2.2390723e+04
 140.1155297,2.2392674e+04
 140.1359640,2.2390793e+04
 140.1563982,2.2392975e+04
 140.1768326,2.2402445e+04
 140.1972669,2.2400234e+04
 140.2177011,2.2400766e+04
 140.2381355,2.2395215e+04
 140.2585697,2.2407314e+04
 140.2790039,2.2398031e+04
 140.2994382,2.2399121e+04
 140.3198726,2.2399748e+04
 140.3403068,2.2393961e+04
 140.3607411,         null
 140.3811753,2.2386625e+04
 140.4016097,2.2402775e+04
 140.4220439,2.2392297e+04
 140.4424782,2.2387158e+04
 140.4629126,2.2398428e+04
 140.4833468,2.2390699e+04
 140.5037810,2.2383619e+04
 140.5242152,2.2397252e+04
 140.5446496,2.2390254e+04
 140.5650839,2.2393496e+04
 140.5855182,2.2398002e+04
 140.6059525,2.2380002e+04
 140.6263867,2.2381662e+04
 140.6468210,2.2383885e+04
 140.6672552,2.2393473e+04
 140.6876896,2.2397059e+04
 140.7081239,2.2385170e+04
 140.7285580,2.2387271e+04
 140.7489924,2.2388062e+04
 140.7694267,2.2388172e+04
 140.7898609,2.2381420e+04
 140.8102952,2.2384205e+04
 140.8307296,2.2392961e+04
 140.8511638,2.2406035e+04
 140.8715980,2.2382217e+04
 140.8920323,2.2389615e+04
 140.9124667,2.2382596e+04
 140.9329009,2.2388645e+04
 140.9533351,2.2391748e+04
 140.9737695,2.2382709e+04
 140.9942037,2.2381414e+04
 141.0146380,2.2381158e+04
 141.0350723,2.2384982e+04
 141.0555065,2.2382113e+04
 141.0759408,2.2370691e+04
 141.0963751,2.2386107e+04
 141.1168094,2.2394248e+04
 141.1372437,2.2386662e+04
 141.1576779,2.2382414e+04
 141.1781121,2.2380203e+04
 141.1985465,2.2389119e+04
 141.2189808,2.2382271e+04
 141.2394149,2.2386432e+04
 141.2598493,2.2383846e+04
 141.2802836,2.2393596e+04
 141.3007178,2.2388162e+04
 141.3211521,2.2383078e+04
 141.3415864,2.2383596e+04
 141.3620207,2.2376852e+04
 141.3824549,2.2387395e+04
 141.4028892,2.2383512e+04
 141.4233235,2.2389834e+04
 141.4437578,2.2384057e+04
 141.4641920,2.2379111e+04
 141.4846264,2.2388027e+04
 141.5050606,2.2383297e+04
 141.5254948,2.2382650e+04
 141.5459291,2.2381902e+04
 141.5663634,2.2373479e+04
 141.5867978,2.2374295e+04
 141.6072319,2.2373453e+04
 141.6276663,2.2377836e+04
 141.6481006,2.2366760e+04
 141.6685348,2.2374498e+04
 141.6889690,2.2379568e+04
 141.7094034,2.2379473e+04
 141.7298376,2.2367908e+04
 141.7502719,2.2377066e+04
 141.7707062,2.2378137e+04
 141.7911404,2.2375072e+04
 141.8115747,2.2365785e+04
 141.8320089,2.2377084e+04
 141.8524432,2.2376426e+04
 141.8728775,2.2363816e+04
 141.8933118,2.2381934e+04
 141.9137461,2.2374576e+04
 141.9341803,2.2378318e+04
 141.9546146,2.2383176e+04
 141.9750488,2.2379441e+04
 141.9954831,2.2369404e+04
 142.0159174,2.2376844e+04
 142.0363516,2.2376309e+04
 142.0567859,2.2368162e+04
 142.0772202,2.2369684e+04
 142.0976545,2.2369723e+04
 142.1180887,2.2372242e+04
 142.1385230,2.2369617e+04
 142.1589573,2.2361783e+04
 142.1793915,2.2369375e+04
 142.1998258,2.2376264e+04
 142.2202601,2.2378281e+04
 142.2406943,2.2372707e+04
 142.2611286,2.2373670e+04
 142.2815629,2.2375941e+04
 142.3019971,2.2372895e+04
 142.3224314,2.2373691e+04
 142.3428657,2.2370424e+04
 142.3633000,2.2361842e+04
 142.3837342,2.2367291e+04
 142.4041685,2.2382756e+04
 142.4246028,2.2369650e+04
 142.4450370,2.2358814e+04
 142.4654713,2.2369496e+04
 142.4859054,2.2372646e+04
 142.5063398,2.2374900e+04
 142.5267741,2.2368088e+04
 142.5472083,2.2364199e+04
 142.5676425,2.2357195e+04
 142.5880769,2.2376285e+04
 142.6085112,2.2371822e+04
 142.6289453,2.2373352e+04
 142.6493797,2.2362689e+04
 142.6698140,2.2365133e+04
 142.6902481,2.2370627e+04
 142.7106824,2.2372596e+04
 142.7311168,2.2363689e+04
 142.7515509,2.2365096e+04
 142.7719852,2.2375059e+04
 142.7924196,2.2363098e+04
 142.8128537,2.2369424e+04
 142.8332880,2.2370395e+04
 142.8537223,2.2364037e+04
 142.8741566,2.2369195e+04
 142.8945908,2.2375592e+04
 142.9150251,2.2370455e+04
 142.9354594,2.2366412e+04
 142.9558936,2.2372543e+04
 142.9763279,2.2372570e+04
 142.9967620,2.2372387e+04
 143.0171964,2.2375930e+04
 143.0376307,2.2369197e+04
 143.0580649,2.2369115e+04
 143.0784992,2.2369062e+04
 143.0989335,2.2385734e+04
 143.1193677,2.2375561e+04
 143.1398020,2.2376900e+04
 143.1602363,2.2369727e+04
 143.1806705,2.2374758e+04
 143.2011047,2.2373580e+04
 143.2215389,2.2370924e+04
 143.2419733,2.2372375e+04
 143.2624076,2.2380287e+04
 143.2828418,2.2366412e+04
 143.3032761,2.2376605e+04
 143.3237104,2.2376627e+04
 143.3441446,         null
 143.3645788,2.2368094e+04
 143.3850132,2.2364332e+04
 143.4054474,2.2367402e+04
 143.4258816,2.2366500e+04
 143.4463159,2.2370131e+04
 143.4667502,2.2372725e+04
 143.4871844,2.2379283e+04
 143.5076186,2.2375223e+04
 143.5280530,2.2374980e+04
 143.5484872,2.2371488e+04
 143.5689214,2.2378428e+04
 143.5893558,2.2379850e+04
 143.6097900,2.2379738e+04
 143.6302242,2.2380264e+04
 143.6506585,2.2374432e+04
 143.6710928,2.2371879e+04
 143.6915270,2.2370236e+04
 143.7119612,2.2378365e+04
 143.7323955,2.2377326e+04
 143.7528298,2.2372600e+04
 143.7732640,2.2390027e+04
 143.7936983,2.2378867e+04
 143.8141325,2.2377719e+04
 143.8345668,2.2377629e+04
 143.8550011,2.2378021e+04
 143.8754352,2.2369832e+04
 143.8958696,2.2389762e+04
 143.9163038,2.2384584e+04
 143.9367380,2.2380361e+04
 143.9571724,2.2395807e+04
 143.9776066,2.2381381e+04
 143.9980408,2.2387547e+04
 144.0184750,2.2388312e+04
 144.0389094,2.2380078e+04
 144.0593436,2.2378916e+04
 144.0797778,2.2386779e+04
 144.1002122,2.2390270e+04
 144.1206464,2.2389662e+04
 144.1410806,2.2389428e+04
 144.1615148,2.2397428e+04
 144.1819492,2.2376668e+04
 144.2023833,2.2383365e+04
 144.2228176,2.2383631e+04
 144.2432520,2.2388123e+04
 144.2636861,2.2384131e+04
 144.2841204,2.2393633e+04
 144.3045546,2.2395336e+04
 144.3249889,2.2382578e+04
 144.3454231,2.2388121e+04
 144.3658574,2.2400037e+04
 144.3862916,2.2389211e+04
 144.4067259,2.2384562e+04
 144.4271602,2.2378186e+04
 144.4475943,2.2393141e+04
 144.4680287,2.2392895e+04
 144.4884629,2.2410506e+04
 144.5088971,2.2392764e+04
 144.5293313,2.2389057e+04
 144.5497657,2.2401941e+04
 144.5701999,2.2386898e+04
 144.5906341,2.2386539e+04
 144.6110685,2.2392514e+04
 144.6315027,2.2402584e+04
 144.6519369,2.2401861e+04
 144.6723711,2.2398654e+04
 144.6928055,2.2402764e+04
 144.7132396,2.2396422e+04
 144.7336739,2.2397559e+04
 144.7541082,2.2409900e+04
 144.7745424,2.2393604e+04
 144.7949766,2.2395873e+04
 144.8154109,2.2395719e+04
 144.8358452,2.2402898e+04
 144.8562794,2.2396340e+04
 144.8767136,2.2411303e+04
 144.8971479,2.2402566e+04
 144.9175821,2.2393883e+04
 144.9380164,2.2398994e+04
 144.9584506,2.2394295e+04
 144.9788850,2.2395986e+04
 144.9993192,2.2393641e+04
 145.0197534,2.2403199e+04
 145.0401877,2.2388350e+04
 145.0606219,2.2407400e+04
 145.0810562,2.2392525e+04
 145.1014904,2.2401049e+04
 145.1219248,2.2402566e+04
 145.1423589,2.2407768e+04
 145.1627932,2.2401496e+04
 145.1832273,2.2402488e+04
 145.2036617,2.2401236e+04
 145.2240959,2.2401172e+04
 145.2445301,2.2408436e+04
 145.2649644,2.2399010e+04
 145.2853987,2.2409529e+04
 145.3058329,2.2403148e+04
 145.3262670,2.2407826e+04
 145.3467014,2.2399529e+04
 145.3671356,2.2398006e+04
 145.3875698,2.2400219e+04
 145.4080041,2.2409553e+04
 145.4284384,2.2403664e+04
 145.4488725,2.2407369e+04
 145.4693068,2.2403729e+04
 145.4897411,2.2414422e+04
 145.5101753,2.2402164e+04
 145.5306095,2.2401695e+04
 145.5510438,2.2400211e+04
 145.5714781,2.2394684e+04
 145.5919123,2.2399320e+04
 145.6123465,2.2408207e+04
 145.6327809,2.2406967e+04
 145.6532150,2.2404162e+04
 145.6736492,2.2408402e+04
 145.6940834,2.2402951e+04
 145.7145177,2.2405814e+04
 145.7349520,2.2408061e+04
 145.7553862,2.2410676e+04
 145.7758205,2.2416521e+04
 145.7962547,2.2405207e+04
 145.8166890,2.2411838e+04
 145.8371231,2.2413436e+04
 145.8575575,2.2407182e+04
 145.8779917,2.2402744e+04
 145.8984258,2.2418018e+04
 145.9188602,2.2418123e+04
 145.9392944,2.2423320e+04
 145.9597286,2.2413102e+04
 145.9801628,2.2411855e+04
 146.0005972,2.2403320e+04
 146.0210314,2.2419762e+04
 146.0414655,2.2416768e+04
 146.0618999,2.2420113e+04
 146.0823341,2.2411375e+04
 146.1027683,2.2426775e+04
 146.1232025,2.2427035e+04
 146.1436369,2.2424461e+04
 146.1640710,2.2408965e+04
 146.1845052,2.2419061e+04
 146.2049395,2.2418205e+04
 146.2253737,2.2421137e+04
 146.2458080,2.2418029e+04
 146.2662422,2.2421010e+04
 146.2866765,2.2422543e+04
 146.3071107,2.2419900e+04
 146.3275449,         null
 146.3479791,2.2427078e+04
 146.3684134,2.2417840e+04
 146.3888477,2.2419971e+04
 146.4092818,2.2420539e+04
 146.4297161,2.2420656e+04
 146.4501504,2.2425807e+04
 146.4705845,2.2420320e+04
 146.4910189,2.2435234e+04
 146.5114531,2.2426963e+04
 146.5318873,2.2432838e+04
 146.5523215,2.2437135e+04
 146.5727558,2.2426705e+04
 146.5931901,2.2427193e+04
 146.6136243,2.2413799e+04
 146.6340584,2.2426350e+04
 146.6544928,2.2430400e+04
 146.6749270,2.2419984e+04
 146.6953611,2.2442191e+04
 146.7157955,2.2431336e+04
 146.7362297,2.2432641e+04
 146.7566640,2.2425090e+04
 146.7770981,2.2426326e+04
 146.7975324,2.2427012e+04
 146.8179667,2.2433172e+04
 146.8384008,2.2420219e+04
 146.8588350,2.2423744e+04
 146.8792694,2.2430906e+04
 146.8997035,2.2427879e+04
 146.9201378,2.2428770e+04
 146.9405721,2.2433873e+04
 146.9610062,2.2426605e+04
 146.9814405,2.2425717e+04
 147.0018747,2.2439475e+04
 147.0223089,2.2436408e+04
 147.0427432,2.2418379e+04
 147.0631774,2.2438473e+04
 147.0836117,2.2444244e+04
 147.1040459,2.2429932e+04
 147.1244801,2.2434385e+04
 147.1449142,2.2440986e+04
 147.1653486,2.2442717e+04
 147.1857828,2.2429408e+04
 147.2062169,2.2433727e+04
 147.2266513,2.2430998e+04
 147.2470855,2.2435898e+04
 147.2675197,2.2430684e+04
 147.2879539,2.2432898e+04
 147.3083882,2.2435568e+04
 147.3288224,2.2432215e+04
 147.3492566,2.2428467e+04
 147.3696908,2.2435729e+04
 147.3901251,2.2425973e+04
 147.4105593,2.2426342e+04
 147.4309935,2.2431152e+04
 147.4514278,2.2423605e+04
 147.4718620,2.2437902e+04
 147.4922962,2.2442162e+04
 147.5127304,2.2440191e+04
 147.5331648,2.2425344e+04
 147.5535989,2.2433258e+04
 147.5740331,2.2434455e+04
 147.5944675,2.2419891e+04
 147.6149016,2.2435359e+04
 147.6353358,2.2434355e+04
 147.6557700,2.2433238e+04
 147.6762043,2.2429020e+04
 147.6966385,2.2435695e+04
 147.7170726,2.2440730e+04
 147.7375070,2.2432822e+04
 147.7579412,2.2440188e+04
 147.7783754,2.2435889e+04
 147.7988096,2.2435441e+04
 147.8192439,2.2439160e+04
 147.8396781,2.2429256e+04
 147.8601122,2.2422135e+04
 147.8805465,2.2433258e+04
 147.9009808,         null
 147.9214149,2.2428086e+04
 147.9418492,2.2435105e+04
 147.9622835,2.2435010e+04
 147.9827176,2.2435363e+04
 148.0031518,2.2444285e+04
 148.0235861,2.2440455e+04
 148.0440204,2.2443250e+04
 148.0644545,2.2439691e+04
 148.0848888,2.2446602e+04
 148.1053231,2.2438395e+04
 148.1257572,2.2444398e+04
 148.1461914,2.2439471e+04
 148.1666257,2.2444252e+04
 148.1870599,2.2438799e+04
 148.2074941,2.2431574e+04
 148.2279283,2.2444225e+04
 148.2483627,2.2445836e+04
 148.2687968,2.2447072e+04
 148.2892310,2.2443914e+04
 148.3096652,2.2455514e+04
 148.3300995,2.2437109e+04
 148.3505337,2.2442766e+04
 148.3709679,2.2441945e+04
 148.3914020,2.2431941e+04
 148.4118364,2.2440285e+04
 148.4322706,2.2438650e+04
 148.4527048,2.2439660e+04
 148.4731390,2.2433084e+04
 148.4935733,2.2443670e+04
 148.5140075,2.2437332e+04
 148.5344416,2.2431834e+04
 148.5548759,2.2435955e+04
 148.5753102,2.2437215e+04
 148.5957443,2.2432867e+04
 148.6161786,2.2443873e+04
 148.6366128,2.2432727e+04
 148.6570469,2.2433303e+04
 148.6774812,2.2429461e+04
 148.6979155,2.2440164e+04
 148.7183496,2.2434723e+04
 148.7387838,2.2437490e+04
 148.7592182,2.2433227e+04
 148.7796524,2.2435264e+04
 148.8000865,2.2436779e+04
 148.8205207,2.2438834e+04
 148.8409550,2.2431100e+04
 148.8613892,2.2439770e+04
 148.8818234,2.2431100e+04
 148.9022577,2.2428922e+04
 148.9226918,2.2429121e+04
 148.9431260,2.2426961e+04
 148.9635603,2.2435102e+04
 148.9839945,2.2432350e+04
 149.0044287,2.2425381e+04
 149.0248629,2.2432871e+04
 149.0452970,2.2445426e+04
 149.0657314,2.2433307e+04
 149.0861656,2.2430996e+04
 149.1065997,2.2434570e+04
 149.1270340,2.2433861e+04
 149.1474682,2.2429799e+04
 149.1679024,2.2432803e+04
 149.1883366,2.2442635e+04
 149.2087709,2.2467281e+04
 149.2292051,2.2439672e+04
 149.2496392,2.2427674e+04
 149.2700735,2.2438047e+04
 149.2905078,2.2427197e+04
 149.3109419,         null
 149.3313761,2.2427863e+04
 149.3518104,2.2434006e+04
 149.3722445,2.2427805e+04
 149.3926787,2.2428645e+04
 149.4131131,2.2435270e+04
 149.4335472,2.2420406e+04
 149.4539814,2.2417498e+04
 149.4744156,2.2424570e+04
 149.4948498,2.2436709e+04
 149.5152840,2.2429676e+04
 149.5357183,2.2435654e+04
 149.5561526,2.2431188e+04
 149.5765867,2.2424773e+04
 149.5970209,2.2422324e+04
 149.6174550,2.2429283e+04
 149.6378893,2.2432953e+04
 149.6583235,2.2426980e+04
 149.6787577,2.2428996e+04
 149.6991919,2.2430055e+04
 149.7196262,2.2426875e+04
 149.7400604,2.2427111e+04
 149.7604945,2.2432812e+04
 149.7809288,2.2436316e+04
 149.8013630,2.2435613e+04
 149.8217972,2.2431943e+04
 149.8422314,2.2430900e+04
 149.8626657,2.2445871e+04
 149.8830999,2.2436137e+04
 149.9035340,2.2429793e+04
 149.9239683,2.2423973e+04
 149.9444025,2.2437441e+04
 149.9648367,2.2435473e+04
 149.9852708,2.2437885e+04
 150.0057052,2.2430088e+04
 150.0261394,2.2418082e+04
 150.0465735,2.2423252e+04
 150.0670078,2.2419939e+04
 150.0874420,2.2413848e+04
 150.1078761,2.2413693e+04
 150.1283103,2.2420143e+04
 150.1487446,2.2426662e+04
 150.1691787,2.2421543e+04
 150.1896130,2.2435117e+04
 150.2100473,2.2428982e+04
 150.2304814,2.2438332e+04
 150.2509156,2.2426676e+04
 150.2713498,2.2429668e+04
 150.2917841,2.2430746e+04
 150.3122182,2.2439418e+04
 150.3326524,2.2424457e+04
 150.3530865,2.2427896e+04
 150.3735208,2.2414943e+04
 150.3939550,2.2433502e+04
 150.4143892,2.2422906e+04
 150.4348235,2.2426791e+04
 150.4552577,2.2429639e+04
 150.4756919,2.2428736e+04
 150.4961260,2.2428219e+04
 150.5165603,2.2427445e+04
 150.5369945,2.2432131e+04
 150.5574286,2.2436027e+04
 150.5778629,2.2436910e+04
 150.5982971,2.2439551e+04
 150.6187312,2.2440990e+04
 150.6391654,2.2432896e+04
 150.6595997,2.2444473e+04
 150.6800338,2.2427277e+04
 150.7004680,2.2439406e+04
 150.7209023,2.2433324e+04
 150.7413366,2.2424670e+04
 150.7617707,2.2435285e+04
 150.7822049,2.2435453e+04
 150.8026392,2.2431678e+04
 150.8230733,2.2439615e+04
 150.8435075,2.2436098e+04
 150.8639418,2.2430475e+04
 150.8843759,2.2425664e+04
 150.9048101,2.2426539e+04
 150.9252443,2.2431650e+04
 150.9456785,2.2433775e+04
 150.9661127,2.2425061e+04
 150.9865469,2.2439660e+04
 151.0069810,2.2429650e+04
 151.0274153,2.2445367e+04
 151.0478495,2.2426471e+04
 151.0682836,2.2424418e+04
 151.0887179,2.2433812e+04
 151.1091521,2.2434176e+04
 151.1295862,2.2428801e+04
 151.1500204,2.2422666e+04
 151.1704547,2.2425691e+04
 151.1908888,2.2443900e+04
 151.2113230,2.2427486e+04
 151.2317573,2.2432609e+04
 151.2521915,2.2429754e+04
 151.2726256,2.2423469e+04
 151.2930598,2.2429236e+04
 151.3134941,2.2425266e+04
 151.3339282,2.2426234e+04
 151.3543624,2.2434969e+04
 151.3747967,2.2432445e+04
 151.3952308,2.2442922e+04
 151.4156650,2.2434318e+04
 151.4360992,2.2434479e+04
 151.4565334,2.2433900e+04
 151.4769676,2.2430789e+04
 151.4974018,2.2429791e+04
 151.5178360,2.2443744e+04
 151.5382702,2.2439061e+04
 151.5587044,2.2434498e+04
 151.5791386,2.2429619e+04
 151.5995729,2.2432547e+04
 151.6200070,2.2427887e+04
 151.6404412,2.2441123e+04
 151.6608754,         null
 151.6813096,2.2432658e+04
 151.7017438,2.2431082e+04
 151.7221780,2.2432623e+04
 151.7426122,2.2439221e+04
 151.7630464,2.2433131e+04
 151.7834806,2.2436844e+04
 151.8039147,2.2450463e+04
 151.8243490,2.2431836e+04
 151.8447832,2.2438492e+04
 151.8652173,2.2431607e+04
 151.8856516,2.2438010e+04
 151.9060858,2.2446354e+04
 151.9265199,2.2448844e+04
 151.9469541,2.2423020e+04
 151.9673883,2.2438896e+04
 151.9878225,2.2449404e+04
 152.0082566,2.2433920e+04
 152.0286909,2.2445504e+04
 152.0491251,2.2431486e+04
 152.0695592,2.2462701e+04
 152.0899934,2.2438686e+04
 152.1104277,2.2434268e+04
 152.1308618,2.2436188e+04
 152.1512960,2.2437557e+04
 152.1717302,2.2439500e+04
 152.1921644,2.2435121e+04
 152.2125986,2.2437295e+04
 152.2330328,2.2433900e+04
 152.2534671,2.2431020e+04
 152.2739011,2.2448996e+04
 152.2943353,         null
 152.3147694,2.2434693e+04
 152.3352037,2.2434070e+04
 152.3556379,2.2431266e+04
 152.3760720,2.2444895e+04
 152.3965063,2.2433158e+04
 152.4169405,2.2426301e+04
 152.4373747,2.2438023e+04
 152.4578088,2.2447355e+04
 152.4782431,2.2446754e+04
 152.4986773,2.2432127e+04
 152.5191113,2.2448863e+04
 152.5395456,2.2422627e+04
 152.5599798,2.2446885e+04
 152.5804139,2.2438275e+04
 152.6008481,2.2445266e+04
 152.6212824,2.2436465e+04
 152.6417165,2.2445648e+04
 152.6621507,         null
 152.6825849,2.2443285e+04
 152.7030190,2.2435814e+04
 152.7234532,2.2450350e+04
 152.7438874,2.2440957e+04
 152.7643217,2.2434533e+04
 152.7847558,2.2432629e+04
 152.8051900,2.2445264e+04
 152.8256241,2.2432857e+04
 152.8460584,2.2439010e+04
 152.8664925,2.2442537e+04
 152.8869266,2.2445389e+04
 152.9073609,2.2435568e+04
 152.9277951,2.2445875e+04
 152.9482293,2.2442414e+04
 152.9686634,2.2451604e+04
 152.9890977,2.2442578e+04
 153.0095318,2.2453332e+04
 153.0299659,2.2444711e+04
 153.0504002,2.2453080e+04
 153.0708344,2.2434781e+04
 153.0912685,2.2437361e+04
 153.1117027,2.2454156e+04
 153.1321370,2.2436873e+04
 153.1525710,2.2448377e+04
 153.1730052,2.2438576e+04
 153.1934394,2.2443090e+04
 153.2138737,2.2444387e+04
 153.2343079,2.2454816e+04
 153.2547420,2.2446914e+04
 153.2751762,2.2449035e+04
 153.2956104,2.2439703e+04
 153.3160445,2.2440830e+04
 153.3364787,2.2447094e+04
 153.3569129,2.2445379e+04
 153.3773471,2.2450602e+04
 153.3977812,2.2439771e+04
 153.4182155,2.2439807e+04
 153.4386497,2.2444375e+04
 153.4590838,2.2441555e+04
 153.4795180,2.2444869e+04
 153.4999522,2.2438207e+04
 153.5203863,2.2449186e+04
 153.5408205,2.2438121e+04
 153.5612548,2.2439930e+04
 153.5816889,2.2447018e+04
 153.6021231,2.2437334e+04
 153.6225572,2.2443518e+04
 153.6429914,2.2441443e+04
 153.6634256,2.2441953e+04
 153.6838598,2.2449305e+04
 153.7042939,2.2444115e+04
 153.7247281,2.2438848e+04
 153.7451623,2.2450461e+04
 153.7655964,2.2438074e+04
 153.7860307,2.2449012e+04
 153.8064648,2.2440951e+04
 153.8268989,2.2444006e+04
 153.8473331,2.2437295e+04
 153.8677674,2.2447152e+04
 153.8882015,2.2438875e+04
 153.9086356,2.2447842e+04
 153.9290699,2.2438955e+04
 153.9495041,2.2445270e+04
 153.9699382,2.2448551e+04
 153.9903723,2.2445295e+04
 154.0108066,2.2451459e+04
 154.0312407,2.2440143e+04
 154.0516749,2.2442814e+04
 154.0721092,2.2446316e+04
 154.0925432,2.2442807e+04
 154.1129774,2.2438498e+04
 154.1334116,2.2448000e+04
 154.1538458,2.2445559e+04
 154.1742799,2.2457684e+04
 154.1947141,2.2447621e+04
 154.2151483,2.2439486e+04
 154.2355825,2.2444451e+04
 154.2560166,2.2448998e+04
 154.2764507,2.2440602e+04
 154.2968850,2.2441281e+04
 154.3173192,2.2438881e+04
 154.3377532,2.2444805e+04
 154.3581874,2.2450736e+04
 154.3786217,2.2446906e+04
 154.3990557,2.2444582e+04
 154.4194899,2.2454639e+04
 154.4399242,2.2438762e+04
 154.4603584,2.2443148e+04
 154.4807924,2.2440602e+04
 154.5012266,2.2441875e+04
 154.5216609,2.2456494e+04
 154.5420950,2.2437875e+04
 154.5625291,2.2442434e+04
 154.5829634,2.2441238e+04
 154.6033975,2.2451879e+04
 154.6238316,2.2458242e+04
 154.6442658,2.2445561e+04
 154.6647000,2.2442963e+04
 154.6851342,2.2442490e+04
 154.7055683,2.2447188e+04
 154.7260026,2.2441629e+04
 154.7464367,2.2449971e+04
 154.7668708,2.2444379e+04
 154.7873050,2.2436049e+04
 154.8077392,2.2453709e+04
 154.8281733,2.2443191e+04
 154.8486074,2.2444104e+04
 154.8690417,2.2455783e+04
 154.8894759,2.2451768e+04
 154.9099100,2.2450471e+04
 154.9303442,2.2444072e+04
 154.9507784,2.2453945e+04
 154.9712125,2.2438609e+04
 154.9916467,2.2439430e+04
 155.0120808,2.2445740e+04
 155.0325150,2.2441156e+04
 155.0529492,2.2442865e+04
 155.0733833,2.2445359e+04
 155.0938175,2.2444004e+04
 155.1142517,2.2443045e+04
 155.1346858,2.2434527e+04
 155.1551199,2.2436125e+04
 155.1755542,2.2447305e+04
 155.1959884,2.2442170e+04
 155.2164224,2.2432369e+04
 155.2368566,2.2439557e+04
 155.2572909,2.2443564e+04
 155.2777249,         null
 155.2981591,2.2448412e+04
 155.3185934,2.2444234e+04
 155.3390274,2.2431824e+04
 155.3594616,2.2445143e+04
 155.3798958,2.2442492e+04
 155.4003299,2.2442533e+04
 155.4207641,2.2446846e+04
 155.4411982,2.2439635e+04
 155.4616325,2.2445654e+04
 155.4820666,2.2438441e+04
 155.5025007,2.2445760e+04
 155.5229348,2.2447367e+04
 155.5433691,2.2448592e+04
 155.5638032,         null
 155.5842373,2.2451295e+04
 155.6046715,2.2443797e+04
 155.6251057,2.2452705e+04
 155.6455399,2.2446367e+04
 155.6659739,2.2448354e+04
 155.6864082,2.2459459e+04
 155.7068424,2.2445279e+04
 155.7272764,2.2448738e+04
 155.7477106,2.2444141e+04
 155.7681448,2.2454150e+04
 155.7885789,2.2434572e+04
 155.8090131,2.2440697e+04
 155.8294473,2.2441260e+04
 155.8498814,2.2442871e+04
 155.8703155,2.2444029e+04
 155.8907497,2.2446391e+04
 155.9111840,2.2440697e+04
 155.9316180,2.2446705e+04
 155.9520522,2.2438111e+04
 155.9724864,2.2437705e+04
 155.9929205,2.2451822e+04
 156.0133547,2.2444260e+04
 156.0337887,2.2450777e+04
 156.0542230,2.2446311e+04
 156.0746571,2.2441346e+04
 156.0950913,2.2446230e+04
 156.1155254,2.2440688e+04
 156.1359596,2.2437484e+04
 156.1563938,2.2446031e+04
 156.1768278,2.2442703e+04
 156.1972621,2.2451812e+04
 156.2176962,2.2442760e+04
 156.2381303,2.2445705e+04
 156.2585644,2.2433672e+04
 156.2789987,2.2453037e+04
 156.2994328,2.2442625e+04
 156.3198669,2.2437035e+04
 156.3403012,2.2441082e+04
 156.3607352,2.2445977e+04
 156.3811694,2.2450104e+04
 156.4016035,2.2484529e+04
 156.4220378,2.2449053e+04
 156.4424718,2.2444473e+04
 156.4629060,2.2455678e+04
 156.4833403,2.2444484e+04
 156.5037743,2.2453035e+04
 156.5242085,2.2438676e+04
 156.5446426,2.2450213e+04
 156.5650768,2.2455607e+04
 156.5855109,2.2449816e+04
 156.6059451,2.2450701e+04
 156.6263792,2.2444900e+04
 156.6468134,2.2454260e+04
 156.6672475,2.2453232e+04
 156.6876817,2.2452205e+04
 156.7081158,2.2455201e+04
 156.7285500,2.2446521e+04
 156.7489841,2.2446402e+04
 156.7694182,2.2450574e+04
 156.7898524,2.2444943e+04
 156.8102866,2.2434783e+04
 156.8307207,2.2438453e+04
 156.8511549,2.2452537e+04
 156.8715891,2.2454572e+04
 156.8920232,2.2449410e+04
 156.9124573,2.2449576e+04
 156.9328915,2.2434744e+04
 156.9533257,2.2439639e+04
 156.9737597,2.2444076e+04
 156.9941940,2.2449922e+04
 157.0146281,2.2442859e+04
 157.0350621,2.2444383e+04
 157.0554963,2.2457059e+04
 157.0759305,2.2437451e+04
 157.0963646,2.2449146e+04
 157.1167987,2.2443588e+04
 157.1372330,2.2450635e+04
 157.1576671,2.2440400e+04
 157.1781012,2.2438936e+04
 157.1985353,2.2443162e+04
 157.2189696,2.2441035e+04
 157.2394036,2.2443242e+04
 157.2598378,2.2441705e+04
 157.2802719,2.2444955e+04
 157.3007061,2.2440641e+04
 157.3211402,2.2443543e+04
 157.3415744,2.2450186e+04
 157.3620085,2.2438785e+04
 157.3824427,2.2447217e+04
 157.4028768,2.2453820e+04
 157.4233108,2.2446717e+04
 157.4437451,2.2445551e+04
 157.4641792,2.2449102e+04
 157.4846133,2.2443721e+04
 157.5050475,2.2441781e+04
 157.5254817,2.2456092e+04
 157.5459157,2.2446791e+04
 157.5663499,2.2442879e+04
 157.5867841,2.2435531e+04
 157.6072181,2.2442154e+04
 157.6276523,2.2434098e+04
 157.6480865,2.2449982e+04
 157.6685207,2.2441650e+04
 157.6889547,2.2439086e+04
 157.7093889,2.2452318e+04
 157.7298231,2.2449215e+04
 157.7502571,2.2444361e+04
 157.7706913,2.2438402e+04
 157.7911255,2.2443375e+04
 157.8115596,2.2434977e+04
 157.8319937,2.2435805e+04
 157.8524279,2.2441689e+04
 157.8728620,2.2438338e+04
 157.8932961,2.2434414e+04
 157.9137303,2.2441004e+04
 157.9341643,2.2441508e+04
 157.9545986,2.2446771e+04
 157.9750327,2.2442219e+04
 157.9954667,2.2440410e+04
 158.0159010,2.2434846e+04
 158.0363351,2.2432496e+04
 158.0567692,2.2448719e+04
 158.0772033,2.2437541e+04
 158.0976375,2.2452004e+04
 158.1180717,2.2437764e+04
 158.1385057,2.2437570e+04
 158.1589400,2.2446418e+04
 158.1793741,2.2434711e+04
 158.1998081,2.2437172e+04
 158.2202423,2.2437107e+04
 158.2406765,2.2452611e+04
 158.2611105,         null
 158.2815447,2.2432496e+04
 158.3019789,2.2451941e+04
 158.3224131,2.2444188e+04
 158.3428471,2.2441426e+04
 158.3632812,2.2439086e+04
 158.3837155,2.2444150e+04
 158.4041496,2.2441549e+04
 158.4245836,2.2438072e+04
 158.4450178,2.2441490e+04
 158.4654520,2.2443781e+04
 158.4858860,2.2445828e+04
 158.5063202,2.2435754e+04
 158.5267544,2.2444373e+04
 158.5471885,2.2436701e+04
 158.5676226,2.2431195e+04
 158.5880567,2.2442730e+04
 158.6084909,2.2442727e+04
 158.6289250,2.2437531e+04
 158.6493591,2.2438906e+04
 158.6697934,2.2433713e+04
 158.6902274,2.2443061e+04
 158.7106615,2.2433900e+04
 158.7310956,2.2455146e+04
 158.7515298,2.2444424e+04
 158.7719639,2.2432357e+04
 158.7923981,2.2447283e+04
 158.8128322,2.2437500e+04
 158.8332663,2.2451484e+04
 158.8537005,2.2440598e+04
 158.8741345,2.2445428e+04
 158.8945687,2.2433051e+04
 158.9150028,2.2450199e+04
 158.9354369,2.2440910e+04
 158.9558711,2.2436457e+04
 158.9763052,2.2439467e+04
 158.9967393,2.2444305e+04
 159.0171734,2.2440432e+04
 159.0376076,2.2434188e+04
 159.0580417,2.2446432e+04
 159.0784758,2.2445227e+04
 159.0989099,2.2454580e+04
 159.1193442,2.2439561e+04
 159.1397782,2.2446510e+04
 159.1602123,2.2440137e+04
 159.1806465,2.2435350e+04
 159.2010806,2.2440398e+04
 159.2215147,2.2435818e+04
 159.2419487,2.2441775e+04
 159.2623830,2.2436709e+04
 159.2828171,2.2437164e+04
 159.3032512,2.2444092e+04
 159.3236853,2.2445260e+04
 159.3441195,2.2439455e+04
 159.3645536,2.2445961e+04
 159.3849876,2.2437992e+04
 159.4054218,2.2446654e+04
 159.4258560,2.2446084e+04
 159.4462900,2.2446178e+04
 159.4667242,2.2438189e+04
 159.4871583,2.2433143e+04
 159.5075924,2.2445895e+04
 159.5280265,2.2443377e+04
 159.5484607,2.2437213e+04
 159.5688947,2.2458234e+04
 159.5893289,2.2444492e+04
 159.6097630,2.2438576e+04
 159.6301972,2.2436705e+04
 159.6506312,2.2440004e+04
 159.6710654,2.2447695e+04
 159.6914996,2.2437664e+04
 159.7119336,2.2441064e+04
 159.7323677,2.2437365e+04
 159.7528019,2.2443773e+04
 159.7732360,2.2443789e+04
 159.7936701,2.2436145e+04
 159.8141042,2.2427533e+04
 159.8345384,2.2440391e+04
 159.8549725,2.2437701e+04
 159.8754066,2.2430291e+04
 159.8958406,2.2433836e+04
 159.9162748,2.2443961e+04
 159.9367090,2.2437953e+04
 159.9571431,2.2442955e+04
 159.9775772,2.2432682e+04
 159.9980113,2.2439152e+04
 160.0184454,2.2438527e+04
 160.0388796,2.2432213e+04
 160.0593137,2.2442014e+04
 160.0797478,2.2443885e+04
 160.1001819,2.2429234e+04
 160.1206159,2.2437377e+04
 160.1410502,2.2445832e+04
 160.1614843,2.2432645e+04
 160.1819183,2.2433078e+04
 160.2023525,2.2436113e+04
 160.2227866,2.2434234e+04
 160.2432207,2.2439676e+04
 160.2636548,2.2428598e+04
 160.2840890,2.2432512e+04
 160.3045230,2.2436533e+04
 160.3249571,2.2434326e+04
 160.3453913,2.2435262e+04
 160.3658255,2.2436773e+04
 160.3862595,2.2430127e+04
 160.4066936,2.2435596e+04
 160.4271278,2.2437668e+04
 160.4475618,2.2439709e+04
 160.4679960,2.2425014e+04
 160.4884302,2.2432330e+04
 160.5088642,2.2436893e+04
 160.5292983,2.2436607e+04
 160.5497324,2.2428830e+04
 160.5701665,2.2437855e+04
 160.5906006,2.2437943e+04
 160.6110348,2.2437309e+04
 160.6314688,2.2436180e+04
 160.6519030,2.2438152e+04
 160.6723371,2.2428148e+04
 160.6927711,2.2427221e+04
 160.7132053,2.2430240e+04
 160.7336394,2.2435994e+04
 160.7540735,2.2435916e+04
 160.7745076,2.2470018e+04
 160.7949418,2.2441668e+04
 160.8153759,2.2439975e+04
 160.8358099,2.2431863e+04
 160.8562441,2.2441727e+04
 160.8766782,2.2439459e+04
 160.8971122,2.2434531e+04
 160.9175464,2.2436824e+04
 160.9379806,2.2430184e+04
 160.9584146,2.2429777e+04
 160.9788487,2.2432543e+04
 160.9992829,2.2434297e+04
 161.0197169,2.2443666e+04
 161.0401510,2.2431857e+04
 161.0605851,2.2434211e+04
 161.0810192,2.2431949e+04
 161.1014534,2.2441137e+04
 161.1218875,2.2439199e+04
 161.1423217,2.2433170e+04
 161.1627557,2.2439979e+04
 161.1831898,2.2431906e+04
 161.2036238,2.2442033e+04
 161.2240580,2.2447189e+04
 161.2444921,         null
 161.2649262,2.2429924e+04
 161.2853602,2.2440268e+04
 161.3057944,2.2440297e+04
 161.3262286,2.2435631e+04
 161.3466626,2.2430379e+04
 161.3670968,2.2432070e+04
 161.3875309,2.2433387e+04
 161.4079649,2.2435408e+04
 161.4283990,2.2444445e+04
 161.4488332,2.2435416e+04
 161.4692672,2.2442908e+04
 161.4897013,2.2435441e+04
 161.5101355,2.2438309e+04
 161.5305695,2.2440051e+04
 161.5510036,2.2432867e+04
 161.5714377,2.2434016e+04
 161.5918719,2.2460230e+04
 161.6123059,2.2430070e+04
 161.6327400,2.2442064e+04
 161.6531742,2.2434779e+04
 161.6736084,2.2438070e+04
 161.6940424,2.2448156e+04
 161.7144765,2.2438320e+04
 161.7349107,2.2434166e+04
 161.7553447,2.2441973e+04
 161.7757788,2.2426426e+04
 161.7962129,2.2435676e+04
 161.8166470,2.2441971e+04
 161.8370811,2.2433709e+04
 161.8575152,2.2433793e+04
 161.8779494,2.2430576e+04
 161.8983834,2.2423582e+04
 161.9188175,2.2440090e+04
 161.9392515,2.2428834e+04
 161.9596857,2.2433973e+04
 161.9801198,2.2443295e+04
 162.0005539,2.2432346e+04
 162.0209880,2.2438332e+04
 162.0414221,2.2421824e+04
 162.0618562,2.2433293e+04
 162.0822902,2.2429408e+04
 162.1027244,2.2443438e+04
 162.1231585,2.2446088e+04
 162.1435925,2.2427615e+04
 162.1640267,2.2433057e+04
 162.1844608,2.2437574e+04
 162.2048948,2.2436045e+04
 162.2253289,2.2433580e+04
 162.2457631,2.2432695e+04
 162.2661971,2.2431512e+04
 162.2866312,2.2433117e+04
 162.3070654,2.2442768e+04
 162.3274995,2.2437480e+04
 162.3479335,2.2433812e+04
 162.3683676,2.2446623e+04
 162.3888018,2.2439221e+04
 162.4092358,2.2442029e+04
 162.4296699,2.2440971e+04
 162.4501039,2.2437281e+04
 162.4705381,2.2434203e+04
 162.4909722,2.2431758e+04
 162.5114057,2.2429162e+04
 162.5318398,2.2433172e+04
 162.5522738,2.2433967e+04
 162.5727079,2.2429824e+04
 162.5931420,2.2430074e+04
 162.6135762,2.2430600e+04
 162.6340102,2.2434361e+04
 162.6544443,2.2436580e+04
 162.6748785,2.2439732e+04
 162.6953125,2.2433693e+04
 162.7157466,2.2436352e+04
 162.7361807,2.2433604e+04
 162.7566148,2.2439949e+04
 162.7770489,2.2434301e+04
 162.7974830,2.2431078e+04
 162.8179171,2.2441055e+04
 162.8383512,2.2434031e+04
 162.8587853,2.2431543e+04
 162.8792192,2.2426828e+04
 162.8996534,2.2422445e+04
 162.9200875,2.2430363e+04
 162.9405215,2.2438328e+04
 162.9609556,2.2431268e+04
 162.9813898,2.2435049e+04
 163.0018238,2.2430031e+04
 163.0222579,2.2436793e+04
 163.0426921,2.2438180e+04
 163.0631262,2.2431494e+04
 163.0835602,2.2432150e+04
 163.1039942,2.2432383e+04
 163.1244284,2.2431375e+04
 163.1448624,2.2425789e+04
 163.1652965,2.2430035e+04
 163.1857307,2.2417037e+04
 163.2061647,2.2433383e+04
 163.2265988,2.2433729e+04
 163.2470329,2.2436762e+04
 163.2674670,2.2439523e+04
 163.2879010,2.2425668e+04
 163.3083351,2.2431744e+04
 163.3287693,2.2434152e+04
 163.3492033,2.2441592e+04
 163.3696374,2.2434480e+04
 163.3900714,2.2429814e+04
 163.4105056,2.2432537e+04
 163.4309397,2.2445975e+04
 163.4513736,2.2434779e+04
 163.4718078,2.2431770e+04
 163.4922419,2.2435664e+04
 163.5126760,2.2447516e+04
 163.5331100,2.2429355e+04
 163.5535442,2.2427852e+04
 163.5739783,2.2422639e+04
 163.5944122,2.2427750e+04
 163.6148463,2.2430330e+04
 163.6352805,2.2431449e+04
 163.6557145,2.2431877e+04
 163.6761486,2.2430947e+04
 163.6965828,2.2413752e+04
 163.7170167,2.2415730e+04
 163.7374508,2.2430266e+04
 163.7578849,2.2428033e+04
 163.7783190,2.2431326e+04
 163.7987531,2.2433729e+04
 163.8191872,2.2418436e+04
 163.8396213,2.2431924e+04
 163.8600553,2.2428424e+04
 163.8804894,2.2426508e+04
 163.9009234,2.2427123e+04
 163.9213576,2.2432506e+04
 163.9417916,2.2439742e+04
 163.9622257,2.2425438e+04
 163.9826598,2.2431029e+04
 164.0030939,2.2426609e+04
 164.0235280,2.2432309e+04
 164.0439620,2.2416980e+04
 164.0643961,2.2420648e+04
 164.0848302,2.2420512e+04
 164.1052643,2.2424539e+04
 164.1256983,2.2423658e+04
 164.1461325,2.2432725e+04
 164.1665664,2.2423895e+04
 164.1870005,2.2426027e+04
 164.2074347,2.2422986e+04
 164.2278688,         null
 164.2483027,2.2409697e+04
 164.2687368,2.2423812e+04
 164.2891709,2.2421553e+04
 164.3096050,2.2426486e+04
 164.3300391,2.2422684e+04
 164.3504732,2.2432105e+04
 164.3709073,2.2531201e+04
 164.3913413,2.2418797e+04
 164.4117754,2.2429193e+04
 164.4322094,2.2418258e+04
 164.4526435,2.2419773e+04
 164.4730776,2.2437863e+04
 164.4935118,2.2422455e+04
 164.5139457,2.2427494e+04
 164.5343798,2.2425191e+04
 164.5548139,2.2418262e+04
 164.5752480,2.2420367e+04
 164.5956820,2.2417992e+04
 164.6161161,2.2416887e+04
 164.6365501,2.2425912e+04
 164.6569843,2.2431693e+04
 164.6774183,2.2421529e+04
 164.6978524,2.2429924e+04
 164.7182865,2.2426127e+04
 164.7387206,2.2426107e+04
 164.7591546,2.2434051e+04
 164.7795886,2.2430312e+04
 164.8000228,2.2422742e+04
 164.8204568,2.2415834e+04
 164.8408908,2.2418871e+04
 164.8613250,2.2410678e+04
 164.8817591,2.2415627e+04
 164.9021930,2.2415250e+04
 164.9226271,2.2422654e+04
 164.9430613,2.2414363e+04
 164.9634952,2.2422420e+04
 164.9839293,2.2420984e+04
