        TIME,  PDCSAP_FLUX
 131.5129684,3.0441686e+04
 131.5334029,3.0453754e+04
 131.5538373,3.0440527e+04
 131.5742716,3.0447484e+04
 131.5947060,3.0451416e+04
 131.6151405,3.0446168e+04
 131.6355748,3.0455117e+04
 131.6560092,3.0440371e+04
 131.6764438,3.0449117e+04
 131.6968782,3.0452943e+04
 131.7173125,3.0440957e+04
 131.7377469,3.0450395e+04
 131.7581814,3.0455477e+04
 131.7786157,3.0435469e+04
 131.7990501,3.0445412e+04
 131.8194846,3.0447988e+04
 131.8399189,3.0438199e+04
 131.8603533,3.0434816e+04
 131.8807877,3.0446512e+04
 131.9012221,3.0443812e+04
 131.9216565,3.0448180e+04
 131.9420910,3.0448926e+04
 131.9625254,3.0428311e+04
 131.9829598,3.0450408e+04
 132.0033942,3.0438834e+04
 132.0238285,3.0454404e+04
 132.0442630,3.0448549e+04
 132.0646974,3.0444242e+04
 132.0851317,3.0454914e+04
 132.1055661,3.0442736e+04
 132.1260006,3.0457508e+04
 132.1464349,3.0440594e+04
 132.1668693,3.0446324e+04
 132.1873038,3.0441998e+04
 132.2077382,3.0466502e+04
 132.2281725,3.0455496e+04
 132.2486069,3.0450713e+04
 132.2690415,3.0446049e+04
 132.2894758,3.0444369e+04
 132.3099102,3.0452453e+04
 132.3303447,3.0449979e+04
 132.3507790,3.0464883e+04
 132.3712134,3.0457766e+04
 132.3916478,3.0458414e+04
 132.4120822,3.0442518e+04
 132.4325166,3.0448338e+04
 132.4529510,3.0456281e+04
 132.4733855,3.0452627e+04
 132.4938198,3.0463064e+04
 132.5142542,3.0456588e+04
 132.5346885,3.0464822e+04
 132.5551230,3.0451658e+04
 132.5755574,3.0446092e+04
 132.5959917,3.0463309e+04
 132.6164262,3.0458086e+04
 132.6368606,3.0471381e+04
 132.6572950,3.0458707e+04
 132.6777293,3.0454994e+04
 132.6981638,3.0452051e+04
 132.7185982,3.0447504e+04
 132.7390325,3.0476266e+04
 132.7594670,3.0464615e+04
 132.7799014,3.0462242e+04
 132.8003357,3.0450451e+04
 132.8207701,3.0461623e+04
 132.8412046,3.0446590e+04
 132.8616389,3.0459488e+04
 132.8820733,3.0452953e+04
 132.9025078,3.0465096e+04
 132.9229421,3.0472625e+04
 132.9433765,3.0455143e+04
 132.9638109,3.0475455e+04
 132.9842454,3.0476250e+04
 133.0046797,3.0464193e+04
 133.0251141,3.0470260e+04
 133.0455485,3.0457695e+04
 133.0659829,3.0473672e+04
 133.0864173,3.0478783e+04
 133.1068517,3.0468137e+04
 133.1272861,3.0467805e+04
 133.1477205,3.0455184e+04
 133.1681549,3.0470627e+04
 133.1885893,3.0467576e+04
 133.2090238,3.0465703e+04
 133.2294581,3.0466764e+04
 133.2498925,3.0473516e+04
 133.2703269,3.0473703e+04
 133.2907613,3.0474752e+04
 133.3111957,3.0467264e+04
 133.3316300,3.0467070e+04
 133.3520645,3.0472131e+04
 133.3724989,3.0475604e+04
 133.3929333,3.0469521e+04
 133.4133677,3.0473473e+04
 133.4338021,3.0475006e+04
 133.4542365,3.0481502e+04
 133.4746708,3.0481451e+04
 133.4951053,3.0471172e+04
 133.5155397,3.0467633e+04
 133.5359740,3.0479248e+04
 133.5564085,3.0473682e+04
 133.5768429,3.0460648e+04
 133.5972772,3.0466850e+04
 133.6177116,3.0480078e+04
 133.6381461,3.0477922e+04
 133.6585804,3.0470598e+04
 133.6790147,3.0473879e+04
 133.6994492,3.0471873e+04
 133.7198836,3.0490576e+04
 133.7403179,3.0474307e+04
 133.7607523,3.0477494e+04
 133.7811868,3.0489697e+04
 133.8016211,3.0474840e+04
 133.8220555,3.0488938e+04
 133.8424899,3.0480064e+04
 133.8629243,3.0497096e+04
 133.8833587,3.0479068e+04
 133.9037931,3.0465053e+04
 133.9242275,3.0476578e+04
 133.9446619,3.0476656e+04
 133.9650963,3.0495393e+04
 133.9855305,3.0482213e+04
 134.0059650,3.0488736e+04
 134.0263994,3.0462764e+04
 134.0468337,3.0504494e+04
 134.0672682,3.0479496e+04
 134.0877026,3.0493443e+04
 134.1081369,3.0479379e+04
 134.1285713,3.0501104e+04
 134.1490058,3.0483801e+04
 134.1694402,3.0481033e+04
 134.1898745,3.0488012e+04
 134.2103090,3.0481586e+04
 134.2307433,3.0495865e+04
 134.2511776,3.0502479e+04
 134.2716120,3.0494561e+04
 134.2920465,3.0492527e+04
 134.3124808,3.0497152e+04
 134.3329152,3.0499955e+04
 134.3533497,3.0488566e+04
 134.3737840,3.0501025e+04
 134.3942184,         null
 134.4146528,3.0490201e+04
 134.4350871,3.0496189e+04
 134.4555215,3.0511055e+04
 134.4759559,3.0494486e+04
 134.4963904,3.0495566e+04
 134.5168247,3.0508668e+04
 134.5372591,3.0503822e+04
 134.5576934,3.0500900e+04
 134.5781279,3.0504383e+04
 134.5985623,3.0499262e+04
 134.6189965,3.0506611e+04
 134.6394309,3.0505328e+04
 134.6598654,3.0493471e+04
 134.6802998,3.0513363e+04
 134.7007342,3.0508404e+04
 134.7211686,3.0496672e+04
 134.7416030,3.0497922e+04
 134.7620373,3.0505396e+04
 134.7824716,3.0508238e+04
 134.8029061,3.0508598e+04
 134.8233405,3.0493758e+04
 134.8437748,3.0501473e+04
 134.8642093,3.0489760e+04
 134.8846437,3.0507584e+04
 134.9050781,3.0515652e+04
 134.9255123,3.0516992e+04
 134.9459468,3.0512775e+04
 134.9663812,3.0498973e+04
 134.9868155,3.0507783e+04
 135.0072500,3.0513270e+04
 135.0276844,3.0514318e+04
 135.0481187,3.0523748e+04
 135.0685530,3.0519627e+04
 135.0889875,3.0522055e+04
 135.1094218,3.0535285e+04
 135.1298562,3.0539127e+04
 135.1502907,3.0518010e+04
 135.1707251,3.0524947e+04
 135.1911593,3.0512332e+04
 135.2115937,3.0518543e+04
 135.2320282,3.0527213e+04
 135.2524625,3.0524338e+04
 135.2728969,3.0516254e+04
 135.2933312,3.0535957e+04
 135.3137656,3.0518029e+04
 135.3342000,3.0524758e+04
 135.3546343,3.0523322e+04
 135.3750688,3.0529549e+04
 135.3955032,3.0528893e+04
 135.4159376,3.0507623e+04
 135.4363718,3.0527748e+04
 135.4568063,3.0528574e+04
 135.4772407,3.0536193e+04
 135.4976750,3.0537234e+04
 135.5181095,3.0529416e+04
 135.5385438,3.0539738e+04
 135.5589781,3.0526811e+04
 135.5794125,3.0528703e+04
 135.5998470,3.0540102e+04
 135.6202813,3.0539031e+04
 135.6407156,3.0537180e+04
 135.6611501,3.0536303e+04
 135.6815845,3.0539186e+04
 135.7020188,3.0538381e+04
 135.7224532,3.0547180e+04
 135.7428876,3.0546744e+04
 135.7633219,3.0560854e+04
 135.7837563,3.0550094e+04
 135.8041908,3.0533861e+04
 135.8246251,3.0533170e+04
 135.8450594,3.0538760e+04
 135.8654938,3.0542871e+04
 135.8859282,3.0549902e+04
 135.9063626,3.0535766e+04
 135.9267969,3.0544381e+04
 135.9472312,3.0547496e+04
 135.9676657,3.0556369e+04
 135.9881001,3.0546936e+04
 136.0085344,3.0545957e+04
 136.0289688,3.0560156e+04
 136.0494032,3.0546879e+04
 136.0698375,3.0565207e+04
 136.0902719,3.0552957e+04
 136.1107063,3.0559674e+04
 136.1311407,3.0556512e+04
 136.1515750,3.0560168e+04
 136.1720095,3.0553920e+04
 136.1924438,3.0564855e+04
 136.2128781,3.0566002e+04
 136.2333125,3.0560029e+04
 136.2537470,3.0545395e+04
 136.2741813,3.0546281e+04
 136.2946156,3.0567881e+04
 136.3150501,3.0561855e+04
 136.3354844,3.0567686e+04
 136.3559188,3.0568615e+04
 136.3763531,3.0560701e+04
 136.3967875,3.0576279e+04
 136.4172219,3.0585162e+04
 136.4376562,3.0554625e+04
 136.4580907,3.0567506e+04
 136.4785250,3.0560793e+04
 136.4989594,3.0568543e+04
 136.5193937,3.0569846e+04
 136.5398281,3.0568850e+04
 136.5602625,3.0563932e+04
 136.5806969,3.0564057e+04
 136.6011312,3.0572846e+04
 136.6215656,3.0583592e+04
 136.6420000,3.0585910e+04
 136.6624344,3.0567773e+04
 136.6828687,3.0582604e+04
 136.7033031,3.0570418e+04
 136.7237375,3.0578982e+04
 136.7441717,3.0574576e+04
 136.7646062,3.0577666e+04
 136.7850406,3.0595336e+04
 136.8054749,3.0580994e+04
 136.8259093,3.0592238e+04
 136.8463437,3.0570395e+04
 136.8667781,3.0587201e+04
 136.8872123,3.0577127e+04
 136.9076468,3.0598131e+04
 136.9280812,3.0579588e+04
 136.9485154,3.0583861e+04
 136.9689499,3.0595115e+04
 136.9893843,3.0605391e+04
 137.0098186,3.0585867e+04
 137.0302529,3.0579910e+04
 137.0506874,3.0610332e+04
 137.0711217,3.0589986e+04
 137.0915560,3.0596986e+04
 137.1119905,3.0591068e+04
 137.1324248,3.0582227e+04
 137.1528591,3.0593791e+04
 137.1732935,3.0596828e+04
 137.1937280,3.0602035e+04
 137.2141622,3.0581754e+04
 137.2345966,3.0596320e+04
 137.2550309,3.0589748e+04
 137.2754653,3.0594914e+04
 137.2958997,3.0595607e+04
 137.3163340,3.0607352e+04
 137.3367684,3.0600502e+04
 137.3572028,3.0605775e+04
 137.3776372,         null
 137.3980714,3.0587490e+04
 137.4185059,3.0595674e+04
 137.4389403,3.0602842e+04
 137.4593745,3.0606236e+04
 137.4798090,3.0593990e+04
 137.5002434,3.0610988e+04
 137.5206776,3.0594537e+04
 137.5411120,3.0611213e+04
 137.5615465,3.0625967e+04
 137.5819807,3.0598912e+04
 137.6024151,3.0589188e+04
 137.6228496,3.0609900e+04
 137.6432839,3.0598551e+04
 137.6637182,3.0623025e+04
 137.6841526,3.0596820e+04
 137.7045870,3.0597857e+04
 137.7250213,3.0602816e+04
 137.7454557,3.0604918e+04
 137.7658901,3.0613465e+04
 137.7863244,3.0603844e+04
 137.8067587,3.0610482e+04
 137.8271930,3.0583781e+04
 137.8476275,3.0602686e+04
 137.8680618,3.0620123e+04
 137.8884962,3.0614473e+04
 137.9089305,3.0603463e+04
 137.9293649,3.0619459e+04
 137.9497993,3.0618115e+04
 137.9702335,3.0614545e+04
 137.9906680,3.0617225e+04
 138.0111024,3.0610010e+04
 138.0315366,3.0627123e+04
 138.0519710,3.0615754e+04
 138.0724054,3.0611430e+04
 138.0928398,3.0613748e+04
 138.1132741,3.0608320e+04
 138.1337085,3.0623934e+04
 138.1541429,3.0604332e+04
 138.1745772,3.0618008e+04
 138.1950115,3.0611176e+04
 138.2154460,3.0613834e+04
 138.2358803,3.0616090e+04
 138.2563146,3.0625199e+04
 138.2767491,3.0608762e+04
 138.2971834,3.0602232e+04
 138.3176177,3.0615273e+04
 138.3380520,3.0613100e+04
 138.3584865,3.0615730e+04
 138.3789208,3.0620660e+04
 138.3993551,3.0607492e+04
 138.4197896,3.0606482e+04
 138.4402239,3.0610256e+04
 138.4606582,3.0617988e+04
 138.4810925,3.0619570e+04
 138.5015270,3.0611906e+04
 138.5219612,3.0635355e+04
 138.5423956,3.0606049e+04
 138.5628300,3.0612291e+04
 138.5832643,3.0629391e+04
 138.6036987,3.0620572e+04
 138.6241330,3.0610410e+04
 138.6445674,3.0619529e+04
 138.6650017,3.0599404e+04
 138.6854361,3.0621561e+04
 138.7058704,3.0627154e+04
 138.7263048,3.0615303e+04
 138.7467392,3.0604947e+04
 138.7671734,3.0616703e+04
 138.7876079,3.0604078e+04
 138.8080422,3.0606209e+04
 138.8284765,3.0638520e+04
 138.8489108,3.0626965e+04
 138.8693453,3.0631240e+04
 138.8897797,3.0619564e+04
 138.9102139,3.0629502e+04
 138.9306484,3.0608830e+04
 138.9510827,3.0609334e+04
 138.9715170,3.0616801e+04
 138.9919513,3.0615945e+04
 139.0123858,3.0619164e+04
 139.0328200,3.0623354e+04
 139.0532544,3.0619561e+04
 139.0736888,3.0604273e+04
 139.0941231,3.0611354e+04
 139.1145574,3.0612949e+04
 139.1349918,3.0611330e+04
 139.1554261,3.0607939e+04
 139.1758605,3.0605037e+04
 139.1962948,3.0613912e+04
 139.2167291,3.0604797e+04
 139.2371636,3.0618805e+04
 139.2575979,3.0621887e+04
 139.2780322,3.0619189e+04
 139.2984666,3.0609002e+04
 139.3189010,3.0600768e+04
 139.3393353,3.0619598e+04
 139.3597696,3.0587414e+04
 139.3802040,3.0618758e+04
 139.4006384,3.0624338e+04
 139.4210726,3.0610805e+04
 139.4415071,3.0606002e+04
 139.4619414,3.0592236e+04
 139.4823757,3.0601389e+04
 139.5028100,3.0611896e+04
 139.5232445,3.0606408e+04
 139.5436787,3.0609938e+04
 139.5641130,3.0612457e+04
 139.5845475,3.0609820e+04
 139.6049817,3.0619789e+04
 139.6254161,3.0602623e+04
 139.6458504,3.0604275e+04
 139.6662849,3.0598506e+04
 139.6867191,3.0600115e+04
 139.7071535,3.0612311e+04
 139.7275878,3.0611875e+04
 139.7480222,3.0601289e+04
 139.7684565,3.0603006e+04
 139.7888909,3.0613551e+04
 139.8093252,3.0613719e+04
 139.8297596,3.0605480e+04
 139.8501939,3.0602410e+04
 139.8706283,3.0598684e+04
 139.8910626,3.0597555e+04
 139.9114970,3.0604086e+04
 139.9319313,3.0604824e+04
 139.9523657,3.0604186e+04
 139.9728000,3.0599959e+04
 139.9932343,3.0597807e+04
 140.0136686,3.0608250e+04
 140.0341030,3.0595305e+04
 140.0545374,3.0592959e+04
 140.0749717,3.0612510e+04
 140.0954061,3.0610129e+04
 140.1158404,3.0602170e+04
 140.1362747,3.0589240e+04
 140.1567090,3.0604180e+04
 140.1771434,3.0578590e+04
 140.1975778,3.0613453e+04
 140.2180120,3.0590223e+04
 140.2384465,3.0587598e+04
 140.2588808,3.0592232e+04
 140.2793150,3.0604459e+04
 140.2997494,3.0591621e+04
 140.3201838,3.0590471e+04
 140.3406181,3.0587434e+04
 140.3610524,         null
 140.3814868,3.0601686e+04
 140.4019212,3.0603834e+04
 140.4223554,3.0606627e+04
 140.4427898,3.0590115e+04
 140.4632242,3.0596717e+04
 140.4836585,3.0608357e+04
 140.5040928,3.0590664e+04
 140.5245270,3.0602766e+04
 140.5449615,3.0594350e+04
 140.5653958,3.0605646e+04
 140.5858302,3.0587859e+04
 140.6062645,3.0587715e+04
 140.6266988,3.0590043e+04
 140.6471332,3.0595506e+04
 140.6675674,3.0599488e+04
 140.6880019,3.0584008e+04
 140.7084362,3.0590062e+04
 140.7288704,3.0579270e+04
 140.7493049,3.0607352e+04
 140.7697392,3.0591986e+04
 140.7901735,3.0600135e+04
 140.8106078,3.0610551e+04
 140.8310422,3.0583459e+04
 140.8514766,3.0595162e+04
 140.8719108,3.0607039e+04
 140.8923451,3.0579850e+04
 140.9127796,3.0594109e+04
 140.9332138,3.0579631e+04
 140.9536482,3.0590715e+04
 140.9740826,3.0596914e+04
 140.9945168,3.0582766e+04
 141.0149512,3.0582500e+04
 141.0353855,3.0581035e+04
 141.0558198,3.0586162e+04
 141.0762542,3.0589334e+04
 141.0966885,3.0591729e+04
 141.1171228,3.0584906e+04
 141.1375572,3.0598166e+04
 141.1579915,3.0583371e+04
 141.1784257,3.0582678e+04
 141.1988602,3.0579129e+04
 141.2192945,3.0582123e+04
 141.2397287,3.0583303e+04
 141.2601632,3.0568842e+04
 141.2805975,3.0594953e+04
 141.3010317,3.0584172e+04
 141.3214661,3.0579115e+04
 141.3419005,3.0585213e+04
 141.3623348,3.0584555e+04
 141.3827691,3.0575744e+04
 141.4032034,3.0565766e+04
 141.4236378,3.0587377e+04
 141.4440722,3.0586570e+04
 141.4645064,3.0592596e+04
 141.4849408,3.0581807e+04
 141.5053752,3.0580090e+04
 141.5258094,3.0579449e+04
 141.5462437,3.0588908e+04
 141.5666781,3.0569812e+04
 141.5871125,3.0573535e+04
 141.6075467,3.0597729e+04
 141.6279812,3.0581830e+04
 141.6484155,3.0568268e+04
 141.6688497,3.0569021e+04
 141.6892841,3.0568562e+04
 141.7097185,3.0582332e+04
 141.7301527,3.0571031e+04
 141.7505870,3.0580316e+04
 141.7710215,3.0574533e+04
 141.7914557,3.0581754e+04
 141.8118900,3.0578418e+04
 141.8323244,3.0563703e+04
 141.8527587,3.0580635e+04
 141.8731930,3.0578342e+04
 141.8936274,3.0579357e+04
 141.9140618,3.0573682e+04
 141.9344960,3.0587404e+04
 141.9549303,3.0575281e+04
 141.9753646,3.0570895e+04
 141.9957990,3.0569404e+04
 142.0162333,3.0583090e+04
 142.0366675,3.0584756e+04
 142.0571019,3.0569869e+04
 142.0775363,3.0570961e+04
 142.0979706,3.0574689e+04
 142.1184049,3.0584764e+04
 142.1388393,3.0573316e+04
 142.1592736,3.0582527e+04
 142.1797078,3.0570008e+04
 142.2001422,3.0578762e+04
 142.2205766,3.0592705e+04
 142.2410108,3.0591717e+04
 142.2614451,3.0578598e+04
 142.2818796,3.0579104e+04
 142.3023138,3.0577938e+04
 142.3227481,3.0577193e+04
 142.3431824,3.0573850e+04
 142.3636169,3.0565982e+04
 142.3840511,3.0563402e+04
 142.4044854,3.0570648e+04
 142.4249198,3.0576225e+04
 142.4453541,3.0559684e+04
 142.4657884,3.0571916e+04
 142.4862226,3.0567568e+04
 142.5066570,3.0577482e+04
 142.5270913,3.0567676e+04
 142.5475257,3.0577275e+04
 142.5679599,3.0565557e+04
 142.5883943,3.0582152e+04
 142.6088286,3.0564348e+04
 142.6292629,3.0572930e+04
 142.6496973,3.0568709e+04
 142.6701316,3.0560809e+04
 142.6905658,3.0561348e+04
 142.7110001,3.0578762e+04
 142.7314346,3.0576926e+04
 142.7518688,3.0574041e+04
 142.7723031,3.0570373e+04
 142.7927375,3.0587018e+04
 142.8131717,3.0573971e+04
 142.8336061,3.0569139e+04
 142.8540404,3.0579229e+04
 142.8744748,3.0570799e+04
 142.8949090,3.0578498e+04
 142.9153433,3.0572590e+04
 142.9357778,3.0561512e+04
 142.9562120,3.0572900e+04
 142.9766463,3.0565396e+04
 142.9970805,3.0579428e+04
 143.0175149,3.0555619e+04
 143.0379493,3.0567961e+04
 143.0583836,3.0565021e+04
 143.0788179,3.0572213e+04
 143.0992522,3.0573236e+04
 143.1196865,3.0567705e+04
 143.1401208,3.0574010e+04
 143.1605552,3.0578291e+04
 143.1809895,3.0562783e+04
 143.2014237,3.0570785e+04
 143.2218580,3.0575574e+04
 143.2422924,3.0562945e+04
 143.2627267,3.0563367e+04
 143.2831611,3.0568588e+04
 143.3035954,3.0573461e+04
 143.3240297,3.0566582e+04
 143.3444640,         null
 143.3648982,3.0569381e+04
 143.3853326,3.0568506e+04
 143.4057670,3.0581055e+04
 143.4262012,3.0571002e+04
 143.4466356,3.0571141e+04
 143.4670699,3.0572754e+04
 143.4875041,3.0574910e+04
 143.5079384,3.0553068e+04
 143.5283728,3.0581225e+04
 143.5488072,3.0576301e+04
 143.5692414,3.0573834e+04
 143.5896758,3.0574100e+04
 143.6101101,3.0585500e+04
 143.6305443,3.0565594e+04
 143.6509786,3.0563783e+04
 143.6714130,3.0567010e+04
 143.6918472,3.0554404e+04
 143.7122816,3.0556512e+04
 143.7327159,3.0563375e+04
 143.7531502,3.0566594e+04
 143.7735845,3.0561879e+04
 143.7940188,3.0581623e+04
 143.8144531,3.0577973e+04
 143.8348874,3.0560777e+04
 143.8553217,3.0583193e+04
 143.8757559,3.0573346e+04
 143.8961904,3.0561307e+04
 143.9166247,3.0567748e+04
 143.9370589,3.0559633e+04
 143.9574933,3.0570199e+04
 143.9779276,3.0581188e+04
 143.9983618,3.0564439e+04
 144.0187961,3.0561430e+04
 144.0392305,3.0570525e+04
 144.0596648,3.0574699e+04
 144.0800990,3.0563768e+04
 144.1005335,3.0575156e+04
 144.1209678,3.0576662e+04
 144.1414020,3.0567729e+04
 144.1618363,3.0573824e+04
 144.1822707,3.0578387e+04
 144.2027049,3.0545963e+04
 144.2231392,3.0565639e+04
 144.2435736,3.0554072e+04
 144.2640078,3.0581346e+04
 144.2844421,3.0583459e+04
 144.3048764,3.0572623e+04
 144.3253107,3.0573037e+04
 144.3457450,3.0567633e+04
 144.3661793,3.0559844e+04
 144.3866136,3.0566311e+04
 144.4070480,3.0556568e+04
 144.4274823,3.0557969e+04
 144.4479165,3.0566447e+04
 144.4683509,3.0575736e+04
 144.4887852,3.0586037e+04
 144.5092194,3.0568607e+04
 144.5296537,3.0564559e+04
 144.5500881,3.0564527e+04
 144.5705224,3.0581781e+04
 144.5909566,3.0579584e+04
 144.6113910,3.0572238e+04
 144.6318253,3.0583875e+04
 144.6522595,3.0561109e+04
 144.6726938,3.0564018e+04
 144.6931282,3.0579748e+04
 144.7135624,3.0571301e+04
 144.7339967,3.0567043e+04
 144.7544311,3.0561303e+04
 144.7748653,3.0566674e+04
 144.7952996,3.0569973e+04
 144.8157339,3.0566703e+04
 144.8361683,3.0582729e+04
 144.8566025,3.0573305e+04
 144.8770368,3.0577234e+04
 144.8974711,3.0581320e+04
 144.9179054,3.0588473e+04
 144.9383397,3.0583770e+04
 144.9587740,3.0582617e+04
 144.9792084,3.0577787e+04
 144.9996426,3.0568789e+04
 145.0200769,3.0570416e+04
 145.0405112,3.0577609e+04
 145.0609455,3.0570984e+04
 145.0813798,3.0559957e+04
 145.1018141,3.0576484e+04
 145.1222485,3.0574521e+04
 145.1426827,3.0583154e+04
 145.1631170,3.0576973e+04
 145.1835512,3.0580293e+04
 145.2039856,3.0565805e+04
 145.2244199,3.0570518e+04
 145.2448541,3.0577002e+04
 145.2652885,3.0572371e+04
 145.2857228,3.0564957e+04
 145.3061571,3.0590207e+04
 145.3265913,3.0589359e+04
 145.3470257,3.0585412e+04
 145.3674600,3.0583174e+04
 145.3878942,3.0575648e+04
 145.4083286,3.0566988e+04
 145.4287629,3.0587172e+04
 145.4491971,3.0567520e+04
 145.4696314,3.0597748e+04
 145.4900658,3.0570992e+04
 145.5105000,3.0583824e+04
 145.5309343,3.0581240e+04
 145.5513686,3.0584008e+04
 145.5718030,3.0572307e+04
 145.5922372,3.0574695e+04
 145.6126715,3.0571529e+04
 145.6331058,3.0578926e+04
 145.6535400,3.0579266e+04
 145.6739743,3.0587377e+04
 145.6944085,3.0589494e+04
 145.7148429,3.0579082e+04
 145.7352772,3.0579881e+04
 145.7557115,3.0562533e+04
 145.7761458,3.0575135e+04
 145.7965801,3.0575035e+04
 145.8170144,3.0564928e+04
 145.8374486,3.0588592e+04
 145.8578830,3.0577061e+04
 145.8783173,3.0572119e+04
 145.8987515,3.0577088e+04
 145.9191858,3.0574273e+04
 145.9396201,3.0568057e+04
 145.9600543,3.0587299e+04
 145.9804886,3.0583799e+04
 146.0009230,3.0578895e+04
 146.0213573,3.0585689e+04
 146.0417915,3.0580443e+04
 146.0622259,3.0576049e+04
 146.0826602,3.0575082e+04
 146.1030944,3.0570000e+04
 146.1235286,3.0581742e+04
 146.1439630,3.0569381e+04
 146.1643972,3.0581803e+04
 146.1848315,3.0593832e+04
 146.2052658,3.0590299e+04
 146.2257001,3.0563225e+04
 146.2461344,3.0582150e+04
 146.2665687,3.0574264e+04
 146.2870030,3.0566219e+04
 146.3074372,3.0579848e+04
 146.3278715,         null
 146.3483057,3.0583326e+04
 146.3687401,3.0589250e+04
 146.3891744,3.0587859e+04
 146.4096086,3.0577600e+04
 146.4300430,3.0570482e+04
 146.4504773,3.0589188e+04
 146.4709114,3.0596498e+04
 146.4913458,3.0581844e+04
 146.5117801,3.0573084e+04
 146.5322144,3.0580799e+04
 146.5526486,3.0586238e+04
 146.5730830,3.0584660e+04
 146.5935173,3.0574646e+04
 146.6139515,3.0579832e+04
 146.6343857,3.0587820e+04
 146.6548201,3.0585141e+04
 146.6752544,3.0582867e+04
 146.6956886,3.0580525e+04
 146.7161230,3.0583523e+04
 146.7365572,3.0593885e+04
 146.7569915,3.0585490e+04
 146.7774257,3.0577684e+04
 146.7978601,3.0572914e+04
 146.8182944,3.0584434e+04
 146.8387286,3.0592350e+04
 146.8591628,3.0577057e+04
 146.8795972,3.0563811e+04
 146.9000314,3.0579359e+04
 146.9204657,3.0570744e+04
 146.9409001,3.0579516e+04
 146.9613342,3.0583965e+04
 146.9817685,3.0575107e+04
 147.0022028,3.0561799e+04
 147.0226371,3.0576955e+04
 147.0430714,3.0585648e+04
 147.0635057,3.0588393e+04
 147.0839400,3.0594582e+04
 147.1043742,3.0571941e+04
 147.1248085,3.0567123e+04
 147.1452427,3.0568482e+04
 147.1656770,3.0603375e+04
 147.1861113,3.0583434e+04
 147.2065455,3.0592434e+04
 147.2269799,3.0573316e+04
 147.2474142,3.0565732e+04
 147.2678484,3.0574164e+04
 147.2882826,3.0602225e+04
 147.3087170,3.0589883e+04
 147.3291513,3.0577596e+04
 147.3495855,3.0574885e+04
 147.3700197,3.0574662e+04
 147.3904541,3.0575684e+04
 147.4108883,3.0571680e+04
 147.4313226,3.0574393e+04
 147.4517569,3.0576818e+04
 147.4721911,3.0571863e+04
 147.4926254,3.0579332e+04
 147.5130597,3.0570660e+04
 147.5334940,3.0577141e+04
 147.5539282,3.0571156e+04
 147.5743625,3.0571900e+04
 147.5947969,3.0591984e+04
 147.6152310,3.0588984e+04
 147.6356653,3.0569012e+04
 147.6560995,3.0585238e+04
 147.6765339,3.0575824e+04
 147.6969681,3.0558455e+04
 147.7174023,3.0566666e+04
 147.7378367,3.0572801e+04
 147.7582710,3.0571020e+04
 147.7787052,3.0579416e+04
 147.7991394,3.0564520e+04
 147.8195738,3.0567588e+04
 147.8400081,3.0553965e+04
 147.8604422,3.0559094e+04
 147.8808765,3.0560742e+04
 147.9013109,         null
 147.9217450,3.0562777e+04
 147.9421793,3.0580850e+04
 147.9626137,3.0557523e+04
 147.9830479,3.0559436e+04
 148.0034821,3.0566895e+04
 148.0239164,3.0575594e+04
 148.0443508,3.0570744e+04
 148.0647849,3.0578096e+04
 148.0852192,3.0567203e+04
 148.1056536,3.0561756e+04
 148.1260878,3.0566428e+04
 148.1465220,3.0572717e+04
 148.1669563,3.0550834e+04
 148.1873906,3.0564799e+04
 148.2078248,3.0563848e+04
 148.2282591,3.0562078e+04
 148.2486935,3.0557850e+04
 148.2691276,3.0562912e+04
 148.2895619,3.0555109e+04
 148.3099962,3.0553666e+04
 148.3304304,3.0576904e+04
 148.3508647,3.0566570e+04
 148.3712990,3.0568559e+04
 148.3917331,3.0545289e+04
 148.4121675,3.0555994e+04
 148.4326018,3.0558707e+04
 148.4530360,3.0548289e+04
 148.4734703,3.0550689e+04
 148.4939046,3.0550834e+04
 148.5143388,3.0550617e+04
 148.5347730,3.0562797e+04
 148.5552074,3.0552738e+04
 148.5756416,3.0551883e+04
 148.5960758,3.0537516e+04
 148.6165102,3.0547197e+04
 148.6369444,3.0548262e+04
 148.6573786,3.0544590e+04
 148.6778129,3.0562002e+04
 148.6982472,3.0558152e+04
 148.7186814,3.0552383e+04
 148.7391157,3.0551072e+04
 148.7595500,3.0544244e+04
 148.7799843,3.0549064e+04
 148.8004184,3.0546230e+04
 148.8208527,3.0543242e+04
 148.8412871,3.0553570e+04
 148.8617212,3.0551316e+04
 148.8821555,3.0547697e+04
 148.9025899,3.0535121e+04
 148.9230240,3.0550025e+04
 148.9434583,3.0543512e+04
 148.9638925,3.0547926e+04
 148.9843268,3.0547566e+04
 149.0047611,3.0547070e+04
 149.0251953,3.0546682e+04
 149.0456295,3.0536422e+04
 149.0660638,3.0543129e+04
 149.0864981,3.0539887e+04
 149.1069323,3.0553953e+04
 149.1273666,3.0546959e+04
 149.1478009,3.0552129e+04
 149.1682350,3.0538102e+04
 149.1886693,3.0536113e+04
 149.2091037,3.0527492e+04
 149.2295379,3.0548365e+04
 149.2499721,3.0548316e+04
 149.2704064,3.0539467e+04
 149.2908407,3.0542730e+04
 149.3112749,         null
 149.3317091,3.0542873e+04
 149.3521435,3.0530508e+04
 149.3725776,3.0529281e+04
 149.3930119,3.0543439e+04
 149.4134462,3.0538537e+04
 149.4338804,3.0528365e+04
 149.4543147,3.0541967e+04
 149.4747489,3.0561951e+04
 149.4951832,3.0542645e+04
 149.5156174,3.0522328e+04
 149.5360517,3.0546670e+04
 149.5564860,3.0533371e+04
 149.5769202,3.0524715e+04
 149.5973544,3.0528117e+04
 149.6177886,3.0529049e+04
 149.6382230,3.0529367e+04
 149.6586572,3.0531088e+04
 149.6790914,3.0535342e+04
 149.6995256,3.0521852e+04
 149.7199600,3.0539562e+04
 149.7403942,3.0532863e+04
 149.7608284,3.0555729e+04
 149.7812627,3.0520125e+04
 149.8016970,3.0528336e+04
 149.8221311,3.0517688e+04
 149.8425654,3.0527467e+04
 149.8629997,3.0526295e+04
 149.8834340,3.0534031e+04
 149.9038681,3.0530799e+04
 149.9243025,3.0519084e+04
 149.9447367,3.0514119e+04
 149.9651710,3.0520104e+04
 149.9856051,3.0525510e+04
 150.0060395,3.0516232e+04
 150.0264737,3.0519633e+04
 150.0469079,3.0508881e+04
 150.0673422,3.0528354e+04
 150.0877765,3.0524545e+04
 150.1082106,3.0528363e+04
 150.1286449,3.0525934e+04
 150.1490792,3.0516613e+04
 150.1695134,3.0515463e+04
 150.1899476,3.0514924e+04
 150.2103820,3.0524332e+04
 150.2308161,3.0525852e+04
 150.2512504,3.0539051e+04
 150.2716846,3.0500088e+04
 150.2921190,3.0504334e+04
 150.3125531,3.0512186e+04
 150.3329874,3.0514971e+04
 150.3534215,3.0513693e+04
 150.3738559,3.0526273e+04
 150.3942901,3.0515359e+04
 150.4147243,3.0518777e+04
 150.4351586,3.0500512e+04
 150.4555929,3.0506912e+04
 150.4760271,3.0497098e+04
 150.4964613,3.0499891e+04
 150.5168956,3.0505291e+04
 150.5373298,3.0507982e+04
 150.5577640,3.0499793e+04
 150.5781983,3.0492949e+04
 150.5986326,3.0498031e+04
 150.6190667,3.0513895e+04
 150.6395010,3.0506172e+04
 150.6599353,3.0505947e+04
 150.6803695,3.0509152e+04
 150.7008037,3.0511254e+04
 150.7212380,3.0493186e+04
 150.7416723,3.0500439e+04
 150.7621064,3.0489146e+04
 150.7825407,3.0513328e+04
 150.8029750,3.0519936e+04
 150.8234092,3.0495670e+04
 150.8438434,3.0496867e+04
 150.8642777,3.0525217e+04
 150.8847119,3.0504471e+04
 150.9051461,3.0490311e+04
 150.9255804,3.0501268e+04
 150.9460146,3.0500062e+04
 150.9664488,3.0496453e+04
 150.9868831,3.0508838e+04
 151.0073172,3.0507641e+04
 151.0277516,3.0476293e+04
 151.0481858,3.0492783e+04
 151.0686199,3.0486334e+04
 151.0890543,3.0486072e+04
 151.1094885,3.0486176e+04
 151.1299227,3.0494219e+04
 151.1503569,3.0490123e+04
 151.1707912,3.0493027e+04
 151.1912254,3.0490592e+04
 151.2116596,3.0496273e+04
 151.2320940,3.0483736e+04
 151.2525282,3.0477064e+04
 151.2729623,3.0486932e+04
 151.2933966,3.0466889e+04
 151.3138309,3.0474953e+04
 151.3342650,3.0483475e+04
 151.3546993,3.0472809e+04
 151.3751336,3.0479389e+04
 151.3955678,3.0488154e+04
 151.4160020,3.0466271e+04
 151.4364362,3.0479539e+04
 151.4568705,3.0477887e+04
 151.4773047,3.0481404e+04
 151.4977389,3.0478416e+04
 151.5181732,3.0489613e+04
 151.5386074,3.0476352e+04
 151.5590416,3.0475227e+04
 151.5794759,3.0478834e+04
 151.5999102,3.0473188e+04
 151.6203443,3.0482188e+04
 151.6407786,3.0484014e+04
 151.6612128,         null
 151.6816470,3.0458104e+04
 151.7020813,3.0476277e+04
 151.7225155,3.0466359e+04
 151.7429497,3.0464336e+04
 151.7633840,3.0491949e+04
 151.7838182,3.0474604e+04
 151.8042523,3.0460965e+04
 151.8246867,3.0455805e+04
 151.8451209,3.0470297e+04
 151.8655550,3.0460967e+04
 151.8859894,3.0460992e+04
 151.9064236,3.0474820e+04
 151.9268577,3.0471781e+04
 151.9472920,3.0460053e+04
 151.9677263,3.0467480e+04
 151.9881605,3.0469061e+04
 152.0085946,3.0458516e+04
 152.0290290,3.0460943e+04
 152.0494632,3.0462410e+04
 152.0698973,3.0465439e+04
 152.0903316,3.0454654e+04
 152.1107659,3.0460643e+04
 152.1312000,3.0472359e+04
 152.1516343,3.0455764e+04
 152.1720685,3.0444525e+04
 152.1925027,3.0458426e+04
 152.2129369,3.0451510e+04
 152.2333712,3.0464553e+04
 152.2538055,3.0451861e+04
 152.2742396,3.0441654e+04
 152.2946738,         null
 152.3151080,3.0452619e+04
 152.3355423,3.0450209e+04
 152.3559765,3.0452307e+04
 152.3764107,3.0462865e+04
 152.3968450,3.0460207e+04
 152.4172792,3.0428221e+04
 152.4377134,3.0439518e+04
 152.4581476,3.0460318e+04
 152.4785819,3.0447086e+04
 152.4990161,3.0458521e+04
 152.5194502,3.0446154e+04
 152.5398846,3.0427113e+04
 152.5603188,3.0435186e+04
 152.5807529,3.0428996e+04
 152.6011871,3.0446975e+04
 152.6216214,3.0449893e+04
 152.6420556,3.0442156e+04
 152.6624898,         null
 152.6829240,3.0443471e+04
 152.7033582,3.0442188e+04
 152.7237925,3.0449475e+04
 152.7442267,3.0431039e+04
 152.7646610,3.0428111e+04
 152.7850951,3.0426033e+04
 152.8055293,3.0446121e+04
 152.8259635,3.0455135e+04
 152.8463978,3.0452301e+04
 152.8668320,3.0433143e+04
 152.8872661,3.0441322e+04
 152.9077005,3.0437248e+04
 152.9281347,3.0434406e+04
 152.9485689,3.0430619e+04
 152.9690030,3.0426998e+04
 152.9894373,3.0438848e+04
 153.0098715,3.0430805e+04
 153.0303057,3.0434256e+04
 153.0507400,3.0435750e+04
 153.0711742,3.0430998e+04
 153.0916083,3.0429621e+04
 153.1120425,3.0435246e+04
 153.1324769,3.0444721e+04
 153.1529110,3.0418221e+04
 153.1733452,3.0429189e+04
 153.1937794,3.0437881e+04
 153.2142137,3.0423844e+04
 153.2346479,3.0407783e+04
 153.2550821,3.0425229e+04
 153.2755164,3.0429465e+04
 153.2959506,3.0423146e+04
 153.3163847,3.0409852e+04
 153.3368189,3.0425221e+04
 153.3572531,3.0414555e+04
 153.3776874,3.0436682e+04
 153.3981216,3.0448225e+04
 153.4185559,3.0427609e+04
 153.4389901,3.0413545e+04
 153.4594242,3.0417984e+04
 153.4798584,3.0415596e+04
 153.5002927,3.0417662e+04
 153.5207269,3.0411535e+04
 153.5411611,3.0415314e+04
 153.5615954,3.0425246e+04
 153.5820295,3.0427582e+04
 153.6024637,3.0407021e+04
 153.6228979,3.0421631e+04
 153.6433321,3.0426199e+04
 153.6637663,3.0413916e+04
 153.6842006,3.0408430e+04
 153.7046347,3.0405350e+04
 153.7250690,3.0403496e+04
 153.7455032,3.0409506e+04
 153.7659373,3.0397494e+04
 153.7863716,3.0420402e+04
 153.8068058,3.0422785e+04
 153.8272399,3.0397188e+04
 153.8476741,3.0413537e+04
 153.8681085,3.0415670e+04
 153.8885426,3.0410086e+04
 153.9089768,3.0397176e+04
 153.9294111,3.0409533e+04
 153.9498453,3.0429031e+04
 153.9702794,3.0417846e+04
 153.9907136,3.0420053e+04
 154.0111479,3.0417564e+04
 154.0315820,3.0395146e+04
 154.0520162,3.0412828e+04
 154.0724505,3.0415424e+04
 154.0928847,3.0414805e+04
 154.1133189,3.0412232e+04
 154.1337531,3.0401705e+04
 154.1541873,3.0417668e+04
 154.1746215,3.0411760e+04
 154.1950557,3.0429068e+04
 154.2154899,3.0408852e+04
 154.2359241,3.0407158e+04
 154.2563583,3.0413668e+04
 154.2767924,3.0426656e+04
 154.2972267,3.0412486e+04
 154.3176609,3.0421643e+04
 154.3380950,3.0415088e+04
 154.3585292,3.0407350e+04
 154.3789635,3.0412633e+04
 154.3993976,3.0411752e+04
 154.4198318,3.0411617e+04
 154.4402661,3.0402430e+04
 154.4607003,3.0413168e+04
 154.4811345,3.0409254e+04
 154.5015687,3.0400107e+04
 154.5220030,3.0412986e+04
 154.5424371,3.0403270e+04
 154.5628713,3.0417191e+04
 154.5833056,3.0399838e+04
 154.6037397,3.0408361e+04
 154.6241739,3.0408176e+04
 154.6446081,3.0405682e+04
 154.6650423,3.0419812e+04
 154.6854765,3.0402758e+04
 154.7059107,3.0406740e+04
 154.7263450,3.0408525e+04
 154.7467791,3.0406184e+04
 154.7672133,3.0408076e+04
 154.7876475,3.0403439e+04
 154.8080817,3.0412027e+04
 154.8285159,3.0403754e+04
 154.8489500,3.0413826e+04
 154.8693843,3.0406715e+04
 154.8898185,3.0418072e+04
 154.9102527,3.0410910e+04
 154.9306869,3.0419824e+04
 154.9511211,3.0410641e+04
 154.9715553,3.0418932e+04
 154.9919895,3.0410996e+04
 155.0124236,3.0418908e+04
 155.0328579,3.0403990e+04
 155.0532921,3.0424707e+04
 155.0737261,3.0407094e+04
 155.0941604,3.0409969e+04
 155.1145946,3.0411920e+04
 155.1350287,3.0403543e+04
 155.1554629,3.0415195e+04
 155.1758972,3.0422635e+04
 155.1963314,3.0408752e+04
 155.2167655,3.0425154e+04
 155.2371997,3.0417816e+04
 155.2576340,3.0406527e+04
 155.2780681,         null
 155.2985023,3.0420463e+04
 155.3189366,3.0415186e+04
 155.3393707,3.0429482e+04
 155.3598049,3.0404197e+04
 155.3802391,3.0411957e+04
 155.4006733,3.0423256e+04
 155.4211075,3.0420898e+04
 155.4415417,3.0422643e+04
 155.4619759,3.0411797e+04
 155.4824100,3.0426475e+04
 155.5028442,3.0428207e+04
 155.5232783,3.0429205e+04
 155.5437126,3.0427051e+04
 155.5641468,         null
 155.5845809,3.0427809e+04
 155.6050152,3.0418119e+04
 155.6254494,3.0427982e+04
 155.6458836,3.0416074e+04
 155.6663177,3.0420951e+04
 155.6867519,3.0421539e+04
 155.7071861,3.0439857e+04
 155.7276202,3.0427820e+04
 155.7480544,3.0416348e+04
 155.7684887,3.0427312e+04
 155.7889228,3.0431541e+04
 155.8093570,3.0422736e+04
 155.8297913,3.0422328e+04
 155.8502254,3.0421803e+04
 155.8706595,3.0424189e+04
 155.8910937,3.0439434e+04
 155.9115280,3.0435531e+04
 155.9319621,3.0430383e+04
 155.9523963,3.0424459e+04
 155.9728306,3.0439715e+04
 155.9932647,3.0437010e+04
 156.0136989,3.0416918e+04
 156.0341329,3.0432752e+04
 156.0545672,3.0434926e+04
 156.0750014,3.0438242e+04
 156.0954356,3.0448281e+04
 156.1158698,3.0439705e+04
 156.1363040,3.0436486e+04
 156.1567381,3.0437143e+04
 156.1771722,3.0432672e+04
 156.1976065,3.0435795e+04
 156.2180407,3.0439871e+04
 156.2384748,3.0446451e+04
 156.2589090,3.0445691e+04
 156.2793433,3.0434141e+04
 156.2997773,3.0434719e+04
 156.3202115,3.0449820e+04
 156.3406458,3.0444379e+04
 156.3610799,3.0448678e+04
 156.3815141,3.0442562e+04
 156.4019482,3.0447559e+04
 156.4223825,3.0446139e+04
 156.4428166,3.0449590e+04
 156.4632508,3.0449900e+04
 156.4836851,3.0452287e+04
 156.5041192,3.0457451e+04
 156.5245533,3.0441678e+04
 156.5449875,3.0454973e+04
 156.5654217,3.0459619e+04
 156.5858559,3.0450439e+04
 156.6062901,3.0436842e+04
 156.6267242,3.0453648e+04
 156.6471584,3.0445729e+04
 156.6675926,3.0450465e+04
 156.6880268,3.0451262e+04
 156.7084609,3.0469934e+04
 156.7288951,3.0477121e+04
 156.7493293,3.0456152e+04
 156.7697634,3.0469705e+04
 156.7901977,3.0461277e+04
 156.8106318,3.0472887e+04
 156.8310660,3.0460598e+04
 156.8515002,3.0459717e+04
 156.8719344,3.0470266e+04
 156.8923685,3.0472000e+04
 156.9128026,3.0469984e+04
 156.9332369,3.0473822e+04
 156.9536711,3.0464617e+04
 156.9741051,3.0472719e+04
 156.9945394,3.0475768e+04
 157.0149736,3.0473115e+04
 157.0354077,3.0492781e+04
 157.0558418,3.0477816e+04
 157.0762761,3.0492643e+04
 157.0967102,3.0494396e+04
 157.1171444,3.0488469e+04
 157.1375786,3.0459959e+04
 157.1580128,3.0471357e+04
 157.1784469,3.0483168e+04
 157.1988811,3.0481217e+04
 157.2193153,3.0490082e+04
 157.2397494,3.0492129e+04
 157.2601836,3.0482479e+04
 157.2806177,3.0487203e+04
 157.3010519,3.0477695e+04
 157.3214861,3.0484352e+04
 157.3419203,3.0490828e+04
 157.3623544,3.0504207e+04
 157.3827886,3.0482027e+04
 157.4032228,3.0484670e+04
 157.4236568,3.0486639e+04
 157.4440911,3.0478225e+04
 157.4645253,3.0485654e+04
 157.4849594,3.0506496e+04
 157.5053936,3.0490951e+04
 157.5258278,3.0503352e+04
 157.5462619,3.0511916e+04
 157.5666960,3.0499738e+04
 157.5871303,3.0506457e+04
 157.6075644,3.0491447e+04
 157.6279985,3.0510539e+04
 157.6484328,3.0495207e+04
 157.6688670,3.0522117e+04
 157.6893010,3.0511578e+04
 157.7097352,3.0505094e+04
 157.7301695,3.0552107e+04
 157.7506035,3.0502830e+04
 157.7710377,3.0510471e+04
 157.7914720,3.0517627e+04
 157.8119060,3.0513297e+04
 157.8323402,3.0503359e+04
 157.8527744,3.0517318e+04
 157.8732085,3.0520299e+04
 157.8936427,3.0519623e+04
 157.9140769,3.0512166e+04
 157.9345109,3.0517559e+04
 157.9549452,3.0513713e+04
 157.9753794,3.0520342e+04
 157.9958134,3.0519453e+04
 158.0162477,3.0511781e+04
 158.0366818,3.0523605e+04
 158.0571159,3.0512277e+04
 158.0775501,3.0517883e+04
 158.0979843,3.0507516e+04
 158.1184185,3.0531188e+04
 158.1388526,3.0532881e+04
 158.1592868,3.0529428e+04
 158.1797210,3.0519639e+04
 158.2001550,3.0535076e+04
 158.2205892,3.0531492e+04
 158.2410235,3.0530082e+04
 158.2614575,         null
 158.2818917,3.0531896e+04
 158.3023259,3.0534611e+04
 158.3227601,3.0532928e+04
 158.3431942,3.0533836e+04
 158.3636283,3.0533881e+04
 158.3840626,3.0553799e+04
 158.4044967,3.0548297e+04
 158.4249308,3.0523312e+04
 158.4453650,3.0537207e+04
 158.4657992,3.0556445e+04
 158.4862333,3.0541760e+04
 158.5066674,3.0556510e+04
 158.5271017,3.0542588e+04
 158.5475357,3.0542205e+04
 158.5679699,3.0544160e+04
 158.5884041,3.0551059e+04
 158.6088382,3.0544912e+04
 158.6292724,3.0532615e+04
 158.6497065,3.0554871e+04
 158.6701408,3.0552166e+04
 158.6905748,3.0543516e+04
 158.7110090,3.0544504e+04
 158.7314431,3.0553064e+04
 158.7518773,3.0534402e+04
 158.7723115,3.0553721e+04
 158.7927456,3.0545752e+04
 158.8131798,3.0541613e+04
 158.8336139,3.0562293e+04
 158.8540481,3.0542143e+04
 158.8744821,3.0558709e+04
 158.8949164,3.0554611e+04
 158.9153505,3.0550629e+04
 158.9357846,3.0546914e+04
 158.9562188,3.0546801e+04
 158.9766530,3.0561119e+04
 158.9970871,3.0557191e+04
 159.0175212,3.0562066e+04
 159.0379555,3.0557998e+04
 159.0583895,3.0560680e+04
 159.0788237,3.0566314e+04
 159.0992578,3.0554561e+04
 159.1196921,3.0576957e+04
 159.1401261,3.0570604e+04
 159.1605603,3.0554865e+04
 159.1809945,3.0560023e+04
 159.2014286,3.0554137e+04
 159.2218627,3.0561469e+04
 159.2422968,3.0561812e+04
 159.2627310,3.0576059e+04
 159.2831652,3.0569514e+04
 159.3035993,3.0546564e+04
 159.3240335,3.0558756e+04
 159.3444676,3.0552852e+04
 159.3649017,3.0555420e+04
 159.3853358,3.0566268e+04
 159.4057700,3.0572863e+04
 159.4262042,3.0564189e+04
 159.4466382,3.0570809e+04
 159.4670725,3.0562539e+04
 159.4875066,3.0576592e+04
 159.5079407,3.0561764e+04
 159.5283748,3.0576574e+04
 159.5488091,3.0555676e+04
 159.5692431,3.0560834e+04
 159.5896773,3.0579631e+04
 159.6101114,3.0578291e+04
 159.6305456,3.0558832e+04
 159.6509797,3.0570080e+04
 159.6714138,3.0565168e+04
 159.6918481,3.0581150e+04
 159.7122821,3.0579332e+04
 159.7327163,3.0568861e+04
 159.7531504,3.0573285e+04
 159.7735846,3.0583354e+04
 159.7940187,3.0570500e+04
 159.8144528,3.0562240e+04
 159.8348870,3.0581480e+04
 159.8553211,3.0572818e+04
 159.8757553,3.0581383e+04
 159.8961893,3.0579473e+04
 159.9166236,3.0585438e+04
 159.9370577,3.0591016e+04
 159.9574918,3.0565230e+04
 159.9779260,3.0578736e+04
 159.9983601,3.0560098e+04
 160.0187943,3.0566025e+04
 160.0392284,3.0580932e+04
 160.0596625,3.0574170e+04
 160.0800967,3.0582832e+04
 160.1005308,3.0575197e+04
 160.1209649,3.0592162e+04
 160.1413991,3.0560418e+04
 160.1618332,3.0575070e+04
 160.1822673,3.0580723e+04
 160.2027015,3.0573316e+04
 160.2231356,3.0582869e+04
 160.2435697,3.0580529e+04
 160.2640038,3.0582955e+04
 160.2844381,3.0583141e+04
 160.3048721,3.0573289e+04
 160.3253062,3.0568154e+04
 160.3457405,3.0576129e+04
 160.3661746,3.0581145e+04
 160.3866086,3.0591131e+04
 160.4070428,3.0563430e+04
 160.4274770,3.0584232e+04
 160.4479110,3.0578971e+04
 160.4683452,3.0578527e+04
 160.4887794,3.0582662e+04
 160.5092134,3.0584400e+04
 160.5296476,3.0571512e+04
 160.5500817,3.0587641e+04
 160.5705158,3.0575152e+04
 160.5909500,3.0579621e+04
 160.6113841,3.0580984e+04
 160.6318181,3.0577137e+04
 160.6522524,3.0583408e+04
 160.6726865,3.0583742e+04
 160.6931205,3.0585432e+04
 160.7135548,3.0575205e+04
 160.7339889,3.0572998e+04
 160.7544229,3.0583938e+04
 160.7748571,3.0589904e+04
 160.7952913,3.0580803e+04
 160.8157254,3.0584088e+04
 160.8361595,3.0592957e+04
 160.8565937,3.0594119e+04
 160.8770278,3.0575531e+04
 160.8974619,3.0584717e+04
 160.9178960,3.0565635e+04
 160.9383302,3.0564373e+04
 160.9587642,3.0585594e+04
 160.9791984,3.0567102e+04
 160.9996326,3.0591480e+04
 161.0200666,3.0590961e+04
 161.0405008,3.0579123e+04
 161.0609349,3.0566270e+04
 161.0813690,3.0577633e+04
 161.1018031,3.0582549e+04
 161.1222373,3.0570699e+04
 161.1426715,3.0580961e+04
 161.1631055,3.0589992e+04
 161.1835396,3.0581850e+04
 161.2039737,3.0582559e+04
 161.2244079,3.0579336e+04
 161.2448420,         null
 161.2652761,3.0565582e+04
 161.2857102,3.0572713e+04
 161.3061444,3.0576801e+04
 161.3265785,3.0592000e+04
 161.3470125,3.0570348e+04
 161.3674468,3.0565762e+04
 161.3878809,3.0577105e+04
 161.4083149,3.0579148e+04
 161.4287490,3.0584105e+04
 161.4491833,3.0579562e+04
 161.4696173,3.0577018e+04
 161.4900514,3.0575365e+04
 161.5104856,3.0591570e+04
 161.5309197,3.0585121e+04
 161.5513538,3.0581998e+04
 161.5717879,3.0578959e+04
 161.5922221,3.0580074e+04
 161.6126561,3.0574838e+04
 161.6330903,3.0584580e+04
 161.6535245,3.0583254e+04
 161.6739586,3.0600191e+04
 161.6943926,3.0573262e+04
 161.7148267,3.0577715e+04
 161.7352610,3.0580883e+04
 161.7556950,3.0574826e+04
 161.7761291,3.0590258e+04
 161.7965632,3.0582377e+04
 161.8169973,3.0578084e+04
 161.8374315,3.0571881e+04
 161.8578656,3.0578285e+04
 161.8782998,3.0578697e+04
 161.8987338,3.0581289e+04
 161.9191679,3.0573686e+04
 161.9396019,3.0588775e+04
 161.9600362,3.0581613e+04
 161.9804703,3.0564000e+04
 162.0009044,3.0565568e+04
 162.0213385,3.0579857e+04
 162.0417726,3.0581992e+04
 162.0622067,3.0573787e+04
 162.0826408,3.0575141e+04
 162.1030750,3.0594740e+04
 162.1235091,3.0576006e+04
 162.1439431,3.0583936e+04
 162.1643773,3.0574117e+04
 162.1848114,3.0580223e+04
 162.2052455,3.0590744e+04
 162.2256796,3.0594090e+04
 162.2461138,3.0582053e+04
 162.2665478,3.0583586e+04
 162.2869819,3.0562295e+04
 162.3074161,3.0570293e+04
 162.3278502,3.0582953e+04
 162.3482842,3.0579383e+04
 162.3687184,3.0578551e+04
 162.3891526,3.0575980e+04
 162.4095866,3.0570648e+04
 162.4300207,3.0580260e+04
 162.4504547,3.0570629e+04
 162.4708889,3.0570768e+04
 162.4913230,3.0568305e+04
 162.5117565,3.0582672e+04
 162.5321907,3.0578127e+04
 162.5526248,3.0574869e+04
 162.5730589,3.0579662e+04
 162.5934930,3.0616160e+04
 162.6139272,3.0575016e+04
 162.6343612,3.0588531e+04
 162.6547953,3.0577988e+04
 162.6752295,3.0581945e+04
 162.6956635,3.0576289e+04
 162.7160976,3.0562953e+04
 162.7365317,3.0567914e+04
 162.7569658,3.0581004e+04
 162.7773999,3.0568547e+04
 162.7978341,3.0581393e+04
 162.8182682,3.0567895e+04
 162.8387023,3.0572883e+04
 162.8591364,3.0565982e+04
 162.8795704,3.0576232e+04
 162.9000046,3.0568354e+04
 162.9204387,3.0574531e+04
 162.9408727,3.0593590e+04
 162.9613068,3.0563480e+04
 162.9817410,3.0569947e+04
 163.0021750,3.0583424e+04
 163.0226091,3.0568666e+04
 163.0430433,3.0562984e+04
 163.0634774,3.0575357e+04
 163.0839114,3.0579492e+04
 163.1043455,3.0579754e+04
 163.1247797,3.0564781e+04
 163.1452137,3.0577090e+04
 163.1656478,3.0575438e+04
 163.1860820,3.0573865e+04
 163.2065160,3.0571455e+04
 163.2269501,3.0574334e+04
 163.2473842,3.0587184e+04
 163.2678183,3.0577885e+04
 163.2882524,3.0581031e+04
 163.3086865,3.0569498e+04
 163.3291207,3.0583283e+04
 163.3495547,3.0568293e+04
 163.3699888,3.0577107e+04
 163.3904228,3.0584348e+04
 163.4108570,3.0565766e+04
 163.4312911,3.0566588e+04
 163.4517251,3.0568895e+04
 163.4721593,3.0576475e+04
 163.4925934,3.0570459e+04
 163.5130275,3.0570238e+04
 163.5334615,3.0573318e+04
 163.5538957,3.0576744e+04
 163.5743298,3.0570951e+04
 163.5947638,3.0587012e+04
 163.6151979,3.0565244e+04
 163.6356321,3.0570141e+04
 163.6560661,3.0576559e+04
 163.6765002,3.0561223e+04
 163.6969344,3.0573312e+04
 163.7173684,3.0564393e+04
 163.7378025,3.0563939e+04
 163.7582366,3.0565701e+04
 163.7786707,3.0554398e+04
 163.7991048,3.0574928e+04
 163.8195389,3.0562836e+04
 163.8399731,3.0565486e+04
 163.8604071,3.0575432e+04
 163.8808412,3.0568494e+04
 163.9012752,3.0569648e+04
 163.9217093,3.0564990e+04
 163.9421434,3.0577398e+04
 163.9625775,3.0562387e+04
 163.9830116,3.0565928e+04
 164.0034457,3.0574561e+04
 164.0238798,3.0566783e+04
 164.0443138,3.0573084e+04
 164.0647480,3.0572045e+04
 164.0851821,3.0563344e+04
 164.1056162,3.0577449e+04
 164.1260502,3.0560414e+04
 164.1464844,3.0565812e+04
 164.1669183,3.0572646e+04
 164.1873524,3.0564027e+04
 164.2077866,3.0570496e+04
 164.2282207,         null
 164.2486547,3.0559906e+04
 164.2690888,3.0567484e+04
 164.2895229,3.0559434e+04
 164.3099570,3.0563803e+04
 164.3303911,3.0572592e+04
 164.3508252,3.0566346e+04
 164.3712593,3.0578518e+04
 164.3916933,3.0571969e+04
 164.4121274,3.0577246e+04
 164.4325615,3.0564047e+04
 164.4529956,3.0567678e+04
 164.4734297,3.0567170e+04
 164.4938639,3.0554523e+04
 164.5142978,3.0558506e+04
 164.5347319,3.0555047e+04
 164.5551660,3.0567945e+04
 164.5756001,3.0572518e+04
 164.5960342,3.0556850e+04
 164.6164683,3.0571494e+04
 164.6369022,3.0565514e+04
 164.6573364,3.0569910e+04
 164.6777705,3.0562777e+04
 164.6982046,3.0564641e+04
 164.7186387,3.0569658e+04
 164.7390728,3.0563461e+04
 164.7595069,3.0575195e+04
 164.7799408,3.0567820e+04
 164.8003750,3.0558350e+04
 164.8208091,3.0568537e+04
 164.8412431,3.0561984e+04
 164.8616773,3.0547041e+04
 164.8821113,3.0550389e+04
 164.9025453,3.0577676e+04
 164.9229794,3.0556662e+04
 164.9434136,3.0556617e+04
 164.9638476,3.0562080e+04
 164.9842816,3.0567176e+04
