        TIME,  PDCSAP_FLUX
 131.5126017,5.0253457e+04
 131.5330362,5.0256441e+04
 131.5534707,5.0256508e+04
 131.5739051,5.0259980e+04
 131.5943396,5.0249949e+04
 131.6147741,5.0245633e+04
 131.6352085,5.0250980e+04
 131.6556430,5.0257215e+04
 131.6760775,5.0259375e+04
 131.6965120,5.0250023e+04
 131.7169464,5.0252715e+04
 131.7373809,5.0242195e+04
 131.7578154,5.0248441e+04
 131.7782498,5.0236406e+04
 131.7986843,5.0249359e+04
 131.8191189,5.0248094e+04
 131.8395532,5.0238066e+04
 131.8599877,5.0239812e+04
 131.8804222,5.0241395e+04
 131.9008567,5.0248629e+04
 131.9212911,5.0261523e+04
 131.9417256,5.0242855e+04
 131.9621601,5.0241512e+04
 131.9825945,5.0249789e+04
 132.0030290,5.0242848e+04
 132.0234634,5.0233461e+04
 132.0438980,5.0243340e+04
 132.0643324,5.0237121e+04
 132.0847668,5.0254559e+04
 132.1052013,5.0241277e+04
 132.1256358,5.0262883e+04
 132.1460702,5.0251918e+04
 132.1665047,5.0237797e+04
 132.1869393,5.0233926e+04
 132.2073737,5.0254492e+04
 132.2278081,5.0238668e+04
 132.2482426,5.0230980e+04
 132.2686771,5.0231996e+04
 132.2891115,5.0239766e+04
 132.3095460,5.0249211e+04
 132.3299806,5.0243348e+04
 132.3504149,5.0224281e+04
 132.3708494,5.0236727e+04
 132.3912839,5.0226582e+04
 132.4117183,5.0241988e+04
 132.4321528,5.0241570e+04
 132.4525873,5.0235684e+04
 132.4730218,5.0249426e+04
 132.4934562,5.0235527e+04
 132.5138907,5.0241602e+04
 132.5343250,5.0239043e+04
 132.5547596,5.0236984e+04
 132.5751941,5.0244980e+04
 132.5956285,5.0247285e+04
 132.6160630,5.0244688e+04
 132.6364975,5.0232238e+04
 132.6569320,5.0231836e+04
 132.6773663,5.0228188e+04
 132.6978009,5.0236766e+04
 132.7182354,5.0243285e+04
 132.7386697,5.0229227e+04
 132.7591043,5.0242746e+04
 132.7795388,5.0225805e+04
 132.7999731,5.0233566e+04
 132.8204076,5.0243000e+04
 132.8408422,5.0226723e+04
 132.8612765,5.0224453e+04
 132.8817110,5.0231750e+04
 132.9021456,5.0232695e+04
 132.9225799,5.0222152e+04
 132.9430144,5.0246266e+04
 132.9634489,5.0233586e+04
 132.9838835,5.0230992e+04
 133.0043178,5.0233297e+04
 133.0247523,5.0233395e+04
 133.0451868,5.0228164e+04
 133.0656212,5.0234254e+04
 133.0860557,5.0238543e+04
 133.1064902,5.0230594e+04
 133.1269246,5.0248039e+04
 133.1473591,5.0230488e+04
 133.1677936,5.0223797e+04
 133.1882280,5.0230160e+04
 133.2086626,5.0224191e+04
 133.2290969,5.0249543e+04
 133.2495314,5.0235570e+04
 133.2699659,5.0228867e+04
 133.2904003,5.0246715e+04
 133.3108348,5.0226836e+04
 133.3312692,5.0241496e+04
 133.3517037,5.0228945e+04
 133.3721382,5.0231770e+04
 133.3925727,5.0238695e+04
 133.4130071,5.0231629e+04
 133.4334416,5.0251820e+04
 133.4538761,5.0234559e+04
 133.4743104,5.0248621e+04
 133.4947450,5.0221719e+04
 133.5151795,5.0232602e+04
 133.5356138,5.0229570e+04
 133.5560484,5.0237023e+04
 133.5764829,5.0233160e+04
 133.5969172,5.0230215e+04
 133.6173517,5.0235355e+04
 133.6377862,5.0223070e+04
 133.6582207,5.0217738e+04
 133.6786551,5.0222344e+04
 133.6990896,5.0227434e+04
 133.7195241,5.0227328e+04
 133.7399585,5.0232105e+04
 133.7603929,5.0239270e+04
 133.7808275,5.0229812e+04
 133.8012619,5.0227523e+04
 133.8216963,5.0232516e+04
 133.8421308,5.0232285e+04
 133.8625652,5.0240832e+04
 133.8829997,5.0230746e+04
 133.9034342,5.0239750e+04
 133.9238686,5.0234980e+04
 133.9443031,5.0230074e+04
 133.9647376,5.0236113e+04
 133.9851719,5.0239977e+04
 134.0056065,5.0239578e+04
 134.0260409,5.0248531e+04
 134.0464753,5.0260520e+04
 134.0669099,5.0239938e+04
 134.0873443,5.0245047e+04
 134.1077787,5.0259348e+04
 134.1282131,5.0242645e+04
 134.1486477,5.0239734e+04
 134.1690822,5.0239309e+04
 134.1895165,5.0245090e+04
 134.2099511,5.0232930e+04
 134.2303856,5.0231285e+04
 134.2508199,5.0228984e+04
 134.2712544,5.0237812e+04
 134.2916889,5.0242383e+04
 134.3121233,5.0248223e+04
 134.3325578,5.0240324e+04
 134.3529923,5.0241230e+04
 134.3734267,5.0243379e+04
 134.3938611,         null
 134.4142956,5.0249492e+04
 134.4347301,5.0234301e+04
 134.4551645,5.0241266e+04
 134.4755990,5.0233859e+04
 134.4960335,5.0235738e+04
 134.5164679,5.0258414e+04
 134.5369023,5.0252656e+04
 134.5573367,5.0256469e+04
 134.5777713,5.0241543e+04
 134.5982057,5.0256027e+04
 134.6186401,5.0253609e+04
 134.6390745,5.0254594e+04
 134.6595091,5.0251859e+04
 134.6799436,5.0252059e+04
 134.7003780,5.0239660e+04
 134.7208125,5.0249996e+04
 134.7412469,5.0264152e+04
 134.7616813,5.0252730e+04
 134.7821158,5.0251094e+04
 134.8025503,5.0242859e+04
 134.8229848,5.0268195e+04
 134.8434191,5.0259305e+04
 134.8638537,5.0255707e+04
 134.8842881,5.0254305e+04
 134.9047226,5.0253039e+04
 134.9251570,5.0254156e+04
 134.9455915,5.0270805e+04
 134.9660260,5.0243664e+04
 134.9864603,5.0260707e+04
 135.0068949,5.0274008e+04
 135.0273293,5.0261156e+04
 135.0477637,5.0266137e+04
 135.0681981,5.0268762e+04
 135.0886327,5.0263180e+04
 135.1090671,5.0266148e+04
 135.1295015,5.0260602e+04
 135.1499361,5.0268789e+04
 135.1703705,5.0269426e+04
 135.1908049,5.0256734e+04
 135.2112393,5.0267785e+04
 135.2316739,5.0266418e+04
 135.2521082,5.0255707e+04
 135.2725427,5.0273258e+04
 135.2929771,5.0275867e+04
 135.3134116,5.0259965e+04
 135.3338461,5.0268082e+04
 135.3542804,5.0273203e+04
 135.3747150,5.0258410e+04
 135.3951494,5.0272078e+04
 135.4155839,5.0258938e+04
 135.4360182,5.0258078e+04
 135.4564528,5.0282074e+04
 135.4768872,5.0271309e+04
 135.4973216,5.0271473e+04
 135.5177562,5.0285051e+04
 135.5381906,5.0268520e+04
 135.5586250,5.0265555e+04
 135.5790594,5.0260973e+04
 135.5994940,5.0266078e+04
 135.6199283,5.0261449e+04
 135.6403628,5.0272633e+04
 135.6607973,5.0281219e+04
 135.6812318,5.0275523e+04
 135.7016661,5.0266102e+04
 135.7221006,5.0271383e+04
 135.7425351,5.0260824e+04
 135.7629695,5.0272711e+04
 135.7834039,5.0281188e+04
 135.8038385,5.0272402e+04
 135.8242728,5.0276488e+04
 135.8447073,5.0269820e+04
 135.8651418,5.0270297e+04
 135.8855762,5.0277359e+04
 135.9060107,5.0276648e+04
 135.9264451,5.0289801e+04
 135.9468795,5.0282609e+04
 135.9673140,5.0273762e+04
 135.9877485,5.0273398e+04
 136.0081828,5.0282789e+04
 136.0286174,5.0279953e+04
 136.0490518,5.0283070e+04
 136.0694862,5.0281180e+04
 136.0899206,5.0271457e+04
 136.1103552,5.0291609e+04
 136.1307896,5.0281520e+04
 136.1512240,5.0287074e+04
 136.1716585,5.0276020e+04
 136.1920930,5.0280348e+04
 136.2125273,5.0274781e+04
 136.2329618,5.0281121e+04
 136.2533963,5.0274559e+04
 136.2738307,5.0282828e+04
 136.2942651,5.0287926e+04
 136.3146997,5.0286867e+04
 136.3351340,5.0275359e+04
 136.3555685,5.0289418e+04
 136.3760029,5.0302426e+04
 136.3964374,5.0286168e+04
 136.4168718,5.0269926e+04
 136.4373063,5.0276016e+04
 136.4577408,5.0269082e+04
 136.4781751,5.0289688e+04
 136.4986096,5.0272855e+04
 136.5190440,5.0296590e+04
 136.5394785,5.0293844e+04
 136.5599129,5.0284855e+04
 136.5803474,5.0272160e+04
 136.6007818,5.0278660e+04
 136.6212163,5.0276430e+04
 136.6416507,5.0283988e+04
 136.6620852,5.0277254e+04
 136.6825196,5.0291824e+04
 136.7029541,5.0281418e+04
 136.7233885,5.0281172e+04
 136.7438229,5.0271109e+04
 136.7642574,5.0273504e+04
 136.7846919,5.0284047e+04
 136.8051262,5.0288000e+04
 136.8255608,5.0277395e+04
 136.8459952,5.0276398e+04
 136.8664296,5.0281090e+04
 136.8868640,5.0291836e+04
 136.9072985,5.0287074e+04
 136.9277330,5.0281152e+04
 136.9481673,5.0289441e+04
 136.9686019,5.0274074e+04
 136.9890363,5.0297805e+04
 137.0094707,5.0284711e+04
 137.0299051,5.0267969e+04
 137.0503397,5.0296238e+04
 137.0707740,5.0284078e+04
 137.0912084,5.0281332e+04
 137.1116430,5.0279797e+04
 137.1320773,5.0291961e+04
 137.1525118,5.0279770e+04
 137.1729462,5.0291758e+04
 137.1933808,5.0279145e+04
 137.2138151,5.0288320e+04
 137.2342495,5.0264789e+04
 137.2546839,5.0290500e+04
 137.2751184,5.0276883e+04
 137.2955529,5.0292094e+04
 137.3159872,5.0289758e+04
 137.3364218,5.0284465e+04
 137.3568562,5.0276621e+04
 137.3772907,         null
 137.3977250,5.0292043e+04
 137.4181595,5.0285324e+04
 137.4385940,5.0271281e+04
 137.4590283,5.0290859e+04
 137.4794629,5.0266094e+04
 137.4998973,5.0296117e+04
 137.5203316,5.0287566e+04
 137.5407661,5.0283363e+04
 137.5612006,5.0283582e+04
 137.5816350,5.0298594e+04
 137.6020694,5.0290078e+04
 137.6225040,5.0301703e+04
 137.6429384,5.0284551e+04
 137.6633727,5.0284102e+04
 137.6838072,5.0295621e+04
 137.7042417,5.0275352e+04
 137.7246761,5.0280352e+04
 137.7451105,5.0275555e+04
 137.7655450,5.0286566e+04
 137.7859794,5.0291656e+04
 137.8064138,5.0297562e+04
 137.8268482,5.0291785e+04
 137.8472827,5.0290527e+04
 137.8677171,5.0279086e+04
 137.8881516,5.0301812e+04
 137.9085859,5.0280949e+04
 137.9290205,5.0284930e+04
 137.9494549,5.0301141e+04
 137.9698892,5.0284785e+04
 137.9903238,5.0295176e+04
 138.0107582,5.0286121e+04
 138.0311926,5.0298125e+04
 138.0516270,5.0281168e+04
 138.0720615,5.0283762e+04
 138.0924960,5.0292727e+04
 138.1129303,5.0286070e+04
 138.1333649,5.0290035e+04
 138.1537993,5.0287320e+04
 138.1742336,5.0290555e+04
 138.1946681,5.0275473e+04
 138.2151026,5.0282816e+04
 138.2355370,5.0292934e+04
 138.2559714,5.0288031e+04
 138.2764059,5.0281266e+04
 138.2968404,5.0282770e+04
 138.3172747,5.0283762e+04
 138.3377091,5.0273391e+04
 138.3581437,5.0274629e+04
 138.3785781,5.0293301e+04
 138.3990124,5.0288344e+04
 138.4194470,5.0272953e+04
 138.4398814,5.0285531e+04
 138.4603157,5.0283359e+04
 138.4807502,5.0285691e+04
 138.5011847,5.0279656e+04
 138.5216191,5.0289891e+04
 138.5420535,5.0288996e+04
 138.5624879,5.0289590e+04
 138.5829224,5.0294996e+04
 138.6033568,5.0280781e+04
 138.6237912,5.0282355e+04
 138.6442257,5.0285379e+04
 138.6646601,5.0274641e+04
 138.6850945,5.0283254e+04
 138.7055289,5.0282035e+04
 138.7259634,5.0287828e+04
 138.7463978,5.0288445e+04
 138.7668322,5.0275812e+04
 138.7872667,5.0286203e+04
 138.8077011,5.0290816e+04
 138.8281355,5.0280250e+04
 138.8485699,5.0278027e+04
 138.8690044,5.0290215e+04
 138.8894389,5.0285059e+04
 138.9098732,5.0271629e+04
 138.9303077,5.0279770e+04
 138.9507422,5.0277207e+04
 138.9711765,5.0279895e+04
 138.9916109,5.0281172e+04
 139.0120455,5.0288277e+04
 139.0324798,5.0274648e+04
 139.0529142,5.0278352e+04
 139.0733488,5.0292184e+04
 139.0937831,5.0271801e+04
 139.1142175,5.0270809e+04
 139.1346520,5.0292137e+04
 139.1550864,5.0278191e+04
 139.1755208,5.0280211e+04
 139.1959553,5.0284234e+04
 139.2163896,5.0278102e+04
 139.2368241,5.0283895e+04
 139.2572586,5.0273492e+04
 139.2776929,5.0282496e+04
 139.2981274,5.0278480e+04
 139.3185619,5.0291418e+04
 139.3389963,5.0277715e+04
 139.3594306,5.0282230e+04
 139.3798651,5.0278508e+04
 139.4002996,5.0268035e+04
 139.4207339,5.0284895e+04
 139.4411684,5.0276180e+04
 139.4616029,5.0261551e+04
 139.4820372,5.0280043e+04
 139.5024716,5.0267719e+04
 139.5229062,5.0275484e+04
 139.5433405,5.0271723e+04
 139.5637749,5.0288191e+04
 139.5842094,5.0288535e+04
 139.6046438,5.0299977e+04
 139.6250782,5.0277422e+04
 139.6455126,5.0271980e+04
 139.6659472,5.0276430e+04
 139.6863815,5.0273312e+04
 139.7068159,5.0288855e+04
 139.7272503,5.0268715e+04
 139.7476848,5.0277156e+04
 139.7681192,5.0269316e+04
 139.7885536,5.0283656e+04
 139.8089881,5.0279062e+04
 139.8294225,5.0272172e+04
 139.8498569,5.0297738e+04
 139.8702913,5.0267551e+04
 139.8907258,5.0293828e+04
 139.9111602,5.0268504e+04
 139.9315946,5.0265699e+04
 139.9520291,5.0261070e+04
 139.9724635,5.0269879e+04
 139.9928979,5.0282023e+04
 140.0133322,5.0265941e+04
 140.0337668,5.0271422e+04
 140.0542012,5.0269406e+04
 140.0746356,5.0268168e+04
 140.0950700,5.0269371e+04
 140.1155045,5.0257125e+04
 140.1359389,5.0267246e+04
 140.1563732,5.0261418e+04
 140.1768077,5.0287805e+04
 140.1972422,5.0259941e+04
 140.2176765,5.0259562e+04
 140.2381110,5.0261246e+04
 140.2585454,5.0259773e+04
 140.2789798,5.0257602e+04
 140.2994142,5.0253961e+04
 140.3198487,5.0261477e+04
 140.3402830,5.0269867e+04
 140.3607175,         null
 140.3811519,5.0267711e+04
 140.4015864,5.0277266e+04
 140.4220207,5.0260418e+04
 140.4424551,5.0259301e+04
 140.4628897,5.0252590e+04
 140.4833240,5.0261875e+04
 140.5037584,5.0251582e+04
 140.5241927,5.0259473e+04
 140.5446273,5.0259477e+04
 140.5650617,5.0256754e+04
 140.5854961,5.0262145e+04
 140.6059305,5.0256969e+04
 140.6263650,5.0261438e+04
 140.6467994,5.0259793e+04
 140.6672337,5.0254094e+04
 140.6876682,5.0262230e+04
 140.7081026,5.0254801e+04
 140.7285370,5.0249480e+04
 140.7489715,5.0268328e+04
 140.7694059,5.0265969e+04
 140.7898402,5.0251582e+04
 140.8102746,5.0253082e+04
 140.8307092,5.0266590e+04
 140.8511436,5.0264277e+04
 140.8715779,5.0247922e+04
 140.8920123,5.0272773e+04
 140.9124469,5.0249910e+04
 140.9328812,5.0252965e+04
 140.9533156,5.0260359e+04
 140.9737501,5.0259512e+04
 140.9941844,5.0259094e+04
 141.0146189,5.0260152e+04
 141.0350533,5.0267633e+04
 141.0554877,5.0252703e+04
 141.0759221,5.0268668e+04
 141.0963565,5.0252312e+04
 141.1167909,5.0256676e+04
 141.1372254,5.0255492e+04
 141.1576598,5.0250477e+04
 141.1780941,5.0250930e+04
 141.1985286,5.0265574e+04
 141.2189630,5.0257148e+04
 141.2393974,5.0255914e+04
 141.2598319,5.0253375e+04
 141.2802663,5.0260148e+04
 141.3007006,5.0257605e+04
 141.3211350,5.0257320e+04
 141.3415695,5.0268855e+04
 141.3620040,5.0257996e+04
 141.3824383,5.0269090e+04
 141.4028727,5.0253355e+04
 141.4233072,5.0265109e+04
 141.4437416,5.0276867e+04
 141.4641759,5.0273363e+04
 141.4846105,5.0262156e+04
 141.5050449,5.0263129e+04
 141.5254792,5.0255230e+04
 141.5459136,5.0258898e+04
 141.5663480,5.0255531e+04
 141.5867825,5.0265012e+04
 141.6072169,5.0255043e+04
 141.6276514,5.0262637e+04
 141.6480858,5.0263062e+04
 141.6685201,5.0258281e+04
 141.6889545,5.0256234e+04
 141.7093890,5.0267340e+04
 141.7298234,5.0264000e+04
 141.7502578,5.0255426e+04
 141.7706923,5.0250863e+04
 141.7911266,5.0265121e+04
 141.8115610,5.0262371e+04
 141.8319954,5.0244203e+04
 141.8524298,5.0248664e+04
 141.8728643,5.0240258e+04
 141.8932987,5.0254453e+04
 141.9137332,5.0258031e+04
 141.9341675,5.0250469e+04
 141.9546019,5.0259195e+04
 141.9750362,5.0253840e+04
 141.9954707,5.0254602e+04
 142.0159051,5.0254832e+04
 142.0363395,5.0260156e+04
 142.0567739,5.0249199e+04
 142.0772084,5.0255180e+04
 142.0976428,5.0258777e+04
 142.1180771,5.0260273e+04
 142.1385116,5.0263445e+04
 142.1589460,5.0245773e+04
 142.1793803,5.0253641e+04
 142.1998148,5.0238844e+04
 142.2202493,5.0243199e+04
 142.2406836,5.0234355e+04
 142.2611180,5.0248953e+04
 142.2815525,5.0249684e+04
 142.3019868,5.0259395e+04
 142.3224212,5.0255191e+04
 142.3428556,5.0253227e+04
 142.3632901,5.0255938e+04
 142.3837244,5.0242945e+04
 142.4041589,5.0253453e+04
 142.4245934,5.0261797e+04
 142.4450277,5.0267824e+04
 142.4654621,5.0242934e+04
 142.4858964,5.0249352e+04
 142.5063309,5.0250477e+04
 142.5267653,5.0251801e+04
 142.5471997,5.0237273e+04
 142.5676340,5.0245773e+04
 142.5880685,5.0250102e+04
 142.6085030,5.0260039e+04
 142.6289373,5.0253758e+04
 142.6493718,5.0248160e+04
 142.6698062,5.0262406e+04
 142.6902405,5.0255859e+04
 142.7106749,5.0255066e+04
 142.7311094,5.0253797e+04
 142.7515437,5.0256125e+04
 142.7719781,5.0240789e+04
 142.7924126,5.0254500e+04
 142.8128469,5.0255703e+04
 142.8332813,5.0253645e+04
 142.8537157,5.0248414e+04
 142.8741502,5.0245332e+04
 142.8945846,5.0247609e+04
 142.9150190,5.0249359e+04
 142.9354535,5.0258312e+04
 142.9558878,5.0268344e+04
 142.9763222,5.0257992e+04
 142.9967565,5.0275398e+04
 143.0171910,5.0260699e+04
 143.0376254,5.0240266e+04
 143.0580598,5.0258191e+04
 143.0784942,5.0249902e+04
 143.0989286,5.0255594e+04
 143.1193630,5.0258945e+04
 143.1397974,5.0250293e+04
 143.1602318,5.0254949e+04
 143.1806662,5.0268441e+04
 143.2011005,5.0261598e+04
 143.2215349,5.0260805e+04
 143.2419694,5.0249531e+04
 143.2624038,5.0267902e+04
 143.2828383,5.0255070e+04
 143.3032727,5.0238695e+04
 143.3237071,5.0266078e+04
 143.3441415,         null
 143.3645758,5.0272762e+04
 143.3850103,5.0261051e+04
 143.4054447,5.0271113e+04
 143.4258790,5.0263793e+04
 143.4463135,5.0261984e+04
 143.4667479,5.0270590e+04
 143.4871822,5.0273637e+04
 143.5076166,5.0270473e+04
 143.5280511,5.0262215e+04
 143.5484855,5.0258922e+04
 143.5689198,5.0257738e+04
 143.5893543,5.0267574e+04
 143.6097887,5.0259680e+04
 143.6302230,5.0263441e+04
 143.6506574,5.0269195e+04
 143.6710919,5.0259234e+04
 143.6915262,5.0263574e+04
 143.7119606,5.0267832e+04
 143.7323950,5.0266098e+04
 143.7528294,5.0266461e+04
 143.7732638,5.0265887e+04
 143.7936982,5.0256348e+04
 143.8141326,5.0270098e+04
 143.8345670,5.0263133e+04
 143.8550014,5.0257062e+04
 143.8754357,5.0260465e+04
 143.8958702,5.0266945e+04
 143.9163046,5.0261008e+04
 143.9367389,5.0257398e+04
 143.9571734,5.0278969e+04
 143.9776078,5.0273066e+04
 143.9980421,5.0268078e+04
 144.0184765,5.0261770e+04
 144.0389110,5.0269359e+04
 144.0593454,5.0256258e+04
 144.0797797,5.0266559e+04
 144.1002142,5.0258203e+04
 144.1206486,5.0256367e+04
 144.1410829,5.0273500e+04
 144.1615173,5.0265953e+04
 144.1819518,5.0247168e+04
 144.2023861,5.0267152e+04
 144.2228205,5.0258297e+04
 144.2432550,5.0267312e+04
 144.2636893,5.0263828e+04
 144.2841236,5.0262281e+04
 144.3045580,5.0266191e+04
 144.3249924,5.0271195e+04
 144.3454268,5.0258957e+04
 144.3658612,5.0266680e+04
 144.3862955,5.0259902e+04
 144.4067300,5.0272867e+04
 144.4271644,5.0285012e+04
 144.4475987,5.0258312e+04
 144.4680332,5.0267789e+04
 144.4884676,5.0259469e+04
 144.5089019,5.0258777e+04
 144.5293363,5.0265883e+04
 144.5497708,5.0283262e+04
 144.5702052,5.0274594e+04
 144.5906395,5.0285883e+04
 144.6110740,5.0272625e+04
 144.6315084,5.0271320e+04
 144.6519427,5.0279957e+04
 144.6723771,5.0277117e+04
 144.6928115,5.0264809e+04
 144.7132458,5.0271875e+04
 144.7336802,5.0272098e+04
 144.7541147,5.0271000e+04
 144.7745490,5.0263469e+04
 144.7949834,5.0265676e+04
 144.8154178,5.0263746e+04
 144.8358523,5.0267730e+04
 144.8562866,5.0273578e+04
 144.8767210,5.0267293e+04
 144.8971554,5.0269246e+04
 144.9175898,5.0275082e+04
 144.9380242,5.0256277e+04
 144.9584585,5.0257672e+04
 144.9788930,5.0250105e+04
 144.9993273,5.0262066e+04
 145.0197617,5.0251582e+04
 145.0401961,5.0258738e+04
 145.0606305,5.0260855e+04
 145.0810649,5.0260156e+04
 145.1014993,5.0261676e+04
 145.1219338,5.0260566e+04
 145.1423681,5.0261684e+04
 145.1628024,5.0265328e+04
 145.1832367,5.0284508e+04
 145.2036712,5.0261723e+04
 145.2241056,5.0250695e+04
 145.2445399,5.0256438e+04
 145.2649744,5.0260707e+04
 145.2854088,5.0240500e+04
 145.3058432,5.0268688e+04
 145.3262775,5.0267816e+04
 145.3467119,5.0245789e+04
 145.3671463,5.0249859e+04
 145.3875806,5.0270414e+04
 145.4080151,5.0252020e+04
 145.4284495,5.0254926e+04
 145.4488838,5.0254539e+04
 145.4693182,5.0256219e+04
 145.4897527,5.0256090e+04
 145.5101869,5.0255707e+04
 145.5306213,5.0269309e+04
 145.5510557,5.0266645e+04
 145.5714902,5.0252730e+04
 145.5919245,5.0253773e+04
 145.6123589,5.0250703e+04
 145.6327934,5.0265031e+04
 145.6532277,5.0256031e+04
 145.6736620,5.0260992e+04
 145.6940963,5.0240531e+04
 145.7145308,5.0263375e+04
 145.7349652,5.0263902e+04
 145.7553996,5.0262781e+04
 145.7758340,5.0259664e+04
 145.7962684,5.0260254e+04
 145.8167027,5.0273695e+04
 145.8371370,5.0262879e+04
 145.8575715,5.0260918e+04
 145.8780059,5.0263031e+04
 145.8984402,5.0264184e+04
 145.9188747,5.0255027e+04
 145.9393090,5.0254426e+04
 145.9597433,5.0251926e+04
 145.9801777,5.0246105e+04
 146.0006122,5.0253715e+04
 146.0210466,5.0255523e+04
 146.0414809,5.0242930e+04
 146.0619153,5.0252691e+04
 146.0823497,5.0259570e+04
 146.1027840,5.0262766e+04
 146.1232184,5.0275262e+04
 146.1436529,5.0269984e+04
 146.1640872,5.0266324e+04
 146.1845215,5.0269328e+04
 146.2049559,5.0249699e+04
 146.2253903,5.0255855e+04
 146.2458247,5.0265902e+04
 146.2662591,5.0274535e+04
 146.2866934,5.0270379e+04
 146.3071278,5.0260027e+04
 146.3275622,         null
 146.3479965,5.0258117e+04
 146.3684310,5.0267352e+04
 146.3888653,5.0282312e+04
 146.4092996,5.0269199e+04
 146.4297341,5.0250109e+04
 146.4501685,5.0272535e+04
 146.4706028,5.0252969e+04
 146.4910372,5.0266270e+04
 146.5114716,5.0274535e+04
 146.5319060,5.0261531e+04
 146.5523403,5.0269449e+04
 146.5727748,5.0258418e+04
 146.5932091,5.0284234e+04
 146.6136435,5.0273609e+04
 146.6340778,5.0254965e+04
 146.6545123,5.0261031e+04
 146.6749466,5.0270496e+04
 146.6953809,5.0268508e+04
 146.7158154,5.0265098e+04
 146.7362498,5.0260910e+04
 146.7566842,5.0268730e+04
 146.7771184,5.0264465e+04
 146.7975529,5.0271738e+04
 146.8179873,5.0264301e+04
 146.8384216,5.0277527e+04
 146.8588559,5.0275480e+04
 146.8792904,5.0273418e+04
 146.8997247,5.0267359e+04
 146.9201591,5.0261383e+04
 146.9405935,5.0268273e+04
 146.9610278,5.0282867e+04
 146.9814622,5.0286695e+04
 147.0018966,5.0271613e+04
 147.0223309,5.0271820e+04
 147.0427653,5.0268293e+04
 147.0631997,5.0262617e+04
 147.0836342,5.0273574e+04
 147.1040684,5.0291430e+04
 147.1245028,5.0288676e+04
 147.1449371,5.0266605e+04
 147.1653716,5.0287883e+04
 147.1858059,5.0280723e+04
 147.2062402,5.0259820e+04
 147.2266747,5.0284516e+04
 147.2471091,5.0293191e+04
 147.2675434,5.0281180e+04
 147.2879777,5.0276875e+04
 147.3084122,5.0280703e+04
 147.3288466,5.0279215e+04
 147.3492808,5.0272473e+04
 147.3697152,5.0271945e+04
 147.3901497,5.0274988e+04
 147.4105839,5.0285391e+04
 147.4310183,5.0271191e+04
 147.4514528,5.0285934e+04
 147.4718871,5.0292203e+04
 147.4923214,5.0282285e+04
 147.5127558,5.0289742e+04
 147.5331903,5.0285285e+04
 147.5536245,5.0270848e+04
 147.5740589,5.0265172e+04
 147.5944934,5.0287828e+04
 147.6149277,5.0286730e+04
 147.6353620,5.0270492e+04
 147.6557963,5.0304828e+04
 147.6762308,5.0282504e+04
 147.6966651,5.0285285e+04
 147.7170994,5.0286289e+04
 147.7375339,5.0277488e+04
 147.7579682,5.0279020e+04
 147.7784026,5.0292328e+04
 147.7988369,5.0283418e+04
 147.8192713,5.0275539e+04
 147.8397057,5.0284805e+04
 147.8601400,5.0276355e+04
 147.8805744,5.0268547e+04
 147.9010088,         null
 147.9214431,5.0273191e+04
 147.9418775,5.0273590e+04
 147.9623119,5.0273352e+04
 147.9827462,5.0275621e+04
 148.0031806,5.0263168e+04
 148.0236149,5.0277754e+04
 148.0440494,5.0290453e+04
 148.0644837,5.0273480e+04
 148.0849180,5.0278805e+04
 148.1053525,5.0296684e+04
 148.1257868,5.0281461e+04
 148.1462211,5.0290160e+04
 148.1666555,5.0283453e+04
 148.1870899,5.0278906e+04
 148.2075242,5.0270039e+04
 148.2279586,5.0270738e+04
 148.2483931,5.0291703e+04
 148.2688273,5.0283367e+04
 148.2892617,5.0277168e+04
 148.3096960,5.0276250e+04
 148.3301304,5.0273172e+04
 148.3505648,5.0270484e+04
 148.3709991,5.0290672e+04
 148.3914334,5.0275840e+04
 148.4118679,5.0275418e+04
 148.4323022,5.0270629e+04
 148.4527366,5.0280348e+04
 148.4731710,5.0269297e+04
 148.4936053,5.0280875e+04
 148.5140397,5.0270449e+04
 148.5344739,5.0281371e+04
 148.5549084,5.0277438e+04
 148.5753428,5.0269938e+04
 148.5957770,5.0281504e+04
 148.6162115,5.0267676e+04
 148.6366459,5.0270559e+04
 148.6570801,5.0266055e+04
 148.6775145,5.0276637e+04
 148.6979489,5.0278738e+04
 148.7183832,5.0266547e+04
 148.7388176,5.0281367e+04
 148.7592520,5.0281031e+04
 148.7796864,5.0288031e+04
 148.8001206,5.0270285e+04
 148.8205550,5.0282203e+04
 148.8409895,5.0274590e+04
 148.8614237,5.0263820e+04
 148.8818581,5.0273348e+04
 148.9022925,5.0275938e+04
 148.9227268,5.0282730e+04
 148.9431612,5.0280996e+04
 148.9635955,5.0291562e+04
 148.9840299,5.0276270e+04
 149.0044642,5.0277375e+04
 149.0248986,5.0266629e+04
 149.0453329,5.0278180e+04
 149.0657673,5.0282586e+04
 149.0862017,5.0270855e+04
 149.1066359,5.0276434e+04
 149.1270704,5.0269801e+04
 149.1475048,5.0262254e+04
 149.1679390,5.0262211e+04
 149.1883734,5.0271137e+04
 149.2088078,5.0281152e+04
 149.2292422,5.0278805e+04
 149.2496764,5.0291352e+04
 149.2701109,5.0284066e+04
 149.2905453,5.0281715e+04
 149.3109795,         null
 149.3314139,5.0271117e+04
 149.3518483,5.0285066e+04
 149.3722826,5.0273203e+04
 149.3927169,5.0266414e+04
 149.4131514,5.0275336e+04
 149.4335856,5.0268324e+04
 149.4540200,5.0282129e+04
 149.4744544,5.0262977e+04
 149.4948887,5.0267957e+04
 149.5153231,5.0293766e+04
 149.5357574,5.0264512e+04
 149.5561919,5.0271172e+04
 149.5766261,5.0261672e+04
 149.5970605,5.0250949e+04
 149.6174947,5.0279117e+04
 149.6379292,5.0272980e+04
 149.6583635,5.0251996e+04
 149.6787978,5.0264168e+04
 149.6992321,5.0262516e+04
 149.7196666,5.0273781e+04
 149.7401010,5.0272395e+04
 149.7605352,5.0260602e+04
 149.7809697,5.0268547e+04
 149.8014040,5.0274461e+04
 149.8218383,5.0263051e+04
 149.8422726,5.0244363e+04
 149.8627071,5.0258602e+04
 149.8831414,5.0260180e+04
 149.9035757,5.0233820e+04
 149.9240101,5.0263152e+04
 149.9444445,5.0254742e+04
 149.9648788,5.0256402e+04
 149.9853131,5.0246758e+04
 150.0057475,5.0258145e+04
 150.0261819,5.0245453e+04
 150.0466161,5.0261516e+04
 150.0670506,5.0247227e+04
 150.0874849,5.0254059e+04
 150.1079192,5.0246793e+04
 150.1283535,5.0266199e+04
 150.1487880,5.0255512e+04
 150.1692222,5.0258742e+04
 150.1896566,5.0255191e+04
 150.2100910,5.0249098e+04
 150.2305253,5.0247609e+04
 150.2509596,5.0248215e+04
 150.2713940,5.0249480e+04
 150.2918284,5.0254512e+04
 150.3122627,5.0265152e+04
 150.3326970,5.0258957e+04
 150.3531312,5.0259098e+04
 150.3735657,5.0265961e+04
 150.3940000,5.0258105e+04
 150.4144343,5.0251746e+04
 150.4348687,5.0255797e+04
 150.4553031,5.0256523e+04
 150.4757374,5.0256230e+04
 150.4961717,5.0254223e+04
 150.5166061,5.0251801e+04
 150.5370405,5.0239914e+04
 150.5574747,5.0239188e+04
 150.5779092,5.0242668e+04
 150.5983435,5.0249699e+04
 150.6187777,5.0247309e+04
 150.6392121,5.0243117e+04
 150.6596465,5.0241941e+04
 150.6800808,5.0267957e+04
 150.7005151,5.0253621e+04
 150.7209496,5.0243570e+04
 150.7413839,5.0249453e+04
 150.7618182,5.0234359e+04
 150.7822525,5.0236059e+04
 150.8026869,5.0250750e+04
 150.8231212,5.0246816e+04
 150.8435555,5.0241945e+04
 150.8639900,5.0244375e+04
 150.8844242,5.0244402e+04
 150.9048586,5.0237531e+04
 150.9252929,5.0240902e+04
 150.9457272,5.0244145e+04
 150.9661616,5.0230344e+04
 150.9865959,5.0247422e+04
 151.0070302,5.0240078e+04
 151.0274646,5.0240543e+04
 151.0478990,5.0238562e+04
 151.0683332,5.0224246e+04
 151.0887676,5.0249949e+04
 151.1092020,5.0237324e+04
 151.1296362,5.0239406e+04
 151.1500706,5.0261316e+04
 151.1705050,5.0243598e+04
 151.1909392,5.0244309e+04
 151.2113736,5.0245695e+04
 151.2318080,5.0251176e+04
 151.2522424,5.0232180e+04
 151.2726766,5.0235668e+04
 151.2931109,5.0222590e+04
 151.3135454,5.0237742e+04
 151.3339796,5.0234773e+04
 151.3544140,5.0247648e+04
 151.3748484,5.0234922e+04
 151.3952826,5.0237004e+04
 151.4157170,5.0234055e+04
 151.4361513,5.0224062e+04
 151.4565856,5.0225023e+04
 151.4770200,5.0235750e+04
 151.4974543,5.0234145e+04
 151.5178887,5.0231727e+04
 151.5383230,5.0230551e+04
 151.5587573,5.0239453e+04
 151.5791917,5.0243633e+04
 151.5996261,5.0239332e+04
 151.6200603,5.0220500e+04
 151.6404947,5.0237758e+04
 151.6609290,         null
 151.6813633,5.0215977e+04
 151.7017977,5.0232223e+04
 151.7222320,5.0218734e+04
 151.7426664,5.0241023e+04
 151.7631007,5.0214098e+04
 151.7835350,5.0220551e+04
 151.8039693,5.0219027e+04
 151.8244037,5.0212293e+04
 151.8448380,5.0228617e+04
 151.8652723,5.0232828e+04
 151.8857067,5.0231605e+04
 151.9061410,5.0227820e+04
 151.9265753,5.0216641e+04
 151.9470096,5.0224488e+04
 151.9674440,5.0227027e+04
 151.9878784,5.0230520e+04
 152.0083126,5.0217070e+04
 152.0287470,5.0216371e+04
 152.0491814,5.0209879e+04
 152.0696156,5.0217402e+04
 152.0900499,5.0222660e+04
 152.1104844,5.0212441e+04
 152.1309186,5.0246598e+04
 152.1513529,5.0227594e+04
 152.1717872,5.0229164e+04
 152.1922216,5.0218000e+04
 152.2126559,5.0210992e+04
 152.2330902,5.0230367e+04
 152.2535247,5.0247078e+04
 152.2739589,5.0237121e+04
 152.2943932,         null
 152.3148275,5.0225492e+04
 152.3352619,5.0234672e+04
 152.3556962,5.0198578e+04
 152.3761304,5.0212754e+04
 152.3965649,5.0221895e+04
 152.4169992,5.0209586e+04
 152.4374335,5.0212602e+04
 152.4578678,5.0229188e+04
 152.4783022,5.0219289e+04
 152.4987365,5.0230566e+04
 152.5191708,5.0224562e+04
 152.5396052,5.0225969e+04
 152.5600395,5.0218707e+04
 152.5804737,5.0222012e+04
 152.6009081,5.0219590e+04
 152.6213425,5.0225938e+04
 152.6417767,5.0213012e+04
 152.6622110,         null
 152.6826454,5.0199844e+04
 152.7030797,5.0226621e+04
 152.7235140,5.0196105e+04
 152.7439483,5.0218324e+04
 152.7643828,5.0207496e+04
 152.7848170,5.0225352e+04
 152.8052513,5.0204207e+04
 152.8256856,5.0208539e+04
 152.8461200,5.0210172e+04
 152.8665543,5.0182875e+04
 152.8869885,5.0206965e+04
 152.9074230,5.0213008e+04
 152.9278573,5.0206988e+04
 152.9482916,5.0200703e+04
 152.9687258,5.0216828e+04
 152.9891602,5.0203258e+04
 153.0095946,5.0203293e+04
 153.0300288,5.0202223e+04
 153.0504632,5.0208848e+04
 153.0708975,5.0212906e+04
 153.0913318,5.0199066e+04
 153.1117661,5.0191699e+04
 153.1322005,5.0211199e+04
 153.1526347,5.0191383e+04
 153.1730691,5.0200746e+04
 153.1935034,5.0199906e+04
 153.2139378,5.0200695e+04
 153.2343721,5.0211965e+04
 153.2548063,5.0206027e+04
 153.2752408,5.0208934e+04
 153.2956751,5.0203016e+04
 153.3161093,5.0195594e+04
 153.3365436,5.0189785e+04
 153.3569779,5.0205980e+04
 153.3774123,5.0187926e+04
 153.3978466,5.0184043e+04
 153.4182810,5.0186441e+04
 153.4387153,5.0197242e+04
 153.4591495,5.0193523e+04
 153.4795839,5.0201191e+04
 153.5000183,5.0186770e+04
 153.5204525,5.0188070e+04
 153.5408868,5.0192297e+04
 153.5613212,5.0194660e+04
 153.5817555,5.0185449e+04
 153.6021898,5.0191262e+04
 153.6226241,5.0208465e+04
 153.6430584,5.0181895e+04
 153.6634927,5.0188582e+04
 153.6839270,5.0210191e+04
 153.7043613,5.0201930e+04
 153.7247957,5.0186000e+04
 153.7452300,5.0197016e+04
 153.7656642,5.0184590e+04
 153.7860986,5.0186168e+04
 153.8065329,5.0179543e+04
 153.8269672,5.0183059e+04
 153.8474015,5.0196258e+04
 153.8678359,5.0186328e+04
 153.8882701,5.0173926e+04
 153.9087044,5.0173223e+04
 153.9291388,5.0179598e+04
 153.9495732,5.0183754e+04
 153.9700074,5.0180160e+04
 153.9904417,5.0176988e+04
 154.0108761,5.0180551e+04
 154.0313103,5.0189152e+04
 154.0517446,5.0192145e+04
 154.0721790,5.0176242e+04
 154.0926133,5.0166555e+04
 154.1130476,5.0176664e+04
 154.1334819,5.0179988e+04
 154.1539162,5.0180582e+04
 154.1743505,5.0171914e+04
 154.1947848,5.0185812e+04
 154.2152191,5.0171621e+04
 154.2356534,5.0170254e+04
 154.2560878,5.0176285e+04
 154.2765220,5.0169621e+04
 154.2969564,5.0156758e+04
 154.3173907,5.0164383e+04
 154.3378249,5.0162203e+04
 154.3582592,5.0170480e+04
 154.3786936,5.0181512e+04
 154.3991278,5.0171852e+04
 154.4195622,5.0170035e+04
 154.4399966,5.0168621e+04
 154.4604309,5.0177730e+04
 154.4808651,5.0174734e+04
 154.5012994,5.0168562e+04
 154.5217338,5.0163938e+04
 154.5421680,5.0160801e+04
 154.5626023,5.0161254e+04
 154.5830367,5.0171777e+04
 154.6034709,5.0163191e+04
 154.6239052,5.0158809e+04
 154.6443396,5.0154039e+04
 154.6647739,5.0171160e+04
 154.6852082,5.0160020e+04
 154.7056425,5.0172297e+04
 154.7260769,5.0162652e+04
 154.7465111,5.0157699e+04
 154.7669454,5.0156898e+04
 154.7873797,5.0169066e+04
 154.8078140,5.0155969e+04
 154.8282483,5.0163031e+04
 154.8486825,5.0170215e+04
 154.8691169,5.0159625e+04
 154.8895512,5.0160379e+04
 154.9099855,5.0160832e+04
 154.9304199,5.0158480e+04
 154.9508542,5.0146102e+04
 154.9712885,5.0167570e+04
 154.9917228,5.0159434e+04
 155.0121570,5.0158562e+04
 155.0325914,5.0169699e+04
 155.0530257,5.0163359e+04
 155.0734599,5.0154102e+04
 155.0938943,5.0154145e+04
 155.1143286,5.0154156e+04
 155.1347628,5.0171270e+04
 155.1551971,5.0164035e+04
 155.1756315,5.0160762e+04
 155.1960658,5.0157363e+04
 155.2165000,5.0158457e+04
 155.2369343,5.0156008e+04
 155.2573687,5.0155707e+04
 155.2778029,         null
 155.2982372,5.0150281e+04
 155.3186716,5.0158980e+04
 155.3391058,5.0171605e+04
 155.3595401,5.0158391e+04
 155.3799744,5.0160969e+04
 155.4004087,5.0141953e+04
 155.4208430,5.0154445e+04
 155.4412773,5.0145273e+04
 155.4617117,5.0153848e+04
 155.4821459,5.0157918e+04
 155.5025802,5.0161703e+04
 155.5230144,5.0168086e+04
 155.5434488,5.0156355e+04
 155.5638831,         null
 155.5843173,5.0159629e+04
 155.6047517,5.0148230e+04
 155.6251860,5.0158148e+04
 155.6456203,5.0166117e+04
 155.6660545,5.0165488e+04
 155.6864889,5.0156020e+04
 155.7069232,5.0165477e+04
 155.7273574,5.0153387e+04
 155.7477917,5.0146266e+04
 155.7682261,5.0173844e+04
 155.7886603,5.0155766e+04
 155.8090946,5.0164297e+04
 155.8295290,5.0144234e+04
 155.8499632,5.0156758e+04
 155.8703975,5.0155402e+04
 155.8908318,5.0165180e+04
 155.9112662,5.0156625e+04
 155.9317004,5.0157930e+04
 155.9521347,5.0157125e+04
 155.9725691,5.0153359e+04
 155.9930033,5.0157227e+04
 156.0134376,5.0160031e+04
 156.0338718,5.0153359e+04
 156.0543062,5.0165074e+04
 156.0747405,5.0170637e+04
 156.0951748,5.0168215e+04
 156.1156091,5.0156645e+04
 156.1360433,5.0151250e+04
 156.1564776,5.0189805e+04
 156.1769118,5.0154121e+04
 156.1973462,5.0164527e+04
 156.2177805,5.0141520e+04
 156.2382147,5.0174355e+04
 156.2586490,5.0154012e+04
 156.2790834,5.0166312e+04
 156.2995176,5.0155898e+04
 156.3199519,5.0168789e+04
 156.3403863,5.0166477e+04
 156.3608205,5.0175738e+04
 156.3812548,5.0161570e+04
 156.4016891,5.0185023e+04
 156.4221234,5.0173188e+04
 156.4425576,5.0156918e+04
 156.4629919,5.0159777e+04
 156.4834263,5.0176211e+04
 156.5038605,5.0165000e+04
 156.5242948,5.0177230e+04
 156.5447291,5.0171570e+04
 156.5651634,5.0183348e+04
 156.5855977,5.0171762e+04
 156.6060320,5.0153973e+04
 156.6264662,5.0169098e+04
 156.6469005,5.0175457e+04
 156.6673348,5.0177691e+04
 156.6877691,5.0167156e+04
 156.7082034,5.0184711e+04
 156.7286377,5.0193070e+04
 156.7490720,5.0186941e+04
 156.7695062,5.0174109e+04
 156.7899406,5.0174586e+04
 156.8103748,5.0177965e+04
 156.8308091,5.0172539e+04
 156.8512434,5.0177168e+04
 156.8716777,5.0179070e+04
 156.8921120,5.0183855e+04
 156.9125462,5.0183422e+04
 156.9329806,5.0179008e+04
 156.9534149,5.0173141e+04
 156.9738490,5.0169848e+04
 156.9942834,5.0178613e+04
 157.0147177,5.0172625e+04
 157.0351519,5.0179414e+04
 157.0555862,5.0185781e+04
 157.0760206,5.0183629e+04
 157.0964547,5.0173270e+04
 157.1168890,5.0190828e+04
 157.1373234,5.0178688e+04
 157.1577577,5.0170477e+04
 157.1781919,5.0175617e+04
 157.1986262,5.0178402e+04
 157.2190606,5.0186012e+04
 157.2394947,5.0187734e+04
 157.2599290,5.0187109e+04
 157.2803633,5.0193723e+04
 157.3007976,5.0175891e+04
 157.3212319,5.0175793e+04
 157.3416661,5.0174352e+04
 157.3621004,5.0177691e+04
 157.3825347,5.0166852e+04
 157.4029690,5.0191961e+04
 157.4234032,5.0175117e+04
 157.4438376,5.0185711e+04
 157.4642718,5.0177559e+04
 157.4847060,5.0181129e+04
 157.5051404,5.0167348e+04
 157.5255747,5.0188246e+04
 157.5460089,5.0185703e+04
 157.5664431,5.0173148e+04
 157.5868775,5.0170801e+04
 157.6073117,5.0161469e+04
 157.6277460,5.0178297e+04
 157.6481804,5.0168453e+04
 157.6686146,5.0173941e+04
 157.6890488,5.0177477e+04
 157.7094831,5.0183496e+04
 157.7299175,5.0184785e+04
 157.7503517,5.0204570e+04
 157.7707859,5.0202551e+04
 157.7912203,5.0195008e+04
 157.8116545,5.0186965e+04
 157.8320888,5.0191461e+04
 157.8525230,5.0200891e+04
 157.8729573,5.0196137e+04
 157.8933916,5.0197652e+04
 157.9138259,5.0205828e+04
 157.9342600,5.0212742e+04
 157.9546944,5.0183805e+04
 157.9751287,5.0217035e+04
 157.9955629,5.0196418e+04
 158.0159973,5.0191281e+04
 158.0364315,5.0194457e+04
 158.0568657,5.0200074e+04
 158.0773000,5.0208957e+04
 158.0977344,5.0214004e+04
 158.1181686,5.0216293e+04
 158.1386028,5.0213020e+04
 158.1590372,5.0221047e+04
 158.1794714,5.0196008e+04
 158.1999056,5.0188789e+04
 158.2203399,5.0211949e+04
 158.2407743,5.0206941e+04
 158.2612084,         null
 158.2816427,5.0210730e+04
 158.3020771,5.0202715e+04
 158.3225114,5.0210234e+04
 158.3429455,5.0225438e+04
 158.3633798,5.0205191e+04
 158.3838142,5.0230680e+04
 158.4042484,5.0215914e+04
 158.4246826,5.0223219e+04
 158.4451169,5.0223871e+04
 158.4655513,5.0217645e+04
 158.4859854,5.0226203e+04
 158.5064197,5.0226902e+04
 158.5268541,5.0221082e+04
 158.5472882,5.0218980e+04
 158.5677225,5.0224117e+04
 158.5881568,5.0228094e+04
 158.6085911,5.0223203e+04
 158.6290253,5.0225461e+04
 158.6494596,5.0231633e+04
 158.6698940,5.0226578e+04
 158.6903281,5.0229129e+04
 158.7107624,5.0224645e+04
 158.7311966,5.0236762e+04
 158.7516309,5.0232805e+04
 158.7720652,5.0237855e+04
 158.7924995,5.0242625e+04
 158.8129337,5.0233445e+04
 158.8333680,5.0248340e+04
 158.8538023,5.0226145e+04
 158.8742364,5.0235098e+04
 158.8946708,5.0243152e+04
 158.9151051,5.0237367e+04
 158.9355392,5.0238180e+04
 158.9559736,5.0241621e+04
 158.9764079,5.0253070e+04
 158.9968420,5.0245766e+04
 159.0172763,5.0244504e+04
 159.0377107,5.0238242e+04
 159.0581448,5.0251633e+04
 159.0785791,5.0250914e+04
 159.0990134,5.0242156e+04
 159.1194477,5.0247535e+04
 159.1398819,5.0257504e+04
 159.1603162,5.0245188e+04
 159.1807505,5.0244961e+04
 159.2011847,5.0245008e+04
 159.2216189,5.0249812e+04
 159.2420531,5.0258012e+04
 159.2624875,5.0260082e+04
 159.2829217,5.0251965e+04
 159.3033560,5.0245145e+04
 159.3237903,5.0245594e+04
 159.3442245,5.0254758e+04
 159.3646588,5.0273367e+04
 159.3850929,5.0264938e+04
 159.4055273,5.0250621e+04
 159.4259616,5.0253996e+04
 159.4463957,5.0268691e+04
 159.4668301,5.0264000e+04
 159.4872643,5.0272398e+04
 159.5076985,5.0256695e+04
 159.5281328,5.0276227e+04
 159.5485671,5.0261137e+04
 159.5690013,5.0246609e+04
 159.5894355,5.0265207e+04
 159.6098698,5.0265148e+04
 159.6303042,5.0268895e+04
 159.6507383,5.0272723e+04
 159.6711726,5.0266312e+04
 159.6916069,5.0268621e+04
 159.7120411,5.0262219e+04
 159.7324754,5.0280793e+04
 159.7529096,5.0272660e+04
 159.7733439,5.0276090e+04
 159.7937781,5.0283699e+04
 159.8142124,5.0267379e+04
 159.8346466,5.0269387e+04
 159.8550809,5.0278906e+04
 159.8755152,5.0268855e+04
 159.8959493,5.0271500e+04
 159.9163837,5.0289723e+04
 159.9368179,5.0283074e+04
 159.9572522,5.0265434e+04
 159.9776864,5.0263016e+04
 159.9981207,5.0279559e+04
 160.0185550,5.0282223e+04
 160.0389892,5.0272719e+04
 160.0594235,5.0281750e+04
 160.0798577,5.0292238e+04
 160.1002920,5.0263492e+04
 160.1207261,5.0289746e+04
 160.1411605,5.0268102e+04
 160.1615947,5.0279559e+04
 160.1820289,5.0285598e+04
 160.2024632,5.0281453e+04
 160.2228975,5.0285891e+04
 160.2433316,5.0274180e+04
 160.2637659,5.0284172e+04
 160.2842002,5.0281984e+04
 160.3046344,5.0269512e+04
 160.3250687,5.0285312e+04
 160.3455030,5.0267598e+04
 160.3659373,5.0291238e+04
 160.3863714,5.0295906e+04
 160.4068057,5.0270508e+04
 160.4272400,5.0283594e+04
 160.4476742,5.0274547e+04
 160.4681084,5.0289227e+04
 160.4885428,5.0265156e+04
 160.5089769,5.0285113e+04
 160.5294112,5.0286281e+04
 160.5498454,5.0284531e+04
 160.5702797,5.0288113e+04
 160.5907139,5.0278973e+04
 160.6111482,5.0288059e+04
 160.6315823,5.0284281e+04
 160.6520167,5.0305480e+04
 160.6724509,5.0291273e+04
 160.6928851,5.0286855e+04
 160.7133194,5.0278273e+04
 160.7337536,5.0289168e+04
 160.7541878,5.0291895e+04
 160.7746220,5.0284832e+04
 160.7950564,5.0284664e+04
 160.8154906,5.0300246e+04
 160.8359248,5.0296168e+04
 160.8563591,5.0295492e+04
 160.8767934,5.0289184e+04
 160.8972275,5.0304762e+04
 160.9176618,5.0296309e+04
 160.9380961,5.0286320e+04
 160.9585303,5.0307309e+04
 160.9789645,5.0288098e+04
 160.9993988,5.0287223e+04
 161.0198330,5.0291879e+04
 161.0402672,5.0300449e+04
 161.0607015,5.0310660e+04
 161.0811357,5.0273277e+04
 161.1015700,5.0299047e+04
 161.1220042,5.0294332e+04
 161.1424386,5.0271480e+04
 161.1628727,5.0309617e+04
 161.1833069,5.0310543e+04
 161.2037411,5.0296816e+04
 161.2241754,5.0279613e+04
 161.2446097,         null
 161.2650439,5.0296707e+04
 161.2854781,5.0302953e+04
 161.3059124,5.0310754e+04
 161.3263466,5.0301859e+04
 161.3467808,5.0306965e+04
 161.3672151,5.0304031e+04
 161.3876494,5.0300094e+04
 161.4080835,5.0295461e+04
 161.4285177,5.0297172e+04
 161.4489521,5.0293320e+04
 161.4693862,5.0307305e+04
 161.4898205,5.0282473e+04
 161.5102548,5.0295582e+04
 161.5306889,5.0301652e+04
 161.5511232,5.0315160e+04
 161.5715574,5.0300609e+04
 161.5919918,5.0309840e+04
 161.6124259,5.0310734e+04
 161.6328601,5.0308211e+04
 161.6532945,5.0319094e+04
 161.6737287,5.0314391e+04
 161.6941628,5.0308840e+04
 161.7145971,5.0300262e+04
 161.7350314,5.0306758e+04
 161.7554656,5.0312242e+04
 161.7758998,5.0304281e+04
 161.7963340,5.0307668e+04
 161.8167683,5.0290945e+04
 161.8372025,5.0352074e+04
 161.8576367,5.0321332e+04
 161.8780711,5.0308250e+04
 161.8985052,5.0269219e+04
 161.9189394,5.0307176e+04
 161.9393736,5.0312379e+04
 161.9598079,5.0307738e+04
 161.9802421,5.0316660e+04
 162.0006764,5.0301211e+04
 162.0211106,5.0304801e+04
 162.0415448,5.0314906e+04
 162.0619791,5.0314945e+04
 162.0824132,5.0302289e+04
 162.1028475,5.0304719e+04
 162.1232818,5.0316254e+04
 162.1437159,5.0317664e+04
 162.1641502,5.0319207e+04
 162.1845845,5.0312945e+04
 162.2050186,5.0312551e+04
 162.2254528,5.0311387e+04
 162.2458872,5.0317746e+04
 162.2663213,5.0307309e+04
 162.2867555,5.0324207e+04
 162.3071899,5.0311352e+04
 162.3276241,5.0309855e+04
 162.3480582,5.0325734e+04
 162.3684925,5.0317613e+04
 162.3889268,5.0318109e+04
 162.4093609,5.0319141e+04
 162.4297951,5.0318395e+04
 162.4502293,5.0317008e+04
 162.4706636,5.0294668e+04
 162.4910978,5.0304855e+04
 162.5115315,5.0311816e+04
 162.5319658,5.0309797e+04
 162.5523999,5.0315617e+04
 162.5728341,5.0314020e+04
 162.5932684,5.0322430e+04
 162.6137027,5.0320039e+04
 162.6341368,5.0314047e+04
 162.6545711,5.0319992e+04
 162.6750054,5.0320098e+04
 162.6954395,5.0319188e+04
 162.7158737,5.0306133e+04
 162.7363080,5.0306344e+04
 162.7567422,5.0301234e+04
 162.7771764,5.0311348e+04
 162.7976106,5.0327203e+04
 162.8180449,5.0318688e+04
 162.8384791,5.0317980e+04
 162.8589133,5.0313801e+04
 162.8793474,5.0310016e+04
 162.8997818,5.0320000e+04
 162.9202160,5.0302309e+04
 162.9406501,5.0323559e+04
 162.9610843,5.0314285e+04
 162.9815187,5.0319020e+04
 163.0019528,5.0316102e+04
 163.0223870,5.0313941e+04
 163.0428213,5.0317055e+04
 163.0632556,5.0329207e+04
 163.0836897,5.0305777e+04
 163.1041239,5.0326555e+04
 163.1245582,5.0324848e+04
 163.1449923,5.0306340e+04
 163.1654266,5.0320293e+04
 163.1858609,5.0318742e+04
 163.2062950,5.0323465e+04
 163.2267292,5.0416469e+04
 163.2471634,5.0332594e+04
 163.2675977,5.0320445e+04
 163.2880319,5.0313625e+04
 163.3084661,5.0313324e+04
 163.3289004,5.0324262e+04
 163.3493345,5.0330422e+04
 163.3697688,5.0315004e+04
 163.3902029,5.0318434e+04
 163.4106372,5.0322328e+04
 163.4310714,5.0326934e+04
 163.4515055,5.0327988e+04
 163.4719399,5.0345059e+04
 163.4923741,5.0324809e+04
 163.5128083,5.0315730e+04
 163.5332424,5.0304125e+04
 163.5536767,5.0324465e+04
 163.5741109,5.0313594e+04
 163.5945451,5.0314270e+04
 163.6149793,5.0320039e+04
 163.6354136,5.0328543e+04
 163.6558477,5.0315250e+04
 163.6762819,5.0300781e+04
 163.6967162,5.0312430e+04
 163.7171504,5.0314461e+04
 163.7375846,5.0322180e+04
 163.7580188,5.0329094e+04
 163.7784530,5.0316883e+04
 163.7988872,5.0322559e+04
 163.8193214,5.0321859e+04
 163.8397557,5.0319551e+04
 163.8601899,5.0318062e+04
 163.8806241,5.0312016e+04
 163.9010582,5.0324219e+04
 163.9214925,5.0312320e+04
 163.9419267,5.0335863e+04
 163.9623609,5.0313652e+04
 163.9827951,5.0319109e+04
 164.0032294,5.0311715e+04
 164.0236636,5.0316090e+04
 164.0440977,5.0304680e+04
 164.0645320,5.0320234e+04
 164.0849662,5.0306609e+04
 164.1054004,5.0313555e+04
 164.1258345,5.0311414e+04
 164.1462688,5.0326949e+04
 164.1667029,5.0316062e+04
 164.1871372,5.0315555e+04
 164.2075715,5.0300848e+04
 164.2280057,         null
 164.2484398,5.0335777e+04
 164.2688740,5.0295262e+04
 164.2893082,5.0309555e+04
 164.3097424,5.0308527e+04
 164.3301766,5.0311426e+04
 164.3506109,5.0313629e+04
 164.3710451,5.0310500e+04
 164.3914792,5.0293090e+04
 164.4119135,5.0302645e+04
 164.4323477,5.0314000e+04
 164.4527819,5.0321711e+04
 164.4732161,5.0321504e+04
 164.4936504,5.0303578e+04
 164.5140845,5.0302094e+04
 164.5345187,5.0306910e+04
 164.5549529,5.0317551e+04
 164.5753871,5.0308180e+04
 164.5958213,5.0321531e+04
 164.6162555,5.0311754e+04
 164.6366896,5.0311285e+04
 164.6571239,5.0308379e+04
 164.6775581,5.0304637e+04
 164.6979923,5.0305551e+04
 164.7184265,5.0296211e+04
 164.7388608,5.0308141e+04
 164.7592950,5.0313246e+04
 164.7797291,5.0299340e+04
 164.8001634,5.0316621e+04
 164.8205976,5.0316699e+04
 164.8410317,5.0305414e+04
 164.8614660,5.0309762e+04
 164.8819002,5.0299312e+04
 164.9023343,5.0311066e+04
 164.9227685,5.0305285e+04
 164.9432028,5.0311676e+04
 164.9636369,5.0314711e+04
 164.9840711,5.0303824e+04
