        TIME,  PDCSAP_FLUX
 131.5127014,2.2984107e+04
 131.5331359,2.2992211e+04
 131.5535703,2.2978402e+04
 131.5740046,2.2989979e+04
 131.5944390,2.2989361e+04
 131.6148735,2.2998701e+04
 131.6353077,2.2996982e+04
 131.6557421,2.3007012e+04
 131.6761766,2.3005369e+04
 131.6966110,2.3012492e+04
 131.7170453,2.3011453e+04
 131.7374797,2.3009104e+04
 131.7579142,2.3024383e+04
 131.7783484,2.3022850e+04
 131.7987828,2.3017641e+04
 131.8192173,2.3021369e+04
 131.8396516,2.3033094e+04
 131.8600860,2.3030379e+04
 131.8805204,2.3037518e+04
 131.9009548,2.3044641e+04
 131.9213891,2.3042031e+04
 131.9418235,2.3054770e+04
 131.9622579,2.3042670e+04
 131.9826923,2.3054500e+04
 132.0031267,2.3055162e+04
 132.0235610,2.3057150e+04
 132.0439955,2.3058041e+04
 132.0644298,2.3060213e+04
 132.0848641,2.3060098e+04
 132.1052985,2.3059668e+04
 132.1257330,2.3072334e+04
 132.1461673,2.3063516e+04
 132.1666017,2.3070555e+04
 132.1870361,2.3065172e+04
 132.2074705,2.3083650e+04
 132.2279048,2.3081455e+04
 132.2483392,2.3084412e+04
 132.2687737,2.3089682e+04
 132.2892080,2.3088926e+04
 132.3096423,2.3084344e+04
 132.3300768,2.3085072e+04
 132.3505111,2.3096924e+04
 132.3709455,2.3098209e+04
 132.3913799,2.3099107e+04
 132.4118143,2.3099135e+04
 132.4322486,2.3118605e+04
 132.4526830,2.3102662e+04
 132.4731175,2.3107244e+04
 132.4935518,2.3111951e+04
 132.5139862,2.3108816e+04
 132.5344205,2.3107262e+04
 132.5548549,2.3111865e+04
 132.5752893,2.3124506e+04
 132.5957236,2.3129686e+04
 132.6161581,2.3112547e+04
 132.6365925,2.3126711e+04
 132.6570268,2.3117924e+04
 132.6774611,2.3123697e+04
 132.6978956,2.3135904e+04
 132.7183300,2.3135344e+04
 132.7387643,2.3140115e+04
 132.7591987,2.3128607e+04
 132.7796331,2.3132254e+04
 132.8000674,2.3131957e+04
 132.8205018,2.3137068e+04
 132.8409363,2.3140406e+04
 132.8613705,2.3147488e+04
 132.8818049,2.3151379e+04
 132.9022394,2.3139055e+04
 132.9226737,2.3146133e+04
 132.9431081,2.3155666e+04
 132.9635424,2.3154963e+04
 132.9839769,2.3144287e+04
 133.0044112,2.3154586e+04
 133.0248456,2.3148930e+04
 133.0452800,2.3160148e+04
 133.0657143,2.3151557e+04
 133.0861487,2.3153229e+04
 133.1065831,2.3159291e+04
 133.1270175,2.3154148e+04
 133.1474519,2.3164756e+04
 133.1678862,2.3165793e+04
 133.1883206,2.3154916e+04
 133.2087551,2.3158658e+04
 133.2291894,2.3154584e+04
 133.2496237,2.3157971e+04
 133.2700581,2.3161068e+04
 133.2904925,2.3155146e+04
 133.3109269,2.3165803e+04
 133.3313612,2.3154311e+04
 133.3517956,2.3155736e+04
 133.3722300,2.3173221e+04
 133.3926644,2.3158428e+04
 133.4130988,2.3162354e+04
 133.4335331,2.3170814e+04
 133.4539675,2.3158260e+04
 133.4744018,2.3158326e+04
 133.4948363,2.3170279e+04
 133.5152707,2.3171887e+04
 133.5357049,2.3163271e+04
 133.5561394,2.3165406e+04
 133.5765738,2.3170248e+04
 133.5970081,2.3164541e+04
 133.6174424,2.3165590e+04
 133.6378769,2.3160482e+04
 133.6583113,2.3158768e+04
 133.6787456,2.3168037e+04
 133.6991800,2.3168863e+04
 133.7196144,2.3161240e+04
 133.7400487,2.3169217e+04
 133.7604831,2.3158172e+04
 133.7809175,2.3163721e+04
 133.8013518,2.3163162e+04
 133.8217862,2.3161742e+04
 133.8422206,2.3169166e+04
 133.8626549,2.3151498e+04
 133.8830893,2.3160697e+04
 133.9035237,2.3164240e+04
 133.9239581,2.3166900e+04
 133.9443924,2.3152238e+04
 133.9648268,2.3152926e+04
 133.9852611,2.3151604e+04
 134.0056955,2.3160074e+04
 134.0261299,2.3147996e+04
 134.0465642,2.3154754e+04
 134.0669987,2.3138107e+04
 134.0874330,2.3153285e+04
 134.1078673,2.3150229e+04
 134.1283017,2.3139246e+04
 134.1487362,2.3145283e+04
 134.1691705,2.3139775e+04
 134.1896048,2.3135053e+04
 134.2100393,2.3145832e+04
 134.2304737,2.3138711e+04
 134.2509079,2.3141920e+04
 134.2713423,2.3129668e+04
 134.2917768,2.3135139e+04
 134.3122110,2.3116859e+04
 134.3326454,2.3119391e+04
 134.3530799,2.3132381e+04
 134.3735142,2.3119809e+04
 134.3939485,         null
 134.4143829,2.3124971e+04
 134.4348173,2.3112316e+04
 134.4552516,2.3124736e+04
 134.4756860,2.3120701e+04
 134.4961205,2.3113523e+04
 134.5165548,2.3118186e+04
 134.5369891,2.3110174e+04
 134.5574234,2.3112178e+04
 134.5778579,2.3107131e+04
 134.5982922,2.3101428e+04
 134.6187265,2.3097404e+04
 134.6391609,2.3101404e+04
 134.6595953,2.3102238e+04
 134.6800297,2.3102969e+04
 134.7004641,2.3104607e+04
 134.7208984,2.3105168e+04
 134.7413328,2.3092949e+04
 134.7617671,2.3090285e+04
 134.7822015,2.3086836e+04
 134.8026359,2.3097951e+04
 134.8230703,2.3092406e+04
 134.8435046,2.3078762e+04
 134.8639390,2.3076072e+04
 134.8843734,2.3083830e+04
 134.9048078,2.3084770e+04
 134.9252420,2.3071289e+04
 134.9456765,2.3076736e+04
 134.9661109,2.3067639e+04
 134.9865451,2.3073090e+04
 135.0069796,2.3062359e+04
 135.0274140,2.3067232e+04
 135.0478482,2.3066105e+04
 135.0682826,2.3052252e+04
 135.0887171,2.3067262e+04
 135.1091513,2.3065568e+04
 135.1295857,2.3051588e+04
 135.1500202,2.3053492e+04
 135.1704545,2.3048838e+04
 135.1908888,2.3045854e+04
 135.2113232,2.3048535e+04
 135.2317576,2.3032229e+04
 135.2521919,2.3034248e+04
 135.2726263,2.3039285e+04
 135.2930605,2.3030906e+04
 135.3134950,2.3027480e+04
 135.3339294,2.3028742e+04
 135.3543636,2.3015730e+04
 135.3747981,2.3020688e+04
 135.3952325,2.3023100e+04
 135.4156668,2.3020662e+04
 135.4361011,2.3008691e+04
 135.4565356,2.3017459e+04
 135.4769699,2.3012584e+04
 135.4974042,2.3008795e+04
 135.5178387,2.3006219e+04
 135.5382730,2.2999271e+04
 135.5587073,2.3013480e+04
 135.5791417,2.3010096e+04
 135.5995761,2.3007297e+04
 135.6200104,2.2986406e+04
 135.6404447,2.2993619e+04
 135.6608792,2.2990297e+04
 135.6813136,2.2990016e+04
 135.7017478,2.2982605e+04
 135.7221822,2.2975109e+04
 135.7426167,2.2979926e+04
 135.7630509,2.2972779e+04
 135.7834853,2.2975148e+04
 135.8039197,2.2978359e+04
 135.8243540,2.2974844e+04
 135.8447884,2.2972553e+04
 135.8652227,2.2977033e+04
 135.8856571,2.2959598e+04
 135.9060915,2.2969668e+04
 135.9265258,2.2959959e+04
 135.9469601,2.2959869e+04
 135.9673945,2.2960676e+04
 135.9878289,2.2954594e+04
 136.0082632,2.2961006e+04
 136.0286976,2.2951078e+04
 136.0491320,2.2951877e+04
 136.0695663,2.2943520e+04
 136.0900006,2.2945148e+04
 136.1104351,2.2941740e+04
 136.1308694,2.2940279e+04
 136.1513037,2.2935146e+04
 136.1717382,2.2935285e+04
 136.1921725,2.2941920e+04
 136.2126068,2.2925924e+04
 136.2330411,2.2933561e+04
 136.2534756,2.2920012e+04
 136.2739099,2.2932039e+04
 136.2943442,2.2917633e+04
 136.3147787,2.2931273e+04
 136.3352129,2.2912059e+04
 136.3556473,2.2907943e+04
 136.3760817,2.2914531e+04
 136.3965160,2.2911227e+04
 136.4169504,2.2910320e+04
 136.4373847,2.2916006e+04
 136.4578192,2.2903668e+04
 136.4782535,2.2899717e+04
 136.4986878,2.2897625e+04
 136.5191222,2.2899248e+04
 136.5395565,2.2887221e+04
 136.5599909,2.2892395e+04
 136.5804252,2.2895703e+04
 136.6008596,2.2896059e+04
 136.6212940,2.2920371e+04
 136.6417283,2.2886719e+04
 136.6621627,2.2875578e+04
 136.6825970,2.2880555e+04
 136.7030314,2.2876738e+04
 136.7234657,2.2873932e+04
 136.7439000,2.2870545e+04
 136.7643345,2.2872928e+04
 136.7847688,2.2876875e+04
 136.8052031,2.2863684e+04
 136.8256375,2.2868811e+04
 136.8460719,2.2874986e+04
 136.8665062,2.2862807e+04
 136.8869405,2.2860201e+04
 136.9073750,2.2855064e+04
 136.9278093,2.2859090e+04
 136.9482436,2.2854764e+04
 136.9686780,2.2859486e+04
 136.9891124,2.2856166e+04
 137.0095466,2.2856428e+04
 137.0299810,2.2855520e+04
 137.0504154,2.2863662e+04
 137.0708497,2.2850982e+04
 137.0912840,2.2850963e+04
 137.1117185,2.2844121e+04
 137.1321528,2.2852787e+04
 137.1525871,2.2840312e+04
 137.1730215,2.2842906e+04
 137.1934559,2.2837920e+04
 137.2138902,2.2837174e+04
 137.2343245,2.2842279e+04
 137.2547588,2.2837189e+04
 137.2751932,2.2834291e+04
 137.2956276,2.2827162e+04
 137.3160618,2.2834557e+04
 137.3364963,2.2831605e+04
 137.3569306,2.2828160e+04
 137.3773650,         null
 137.3977993,2.2833455e+04
 137.4182337,2.2829568e+04
 137.4386681,2.2822496e+04
 137.4591023,2.2815568e+04
 137.4795368,2.2808924e+04
 137.4999711,2.2816654e+04
 137.5204054,2.2825586e+04
 137.5408397,2.2823137e+04
 137.5612742,2.2823613e+04
 137.5817084,2.2812543e+04
 137.6021428,2.2808881e+04
 137.6225772,2.2818596e+04
 137.6430116,2.2805568e+04
 137.6634458,2.2808773e+04
 137.6838802,2.2809051e+04
 137.7043146,2.2801092e+04
 137.7247489,2.2803297e+04
 137.7451832,2.2803266e+04
 137.7656177,2.2797406e+04
 137.7860519,2.2809648e+04
 137.8064863,2.2805152e+04
 137.8269205,2.2792102e+04
 137.8473550,2.2799400e+04
 137.8677893,2.2800945e+04
 137.8882237,2.2809332e+04
 137.9086579,2.2788043e+04
 137.9290924,2.2794168e+04
 137.9495267,2.2793930e+04
 137.9699610,2.2796602e+04
 137.9903954,2.2800994e+04
 138.0108298,2.2797625e+04
 138.0312640,2.2798125e+04
 138.0516984,2.2782270e+04
 138.0721328,2.2792031e+04
 138.0925672,2.2791117e+04
 138.1130014,2.2788299e+04
 138.1334359,2.2773498e+04
 138.1538702,2.2786311e+04
 138.1743045,2.2792900e+04
 138.1947388,2.2792086e+04
 138.2151733,2.2793072e+04
 138.2356076,2.2788084e+04
 138.2560418,2.2790441e+04
 138.2764763,2.2775941e+04
 138.2969106,2.2784854e+04
 138.3173449,2.2781652e+04
 138.3377792,2.2786908e+04
 138.3582137,2.2774822e+04
 138.3786480,2.2775240e+04
 138.3990823,2.2784602e+04
 138.4195167,2.2779619e+04
 138.4399511,2.2790732e+04
 138.4603853,2.2795498e+04
 138.4808197,2.2794148e+04
 138.5012541,2.2786512e+04
 138.5216883,2.2783908e+04
 138.5421227,2.2789273e+04
 138.5625570,2.2782330e+04
 138.5829914,2.2774664e+04
 138.6034257,2.2785193e+04
 138.6238601,2.2786580e+04
 138.6442944,2.2786527e+04
 138.6647288,2.2780854e+04
 138.6851631,2.2780125e+04
 138.7055973,2.2780992e+04
 138.7260318,2.2780680e+04
 138.7464661,2.2781996e+04
 138.7669004,2.2781586e+04
 138.7873348,2.2788682e+04
 138.8077692,2.2790164e+04
 138.8282034,2.2787221e+04
 138.8486377,2.2794139e+04
 138.8690722,2.2789857e+04
 138.8895065,2.2786586e+04
 138.9099408,2.2793080e+04
 138.9303752,2.2796031e+04
 138.9508096,2.2798568e+04
 138.9712438,2.2791656e+04
 138.9916781,2.2788268e+04
 139.0121126,2.2794348e+04
 139.0325468,2.2789654e+04
 139.0529812,2.2791564e+04
 139.0734156,2.2799688e+04
 139.0938499,2.2793047e+04
 139.1142842,2.2803523e+04
 139.1347185,2.2809449e+04
 139.1551529,2.2799078e+04
 139.1755872,2.2805137e+04
 139.1960216,2.2797430e+04
 139.2164558,2.2812762e+04
 139.2368902,2.2803057e+04
 139.2573246,2.2814381e+04
 139.2777588,2.2800941e+04
 139.2981933,2.2806104e+04
 139.3186276,2.2809471e+04
 139.3390619,2.2803264e+04
 139.3594962,2.2814348e+04
 139.3799306,2.2821262e+04
 139.4003650,2.2821846e+04
 139.4207992,2.2820518e+04
 139.4412336,2.2830512e+04
 139.4616680,2.2818660e+04
 139.4821022,2.2825680e+04
 139.5025366,2.2823355e+04
 139.5229710,2.2814531e+04
 139.5434052,2.2813898e+04
 139.5638396,2.2818605e+04
 139.5842740,2.2826809e+04
 139.6047082,2.2817238e+04
 139.6251426,2.2813789e+04
 139.6455769,2.2829963e+04
 139.6660114,2.2833424e+04
 139.6864456,2.2854643e+04
 139.7068799,2.2836076e+04
 139.7273143,2.2826139e+04
 139.7477486,2.2838480e+04
 139.7681829,2.2839422e+04
 139.7886173,2.2835479e+04
 139.8090516,2.2839271e+04
 139.8294860,2.2839402e+04
 139.8499203,2.2840879e+04
 139.8703546,2.2832764e+04
 139.8907890,2.2870486e+04
 139.9112233,2.2846154e+04
 139.9316576,2.2845076e+04
 139.9520921,2.2841449e+04
 139.9725263,2.2848176e+04
 139.9929606,2.2842705e+04
 140.0133949,2.2843609e+04
 140.0338293,2.2839857e+04
 140.0542636,2.2840506e+04
 140.0746980,2.2850818e+04
 140.0951323,2.2847934e+04
 140.1155666,2.2838041e+04
 140.1360010,2.2846689e+04
 140.1564352,2.2864377e+04
 140.1768696,2.2860279e+04
 140.1973040,2.2861389e+04
 140.2177382,2.2859627e+04
 140.2381727,2.2863850e+04
 140.2586070,2.2846787e+04
 140.2790412,2.2863574e+04
 140.2994756,2.2862414e+04
 140.3199100,2.2856217e+04
 140.3403442,2.2863977e+04
 140.3607785,         null
 140.3812129,2.2859441e+04
 140.4016473,2.2862080e+04
 140.4220815,2.2865395e+04
 140.4425159,2.2864879e+04
 140.4629503,2.2877611e+04
 140.4833845,2.2862525e+04
 140.5038189,2.2859479e+04
 140.5242531,2.2866244e+04
 140.5446875,2.2862732e+04
 140.5651219,2.2870760e+04
 140.5855562,2.2876203e+04
 140.6059905,2.2876406e+04
 140.6264249,2.2884025e+04
 140.6468592,2.2870777e+04
 140.6672934,2.2869434e+04
 140.6877279,2.2872094e+04
 140.7081622,2.2865115e+04
 140.7285964,2.2872527e+04
 140.7490308,2.2878135e+04
 140.7694652,2.2876885e+04
 140.7898994,2.2887189e+04
 140.8103337,2.2877135e+04
 140.8307682,2.2881244e+04
 140.8512025,2.2886051e+04
 140.8716367,2.2881717e+04
 140.8920710,2.2881867e+04
 140.9125055,2.2879846e+04
 140.9329397,2.2878254e+04
 140.9533740,2.2875604e+04
 140.9738085,2.2875455e+04
 140.9942427,2.2881559e+04
 141.0146770,2.2876047e+04
 141.0351113,2.2887244e+04
 141.0555457,2.2884324e+04
 141.0759800,2.2886867e+04
 141.0964143,2.2885545e+04
 141.1168487,2.2876117e+04
 141.1372830,2.2883467e+04
 141.1577173,2.2881568e+04
 141.1781515,2.2867580e+04
 141.1985860,2.2882818e+04
 141.2190203,2.2893371e+04
 141.2394545,2.2883336e+04
 141.2598889,2.2887965e+04
 141.2803233,2.2875523e+04
 141.3007575,2.2868693e+04
 141.3211918,2.2878977e+04
 141.3416262,2.2873396e+04
 141.3620606,2.2872594e+04
 141.3824948,2.2867381e+04
 141.4029291,2.2862893e+04
 141.4233635,2.2875561e+04
 141.4437979,2.2875242e+04
 141.4642321,2.2870094e+04
 141.4846665,2.2875688e+04
 141.5051008,2.2878016e+04
 141.5255351,2.2875006e+04
 141.5459694,2.2872904e+04
 141.5664037,2.2872150e+04
 141.5868381,2.2857701e+04
 141.6072724,2.2862715e+04
 141.6277068,2.2867568e+04
 141.6481411,2.2863857e+04
 141.6685753,2.2856320e+04
 141.6890097,2.2862730e+04
 141.7094441,2.2855662e+04
 141.7298783,2.2867238e+04
 141.7503126,2.2866627e+04
 141.7707470,2.2868439e+04
 141.7911813,2.2852293e+04
 141.8116156,2.2860176e+04
 141.8320499,2.2853248e+04
 141.8524842,2.2845369e+04
 141.8729186,2.2859383e+04
 141.8933529,2.2857777e+04
 141.9137873,2.2849891e+04
 141.9342215,2.2839916e+04
 141.9546558,2.2845225e+04
 141.9750901,2.2841689e+04
 141.9955245,2.2846646e+04
 142.0159588,2.2846090e+04
 142.0363930,2.2932982e+04
 142.0568273,2.2839396e+04
 142.0772618,2.2830990e+04
 142.0976961,2.2827832e+04
 142.1181303,2.2837389e+04
 142.1385647,2.2838512e+04
 142.1589990,2.2836830e+04
 142.1794333,2.2834908e+04
 142.1998676,2.2829072e+04
 142.2203020,2.2832707e+04
 142.2407362,2.2823666e+04
 142.2611705,2.2828150e+04
 142.2816050,2.2819041e+04
 142.3020392,2.2820625e+04
 142.3224735,2.2826707e+04
 142.3429078,2.2814896e+04
 142.3633422,2.2804613e+04
 142.3837765,2.2821555e+04
 142.4042108,2.2809709e+04
 142.4246452,2.2809555e+04
 142.4450794,2.2824980e+04
 142.4655137,2.2796189e+04
 142.4859479,2.2796523e+04
 142.5063824,2.2806051e+04
 142.5268167,2.2806621e+04
 142.5472510,2.2805408e+04
 142.5676852,2.2801209e+04
 142.5881196,2.2799412e+04
 142.6085539,2.2795426e+04
 142.6289882,2.2796975e+04
 142.6494226,2.2801773e+04
 142.6698569,2.2797416e+04
 142.6902911,2.2791736e+04
 142.7107254,2.2795879e+04
 142.7311598,2.2794217e+04
 142.7515941,2.2808896e+04
 142.7720284,2.2782975e+04
 142.7924628,2.2799023e+04
 142.8128970,2.2791859e+04
 142.8333313,2.2784211e+04
 142.8537656,2.2795861e+04
 142.8742000,2.2796104e+04
 142.8946343,2.2789008e+04
 142.9150686,2.2790885e+04
 142.9355030,2.2783135e+04
 142.9559372,2.2784484e+04
 142.9763715,2.2784977e+04
 142.9968057,2.2789047e+04
 143.0172401,2.2776656e+04
 143.0376744,2.2779221e+04
 143.0581088,2.2777217e+04
 143.0785431,2.2767297e+04
 143.0989774,2.2768744e+04
 143.1194117,2.2779707e+04
 143.1398460,2.2769553e+04
 143.1602803,2.2771178e+04
 143.1807146,2.2767217e+04
 143.2011488,2.2769088e+04
 143.2215832,2.2771510e+04
 143.2420176,2.2766787e+04
 143.2624519,2.2766977e+04
 143.2828862,2.2764422e+04
 143.3033205,2.2769080e+04
 143.3237548,2.2764137e+04
 143.3441891,         null
 143.3646233,2.2755760e+04
 143.3850577,2.2764250e+04
 143.4054921,2.2755574e+04
 143.4259263,2.2759943e+04
 143.4463607,2.2757396e+04
 143.4667950,2.2756156e+04
 143.4872292,2.2757615e+04
 143.5076635,2.2744592e+04
 143.5280979,2.2752131e+04
 143.5485322,2.2749658e+04
 143.5689664,2.2738875e+04
 143.5894008,2.2751941e+04
 143.6098352,2.2746424e+04
 143.6302694,2.2750699e+04
 143.6507037,2.2751115e+04
 143.6711381,2.2755207e+04
 143.6915723,2.2761973e+04
 143.7120066,2.2748789e+04
 143.7324409,2.2754701e+04
 143.7528752,2.2761348e+04
 143.7733095,2.2752371e+04
 143.7937438,2.2756227e+04
 143.8141781,2.2764955e+04
 143.8346124,2.2755277e+04
 143.8550467,2.2775318e+04
 143.8754810,2.2754307e+04
 143.8959154,2.2762393e+04
 143.9163497,2.2754330e+04
 143.9367839,2.2755873e+04
 143.9572183,2.2757080e+04
 143.9776526,2.2748674e+04
 143.9980868,2.2762150e+04
 144.0185211,2.2757400e+04
 144.0389555,2.2746420e+04
 144.0593898,2.2765166e+04
 144.0798240,2.2764967e+04
 144.1002584,2.2764242e+04
 144.1206927,2.2755580e+04
 144.1411269,2.2755678e+04
 144.1615612,2.2752410e+04
 144.1819956,2.2755799e+04
 144.2024298,2.2760791e+04
 144.2228641,2.2759438e+04
 144.2432985,2.2768254e+04
 144.2637327,2.2766510e+04
 144.2841671,2.2768412e+04
 144.3046014,2.2754203e+04
 144.3250357,2.2764816e+04
 144.3454700,2.2774613e+04
 144.3659043,2.2762133e+04
 144.3863385,2.2764703e+04
 144.4067729,2.2759115e+04
 144.4272072,2.2768475e+04
 144.4476414,2.2768521e+04
 144.4680758,2.2762777e+04
 144.4885101,2.2771414e+04
 144.5089443,2.2767561e+04
 144.5293786,2.2768982e+04
 144.5498130,2.2772061e+04
 144.5702473,2.2773650e+04
 144.5906815,2.2767828e+04
 144.6111159,2.2775213e+04
 144.6315502,2.2774379e+04
 144.6519844,2.2779580e+04
 144.6724187,2.2778373e+04
 144.6928531,2.2788680e+04
 144.7132873,2.2786301e+04
 144.7337216,2.2792205e+04
 144.7541560,2.2795812e+04
 144.7745902,2.2781539e+04
 144.7950245,2.2792068e+04
 144.8154588,2.2788367e+04
 144.8358932,2.2792068e+04
 144.8563274,2.2794848e+04
 144.8767617,2.2803488e+04
 144.8971960,2.2786748e+04
 144.9176303,2.2819141e+04
 144.9380646,2.2793861e+04
 144.9584989,2.2810037e+04
 144.9789333,2.2814176e+04
 144.9993675,2.2809984e+04
 145.0198018,2.2812887e+04
 145.0402361,2.2809973e+04
 145.0606704,2.2816475e+04
 145.0811047,2.2815766e+04
 145.1015390,2.2818641e+04
 145.1219734,2.2825613e+04
 145.1424076,2.2819314e+04
 145.1628419,2.2833094e+04
 145.1832761,2.2842418e+04
 145.2037104,2.2838543e+04
 145.2241447,2.2834211e+04
 145.2445789,2.2829545e+04
 145.2650133,2.2833441e+04
 145.2854476,2.2842957e+04
 145.3058819,2.2833488e+04
 145.3263161,2.2851791e+04
 145.3467505,2.2844451e+04
 145.3671848,2.2848641e+04
 145.3876190,2.2848896e+04
 145.4080534,2.2865102e+04
 145.4284877,2.2855746e+04
 145.4489219,2.2859910e+04
 145.4693562,2.2857451e+04
 145.4897906,2.2867418e+04
 145.5102248,2.2875527e+04
 145.5306591,2.2875637e+04
 145.5510934,2.2871033e+04
 145.5715278,2.2864822e+04
 145.5919619,2.2874873e+04
 145.6123962,2.2884773e+04
 145.6328306,2.2884398e+04
 145.6532648,2.2881256e+04
 145.6736991,2.2894930e+04
 145.6941333,2.2894391e+04
 145.7145677,2.2901795e+04
 145.7350020,2.2911248e+04
 145.7554363,2.2906389e+04
 145.7758706,2.2906068e+04
 145.7963049,2.2911428e+04
 145.8167392,2.2920719e+04
 145.8371734,2.2914604e+04
 145.8576077,2.2925322e+04
 145.8780420,2.2921475e+04
 145.8984762,2.2924158e+04
 145.9189106,2.2930107e+04
 145.9393449,2.2935473e+04
 145.9597791,2.2940559e+04
 145.9802134,2.2938502e+04
 146.0006478,2.2939354e+04
 146.0210821,2.2950992e+04
 146.0415163,2.2951391e+04
 146.0619506,2.2955541e+04
 146.0823849,2.2963582e+04
 146.1028191,2.2956160e+04
 146.1232534,2.2974396e+04
 146.1436878,2.2959400e+04
 146.1641220,2.2969178e+04
 146.1845563,2.2979457e+04
 146.2049906,2.2978906e+04
 146.2254249,2.2984270e+04
 146.2458591,2.2989641e+04
 146.2662934,2.2986553e+04
 146.2867277,2.2987402e+04
 146.3071620,2.3001455e+04
 146.3275963,         null
 146.3480305,2.3009568e+04
 146.3684649,2.3011766e+04
 146.3888992,2.3040982e+04
 146.4093333,2.3025203e+04
 146.4297677,2.3023342e+04
 146.4502020,2.3036475e+04
 146.4706362,2.3034590e+04
 146.4910706,2.3032270e+04
 146.5115049,2.3038045e+04
 146.5319392,2.3034020e+04
 146.5523733,2.3044820e+04
 146.5728077,2.3046402e+04
 146.5932420,2.3049875e+04
 146.6136763,2.3067959e+04
 146.6341105,2.3047857e+04
 146.6545449,2.3064223e+04
 146.6749792,2.3068461e+04
 146.6954133,2.3074424e+04
 146.7158477,2.3075406e+04
 146.7362820,2.3079072e+04
 146.7567163,2.3084016e+04
 146.7771505,2.3090020e+04
 146.7975849,2.3088221e+04
 146.8180191,2.3101125e+04
 146.8384533,2.3103303e+04
 146.8588876,2.3092881e+04
 146.8793220,2.3117900e+04
 146.8997562,2.3114514e+04
 146.9201905,2.3121215e+04
 146.9406248,2.3123229e+04
 146.9610590,2.3126557e+04
 146.9814933,2.3129584e+04
 147.0019276,2.3133057e+04
 147.0223619,2.3133877e+04
 147.0427961,2.3142629e+04
 147.0632304,2.3139305e+04
 147.0836648,2.3155900e+04
 147.1040990,2.3150498e+04
 147.1245333,2.3148299e+04
 147.1449674,2.3161164e+04
 147.1654018,2.3167826e+04
 147.1858361,2.3166793e+04
 147.2062703,2.3183195e+04
 147.2267047,2.3177818e+04
 147.2471389,2.3191258e+04
 147.2675732,2.3184215e+04
 147.2880074,2.3184547e+04
 147.3084418,2.3204850e+04
 147.3288761,2.3199770e+04
 147.3493102,2.3202234e+04
 147.3697445,2.3201754e+04
 147.3901789,2.3211275e+04
 147.4106131,2.3212246e+04
 147.4310474,2.3220430e+04
 147.4514817,2.3218637e+04
 147.4719159,2.3221324e+04
 147.4923502,2.3241816e+04
 147.5127845,2.3232070e+04
 147.5332188,2.3239510e+04
 147.5536530,2.3227943e+04
 147.5740873,2.3244869e+04
 147.5945217,2.3244314e+04
 147.6149559,2.3252402e+04
 147.6353901,2.3253184e+04
 147.6558243,2.3251590e+04
 147.6762587,2.3254508e+04
 147.6966930,2.3260467e+04
 147.7171271,2.3258721e+04
 147.7375615,2.3257301e+04
 147.7579958,2.3262779e+04
 147.7784301,2.3269883e+04
 147.7988642,2.3273441e+04
 147.8192986,2.3275496e+04
 147.8397329,2.3272752e+04
 147.8601671,2.3279709e+04
 147.8806013,2.3280219e+04
 147.9010357,         null
 147.9214699,2.3288611e+04
 147.9419042,2.3286676e+04
 147.9623385,2.3289338e+04
 147.9827727,2.3294641e+04
 148.0032070,2.3298977e+04
 148.0236413,2.3290604e+04
 148.0440756,2.3299789e+04
 148.0645098,2.3300938e+04
 148.0849441,2.3303018e+04
 148.1053784,2.3306973e+04
 148.1258126,2.3310328e+04
 148.1462469,2.3319066e+04
 148.1666812,2.3324756e+04
 148.1871154,2.3313363e+04
 148.2075497,2.3316725e+04
 148.2279840,2.3316002e+04
 148.2484183,2.3320947e+04
 148.2688525,2.3326016e+04
 148.2892868,2.3322342e+04
 148.3097211,2.3326275e+04
 148.3301553,2.3332492e+04
 148.3505896,2.3323922e+04
 148.3710239,2.3325873e+04
 148.3914580,2.3322717e+04
 148.4118924,2.3332375e+04
 148.4323267,2.3333111e+04
 148.4527610,2.3332824e+04
 148.4731952,2.3329727e+04
 148.4936295,2.3332369e+04
 148.5140638,2.3319971e+04
 148.5344979,2.3330758e+04
 148.5549323,2.3341828e+04
 148.5753666,2.3350238e+04
 148.5958007,2.3342562e+04
 148.6162351,2.3335953e+04
 148.6366694,2.3340168e+04
 148.6571035,2.3335330e+04
 148.6775378,2.3348465e+04
 148.6979722,2.3343154e+04
 148.7184063,2.3330979e+04
 148.7388406,2.3334668e+04
 148.7592750,2.3333660e+04
 148.7797092,2.3329953e+04
 148.8001434,2.3347811e+04
 148.8205777,2.3342576e+04
 148.8410120,2.3334557e+04
 148.8614462,2.3339246e+04
 148.8818805,2.3335436e+04
 148.9023148,2.3348213e+04
 148.9227490,2.3342809e+04
 148.9431833,2.3338328e+04
 148.9636175,2.3350375e+04
 148.9840518,2.3338479e+04
 149.0044861,2.3335070e+04
 149.0249203,2.3345387e+04
 149.0453545,2.3341877e+04
 149.0657889,2.3350086e+04
 149.0862231,2.3341309e+04
 149.1066573,2.3337248e+04
 149.1270917,2.3342408e+04
 149.1475259,2.3334049e+04
 149.1679601,2.3338928e+04
 149.1883943,2.3331031e+04
 149.2088287,2.3340604e+04
 149.2292630,2.3339494e+04
 149.2496971,2.3331016e+04
 149.2701315,2.3327277e+04
 149.2905658,2.3330410e+04
 149.3109999,         null
 149.3314342,2.3321830e+04
 149.3518685,2.3338199e+04
 149.3723027,2.3334230e+04
 149.3927370,2.3323871e+04
 149.4131713,2.3327057e+04
 149.4336055,2.3327775e+04
 149.4540397,2.3334443e+04
 149.4744740,2.3328447e+04
 149.4949083,2.3318449e+04
 149.5153425,2.3326320e+04
 149.5357768,2.3323072e+04
 149.5562112,2.3325973e+04
 149.5766453,2.3325666e+04
 149.5970796,2.3326043e+04
 149.6175137,2.3320586e+04
 149.6379481,2.3318107e+04
 149.6583823,2.3306955e+04
 149.6788165,2.3313631e+04
 149.6992508,2.3309699e+04
 149.7196851,2.3301594e+04
 149.7401194,2.3298166e+04
 149.7605535,2.3306568e+04
 149.7809879,2.3303301e+04
 149.8014222,2.3317033e+04
 149.8218563,2.3298240e+04
 149.8422906,2.3293770e+04
 149.8627249,2.3298053e+04
 149.8831592,2.3296852e+04
 149.9035933,2.3293340e+04
 149.9240277,2.3295570e+04
 149.9444620,2.3295369e+04
 149.9648962,2.3288883e+04
 149.9853304,2.3286176e+04
 150.0057647,2.3282795e+04
 150.0261990,2.3277867e+04
 150.0466331,2.3280852e+04
 150.0670675,2.3273680e+04
 150.0875018,2.3271449e+04
 150.1079359,2.3276451e+04
 150.1283702,2.3270369e+04
 150.1488045,2.3271029e+04
 150.1692387,2.3258672e+04
 150.1896729,2.3266885e+04
 150.2101073,2.3262842e+04
 150.2305414,2.3264135e+04
 150.2509757,2.3267441e+04
 150.2714099,2.3260268e+04
 150.2918443,2.3247779e+04
 150.3122785,2.3250418e+04
 150.3327127,2.3247623e+04
 150.3531469,2.3246279e+04
 150.3735812,2.3242799e+04
 150.3940155,2.3242074e+04
 150.4144496,2.3248059e+04
 150.4348840,2.3234260e+04
 150.4553182,2.3229076e+04
 150.4757525,2.3229604e+04
 150.4961866,2.3222232e+04
 150.5166210,2.3222842e+04
 150.5370552,2.3215826e+04
 150.5574894,2.3222717e+04
 150.5779237,2.3222994e+04
 150.5983580,2.3218723e+04
 150.6187921,2.3206117e+04
 150.6392264,2.3213404e+04
 150.6596607,2.3209516e+04
 150.6800949,2.3202553e+04
 150.7005291,2.3208953e+04
 150.7209635,2.3197338e+04
 150.7413977,2.3204951e+04
 150.7618319,2.3192855e+04
 150.7822661,2.3199234e+04
 150.8027005,2.3185416e+04
 150.8231346,2.3186955e+04
 150.8435689,2.3192975e+04
 150.8640032,2.3173779e+04
 150.8844374,2.3175102e+04
 150.9048716,2.3173930e+04
 150.9253059,2.3172611e+04
 150.9457401,2.3159887e+04
 150.9661744,2.3160854e+04
 150.9866086,2.3172170e+04
 151.0070428,2.3160006e+04
 151.0274771,2.3156867e+04
 151.0479114,2.3160062e+04
 151.0683455,2.3156396e+04
 151.0887799,2.3157170e+04
 151.1092141,2.3144555e+04
 151.1296482,2.3141807e+04
 151.1500825,2.3136869e+04
 151.1705168,2.3142385e+04
 151.1909510,2.3135430e+04
 151.2113852,2.3123137e+04
 151.2318196,2.3132232e+04
 151.2522538,2.3129326e+04
 151.2726880,2.3123156e+04
 151.2931222,2.3110357e+04
 151.3135566,2.3119471e+04
 151.3339907,2.3122883e+04
 151.3544249,2.3112004e+04
 151.3748593,2.3110443e+04
 151.3952934,2.3116025e+04
 151.4157277,2.3106338e+04
 151.4361619,2.3104391e+04
 151.4565962,2.3095994e+04
 151.4770304,2.3090900e+04
 151.4974646,2.3097500e+04
 151.5178989,2.3091156e+04
 151.5383331,2.3090564e+04
 151.5587674,2.3090531e+04
 151.5792016,2.3079500e+04
 151.5996360,2.3081014e+04
 151.6200701,2.3083143e+04
 151.6405043,2.3085809e+04
 151.6609386,         null
 151.6813728,2.3072496e+04
 151.7018071,2.3069543e+04
 151.7222413,2.3062346e+04
 151.7426755,2.3051516e+04
 151.7631098,2.3068531e+04
 151.7835440,2.3065369e+04
 151.8039782,2.3068119e+04
 151.8244125,2.3071578e+04
 151.8448467,2.3051051e+04
 151.8652809,2.3053377e+04
 151.8857152,2.3047371e+04
 151.9061495,2.3041227e+04
 151.9265836,2.3040451e+04
 151.9470178,2.3031938e+04
 151.9674522,2.3045434e+04
 151.9878864,2.3036693e+04
 152.0083206,2.3038820e+04
 152.0287549,2.3029123e+04
 152.0491891,2.3025758e+04
 152.0696233,2.3028537e+04
 152.0900575,2.3034705e+04
 152.1104918,2.3031449e+04
 152.1309260,2.3032654e+04
 152.1513602,2.3025176e+04
 152.1717945,2.3016527e+04
 152.1922287,2.3011488e+04
 152.2126629,2.3016250e+04
 152.2330972,2.3019248e+04
 152.2535315,2.3003400e+04
 152.2739656,2.3005850e+04
 152.2943999,         null
 152.3148340,2.3005791e+04
 152.3352683,2.3011422e+04
 152.3557026,2.2999471e+04
 152.3761367,2.2997559e+04
 152.3965711,2.3001967e+04
 152.4170053,2.3004801e+04
 152.4374395,2.2995920e+04
 152.4578737,2.2993223e+04
 152.4783080,2.2995885e+04
 152.4987422,2.3004375e+04
 152.5191764,2.2990500e+04
 152.5396107,2.2990928e+04
 152.5600449,2.2988637e+04
 152.5804791,2.2982689e+04
 152.6009133,2.2983342e+04
 152.6213476,2.2981672e+04
 152.6417818,2.2989373e+04
 152.6622160,         null
 152.6826502,2.2980711e+04
 152.7030845,2.2975068e+04
 152.7235187,2.2984205e+04
 152.7439529,2.2970592e+04
 152.7643872,2.2969725e+04
 152.7848214,2.2986996e+04
 152.8052556,2.2964445e+04
 152.8256897,2.2970693e+04
 152.8461241,2.2968787e+04
 152.8665583,2.2961182e+04
 152.8869924,2.2959885e+04
 152.9074268,2.2978779e+04
 152.9278610,2.2969754e+04
 152.9482952,2.2966652e+04
 152.9687294,2.2953021e+04
 152.9891637,2.2955977e+04
 153.0095979,2.2954477e+04
 153.0300320,2.2951434e+04
 153.0504664,2.2955881e+04
 153.0709006,2.2952223e+04
 153.0913347,2.2954062e+04
 153.1117690,2.2953125e+04
 153.1322033,2.2955314e+04
 153.1526374,2.2955291e+04
 153.1730716,2.2956607e+04
 153.1935059,2.2950625e+04
 153.2139402,2.2949090e+04
 153.2343744,2.2953428e+04
 153.2548085,2.2956500e+04
 153.2752429,2.2944592e+04
 153.2956771,2.2953332e+04
 153.3161112,2.2954936e+04
 153.3365455,2.2940924e+04
 153.3569797,2.2953775e+04
 153.3774139,2.2956762e+04
 153.3978481,2.2952160e+04
 153.4182825,2.2946029e+04
 153.4387167,2.2948141e+04
 153.4591508,2.2941977e+04
 153.4795850,2.2941209e+04
 153.5000194,2.2940209e+04
 153.5204535,2.2944742e+04
 153.5408877,2.2934635e+04
 153.5613220,2.2940121e+04
 153.5817561,2.2929500e+04
 153.6021904,2.2937389e+04
 153.6226246,2.2935428e+04
 153.6430588,2.2944736e+04
 153.6634930,2.2938193e+04
 153.6839273,2.2945676e+04
 153.7043614,2.2938662e+04
 153.7247957,2.2934555e+04
 153.7452299,2.2939570e+04
 153.7656641,2.2944248e+04
 153.7860984,2.2942553e+04
 153.8065326,2.2940598e+04
 153.8269667,2.2943025e+04
 153.8474009,2.2942588e+04
 153.8678353,2.2944938e+04
 153.8882694,2.2980076e+04
 153.9087036,2.2946076e+04
 153.9291379,2.2940285e+04
 153.9495721,2.2949768e+04
 153.9700063,2.2943168e+04
 153.9904405,2.2936377e+04
 154.0108748,2.2941639e+04
 154.0313089,2.2937195e+04
 154.0517431,2.2937596e+04
 154.0721775,2.2956268e+04
 154.0926116,2.2947387e+04
 154.1130458,2.2945957e+04
 154.1334800,2.2944008e+04
 154.1539142,2.2944240e+04
 154.1743485,2.2943941e+04
 154.1947827,2.2941484e+04
 154.2152169,2.2937029e+04
 154.2356511,2.2938674e+04
 154.2560853,2.2942393e+04
 154.2765194,2.2937758e+04
 154.2969538,2.2947203e+04
 154.3173880,2.2933646e+04
 154.3378221,2.2938379e+04
 154.3582563,2.2941656e+04
 154.3786906,2.2945127e+04
 154.3991247,2.2947486e+04
 154.4195590,2.2949338e+04
 154.4399933,2.2945844e+04
 154.4604275,2.2952045e+04
 154.4808616,2.2930213e+04
 154.5012958,2.2936906e+04
 154.5217301,2.2944605e+04
 154.5421643,2.2943525e+04
 154.5625985,2.2927295e+04
 154.5830328,2.2942141e+04
 154.6034669,2.2941359e+04
 154.6239011,2.2940604e+04
 154.6443353,2.2938979e+04
 154.6647695,2.2930100e+04
 154.6852038,2.2950559e+04
 154.7056380,2.2945957e+04
 154.7260723,2.2946178e+04
 154.7465064,2.2941266e+04
 154.7669406,2.2944680e+04
 154.7873748,2.2937393e+04
 154.8078090,2.2941305e+04
 154.8282432,2.2932250e+04
 154.8486774,2.2940805e+04
 154.8691117,2.2926305e+04
 154.8895459,2.2936438e+04
 154.9099801,2.2934670e+04
 154.9304143,2.2934178e+04
 154.9508485,2.2933818e+04
 154.9712827,2.2934104e+04
 154.9917169,2.2941178e+04
 155.0121510,2.2937957e+04
 155.0325854,2.2938250e+04
 155.0530196,2.2926396e+04
 155.0734537,2.2925695e+04
 155.0938880,2.2925979e+04
 155.1143222,2.2929932e+04
 155.1347563,2.2919908e+04
 155.1551905,2.2924068e+04
 155.1756248,2.2928387e+04
 155.1960590,2.2920088e+04
 155.2164931,2.2921176e+04
 155.2369273,2.2912857e+04
 155.2573616,2.2922432e+04
 155.2777958,         null
 155.2982300,2.2914283e+04
 155.3186643,2.2915219e+04
 155.3390984,2.2915912e+04
 155.3595326,2.2910279e+04
 155.3799668,2.2915115e+04
 155.4004010,2.2904936e+04
 155.4208352,2.2916512e+04
 155.4412694,2.2912848e+04
 155.4617037,2.2913643e+04
 155.4821378,2.2916451e+04
 155.5025720,2.2916158e+04
 155.5230061,2.2903166e+04
 155.5434404,2.2906541e+04
 155.5638746,         null
 155.5843088,2.2904670e+04
 155.6047431,2.2907602e+04
 155.6251773,2.2902887e+04
 155.6456115,2.2905945e+04
 155.6660456,2.2914221e+04
 155.6864799,2.2901744e+04
 155.7069141,2.2904885e+04
 155.7273482,2.2905273e+04
 155.7477824,2.2903172e+04
 155.7682167,2.2898127e+04
 155.7886508,2.2897465e+04
 155.8090850,2.2884172e+04
 155.8295193,2.2904045e+04
 155.8499534,2.2893357e+04
 155.8703876,2.2890889e+04
 155.8908218,2.2892203e+04
 155.9112561,2.2887820e+04
 155.9316902,2.2892072e+04
 155.9521244,2.2892383e+04
 155.9725587,2.2891668e+04
 155.9929928,2.2889354e+04
 156.0134270,2.2887145e+04
 156.0338611,2.2892875e+04
 156.0542954,2.2891930e+04
 156.0747296,2.2887254e+04
 156.0951638,2.2875680e+04
 156.1155980,2.2889154e+04
 156.1360322,2.2892695e+04
 156.1564664,2.2893369e+04
 156.1769005,2.2880506e+04
 156.1973348,2.2879885e+04
 156.2177690,2.2880350e+04
 156.2382031,2.2878795e+04
 156.2586373,2.2874164e+04
 156.2790716,2.2883166e+04
 156.2995057,2.2892459e+04
 156.3199399,2.2876369e+04
 156.3403742,2.2870018e+04
 156.3608083,2.2874479e+04
 156.3812425,2.2880457e+04
 156.4016767,2.2869957e+04
 156.4221110,2.2871021e+04
 156.4425451,2.2872355e+04
 156.4629793,2.2876217e+04
 156.4834136,2.2873240e+04
 156.5038477,2.2875068e+04
 156.5242819,2.2877740e+04
 156.5447161,2.2870768e+04
 156.5651502,2.2877955e+04
 156.5855844,2.2881160e+04
 156.6060186,2.2873260e+04
 156.6264528,2.2878471e+04
 156.6468870,2.2869939e+04
 156.6673212,2.2878105e+04
 156.6877554,2.2877885e+04
 156.7081896,2.2873289e+04
 156.7286238,2.2881143e+04
 156.7490580,2.2873555e+04
 156.7694921,2.2876766e+04
 156.7899264,2.2881680e+04
 156.8103606,2.2883068e+04
 156.8307948,2.2871164e+04
 156.8512290,2.2871355e+04
 156.8716632,2.2885449e+04
 156.8920973,2.2884586e+04
 156.9125314,2.2870682e+04
 156.9329657,2.2875457e+04
 156.9533999,2.2880637e+04
 156.9738340,2.2890570e+04
 156.9942683,2.2882170e+04
 157.0147025,2.2882139e+04
 157.0351366,2.2878541e+04
 157.0555708,2.2883443e+04
 157.0760051,2.2880570e+04
 157.0964392,2.2877344e+04
 157.1168733,2.2883650e+04
 157.1373076,2.2894268e+04
 157.1577418,2.2885871e+04
 157.1781759,2.2896369e+04
 157.1986101,2.2900561e+04
 157.2190444,2.2885965e+04
 157.2394785,2.2889590e+04
 157.2599127,2.2903359e+04
 157.2803469,2.2888523e+04
 157.3007810,2.2883387e+04
 157.3212152,2.2889775e+04
 157.3416494,2.2887236e+04
 157.3620836,2.2892971e+04
 157.3825178,2.2900770e+04
 157.4029520,2.2883369e+04
 157.4233861,2.2889771e+04
 157.4438204,2.2887803e+04
 157.4642545,2.2903535e+04
 157.4846886,2.2893410e+04
 157.5051229,2.2899092e+04
 157.5255571,2.2889061e+04
 157.5459912,2.2886584e+04
 157.5664254,2.2902590e+04
 157.5868597,2.2890264e+04
 157.6072937,2.2897043e+04
 157.6277279,2.2900684e+04
 157.6481622,2.2890975e+04
 157.6685964,2.2897654e+04
 157.6890305,2.2890801e+04
 157.7094647,2.2901225e+04
 157.7298989,2.2899027e+04
 157.7503330,2.2895477e+04
 157.7707672,2.2899465e+04
 157.7912015,2.2899498e+04
 157.8116356,2.2893133e+04
 157.8320698,2.2898014e+04
 157.8525039,2.2897635e+04
 157.8729381,2.2899266e+04
 157.8933723,2.2901812e+04
 157.9138065,2.2901760e+04
 157.9342406,2.2900738e+04
 157.9546749,2.2894801e+04
 157.9751090,2.2914574e+04
 157.9955431,2.2893141e+04
 158.0159774,2.2900516e+04
 158.0364116,2.2906867e+04
 158.0568457,2.2900961e+04
 158.0772798,2.2896746e+04
 158.0977141,2.2898621e+04
 158.1181483,2.2901061e+04
 158.1385824,2.2897582e+04
 158.1590167,2.2902379e+04
 158.1794508,2.2906043e+04
 158.1998849,2.2896820e+04
 158.2203191,2.2897342e+04
 158.2407534,2.2904092e+04
 158.2611875,         null
 158.2816216,2.2910852e+04
 158.3020559,2.2912531e+04
 158.3224901,2.2909312e+04
 158.3429242,2.2909902e+04
 158.3633583,2.2913559e+04
 158.3837926,2.2900791e+04
 158.4042268,2.2909986e+04
 158.4246609,2.2906373e+04
 158.4450951,2.2889836e+04
 158.4655293,2.2905361e+04
 158.4859634,2.2903416e+04
 158.5063976,2.2905170e+04
 158.5268319,2.2908561e+04
 158.5472659,2.2921201e+04
 158.5677001,2.2907555e+04
 158.5881343,2.2900041e+04
 158.6085685,2.2905189e+04
 158.6290026,2.2906504e+04
 158.6494368,2.2910932e+04
 158.6698711,2.2910242e+04
 158.6903052,2.2898123e+04
 158.7107393,2.2904225e+04
 158.7311734,2.2903928e+04
 158.7516077,2.2899148e+04
 158.7720418,2.2899291e+04
 158.7924760,2.2896465e+04
 158.8129102,2.2905344e+04
 158.8333444,2.2913793e+04
 158.8537785,2.2903430e+04
 158.8742126,2.2908557e+04
 158.8946469,2.2903922e+04
 158.9150811,2.2901057e+04
 158.9355151,2.2894553e+04
 158.9559494,2.2899975e+04
 158.9763836,2.2902312e+04
 158.9968176,2.2899814e+04
 159.0172518,2.2904936e+04
 159.0376861,2.2914207e+04
 159.0581202,2.2903580e+04
 159.0785543,2.2902680e+04
 159.0989885,2.2903338e+04
 159.1194228,2.2901680e+04
 159.1398568,2.2901592e+04
 159.1602910,2.2904912e+04
 159.1807253,2.2894215e+04
 159.2011593,2.2897785e+04
 159.2215935,2.2900521e+04
 159.2420276,2.2910061e+04
 159.2624618,2.2909250e+04
 159.2828960,2.2906361e+04
 159.3033302,2.2904533e+04
 159.3237643,2.2902777e+04
 159.3441985,2.2899113e+04
 159.3646327,2.2900990e+04
 159.3850667,2.2906641e+04
 159.4055010,2.2910168e+04
 159.4259352,2.2912678e+04
 159.4463692,2.2909682e+04
 159.4668035,2.2907525e+04
 159.4872377,2.2908158e+04
 159.5076717,2.2899645e+04
 159.5281059,2.2905195e+04
 159.5485402,2.2918656e+04
 159.5689742,2.2912346e+04
 159.5894084,2.2909887e+04
 159.6098426,2.2907082e+04
 159.6302768,2.2912924e+04
 159.6507109,2.2905738e+04
 159.6711451,2.2920064e+04
 159.6915793,2.2918678e+04
 159.7120134,2.2933836e+04
 159.7324476,2.2915721e+04
 159.7528817,2.2913691e+04
 159.7733159,2.2932822e+04
 159.7937500,2.2915516e+04
 159.8141842,2.2922855e+04
 159.8346184,2.2922322e+04
 159.8550525,2.2921836e+04
 159.8754867,2.2932158e+04
 159.8959208,2.2938977e+04
 159.9163550,2.2926246e+04
 159.9367892,2.2925176e+04
 159.9572233,2.2939211e+04
 159.9776575,2.2935607e+04
 159.9980917,2.2938121e+04
 160.0185258,2.2938855e+04
 160.0389600,2.2942961e+04
 160.0593941,2.2942762e+04
 160.0798283,2.2943006e+04
 160.1002625,2.2934947e+04
 160.1206965,2.2939420e+04
 160.1411308,2.2957469e+04
 160.1615649,2.2942203e+04
 160.1819990,2.2949678e+04
 160.2024333,2.2944150e+04
 160.2228674,2.2951980e+04
 160.2433015,2.2974252e+04
 160.2637356,2.2954930e+04
 160.2841699,2.2958906e+04
 160.3046040,2.2961707e+04
 160.3250381,2.2969012e+04
 160.3454724,2.2954623e+04
 160.3659065,2.2967662e+04
 160.3863406,2.2967018e+04
 160.4067747,2.2963766e+04
 160.4272090,2.2973561e+04
 160.4476430,2.2971988e+04
 160.4680772,2.2973076e+04
 160.4885115,2.2978693e+04
 160.5089455,2.2973645e+04
 160.5293797,2.2971996e+04
 160.5498138,2.2972611e+04
 160.5702480,2.2985324e+04
 160.5906821,2.2981715e+04
 160.6111163,2.2982305e+04
 160.6315503,2.2988908e+04
 160.6519846,2.2984518e+04
 160.6724188,2.2992598e+04
 160.6928528,2.2996680e+04
 160.7132871,2.3001951e+04
 160.7337212,2.3004539e+04
 160.7541553,2.3005689e+04
 160.7745894,2.3001904e+04
 160.7950237,2.3002830e+04
 160.8154578,2.3009912e+04
 160.8358919,2.3016477e+04
 160.8563261,2.3015547e+04
 160.8767603,2.3024689e+04
 160.8971943,2.3019498e+04
 160.9176285,2.3024875e+04
 160.9380627,2.3026076e+04
 160.9584968,2.3019268e+04
 160.9789309,2.3023023e+04
 160.9993652,2.3027549e+04
 161.0197992,2.3044311e+04
 161.0402334,2.3027740e+04
 161.0606675,2.3028582e+04
 161.0811017,2.3044924e+04
 161.1015358,2.3044641e+04
 161.1219700,2.3041611e+04
 161.1424042,2.3051580e+04
 161.1628383,2.3047785e+04
 161.1832724,2.3048162e+04
 161.2037065,2.3058182e+04
 161.2241407,2.3053986e+04
 161.2445749,         null
 161.2650090,2.3045047e+04
 161.2854431,2.3048572e+04
 161.3058773,2.3055504e+04
 161.3263115,2.3060791e+04
 161.3467455,2.3069039e+04
 161.3671798,2.3069389e+04
 161.3876139,2.3069078e+04
 161.4080479,2.3070959e+04
 161.4284821,2.3072918e+04
 161.4489163,2.3072545e+04
 161.4693504,2.3071502e+04
 161.4897845,2.3087711e+04
 161.5102188,2.3082816e+04
 161.5306528,2.3092520e+04
 161.5510870,2.3094781e+04
 161.5715211,2.3111475e+04
 161.5919553,2.3092242e+04
 161.6123894,2.3093465e+04
 161.6328235,2.3100545e+04
 161.6532578,2.3092916e+04
 161.6736919,2.3105088e+04
 161.6941260,2.3102193e+04
 161.7145601,2.3111834e+04
 161.7349944,2.3100174e+04
 161.7554284,2.3118824e+04
 161.7758625,2.3115379e+04
 161.7962967,2.3117193e+04
 161.8167308,2.3126650e+04
 161.8371650,2.3120998e+04
 161.8575991,2.3112982e+04
 161.8780333,2.3143652e+04
 161.8984674,2.3133158e+04
 161.9189015,2.3133188e+04
 161.9393356,2.3146066e+04
 161.9597698,2.3145904e+04
 161.9802039,2.3151258e+04
 162.0006381,2.3152107e+04
 162.0210722,2.3155484e+04
 162.0415064,2.3151074e+04
 162.0619405,2.3164902e+04
 162.0823745,2.3154371e+04
 162.1028088,2.3174023e+04
 162.1232429,2.3163664e+04
 162.1436770,2.3171584e+04
 162.1641112,2.3165227e+04
 162.1845453,2.3174326e+04
 162.2049794,2.3177934e+04
 162.2254135,2.3181416e+04
 162.2458477,2.3188402e+04
 162.2662818,2.3186941e+04
 162.2867159,2.3183867e+04
 162.3071502,2.3192770e+04
 162.3275843,2.3194268e+04
 162.3480183,2.3192271e+04
 162.3684525,2.3201543e+04
 162.3888867,2.3205529e+04
 162.4093207,2.3198254e+04
 162.4297549,2.3206885e+04
 162.4501889,2.3211689e+04
 162.4706231,2.3208996e+04
 162.4910573,2.3211893e+04
 162.5114908,2.3216520e+04
 162.5319250,2.3218189e+04
 162.5523591,2.3226010e+04
 162.5727932,2.3227430e+04
 162.5932273,2.3229012e+04
 162.6136616,2.3227186e+04
 162.6340956,2.3228473e+04
 162.6545297,2.3232227e+04
 162.6749640,2.3241852e+04
 162.6953980,2.3241393e+04
 162.7158321,2.3235822e+04
 162.7362663,2.3235078e+04
 162.7567004,2.3251418e+04
 162.7771345,2.3280350e+04
 162.7975687,2.3250479e+04
 162.8180028,2.3246115e+04
 162.8384369,2.3255455e+04
 162.8588711,2.3252424e+04
 162.8793051,2.3256365e+04
 162.8997393,2.3260080e+04
 162.9201735,2.3263432e+04
 162.9406075,2.3262307e+04
 162.9610416,2.3257088e+04
 162.9814758,2.3270564e+04
 163.0019099,2.3273535e+04
 163.0223440,2.3270293e+04
 163.0427782,2.3266344e+04
 163.0632124,2.3270342e+04
 163.0836464,2.3276586e+04
 163.1040805,2.3280146e+04
 163.1245147,2.3272277e+04
 163.1449488,2.3279029e+04
 163.1653829,2.3274383e+04
 163.1858171,2.3284867e+04
 163.2062512,2.3283350e+04
 163.2266853,2.3285186e+04
 163.2471194,2.3286473e+04
 163.2675535,2.3302529e+04
 163.2879877,2.3287518e+04
 163.3084218,2.3296293e+04
 163.3288560,2.3289947e+04
 163.3492900,2.3306615e+04
 163.3697242,2.3294830e+04
 163.3901582,2.3301090e+04
 163.4105924,2.3301750e+04
 163.4310265,2.3294504e+04
 163.4514606,2.3302906e+04
 163.4718948,2.3313758e+04
 163.4923289,2.3317830e+04
 163.5127630,2.3300744e+04
 163.5331971,2.3296688e+04
 163.5536313,2.3303543e+04
 163.5740654,2.3319059e+04
 163.5944994,2.3311850e+04
 163.6149335,2.3312521e+04
 163.6353678,2.3314846e+04
 163.6558018,2.3313684e+04
 163.6762359,2.3320234e+04
 163.6966701,2.3312471e+04
 163.7171042,2.3309711e+04
 163.7375383,2.3316408e+04
 163.7579724,2.3323117e+04
 163.7784065,2.3308965e+04
 163.7988406,2.3321701e+04
 163.8192748,2.3313572e+04
 163.8397090,2.3322480e+04
 163.8601430,2.3319967e+04
 163.8805771,2.3324314e+04
 163.9010111,2.3325895e+04
 163.9214454,2.3319146e+04
 163.9418795,2.3325250e+04
 163.9623136,2.3317662e+04
 163.9827477,2.3325174e+04
 164.0031818,2.3333004e+04
 164.0236160,2.3311490e+04
 164.0440500,2.3328252e+04
 164.0644842,2.3330027e+04
 164.0849183,2.3319209e+04
 164.1053524,2.3317576e+04
 164.1257864,2.3336107e+04
 164.1462207,2.3315490e+04
 164.1666547,2.3325014e+04
 164.1870888,2.3323016e+04
 164.2075230,2.3322438e+04
 164.2279571,         null
 164.2483911,2.3309979e+04
 164.2688253,2.3335783e+04
 164.2892594,2.3310930e+04
 164.3096935,2.3313639e+04
 164.3301276,2.3324816e+04
 164.3505618,2.3328742e+04
 164.3709959,2.3329074e+04
 164.3914299,2.3311355e+04
 164.4118641,2.3318404e+04
 164.4322982,2.3311332e+04
 164.4527323,2.3320375e+04
 164.4731664,2.3309148e+04
 164.4936006,2.3307834e+04
 164.5140346,2.3304201e+04
 164.5344687,2.3319900e+04
 164.5549028,2.3307641e+04
 164.5753370,2.3311432e+04
 164.5957711,2.3299113e+04
 164.6162052,2.3302395e+04
 164.6366392,2.3303404e+04
 164.6570734,2.3301088e+04
 164.6775075,2.3291088e+04
 164.6979416,2.3290791e+04
 164.7183757,2.3296189e+04
 164.7388098,2.3304498e+04
 164.7592440,2.3292488e+04
 164.7796780,2.3295400e+04
 164.8001122,2.3299734e+04
 164.8205463,2.3283395e+04
 164.8409803,2.3279707e+04
 164.8614145,2.3286600e+04
 164.8818486,2.3286641e+04
 164.9022826,2.3277096e+04
 164.9227167,2.3282674e+04
 164.9431509,2.3276105e+04
 164.9635849,2.3268100e+04
 164.9840191,2.3264900e+04
