        TIME,  PDCSAP_FLUX
 131.5119752,1.1385934e+04
 131.5324098,1.1390122e+04
 131.5528442,1.1397047e+04
 131.5732786,1.1395196e+04
 131.5937130,1.1396687e+04
 131.6141476,1.1393775e+04
 131.6345820,1.1396952e+04
 131.6550164,1.1398016e+04
 131.6754510,1.1388952e+04
 131.6958854,1.1393854e+04
 131.7163198,1.1401461e+04
 131.7367543,1.1396631e+04
 131.7571888,1.1397531e+04
 131.7776232,1.1392053e+04
 131.7980576,1.1389946e+04
 131.8184922,1.1392544e+04
 131.8389266,1.1391549e+04
 131.8593610,1.1400041e+04
 131.8797955,1.1382339e+04
 131.9002299,1.1393704e+04
 131.9206644,1.1391731e+04
 131.9410988,1.1384027e+04
 131.9615333,1.1384904e+04
 131.9819678,1.1396326e+04
 132.0024022,1.1389449e+04
 132.0228366,1.1396233e+04
 132.0432711,1.1390888e+04
 132.0637056,1.1396252e+04
 132.0841400,1.1390571e+04
 132.1045744,1.1395226e+04
 132.1250090,1.1395941e+04
 132.1454433,1.1390517e+04
 132.1658778,1.1393763e+04
 132.1863123,1.1398705e+04
 132.2067468,1.1395999e+04
 132.2271812,1.1395156e+04
 132.2476156,1.1389629e+04
 132.2680502,1.1387788e+04
 132.2884845,1.1391430e+04
 132.3089190,1.1392151e+04
 132.3293536,1.1394498e+04
 132.3497879,1.1391566e+04
 132.3702224,1.1397430e+04
 132.3906568,1.1390932e+04
 132.4110913,1.1386346e+04
 132.4315257,1.1385850e+04
 132.4519602,1.1389506e+04
 132.4723948,1.1386592e+04
 132.4928291,1.1391917e+04
 132.5132636,1.1387680e+04
 132.5336979,1.1390197e+04
 132.5541325,1.1390786e+04
 132.5745669,1.1387165e+04
 132.5950013,1.1392646e+04
 132.6154359,1.1389783e+04
 132.6358703,1.1381911e+04
 132.6563048,1.1389556e+04
 132.6767391,1.1386144e+04
 132.6971737,1.1392961e+04
 132.7176082,1.1380640e+04
 132.7380425,1.1386828e+04
 132.7584771,1.1393582e+04
 132.7789115,1.1388702e+04
 132.7993459,1.1388326e+04
 132.8197803,1.1392629e+04
 132.8402149,1.1391707e+04
 132.8606493,1.1395256e+04
 132.8810837,1.1388309e+04
 132.9015183,1.1384452e+04
 132.9219526,1.1397083e+04
 132.9423871,1.1389418e+04
 132.9628215,1.1394349e+04
 132.9832561,1.1388072e+04
 133.0036905,1.1397959e+04
 133.0241249,1.1392890e+04
 133.0445594,1.1390301e+04
 133.0649938,1.1387178e+04
 133.0854283,1.1388549e+04
 133.1058627,1.1397331e+04
 133.1262972,1.1392802e+04
 133.1467316,1.1398266e+04
 133.1671661,1.1391623e+04
 133.1876006,1.1387051e+04
 133.2080351,1.1393846e+04
 133.2284695,1.1394362e+04
 133.2489039,1.1392438e+04
 133.2693384,1.1389588e+04
 133.2897728,1.1392391e+04
 133.3102073,1.1399923e+04
 133.3306417,1.1399513e+04
 133.3510762,1.1400699e+04
 133.3715107,1.1396183e+04
 133.3919451,1.1394918e+04
 133.4123796,1.1394614e+04
 133.4328140,1.1393013e+04
 133.4532485,1.1390938e+04
 133.4736829,1.1392740e+04
 133.4941174,1.1394193e+04
 133.5145519,1.1393671e+04
 133.5349862,1.1387440e+04
 133.5554208,1.1391952e+04
 133.5758552,1.1396651e+04
 133.5962896,1.1384189e+04
 133.6167240,1.1388857e+04
 133.6371586,1.1392918e+04
 133.6575931,1.1388026e+04
 133.6780274,1.1395038e+04
 133.6984620,1.1393198e+04
 133.7188964,1.1389523e+04
 133.7393308,1.1397747e+04
 133.7597652,1.1391975e+04
 133.7801998,1.1396099e+04
 133.8006341,1.1393313e+04
 133.8210686,1.1383409e+04
 133.8415031,1.1385239e+04
 133.8619375,1.1383057e+04
 133.8823720,1.1392679e+04
 133.9028064,1.1386921e+04
 133.9232409,1.1386383e+04
 133.9436753,1.1392823e+04
 133.9641098,1.1392119e+04
 133.9845441,1.1393781e+04
 134.0049787,1.1389740e+04
 134.0254132,1.1402114e+04
 134.0458475,1.1397761e+04
 134.0662821,1.1385596e+04
 134.0867165,1.1391644e+04
 134.1071509,1.1384997e+04
 134.1275853,1.1395569e+04
 134.1480199,1.1397263e+04
 134.1684543,1.1394072e+04
 134.1888887,1.1385633e+04
 134.2093232,1.1394514e+04
 134.2297577,1.1399592e+04
 134.2501921,1.1387743e+04
 134.2706265,1.1394675e+04
 134.2910611,1.1390751e+04
 134.3114954,1.1392374e+04
 134.3319299,1.1390438e+04
 134.3523644,1.1393114e+04
 134.3727988,1.1391319e+04
 134.3932332,         null
 134.4136677,1.1390601e+04
 134.4341021,1.1385155e+04
 134.4545366,1.1385305e+04
 134.4749711,1.1387009e+04
 134.4954056,1.1393630e+04
 134.5158400,1.1388263e+04
 134.5362744,1.1396198e+04
 134.5567088,1.1393424e+04
 134.5771433,1.1389469e+04
 134.5975778,1.1387855e+04
 134.6180121,1.1389365e+04
 134.6384466,1.1395895e+04
 134.6588811,1.1386423e+04
 134.6793156,1.1391387e+04
 134.6997500,1.1392148e+04
 134.7201845,1.1391274e+04
 134.7406190,1.1392763e+04
 134.7610533,1.1393602e+04
 134.7814878,1.1386968e+04
 134.8019223,1.1381853e+04
 134.8223568,1.1388911e+04
 134.8427911,1.1396523e+04
 134.8632257,1.1388428e+04
 134.8836601,1.1384974e+04
 134.9040946,1.1397539e+04
 134.9245289,1.1390558e+04
 134.9449635,1.1396084e+04
 134.9653979,1.1393056e+04
 134.9858323,1.1389189e+04
 135.0062668,1.1386546e+04
 135.0267013,1.1387373e+04
 135.0471357,1.1386536e+04
 135.0675701,1.1380444e+04
 135.0880047,1.1391831e+04
 135.1084390,1.1392835e+04
 135.1288735,1.1390871e+04
 135.1493080,1.1392995e+04
 135.1697425,1.1389176e+04
 135.1901768,1.1389565e+04
 135.2106113,1.1395259e+04
 135.2310458,1.1394298e+04
 135.2514802,1.1392014e+04
 135.2719146,1.1395220e+04
 135.2923490,1.1386783e+04
 135.3127835,1.1393161e+04
 135.3332180,1.1399137e+04
 135.3536523,1.1387398e+04
 135.3740869,1.1390552e+04
 135.3945213,1.1399124e+04
 135.4149558,1.1389688e+04
 135.4353902,1.1390042e+04
 135.4558247,1.1399516e+04
 135.4762592,1.1388607e+04
 135.4966935,1.1393623e+04
 135.5171281,1.1395556e+04
 135.5375625,1.1388342e+04
 135.5579969,1.1394644e+04
 135.5784313,1.1396585e+04
 135.5988659,1.1386886e+04
 135.6193002,1.1388197e+04
 135.6397347,1.1395807e+04
 135.6601692,1.1389867e+04
 135.6806037,1.1385570e+04
 135.7010380,1.1391632e+04
 135.7214725,1.1396526e+04
 135.7419070,1.1393548e+04
 135.7623414,1.1382778e+04
 135.7827758,1.1398082e+04
 135.8032104,1.1397243e+04
 135.8236447,1.1389517e+04
 135.8440792,1.1386921e+04
 135.8645136,1.1392257e+04
 135.8849481,1.1392574e+04
 135.9053825,1.1397495e+04
 135.9258170,1.1390449e+04
 135.9462513,1.1396634e+04
 135.9666859,1.1391320e+04
 135.9871203,1.1385894e+04
 136.0075547,1.1392126e+04
 136.0279892,1.1389831e+04
 136.0484237,1.1395507e+04
 136.0688580,1.1395612e+04
 136.0892925,1.1395909e+04
 136.1097270,1.1403647e+04
 136.1301615,1.1396293e+04
 136.1505958,1.1390098e+04
 136.1710304,1.1391030e+04
 136.1914648,1.1401414e+04
 136.2118992,1.1390725e+04
 136.2323336,1.1390703e+04
 136.2527682,1.1389730e+04
 136.2732025,1.1395166e+04
 136.2936370,1.1388468e+04
 136.3140715,1.1392326e+04
 136.3345059,1.1384965e+04
 136.3549403,1.1384278e+04
 136.3753748,1.1387568e+04
 136.3958092,1.1388897e+04
 136.4162437,1.1396103e+04
 136.4366781,1.1397222e+04
 136.4571127,1.1400782e+04
 136.4775470,1.1398060e+04
 136.4979815,1.1389996e+04
 136.5184159,1.1389290e+04
 136.5388504,1.1396198e+04
 136.5592848,1.1395492e+04
 136.5797193,1.1398905e+04
 136.6001537,1.1397151e+04
 136.6205882,1.1389030e+04
 136.6410226,1.1390946e+04
 136.6614571,1.1397420e+04
 136.6818915,1.1394985e+04
 136.7023260,1.1395371e+04
 136.7227604,1.1394911e+04
 136.7431948,1.1397792e+04
 136.7636293,1.1390359e+04
 136.7840638,1.1396172e+04
 136.8044981,1.1398347e+04
 136.8249327,1.1400094e+04
 136.8453671,1.1393019e+04
 136.8658016,1.1397889e+04
 136.8862359,1.1393379e+04
 136.9066705,1.1400921e+04
 136.9271049,1.1394931e+04
 136.9475393,1.1393014e+04
 136.9679738,1.1397752e+04
 136.9884083,1.1390407e+04
 137.0088426,1.1392578e+04
 137.0292771,1.1396525e+04
 137.0497116,1.1388837e+04
 137.0701460,1.1400925e+04
 137.0905804,1.1400657e+04
 137.1110150,1.1399005e+04
 137.1314493,1.1386804e+04
 137.1518837,1.1389740e+04
 137.1723182,1.1395062e+04
 137.1927527,1.1386644e+04
 137.2131871,1.1389436e+04
 137.2336215,1.1393536e+04
 137.2540559,1.1392187e+04
 137.2744904,1.1404092e+04
 137.2949249,1.1395996e+04
 137.3153592,1.1400298e+04
 137.3357938,1.1391283e+04
 137.3562282,1.1396098e+04
 137.3766627,         null
 137.3970970,1.1394749e+04
 137.4175316,1.1391262e+04
 137.4379660,1.1392765e+04
 137.4584004,1.1389944e+04
 137.4788349,1.1398833e+04
 137.4992694,1.1394465e+04
 137.5197037,1.1392256e+04
 137.5401381,1.1397172e+04
 137.5605727,1.1397893e+04
 137.5810070,1.1389506e+04
 137.6014415,1.1399491e+04
 137.6218760,1.1396051e+04
 137.6423105,1.1392196e+04
 137.6627448,1.1388120e+04
 137.6831793,1.1397953e+04
 137.7036138,1.1393240e+04
 137.7240482,1.1394527e+04
 137.7444826,1.1398300e+04
 137.7649172,1.1395176e+04
 137.7853515,1.1388421e+04
 137.8057859,1.1389092e+04
 137.8262203,1.1393270e+04
 137.8466548,1.1395303e+04
 137.8670893,1.1394745e+04
 137.8875237,1.1388894e+04
 137.9079581,1.1391654e+04
 137.9283926,1.1392124e+04
 137.9488271,1.1396107e+04
 137.9692614,1.1388129e+04
 137.9896960,1.1390978e+04
 138.0101304,1.1392670e+04
 138.0305648,1.1399423e+04
 138.0509992,1.1395108e+04
 138.0714337,1.1397560e+04
 138.0918682,1.1394766e+04
 138.1123025,1.1390563e+04
 138.1327371,1.1399849e+04
 138.1531715,1.1396047e+04
 138.1736059,1.1390709e+04
 138.1940403,1.1394022e+04
 138.2144749,1.1391719e+04
 138.2349093,1.1395989e+04
 138.2553436,1.1394160e+04
 138.2757782,1.1402184e+04
 138.2962126,1.1384672e+04
 138.3166470,1.1394292e+04
 138.3370814,1.1400559e+04
 138.3575160,1.1394211e+04
 138.3779504,1.1392091e+04
 138.3983848,1.1399692e+04
 138.4188193,1.1394700e+04
 138.4392537,1.1399169e+04
 138.4596881,1.1392872e+04
 138.4801225,1.1396483e+04
 138.5005571,1.1395166e+04
 138.5209914,1.1392859e+04
 138.5414259,1.1390212e+04
 138.5618603,1.1394884e+04
 138.5822948,1.1402190e+04
 138.6027292,1.1408688e+04
 138.6231636,1.1395399e+04
 138.6435981,1.1397727e+04
 138.6640325,1.1390259e+04
 138.6844670,1.1400235e+04
 138.7049013,1.1396560e+04
 138.7253359,1.1392313e+04
 138.7457703,1.1393529e+04
 138.7662046,1.1391330e+04
 138.7866392,1.1389434e+04
 138.8070736,1.1394064e+04
 138.8275080,1.1399624e+04
 138.8479424,1.1398119e+04
 138.8683770,1.1393044e+04
 138.8888114,1.1389772e+04
 138.9092457,1.1394028e+04
 138.9296803,1.1387189e+04
 138.9501147,1.1390090e+04
 138.9705491,1.1392688e+04
 138.9909835,1.1393919e+04
 139.0114181,1.1388433e+04
 139.0318524,1.1395667e+04
 139.0522868,1.1395900e+04
 139.0727214,1.1389833e+04
 139.0931557,1.1389362e+04
 139.1135902,1.1397747e+04
 139.1340246,1.1389710e+04
 139.1544591,1.1395028e+04
 139.1748935,1.1395729e+04
 139.1953279,1.1390752e+04
 139.2157623,1.1388891e+04
 139.2361968,1.1394503e+04
 139.2566313,1.1398119e+04
 139.2770656,1.1391845e+04
 139.2975001,1.1400227e+04
 139.3179346,1.1395098e+04
 139.3383690,1.1400042e+04
 139.3588034,1.1395826e+04
 139.3792379,1.1391321e+04
 139.3996724,1.1390375e+04
 139.4201067,1.1393889e+04
 139.4405412,1.1391476e+04
 139.4609757,1.1392830e+04
 139.4814100,1.1395640e+04
 139.5018445,1.1393888e+04
 139.5222790,1.1403679e+04
 139.5427133,1.1394068e+04
 139.5631478,1.1399784e+04
 139.5835823,1.1389795e+04
 139.6040167,1.1403246e+04
 139.6244511,1.1395649e+04
 139.6448855,1.1392702e+04
 139.6653201,1.1394646e+04
 139.6857544,1.1379144e+04
 139.7061889,1.1391699e+04
 139.7266233,1.1383015e+04
 139.7470577,1.1393066e+04
 139.7674922,1.1392931e+04
 139.7879266,1.1390619e+04
 139.8083611,1.1395223e+04
 139.8287955,1.1391600e+04
 139.8492299,1.1396292e+04
 139.8696644,1.1395298e+04
 139.8900988,1.1391140e+04
 139.9105333,1.1386399e+04
 139.9309677,1.1390421e+04
 139.9514022,1.1399400e+04
 139.9718366,1.1390408e+04
 139.9922710,1.1399047e+04
 140.0127054,1.1391963e+04
 140.0331399,1.1399860e+04
 140.0535743,1.1389412e+04
 140.0740088,1.1388679e+04
 140.0944432,1.1401402e+04
 140.1148777,1.1381033e+04
 140.1353121,1.1389835e+04
 140.1557464,1.1390557e+04
 140.1761810,1.1388973e+04
 140.1966154,1.1390941e+04
 140.2170498,1.1385235e+04
 140.2374843,1.1398863e+04
 140.2579187,1.1396566e+04
 140.2783531,1.1388040e+04
 140.2987875,1.1396815e+04
 140.3192220,1.1390705e+04
 140.3396564,1.1386588e+04
 140.3600908,         null
 140.3805253,1.1393230e+04
 140.4009598,1.1396479e+04
 140.4213941,1.1392196e+04
 140.4418286,1.1396109e+04
 140.4622631,1.1385296e+04
 140.4826974,1.1392528e+04
 140.5031319,1.1394030e+04
 140.5235662,1.1394341e+04
 140.5440008,1.1395059e+04
 140.5644352,1.1390439e+04
 140.5848696,1.1393592e+04
 140.6053041,1.1405559e+04
 140.6257385,1.1384970e+04
 140.6461729,1.1394676e+04
 140.6666073,1.1394783e+04
 140.6870418,1.1392705e+04
 140.7074763,1.1393229e+04
 140.7279106,1.1392971e+04
 140.7483451,1.1392893e+04
 140.7687796,1.1386034e+04
 140.7892139,1.1390131e+04
 140.8096483,1.1389503e+04
 140.8300829,1.1387919e+04
 140.8505173,1.1392298e+04
 140.8709517,1.1396446e+04
 140.8913861,1.1396636e+04
 140.9118206,1.1396449e+04
 140.9322550,1.1387570e+04
 140.9526894,1.1403126e+04
 140.9731239,1.1395841e+04
 140.9935583,1.1398045e+04
 141.0139927,1.1394778e+04
 141.0344271,1.1398436e+04
 141.0548616,1.1389946e+04
 141.0752960,1.1394988e+04
 141.0957304,1.1399079e+04
 141.1161649,1.1396074e+04
 141.1365993,1.1398948e+04
 141.1570338,1.1397542e+04
 141.1774681,1.1396372e+04
 141.1979026,1.1397451e+04
 141.2183371,1.1394735e+04
 141.2387714,1.1387837e+04
 141.2592059,1.1385869e+04
 141.2796404,1.1395397e+04
 141.3000747,1.1396510e+04
 141.3205091,1.1398033e+04
 141.3409437,1.1394506e+04
 141.3613781,1.1389440e+04
 141.3818124,1.1401498e+04
 141.4022469,1.1397969e+04
 141.4226814,1.1402659e+04
 141.4431158,1.1394600e+04
 141.4635502,1.1385629e+04
 141.4839847,1.1391574e+04
 141.5044191,1.1389366e+04
 141.5248535,1.1394401e+04
 141.5452879,1.1393625e+04
 141.5657223,1.1397807e+04
 141.5861569,1.1398753e+04
 141.6065912,1.1397402e+04
 141.6270257,1.1400510e+04
 141.6474602,1.1396885e+04
 141.6678945,1.1397390e+04
 141.6883289,1.1395654e+04
 141.7087635,1.1395783e+04
 141.7291978,1.1388827e+04
 141.7496322,1.1399071e+04
 141.7700668,1.1403632e+04
 141.7905011,1.1397087e+04
 141.8109355,1.1399794e+04
 141.8313700,1.1393895e+04
 141.8518044,1.1394112e+04
 141.8722388,1.1397621e+04
 141.8926733,1.1393944e+04
 141.9131078,1.1395069e+04
 141.9335421,1.1390634e+04
 141.9539766,1.1392187e+04
 141.9744109,1.1398489e+04
 141.9948454,1.1393861e+04
 142.0152799,1.1397112e+04
 142.0357142,1.1397784e+04
 142.0561486,1.1389937e+04
 142.0765832,1.1395396e+04
 142.0970176,1.1390998e+04
 142.1174519,1.1395537e+04
 142.1378865,1.1398641e+04
 142.1583209,1.1402123e+04
 142.1787552,1.1395192e+04
 142.1991897,1.1397397e+04
 142.2196242,1.1393563e+04
 142.2400585,1.1398725e+04
 142.2604930,1.1401105e+04
 142.2809275,1.1394816e+04
 142.3013618,1.1398418e+04
 142.3217962,1.1389863e+04
 142.3422307,1.1396511e+04
 142.3626652,1.1400485e+04
 142.3830995,1.1396983e+04
 142.4035340,1.1393257e+04
 142.4239685,1.1396891e+04
 142.4444028,1.1391962e+04
 142.4648373,1.1392095e+04
 142.4852716,1.1395440e+04
 142.5057061,1.1398661e+04
 142.5261406,1.1401771e+04
 142.5465750,1.1396210e+04
 142.5670093,1.1397052e+04
 142.5874438,1.1400861e+04
 142.6078783,1.1394207e+04
 142.6283126,1.1395379e+04
 142.6487471,1.1402857e+04
 142.6691816,1.1396155e+04
 142.6896159,1.1401422e+04
 142.7100503,1.1390312e+04
 142.7304848,1.1397254e+04
 142.7509192,1.1393367e+04
 142.7713536,1.1397128e+04
 142.7917881,1.1383395e+04
 142.8122225,1.1393885e+04
 142.8326569,1.1392221e+04
 142.8530913,1.1394413e+04
 142.8735259,1.1393580e+04
 142.8939602,1.1388509e+04
 142.9143946,1.1396390e+04
 142.9348291,1.1392313e+04
 142.9552635,1.1396728e+04
 142.9756979,1.1398050e+04
 142.9961322,1.1389702e+04
 143.0165668,1.1387485e+04
 143.0370012,1.1391826e+04
 143.0574356,1.1388543e+04
 143.0778700,1.1390506e+04
 143.0983045,1.1392702e+04
 143.1187389,1.1398928e+04
 143.1391733,1.1387985e+04
 143.1596078,1.1388195e+04
 143.1800422,1.1395959e+04
 143.2004765,1.1389596e+04
 143.2209109,1.1390408e+04
 143.2413455,1.1390642e+04
 143.2617799,1.1389428e+04
 143.2822143,1.1399870e+04
 143.3026487,1.1397594e+04
 143.3230832,1.1400923e+04
 143.3435176,         null
 143.3639519,1.1392058e+04
 143.3843865,1.1402905e+04
 143.4048209,1.1390394e+04
 143.4252552,1.1383898e+04
 143.4456897,1.1389306e+04
 143.4661242,1.1392883e+04
 143.4865585,1.1384436e+04
 143.5069929,1.1386049e+04
 143.5274274,1.1389185e+04
 143.5478619,1.1385446e+04
 143.5682962,1.1398494e+04
 143.5887307,1.1391287e+04
 143.6091651,1.1391585e+04
 143.6295995,1.1389082e+04
 143.6500339,1.1389218e+04
 143.6704684,1.1390141e+04
 143.6909027,1.1395527e+04
 143.7113372,1.1386050e+04
 143.7317716,1.1395211e+04
 143.7522060,1.1387454e+04
 143.7726404,1.1388290e+04
 143.7930749,1.1388141e+04
 143.8135093,1.1392203e+04
 143.8339437,1.1381696e+04
 143.8543781,1.1389455e+04
 143.8748125,1.1388112e+04
 143.8952470,1.1388888e+04
 143.9156814,1.1389908e+04
 143.9361157,1.1383304e+04
 143.9565503,1.1389665e+04
 143.9769847,1.1387396e+04
 143.9974190,1.1393774e+04
 144.0178534,1.1391309e+04
 144.0382880,1.1383462e+04
 144.0587224,1.1390971e+04
 144.0791567,1.1391371e+04
 144.0995912,1.1384575e+04
 144.1200257,1.1387526e+04
 144.1404600,1.1391538e+04
 144.1608944,1.1399588e+04
 144.1813289,1.1389185e+04
 144.2017633,1.1397103e+04
 144.2221977,1.1383288e+04
 144.2426322,1.1383099e+04
 144.2630665,1.1383120e+04
 144.2835010,1.1384306e+04
 144.3039354,1.1387023e+04
 144.3243698,1.1390410e+04
 144.3448042,1.1385385e+04
 144.3652386,1.1387580e+04
 144.3856730,1.1391705e+04
 144.4061075,1.1395942e+04
 144.4265419,1.1388618e+04
 144.4469762,1.1391280e+04
 144.4674108,1.1386540e+04
 144.4878452,1.1389196e+04
 144.5082795,1.1388598e+04
 144.5287139,1.1389173e+04
 144.5491484,1.1384335e+04
 144.5695829,1.1387666e+04
 144.5900172,1.1392668e+04
 144.6104517,1.1380714e+04
 144.6308861,1.1385306e+04
 144.6513205,1.1387875e+04
 144.6717549,1.1387790e+04
 144.6921894,1.1387567e+04
 144.7126237,1.1385206e+04
 144.7330581,1.1399685e+04
 144.7534927,1.1396307e+04
 144.7739270,1.1388888e+04
 144.7943614,1.1387983e+04
 144.8147958,1.1387062e+04
 144.8352303,1.1390440e+04
 144.8556647,1.1383955e+04
 144.8760991,1.1392844e+04
 144.8965335,1.1388230e+04
 144.9169679,1.1384757e+04
 144.9374023,1.1391799e+04
 144.9578368,1.1394413e+04
 144.9782713,1.1388108e+04
 144.9987056,1.1396786e+04
 145.0191400,1.1391632e+04
 145.0395744,1.1392295e+04
 145.0600089,1.1387188e+04
 145.0804433,1.1393084e+04
 145.1008777,1.1396165e+04
 145.1213122,1.1392773e+04
 145.1417465,1.1395641e+04
 145.1621810,1.1386730e+04
 145.1826153,1.1391503e+04
 145.2030498,1.1391869e+04
 145.2234842,1.1399062e+04
 145.2439185,1.1391607e+04
 145.2643531,1.1392617e+04
 145.2847875,1.1392504e+04
 145.3052219,1.1394684e+04
 145.3256562,1.1389564e+04
 145.3460907,1.1390786e+04
 145.3665252,1.1388700e+04
 145.3869595,1.1389683e+04
 145.4073940,1.1392678e+04
 145.4278284,1.1387254e+04
 145.4482627,1.1391088e+04
 145.4686971,1.1398873e+04
 145.4891317,1.1398073e+04
 145.5095660,1.1393302e+04
 145.5300004,1.1393444e+04
 145.5504348,1.1389627e+04
 145.5708693,1.1391234e+04
 145.5913037,1.1391068e+04
 145.6117381,1.1389833e+04
 145.6321726,1.1393058e+04
 145.6526069,1.1400277e+04
 145.6730413,1.1386328e+04
 145.6934756,1.1393668e+04
 145.7139102,1.1389077e+04
 145.7343446,1.1392389e+04
 145.7547790,1.1391386e+04
 145.7752134,1.1384264e+04
 145.7956478,1.1390193e+04
 145.8160822,1.1391829e+04
 145.8365166,1.1397655e+04
 145.8569511,1.1386693e+04
 145.8773855,1.1387365e+04
 145.8978198,1.1391528e+04
 145.9182543,1.1385550e+04
 145.9386887,1.1391820e+04
 145.9591231,1.1386133e+04
 145.9795575,1.1395214e+04
 145.9999920,1.1385162e+04
 146.0204264,1.1401579e+04
 146.0408607,1.1385531e+04
 146.0612952,1.1396523e+04
 146.0817296,1.1395746e+04
 146.1021640,1.1388029e+04
 146.1225984,1.1392205e+04
 146.1430329,1.1392958e+04
 146.1634672,1.1394326e+04
 146.1839016,1.1388880e+04
 146.2043360,1.1392285e+04
 146.2247705,1.1389966e+04
 146.2452049,1.1394154e+04
 146.2656393,1.1396950e+04
 146.2860737,1.1386113e+04
 146.3065081,1.1394981e+04
 146.3269425,         null
 146.3473768,1.1388334e+04
 146.3678113,1.1384789e+04
 146.3882458,1.1391609e+04
 146.4086801,1.1385222e+04
 146.4291146,1.1390638e+04
 146.4495490,1.1388173e+04
 146.4699833,1.1392808e+04
 146.4904178,1.1387703e+04
 146.5108522,1.1386930e+04
 146.5312867,1.1392527e+04
 146.5517210,1.1384771e+04
 146.5721555,1.1387114e+04
 146.5925899,1.1394348e+04
 146.6130243,1.1395964e+04
 146.6334586,1.1391818e+04
 146.6538931,1.1386819e+04
 146.6743275,1.1391650e+04
 146.6947619,1.1389632e+04
 146.7151964,1.1387838e+04
 146.7356308,1.1382945e+04
 146.7560652,1.1388356e+04
 146.7764995,1.1383825e+04
 146.7969340,1.1389121e+04
 146.8173684,1.1389426e+04
 146.8378027,1.1387557e+04
 146.8582372,1.1395979e+04
 146.8786717,1.1388393e+04
 146.8991060,1.1388438e+04
 146.9195404,1.1391197e+04
 146.9399749,1.1383280e+04
 146.9604092,1.1388406e+04
 146.9808436,1.1386195e+04
 147.0012780,1.1392863e+04
 147.0217124,1.1388452e+04
 147.0421469,1.1388996e+04
 147.0625813,1.1388958e+04
 147.0830158,1.1392483e+04
 147.1034501,1.1389906e+04
 147.1238845,1.1392262e+04
 147.1443188,1.1385636e+04
 147.1647533,1.1391774e+04
 147.1851877,1.1398104e+04
 147.2056220,1.1384796e+04
 147.2260565,1.1388667e+04
 147.2464910,1.1390479e+04
 147.2669254,1.1391037e+04
 147.2873597,1.1387568e+04
 147.3077942,1.1381540e+04
 147.3282286,1.1385297e+04
 147.3486629,1.1384515e+04
 147.3690973,1.1387259e+04
 147.3895318,1.1399495e+04
 147.4099661,1.1392665e+04
 147.4304005,1.1385444e+04
 147.4508350,1.1389173e+04
 147.4712694,1.1384889e+04
 147.4917038,1.1392782e+04
 147.5121382,1.1387621e+04
 147.5325727,1.1390090e+04
 147.5530070,1.1388395e+04
 147.5734414,1.1386489e+04
 147.5938759,1.1385051e+04
 147.6143102,1.1394643e+04
 147.6347446,1.1395667e+04
 147.6551789,1.1392730e+04
 147.6756134,1.1394073e+04
 147.6960478,1.1382623e+04
 147.7164822,1.1382601e+04
 147.7369167,1.1387658e+04
 147.7573511,1.1385638e+04
 147.7777855,1.1392613e+04
 147.7982198,1.1390541e+04
 147.8186543,1.1392487e+04
 147.8390887,1.1397430e+04
 147.8595230,1.1383479e+04
 147.8799574,1.1391375e+04
 147.9003919,         null
 147.9208262,1.1384103e+04
 147.9412606,1.1389526e+04
 147.9616951,1.1391624e+04
 147.9821294,1.1383870e+04
 148.0025638,1.1392450e+04
 148.0229983,1.1384975e+04
 148.0434328,1.1389926e+04
 148.0638671,1.1394772e+04
 148.0843015,1.1384618e+04
 148.1047360,1.1388713e+04
 148.1251703,1.1387022e+04
 148.1456047,1.1391215e+04
 148.1660391,1.1391566e+04
 148.1864735,1.1386289e+04
 148.2069079,1.1389025e+04
 148.2273423,1.1387671e+04
 148.2477768,1.1390888e+04
 148.2682111,1.1381649e+04
 148.2886455,1.1395327e+04
 148.3090799,1.1384654e+04
 148.3295143,1.1382832e+04
 148.3499487,1.1388316e+04
 148.3703831,1.1385339e+04
 148.3908174,1.1384516e+04
 148.4112519,1.1398772e+04
 148.4316864,1.1399767e+04
 148.4521208,1.1396857e+04
 148.4725552,1.1386216e+04
 148.4929896,1.1389598e+04
 148.5134240,1.1392740e+04
 148.5338583,1.1388567e+04
 148.5542928,1.1389271e+04
 148.5747272,1.1385571e+04
 148.5951615,1.1389028e+04
 148.6155960,1.1386736e+04
 148.6360304,1.1384155e+04
 148.6564647,1.1399251e+04
 148.6768991,1.1390526e+04
 148.6973336,1.1389920e+04
 148.7177679,1.1388661e+04
 148.7382023,1.1390079e+04
 148.7586368,1.1393852e+04
 148.7790712,1.1392116e+04
 148.7995055,1.1395456e+04
 148.8199399,1.1387923e+04
 148.8403744,1.1388820e+04
 148.8608087,1.1393166e+04
 148.8812431,1.1395102e+04
 148.9016776,1.1391443e+04
 148.9221119,1.1386060e+04
 148.9425463,1.1386963e+04
 148.9629807,1.1400386e+04
 148.9834151,1.1392672e+04
 149.0038495,1.1389090e+04
 149.0242839,1.1398295e+04
 149.0447182,1.1394205e+04
 149.0651527,1.1385817e+04
 149.0855871,1.1401800e+04
 149.1060214,1.1401091e+04
 149.1264559,1.1393738e+04
 149.1468903,1.1390193e+04
 149.1673246,1.1390724e+04
 149.1877590,1.1399243e+04
 149.2081935,1.1389388e+04
 149.2286279,1.1386128e+04
 149.2490622,1.1397070e+04
 149.2694967,1.1385383e+04
 149.2899311,1.1383744e+04
 149.3103654,         null
 149.3307998,1.1388050e+04
 149.3512343,1.1383522e+04
 149.3716686,1.1390673e+04
 149.3921030,1.1388762e+04
 149.4125375,1.1394035e+04
 149.4329718,1.1394456e+04
 149.4534062,1.1399378e+04
 149.4738406,1.1393893e+04
 149.4942750,1.1392167e+04
 149.5147094,1.1400950e+04
 149.5351438,1.1402061e+04
 149.5555783,1.1397610e+04
 149.5760126,1.1394534e+04
 149.5964470,1.1400586e+04
 149.6168813,1.1399668e+04
 149.6373158,1.1400926e+04
 149.6577502,1.1392623e+04
 149.6781845,1.1391921e+04
 149.6986189,1.1388040e+04
 149.7190534,1.1391752e+04
 149.7394878,1.1389162e+04
 149.7599221,1.1388125e+04
 149.7803566,1.1391516e+04
 149.8007910,1.1389475e+04
 149.8212253,1.1396109e+04
 149.8416597,1.1391536e+04
 149.8620942,1.1391916e+04
 149.8825286,1.1393944e+04
 149.9029628,1.1396675e+04
 149.9233973,1.1390405e+04
 149.9438317,1.1402043e+04
 149.9642661,1.1392915e+04
 149.9847004,1.1396836e+04
 150.0051349,1.1388863e+04
 150.0255693,1.1395431e+04
 150.0460036,1.1394454e+04
 150.0664381,1.1386082e+04
 150.0868725,1.1393957e+04
 150.1073068,1.1397218e+04
 150.1277412,1.1395712e+04
 150.1481757,1.1395326e+04
 150.1686100,1.1397733e+04
 150.1890444,1.1392461e+04
 150.2094789,1.1388960e+04
 150.2299132,1.1390412e+04
 150.2503476,1.1393084e+04
 150.2707820,1.1390023e+04
 150.2912165,1.1388845e+04
 150.3116507,1.1395844e+04
 150.3320851,1.1391381e+04
 150.3525194,1.1391840e+04
 150.3729539,1.1393819e+04
 150.3933883,1.1383507e+04
 150.4138226,1.1390026e+04
 150.4342571,1.1396874e+04
 150.4546915,1.1394897e+04
 150.4751259,1.1402583e+04
 150.4955602,1.1392033e+04
 150.5159947,1.1387419e+04
 150.5364291,1.1384091e+04
 150.5568634,1.1389610e+04
 150.5772979,1.1391025e+04
 150.5977323,1.1387581e+04
 150.6181665,1.1388146e+04
 150.6386009,1.1388991e+04
 150.6590354,1.1386730e+04
 150.6794697,1.1387511e+04
 150.6999041,1.1384604e+04
 150.7203386,1.1383193e+04
 150.7407730,1.1386743e+04
 150.7612073,1.1379072e+04
 150.7816417,1.1394703e+04
 150.8020762,1.1393677e+04
 150.8225105,1.1386262e+04
 150.8429449,1.1381770e+04
 150.8633793,1.1384427e+04
 150.8838136,1.1379046e+04
 150.9042480,1.1388396e+04
 150.9246824,1.1381786e+04
 150.9451168,1.1390918e+04
 150.9655512,1.1384113e+04
 150.9859856,1.1381131e+04
 151.0064199,1.1382826e+04
 151.0268544,1.1373551e+04
 151.0472888,1.1385438e+04
 151.0677230,1.1385320e+04
 151.0881575,1.1387121e+04
 151.1085919,1.1380331e+04
 151.1290262,1.1385421e+04
 151.1494606,1.1376532e+04
 151.1698951,1.1376834e+04
 151.1903294,1.1379829e+04
 151.2107638,1.1394605e+04
 151.2311983,1.1382414e+04
 151.2516326,1.1381944e+04
 151.2720669,1.1382807e+04
 151.2925013,1.1383361e+04
 151.3129358,1.1385607e+04
 151.3333701,1.1390006e+04
 151.3538045,1.1383229e+04
 151.3742390,1.1388629e+04
 151.3946733,1.1386798e+04
 151.4151077,1.1386823e+04
 151.4355420,1.1384285e+04
 151.4559764,1.1382519e+04
 151.4764108,1.1374498e+04
 151.4968452,1.1383988e+04
 151.5172796,1.1384327e+04
 151.5377140,1.1376505e+04
 151.5581484,1.1381372e+04
 151.5785827,1.1383502e+04
 151.5990172,1.1386198e+04
 151.6194515,1.1384567e+04
 151.6398859,1.1382802e+04
 151.6603203,         null
 151.6807547,1.1385321e+04
 151.7011891,1.1381618e+04
 151.7216235,1.1383944e+04
 151.7420578,1.1389148e+04
 151.7624922,1.1380138e+04
 151.7829266,1.1386125e+04
 151.8033609,1.1383573e+04
 151.8237954,1.1385741e+04
 151.8442298,1.1386366e+04
 151.8646641,1.1388055e+04
 151.8850985,1.1387349e+04
 151.9055329,1.1384912e+04
 151.9259672,1.1383484e+04
 151.9464016,1.1387634e+04
 151.9668361,1.1398733e+04
 151.9872705,1.1381793e+04
 152.0077047,1.1390074e+04
 152.0281392,1.1387389e+04
 152.0485736,1.1380709e+04
 152.0690079,1.1389465e+04
 152.0894423,1.1383167e+04
 152.1098768,1.1387252e+04
 152.1303110,1.1385852e+04
 152.1507454,1.1387850e+04
 152.1711798,1.1383070e+04
 152.1916142,1.1382388e+04
 152.2120486,1.1390001e+04
 152.2324830,1.1387317e+04
 152.2529174,1.1390653e+04
 152.2733517,1.1389559e+04
 152.2937861,         null
 152.3142204,1.1385014e+04
 152.3346549,1.1380963e+04
 152.3550893,1.1389708e+04
 152.3755235,1.1393088e+04
 152.3959580,1.1388220e+04
 152.4163924,1.1388567e+04
 152.4368268,1.1389930e+04
 152.4572611,1.1386120e+04
 152.4776956,1.1391527e+04
 152.4981299,1.1386683e+04
 152.5185642,1.1397044e+04
 152.5389987,1.1387957e+04
 152.5594331,1.1389251e+04
 152.5798674,1.1391918e+04
 152.6003017,1.1388565e+04
 152.6207362,1.1394688e+04
 152.6411705,1.1391059e+04
 152.6616049,         null
 152.6820393,1.1389241e+04
 152.7024736,1.1388883e+04
 152.7229080,1.1387388e+04
 152.7433424,1.1390444e+04
 152.7637769,1.1391534e+04
 152.7842112,1.1388113e+04
 152.8046455,1.1390407e+04
 152.8250798,1.1390762e+04
 152.8455143,1.1382968e+04
 152.8659487,1.1390671e+04
 152.8863830,1.1388744e+04
 152.9068174,1.1401071e+04
 152.9272518,1.1385115e+04
 152.9476862,1.1394856e+04
 152.9681205,1.1398684e+04
 152.9885549,1.1392776e+04
 153.0089893,1.1396058e+04
 153.0294236,1.1393758e+04
 153.0498581,1.1394898e+04
 153.0702925,1.1388358e+04
 153.0907267,1.1380948e+04
 153.1111611,1.1386911e+04
 153.1315956,1.1394777e+04
 153.1520299,1.1385371e+04
 153.1724643,1.1388911e+04
 153.1928986,1.1392405e+04
 153.2133331,1.1392891e+04
 153.2337675,1.1393590e+04
 153.2542018,1.1387360e+04
 153.2746362,1.1387510e+04
 153.2950706,1.1385210e+04
 153.3155049,1.1384301e+04
 153.3359393,1.1393374e+04
 153.3563736,1.1380942e+04
 153.3768080,1.1391542e+04
 153.3972424,1.1388946e+04
 153.4176769,1.1398469e+04
 153.4381112,1.1391647e+04
 153.4585455,1.1392097e+04
 153.4789799,1.1392211e+04
 153.4994144,1.1386978e+04
 153.5198486,1.1388229e+04
 153.5402830,1.1386726e+04
 153.5607175,1.1387854e+04
 153.5811518,1.1385932e+04
 153.6015861,1.1391057e+04
 153.6220205,1.1388718e+04
 153.6424549,1.1387539e+04
 153.6628893,1.1390667e+04
 153.6833236,1.1385452e+04
 153.7037579,1.1391170e+04
 153.7241924,1.1379870e+04
 153.7446268,1.1396432e+04
 153.7650610,1.1384317e+04
 153.7854955,1.1387320e+04
 153.8059299,1.1384373e+04
 153.8263642,1.1384928e+04
 153.8467985,1.1391572e+04
 153.8672330,1.1383234e+04
 153.8876673,1.1390720e+04
 153.9081017,1.1384161e+04
 153.9285361,1.1384312e+04
 153.9489705,1.1385649e+04
 153.9694048,1.1391236e+04
 153.9898391,1.1389409e+04
 154.0102736,1.1385987e+04
 154.0307079,1.1388793e+04
 154.0511423,1.1382047e+04
 154.0715767,1.1389511e+04
 154.0920110,1.1386499e+04
 154.1124454,1.1387269e+04
 154.1328797,1.1385292e+04
 154.1533141,1.1388990e+04
 154.1737485,1.1391160e+04
 154.1941829,1.1378258e+04
 154.2146172,1.1389440e+04
 154.2350516,1.1377431e+04
 154.2554860,1.1392915e+04
 154.2759202,1.1390039e+04
 154.2963547,1.1387173e+04
 154.3167891,1.1384544e+04
 154.3372234,1.1378154e+04
 154.3576577,1.1376611e+04
 154.3780922,1.1384301e+04
 154.3985265,1.1381893e+04
 154.4189608,1.1385880e+04
 154.4393953,1.1380544e+04
 154.4598297,1.1383272e+04
 154.4802639,1.1391151e+04
 154.5006983,1.1382552e+04
 154.5211328,1.1384100e+04
 154.5415670,1.1389172e+04
 154.5620014,1.1387872e+04
 154.5824359,1.1385824e+04
 154.6028702,1.1379787e+04
 154.6233045,1.1383750e+04
 154.6437389,1.1386033e+04
 154.6641733,1.1383182e+04
 154.6846076,1.1387529e+04
 154.7050420,1.1393721e+04
 154.7254765,1.1389493e+04
 154.7459107,1.1384838e+04
 154.7663451,1.1383181e+04
 154.7867795,1.1388603e+04
 154.8072138,1.1385049e+04
 154.8276482,1.1379678e+04
 154.8480825,1.1385726e+04
 154.8685169,1.1380738e+04
 154.8889513,1.1381895e+04
 154.9093857,1.1381644e+04
 154.9298200,1.1380451e+04
 154.9502544,1.1383810e+04
 154.9706888,1.1383624e+04
 154.9911231,1.1377904e+04
 155.0115574,1.1385763e+04
 155.0319919,1.1380842e+04
 155.0524262,1.1380957e+04
 155.0728605,1.1380668e+04
 155.0932950,1.1382914e+04
 155.1137293,1.1381123e+04
 155.1341636,1.1384184e+04
 155.1545980,1.1379655e+04
 155.1750324,1.1381629e+04
 155.1954668,1.1383090e+04
 155.2159010,1.1389211e+04
 155.2363354,1.1382202e+04
 155.2567699,1.1387121e+04
 155.2772041,         null
 155.2976385,1.1379505e+04
 155.3180730,1.1383603e+04
 155.3385072,1.1380863e+04
 155.3589416,1.1373342e+04
 155.3793760,1.1378618e+04
 155.3998103,1.1373245e+04
 155.4202447,1.1384550e+04
 155.4406791,1.1379031e+04
 155.4611135,1.1381062e+04
 155.4815478,1.1383705e+04
 155.5019821,1.1383244e+04
 155.5224164,1.1381570e+04
 155.5428509,1.1386611e+04
 155.5632852,         null
 155.5837195,1.1382793e+04
 155.6041540,1.1384422e+04
 155.6245883,1.1376320e+04
 155.6450227,1.1381762e+04
 155.6654569,1.1385562e+04
 155.6858914,1.1381186e+04
 155.7063258,1.1378993e+04
 155.7267600,1.1382842e+04
 155.7471944,1.1383658e+04
 155.7676288,1.1379798e+04
 155.7880631,1.1384032e+04
 155.8084975,1.1385183e+04
 155.8289319,1.1377625e+04
 155.8493662,1.1385442e+04
 155.8698005,1.1376503e+04
 155.8902349,1.1386555e+04
 155.9106694,1.1384463e+04
 155.9311036,1.1380155e+04
 155.9515380,1.1385489e+04
 155.9719724,1.1377882e+04
 155.9924067,1.1381026e+04
 156.0128411,1.1380244e+04
 156.0332753,1.1387716e+04
 156.0537098,1.1383296e+04
 156.0741441,1.1384486e+04
 156.0945785,1.1381870e+04
 156.1150129,1.1381181e+04
 156.1354472,1.1385572e+04
 156.1558816,1.1388014e+04
 156.1763158,1.1383373e+04
 156.1967503,1.1383379e+04
 156.2171846,1.1380599e+04
 156.2376189,1.1379850e+04
 156.2580533,1.1380692e+04
 156.2784877,1.1387085e+04
 156.2989220,1.1381431e+04
 156.3193563,1.1389914e+04
 156.3397908,1.1382381e+04
 156.3602251,1.1383102e+04
 156.3806594,1.1380161e+04
 156.4010938,1.1383066e+04
 156.4215282,1.1386372e+04
 156.4419625,1.1389733e+04
 156.4623968,1.1379609e+04
 156.4828313,1.1380470e+04
 156.5032655,1.1379183e+04
 156.5236999,1.1380777e+04
 156.5441343,1.1381194e+04
 156.5645686,1.1379394e+04
 156.5850030,1.1382446e+04
 156.6054373,1.1385484e+04
 156.6258717,1.1387157e+04
 156.6463060,1.1384029e+04
 156.6667404,1.1377303e+04
 156.6871747,1.1388077e+04
 156.7076091,1.1384270e+04
 156.7280435,1.1388150e+04
 156.7484778,1.1380440e+04
 156.7689121,1.1378332e+04
 156.7893465,1.1379808e+04
 156.8097809,1.1388513e+04
 156.8302152,1.1388950e+04
 156.8506496,1.1389826e+04
 156.8710839,1.1384028e+04
 156.8915183,1.1389870e+04
 156.9119525,1.1381741e+04
 156.9323870,1.1389181e+04
 156.9528213,1.1385589e+04
 156.9732556,1.1383693e+04
 156.9936901,1.1397400e+04
 157.0141244,1.1386687e+04
 157.0345587,1.1387501e+04
 157.0549930,1.1381734e+04
 157.0754275,1.1382730e+04
 157.0958617,1.1390235e+04
 157.1162961,1.1391759e+04
 157.1367305,1.1386532e+04
 157.1571649,1.1386980e+04
 157.1775991,1.1388632e+04
 157.1980335,1.1381103e+04
 157.2184679,1.1379188e+04
 157.2389022,1.1387099e+04
 157.2593365,1.1393166e+04
 157.2797709,1.1394083e+04
 157.3002052,1.1390495e+04
 157.3206396,1.1387843e+04
 157.3410739,1.1386488e+04
 157.3615083,1.1390543e+04
 157.3819426,1.1385943e+04
 157.4023770,1.1380397e+04
 157.4228112,1.1381454e+04
 157.4432457,1.1380185e+04
 157.4636800,1.1385688e+04
 157.4841143,1.1386740e+04
 157.5045487,1.1388250e+04
 157.5249831,1.1374294e+04
 157.5454173,1.1383002e+04
 157.5658517,1.1388366e+04
 157.5862861,1.1385054e+04
 157.6067204,1.1388350e+04
 157.6271547,1.1387575e+04
 157.6475892,1.1376656e+04
 157.6680235,1.1382511e+04
 157.6884578,1.1395057e+04
 157.7088921,1.1386785e+04
 157.7293266,1.1385711e+04
 157.7497608,1.1382771e+04
 157.7701952,1.1389213e+04
 157.7906296,1.1389010e+04
 157.8110638,1.1392626e+04
 157.8314982,1.1385936e+04
 157.8519325,1.1384725e+04
 157.8723669,1.1387824e+04
 157.8928012,1.1385778e+04
 157.9132356,1.1390760e+04
 157.9336698,1.1383750e+04
 157.9541043,1.1382329e+04
 157.9745386,1.1385136e+04
 157.9949729,1.1379770e+04
 158.0154073,1.1380485e+04
 158.0358417,1.1386145e+04
 158.0562759,1.1379209e+04
 158.0767102,1.1387606e+04
 158.0971447,1.1389601e+04
 158.1175790,1.1388314e+04
 158.1380133,1.1384382e+04
 158.1584477,1.1386353e+04
 158.1788821,1.1390810e+04
 158.1993163,1.1388220e+04
 158.2197507,1.1382569e+04
 158.2401851,1.1379392e+04
 158.2606193,         null
 158.2810537,1.1381169e+04
 158.3014881,1.1385027e+04
 158.3219225,1.1387768e+04
 158.3423567,1.1384604e+04
 158.3627911,1.1386546e+04
 158.3832255,1.1388695e+04
 158.4036599,1.1385744e+04
 158.4240941,1.1388335e+04
 158.4445284,1.1379773e+04
 158.4649629,1.1391457e+04
 158.4853971,1.1394830e+04
 158.5058315,1.1380190e+04
 158.5262659,1.1391851e+04
 158.5467001,1.1391211e+04
 158.5671345,1.1389812e+04
 158.5875688,1.1391074e+04
 158.6080032,1.1386634e+04
 158.6284375,1.1387540e+04
 158.6488719,1.1401067e+04
 158.6693063,1.1389551e+04
 158.6897405,1.1394106e+04
 158.7101749,1.1386641e+04
 158.7306091,1.1390728e+04
 158.7510436,1.1384980e+04
 158.7714779,1.1388514e+04
 158.7919122,1.1392131e+04
 158.8123466,1.1388581e+04
 158.8327809,1.1387355e+04
 158.8532153,1.1382601e+04
 158.8736495,1.1395249e+04
 158.8940839,1.1389168e+04
 158.9145183,1.1391032e+04
 158.9349525,1.1389040e+04
 158.9553870,1.1382569e+04
 158.9758213,1.1379735e+04
 158.9962555,1.1384372e+04
 159.0166899,1.1391027e+04
 159.0371243,1.1395017e+04
 159.0575585,1.1385312e+04
 159.0779929,1.1398465e+04
 159.0984272,1.1383759e+04
 159.1188617,1.1380850e+04
 159.1392959,1.1390175e+04
 159.1597302,1.1390010e+04
 159.1801647,1.1391118e+04
 159.2005989,1.1389254e+04
 159.2210332,1.1397598e+04
 159.2414675,1.1392914e+04
 159.2619019,1.1394298e+04
 159.2823363,1.1388316e+04
 159.3027706,1.1392631e+04
 159.3232049,1.1396995e+04
 159.3436393,1.1395374e+04
 159.3640736,1.1388830e+04
 159.3845078,1.1384803e+04
 159.4049423,1.1380988e+04
 159.4253766,1.1397059e+04
 159.4458108,1.1383470e+04
 159.4662453,1.1380782e+04
 159.4866796,1.1386062e+04
 159.5071139,1.1390780e+04
 159.5275482,1.1389514e+04
 159.5479826,1.1395431e+04
 159.5684169,1.1383065e+04
 159.5888512,1.1387447e+04
 159.6092855,1.1395521e+04
 159.6297200,1.1389178e+04
 159.6501542,1.1385924e+04
 159.6705885,1.1406412e+04
 159.6910230,1.1392469e+04
 159.7114572,1.1387397e+04
 159.7318915,1.1391463e+04
 159.7523259,1.1388784e+04
 159.7727602,1.1383715e+04
 159.7931945,1.1395422e+04
 159.8136289,1.1396397e+04
 159.8340632,1.1395540e+04
 159.8544975,1.1392621e+04
 159.8749319,1.1392002e+04
 159.8953661,1.1381465e+04
 159.9158005,1.1389535e+04
 159.9362349,1.1400907e+04
 159.9566692,1.1386947e+04
 159.9771035,1.1389055e+04
 159.9975378,1.1388177e+04
 160.0179722,1.1395834e+04
 160.0384065,1.1383400e+04
 160.0588408,1.1387454e+04
 160.0792752,1.1391893e+04
 160.0997095,1.1392251e+04
 160.1201437,1.1390231e+04
 160.1405782,1.1393049e+04
 160.1610125,1.1397970e+04
 160.1814467,1.1394472e+04
 160.2018812,1.1402423e+04
 160.2223155,1.1391802e+04
 160.2427497,1.1398312e+04
 160.2631840,1.1398030e+04
 160.2836185,1.1395293e+04
 160.3040527,1.1390345e+04
 160.3244870,1.1396010e+04
 160.3449215,1.1396475e+04
 160.3653558,1.1393590e+04
 160.3857900,1.1402903e+04
 160.4062243,1.1391847e+04
 160.4266588,1.1390398e+04
 160.4470930,1.1394960e+04
 160.4675273,1.1400732e+04
 160.4879618,1.1396425e+04
 160.5083960,1.1387534e+04
 160.5288303,1.1396500e+04
 160.5492646,1.1393013e+04
 160.5696990,1.1390295e+04
 160.5901333,1.1395545e+04
 160.6105676,1.1391482e+04
 160.6310018,1.1390458e+04
 160.6514363,1.1397869e+04
 160.6718706,1.1391063e+04
 160.6923048,1.1391617e+04
 160.7127393,1.1401261e+04
 160.7331736,1.1395362e+04
 160.7536078,1.1390615e+04
 160.7740421,1.1390731e+04
 160.7944766,1.1401947e+04
 160.8149109,1.1394056e+04
 160.8353451,1.1397864e+04
 160.8557795,1.1389231e+04
 160.8762139,1.1393164e+04
 160.8966481,1.1400963e+04
 160.9170824,1.1393315e+04
 160.9375168,1.1395752e+04
 160.9579511,1.1401279e+04
 160.9783854,1.1392953e+04
 160.9988198,1.1396779e+04
 161.0192540,1.1398104e+04
 161.0396883,1.1397692e+04
 161.0601227,1.1393463e+04
 161.0805570,1.1398331e+04
 161.1009913,1.1394115e+04
 161.1214256,1.1393368e+04
 161.1418601,1.1394623e+04
 161.1622943,1.1394220e+04
 161.1827286,1.1395636e+04
 161.2031628,1.1396564e+04
 161.2235973,1.1401417e+04
 161.2440316,         null
 161.2644659,1.1398530e+04
 161.2849001,1.1391386e+04
 161.3053345,1.1392537e+04
 161.3257689,1.1391608e+04
 161.3462031,1.1391571e+04
 161.3666375,1.1391802e+04
 161.3870718,1.1392890e+04
 161.4075060,1.1391505e+04
 161.4279404,1.1388047e+04
 161.4483748,1.1395660e+04
 161.4688090,1.1395161e+04
 161.4892433,1.1395798e+04
 161.5096777,1.1390937e+04
 161.5301120,1.1392546e+04
 161.5505463,1.1390748e+04
 161.5709806,1.1392215e+04
 161.5914150,1.1401268e+04
 161.6118492,1.1385963e+04
 161.6322836,1.1385948e+04
 161.6527180,1.1396531e+04
 161.6731523,1.1395537e+04
 161.6935865,1.1394458e+04
 161.7140208,1.1393875e+04
 161.7344553,1.1395091e+04
 161.7548895,1.1391117e+04
 161.7753238,1.1387772e+04
 161.7957581,1.1402849e+04
 161.8161924,1.1395916e+04
 161.8366267,1.1400161e+04
 161.8570611,1.1390545e+04
 161.8774955,1.1393540e+04
 161.8979297,1.1394123e+04
 161.9183640,1.1393941e+04
 161.9387982,1.1393871e+04
 161.9592326,1.1390337e+04
 161.9796670,1.1381230e+04
 162.0001013,1.1394009e+04
 162.0205356,1.1396491e+04
 162.0409699,1.1392322e+04
 162.0614042,1.1392557e+04
 162.0818384,1.1392900e+04
 162.1022729,1.1386399e+04
 162.1227072,1.1398896e+04
 162.1431414,1.1399972e+04
 162.1635758,1.1388124e+04
 162.1840101,1.1400326e+04
 162.2044443,1.1394552e+04
 162.2248787,1.1395585e+04
 162.2453131,1.1385675e+04
 162.2657473,1.1396422e+04
 162.2861816,1.1394235e+04
 162.3066160,1.1388441e+04
 162.3270503,1.1391654e+04
 162.3474845,1.1387997e+04
 162.3679188,1.1392736e+04
 162.3883533,1.1393540e+04
 162.4087875,1.1391314e+04
 162.4292218,1.1389218e+04
 162.4496560,1.1390167e+04
 162.4700904,1.1393498e+04
 162.4905247,1.1385947e+04
 162.5109584,1.1394536e+04
 162.5313928,1.1392943e+04
 162.5518271,1.1395984e+04
 162.5722614,1.1395279e+04
 162.5926957,1.1386220e+04
 162.6131301,1.1394792e+04
 162.6335643,1.1389665e+04
 162.6539986,1.1397012e+04
 162.6744330,1.1389239e+04
 162.6948672,1.1383355e+04
 162.7153015,1.1382824e+04
 162.7357359,1.1391680e+04
 162.7561702,1.1394325e+04
 162.7766045,1.1393139e+04
 162.7970388,1.1395554e+04
 162.8174731,1.1389403e+04
 162.8379074,1.1391788e+04
 162.8583417,1.1395214e+04
 162.8787759,1.1395465e+04
 162.8992103,1.1399119e+04
 162.9196446,1.1397127e+04
 162.9400789,1.1391205e+04
 162.9605132,1.1390444e+04
 162.9809476,1.1395422e+04
 163.0013818,1.1391290e+04
 163.0218161,1.1396074e+04
 163.0422505,1.1399394e+04
 163.0626848,1.1387774e+04
 163.0831190,1.1399202e+04
 163.1035533,1.1392920e+04
 163.1239877,1.1398888e+04
 163.1444219,1.1394063e+04
 163.1648562,1.1395672e+04
 163.1852906,1.1391749e+04
 163.2057249,1.1396061e+04
 163.2261592,1.1391219e+04
 163.2465935,1.1397505e+04
 163.2670278,1.1382924e+04
 163.2874621,1.1387615e+04
 163.3078964,1.1398942e+04
 163.3283308,1.1389511e+04
 163.3487650,1.1388187e+04
 163.3691993,1.1397742e+04
 163.3896335,1.1395034e+04
 163.4100679,1.1393541e+04
 163.4305022,1.1397931e+04
 163.4509364,1.1384842e+04
 163.4713708,1.1386541e+04
 163.4918051,1.1392254e+04
 163.5122394,1.1395973e+04
 163.5326736,1.1392170e+04
 163.5531080,1.1397420e+04
 163.5735423,1.1398679e+04
 163.5939766,1.1395280e+04
 163.6144109,1.1394302e+04
 163.6348453,1.1396531e+04
 163.6552795,1.1393994e+04
 163.6757138,1.1392805e+04
 163.6961482,1.1388358e+04
 163.7165824,1.1389031e+04
 163.7370167,1.1391950e+04
 163.7574510,1.1391347e+04
 163.7778853,1.1397492e+04
 163.7983196,1.1399198e+04
 163.8187539,1.1402104e+04
 163.8391883,1.1397099e+04
 163.8596225,1.1397789e+04
 163.8800568,1.1400235e+04
 163.9004910,1.1397334e+04
 163.9209254,1.1407471e+04
 163.9413597,1.1397359e+04
 163.9617940,1.1398533e+04
 163.9822283,1.1399737e+04
 164.0026626,1.1397826e+04
 164.0230969,1.1398208e+04
 164.0435311,1.1396713e+04
 164.0639655,1.1394629e+04
 164.0843998,1.1395194e+04
 164.1048341,1.1396847e+04
 164.1252683,1.1390188e+04
 164.1457027,1.1401390e+04
 164.1661369,1.1401715e+04
 164.1865712,1.1394651e+04
 164.2070056,1.1396467e+04
 164.2274399,         null
 164.2478741,1.1402431e+04
 164.2683084,1.1395949e+04
 164.2887427,1.1401793e+04
 164.3091770,1.1405752e+04
 164.3296113,1.1406425e+04
 164.3500457,1.1396071e+04
 164.3704800,1.1398352e+04
 164.3909142,1.1400382e+04
 164.4113485,1.1404008e+04
 164.4317828,1.1399603e+04
 164.4522171,1.1395366e+04
 164.4726514,1.1394154e+04
 164.4930857,1.1396647e+04
 164.5135199,1.1401706e+04
 164.5339542,1.1396507e+04
 164.5543885,1.1400861e+04
 164.5748228,1.1404940e+04
 164.5952571,1.1394854e+04
 164.6156914,1.1393468e+04
 164.6361256,1.1397089e+04
 164.6565600,1.1407305e+04
 164.6769943,1.1401489e+04
 164.6974286,1.1397484e+04
 164.7178629,1.1397000e+04
 164.7382972,1.1401923e+04
 164.7587315,1.1400341e+04
 164.7791657,1.1401159e+04
 164.7996001,1.1401206e+04
 164.8200344,1.1395790e+04
 164.8404686,1.1397603e+04
 164.8609030,1.1404569e+04
 164.8813372,1.1390751e+04
 164.9017714,1.1407002e+04
 164.9222057,1.1393512e+04
 164.9426401,1.1397074e+04
 164.9630743,1.1399400e+04
 164.9835086,1.1396759e+04
