        TIME,  PDCSAP_FLUX
 131.5120493,8.7992285e+03
 131.5324837,8.7965723e+03
 131.5529180,8.7944951e+03
 131.5733521,8.8059365e+03
 131.5937864,8.8008574e+03
 131.6142207,8.8027305e+03
 131.6346549,8.8031250e+03
 131.6550892,8.7969688e+03
 131.6755235,8.8028047e+03
 131.6959578,8.8013438e+03
 131.7163919,8.7919961e+03
 131.7368262,8.7961523e+03
 131.7572606,8.8066963e+03
 131.7776947,8.7981260e+03
 131.7981290,8.7921475e+03
 131.8185633,8.7987393e+03
 131.8389975,8.8014570e+03
 131.8594317,8.8080801e+03
 131.8798660,8.7994277e+03
 131.9003003,8.7989033e+03
 131.9207345,8.7985498e+03
 131.9411688,8.8051875e+03
 131.9616030,8.7937686e+03
 131.9820373,8.7962812e+03
 132.0024716,8.7952041e+03
 132.0229057,8.8063164e+03
 132.0433401,8.7944785e+03
 132.0637743,8.8042080e+03
 132.0842085,8.7961094e+03
 132.1046427,8.8033076e+03
 132.1250771,8.8065059e+03
 132.1455113,8.8035576e+03
 132.1659455,8.7995459e+03
 132.1863799,8.7983945e+03
 132.2068141,8.8042100e+03
 132.2272483,8.7987822e+03
 132.2476826,8.8016680e+03
 132.2681169,8.8030518e+03
 132.2885511,8.7913145e+03
 132.3089853,8.7970811e+03
 132.3294197,8.7976865e+03
 132.3498538,8.8046436e+03
 132.3702881,8.8033389e+03
 132.3907224,8.7978633e+03
 132.4111566,8.7910977e+03
 132.4315909,8.7996855e+03
 132.4520251,8.7922256e+03
 132.4724595,8.8055537e+03
 132.4928936,8.8066377e+03
 132.5133279,8.7946836e+03
 132.5337621,8.7989473e+03
 132.5541964,8.8081084e+03
 132.5746307,8.7983271e+03
 132.5950648,8.7934775e+03
 132.6154992,8.7943389e+03
 132.6359334,8.7927197e+03
 132.6563677,8.7956582e+03
 132.6768019,8.8021631e+03
 132.6972362,8.7946367e+03
 132.7176705,8.7992500e+03
 132.7381046,8.8045244e+03
 132.7585390,8.7953447e+03
 132.7789732,8.8047158e+03
 132.7994074,8.8046943e+03
 132.8198417,8.8076631e+03
 132.8402760,8.8063955e+03
 132.8607102,8.7980977e+03
 132.8811444,8.7974883e+03
 132.9015788,8.7944902e+03
 132.9220129,8.7915674e+03
 132.9424472,8.8082949e+03
 132.9628815,8.7907422e+03
 132.9833158,8.7913926e+03
 133.0037500,8.7885449e+03
 133.0241842,8.8016699e+03
 133.0446185,8.8012637e+03
 133.0650527,8.7969453e+03
 133.0854870,8.8009023e+03
 133.1059213,8.8005234e+03
 133.1263555,8.7927373e+03
 133.1467898,8.7963398e+03
 133.1672240,8.7955293e+03
 133.1876583,8.7933330e+03
 133.2080926,8.7910527e+03
 133.2285268,8.8034258e+03
 133.2489610,8.7945801e+03
 133.2693953,8.8012744e+03
 133.2898296,8.7910215e+03
 133.3102638,8.7991387e+03
 133.3306980,8.7988936e+03
 133.3511323,8.7905596e+03
 133.3715666,8.8053359e+03
 133.3920008,8.8067119e+03
 133.4124351,8.8014570e+03
 133.4328693,8.8059189e+03
 133.4533036,8.7995674e+03
 133.4737378,8.7908838e+03
 133.4941721,8.7985537e+03
 133.5146064,8.7938838e+03
 133.5350405,8.8051504e+03
 133.5554749,8.8002656e+03
 133.5759091,8.7964814e+03
 133.5963433,8.8085127e+03
 133.6167775,8.8005449e+03
 133.6372119,8.7906475e+03
 133.6576462,8.8015645e+03
 133.6780803,8.7939531e+03
 133.6985147,8.8001338e+03
 133.7189489,8.7919707e+03
 133.7393831,8.7926191e+03
 133.7598173,8.7972471e+03
 133.7802517,8.8004033e+03
 133.8006858,8.7928320e+03
 133.8211201,8.8123750e+03
 133.8415544,8.8044980e+03
 133.8619886,8.8095713e+03
 133.8824229,8.7990645e+03
 133.9028571,8.8059893e+03
 133.9232914,8.7922061e+03
 133.9437256,8.7935742e+03
 133.9641599,8.7951104e+03
 133.9845940,8.7939336e+03
 134.0050284,8.8019502e+03
 134.0254626,8.7972266e+03
 134.0458968,8.8000059e+03
 134.0663312,8.7959805e+03
 134.0867654,8.7931240e+03
 134.1071996,8.8002686e+03
 134.1276338,8.8027871e+03
 134.1480682,8.7958291e+03
 134.1685024,8.7891328e+03
 134.1889366,8.7988721e+03
 134.2093709,8.8094785e+03
 134.2298052,8.8069561e+03
 134.2502393,8.7991250e+03
 134.2706736,8.8053154e+03
 134.2911080,8.8023789e+03
 134.3115421,8.7953779e+03
 134.3319764,8.7825518e+03
 134.3524107,8.8046357e+03
 134.3728449,8.7957461e+03
 134.3932791,         null
 134.4137134,8.7954697e+03
 134.4341476,8.8059512e+03
 134.4545819,8.7883672e+03
 134.4750161,8.7634736e+03
 134.4954505,8.7583037e+03
 134.5158846,8.7759277e+03
 134.5363189,8.7654990e+03
 134.5567530,8.7894902e+03
 134.5771874,8.8002373e+03
 134.5976217,8.7949297e+03
 134.6180558,8.8058643e+03
 134.6384901,8.7923916e+03
 134.6589244,8.7994229e+03
 134.6793587,8.7996104e+03
 134.6997929,8.8072334e+03
 134.7202272,8.7875000e+03
 134.7406614,8.7994619e+03
 134.7610956,8.8267871e+03
 134.7815298,8.7996592e+03
 134.8019642,8.8108486e+03
 134.8223984,8.7963574e+03
 134.8428326,8.7981172e+03
 134.8632669,8.8003359e+03
 134.8837012,8.8026035e+03
 134.9041354,8.8037998e+03
 134.9245696,8.8117402e+03
 134.9450040,8.7942939e+03
 134.9654382,8.7987910e+03
 134.9858724,8.7929736e+03
 135.0063067,8.8024277e+03
 135.0267410,8.7914980e+03
 135.0471751,8.7897939e+03
 135.0676094,8.7922871e+03
 135.0880437,8.7892354e+03
 135.1084779,8.7994834e+03
 135.1289121,8.7974268e+03
 135.1493465,8.7975684e+03
 135.1697807,8.7982998e+03
 135.1902149,8.7999629e+03
 135.2106491,8.7959316e+03
 135.2310835,8.8021377e+03
 135.2515176,8.8013750e+03
 135.2719519,8.8016299e+03
 135.2923860,8.7980732e+03
 135.3128204,8.7977129e+03
 135.3332546,8.7952119e+03
 135.3536888,8.8040908e+03
 135.3741231,8.8019082e+03
 135.3945574,8.8025420e+03
 135.4149916,8.7994707e+03
 135.4354258,8.8043301e+03
 135.4558602,8.8085205e+03
 135.4762944,8.7966533e+03
 135.4967286,8.8059766e+03
 135.5171629,8.7988984e+03
 135.5375972,8.8090840e+03
 135.5580313,8.7928672e+03
 135.5784656,8.8038828e+03
 135.5988999,8.8027549e+03
 135.6193341,8.7983066e+03
 135.6397683,8.7932549e+03
 135.6602027,8.7927041e+03
 135.6806369,8.8025059e+03
 135.7010711,8.7959150e+03
 135.7215053,8.7871367e+03
 135.7419397,8.8047617e+03
 135.7623738,8.7970791e+03
 135.7828081,8.7917324e+03
 135.8032424,8.7961084e+03
 135.8236766,8.7983838e+03
 135.8441108,8.7963477e+03
 135.8645451,8.7917627e+03
 135.8849793,8.7938330e+03
 135.9054136,8.8042236e+03
 135.9258478,8.7955381e+03
 135.9462820,8.8036816e+03
 135.9667163,8.7960918e+03
 135.9871506,8.8014512e+03
 136.0075847,8.8046738e+03
 136.0280191,8.8054902e+03
 136.0484533,8.8036719e+03
 136.0688875,8.7995908e+03
 136.0893217,8.7903984e+03
 136.1097561,8.8023262e+03
 136.1301903,8.8024922e+03
 136.1506245,8.8062539e+03
 136.1710588,8.8022139e+03
 136.1914931,8.7897061e+03
 136.2119272,8.7963535e+03
 136.2323615,8.8013262e+03
 136.2527958,8.7978936e+03
 136.2732300,8.7981543e+03
 136.2936642,8.8047861e+03
 136.3140986,8.7960605e+03
 136.3345327,8.7974990e+03
 136.3549670,8.8005781e+03
 136.3754012,8.7979961e+03
 136.3958355,8.8017559e+03
 136.4162697,8.8004717e+03
 136.4367040,8.7939785e+03
 136.4571383,8.7973818e+03
 136.4775725,8.8003711e+03
 136.4980067,8.7996006e+03
 136.5184410,8.7989414e+03
 136.5388752,8.7939336e+03
 136.5593095,8.7923682e+03
 136.5797437,8.8087432e+03
 136.6001779,8.7961191e+03
 136.6206122,8.7962051e+03
 136.6410464,8.7968301e+03
 136.6614807,8.7980273e+03
 136.6819149,8.7969688e+03
 136.7023492,8.7983604e+03
 136.7227834,8.7997070e+03
 136.7432176,8.7949561e+03
 136.7636519,8.7944971e+03
 136.7840862,8.7966406e+03
 136.8045203,8.7916797e+03
 136.8249547,8.8044111e+03
 136.8453889,8.7928506e+03
 136.8658232,8.7935459e+03
 136.8862573,8.7993564e+03
 136.9066917,8.7994922e+03
 136.9271259,8.8001201e+03
 136.9475601,8.8021016e+03
 136.9679944,8.8005273e+03
 136.9884287,8.7992969e+03
 137.0088628,8.7897070e+03
 137.0292971,8.7972686e+03
 137.0497314,8.8074248e+03
 137.0701656,8.8087754e+03
 137.0905998,8.7993350e+03
 137.1110341,8.8012764e+03
 137.1314683,8.7953818e+03
 137.1519025,8.7992041e+03
 137.1723368,8.7933164e+03
 137.1927711,8.7946123e+03
 137.2132053,8.8006406e+03
 137.2336395,8.7971152e+03
 137.2540737,8.7983623e+03
 137.2745080,8.7994111e+03
 137.2949423,8.7918799e+03
 137.3153764,8.8033320e+03
 137.3358108,8.7951025e+03
 137.3562450,8.7982871e+03
 137.3766793,         null
 137.3971134,8.7943975e+03
 137.4175478,8.7937500e+03
 137.4379820,8.7986670e+03
 137.4584161,8.7931885e+03
 137.4788505,8.7937695e+03
 137.4992847,8.7976719e+03
 137.5197189,8.8056318e+03
 137.5401531,8.7971699e+03
 137.5605875,8.7984746e+03
 137.5810216,8.7954727e+03
 137.6014559,8.7977646e+03
 137.6218902,8.8171709e+03
 137.6423245,8.7927705e+03
 137.6627586,8.7977959e+03
 137.6831928,8.8069102e+03
 137.7036272,8.7943125e+03
 137.7240613,8.7986543e+03
 137.7444956,8.8050352e+03
 137.7649299,8.7876836e+03
 137.7853641,8.7942090e+03
 137.8057983,8.7939766e+03
 137.8262325,8.7991631e+03
 137.8466668,8.7965693e+03
 137.8671011,8.8018789e+03
 137.8875353,8.7940352e+03
 137.9079694,8.7960576e+03
 137.9284038,8.8189121e+03
 137.9488380,8.8022871e+03
 137.9692722,8.7868467e+03
 137.9897065,8.8010518e+03
 138.0101408,8.8040029e+03
 138.0305749,8.8020645e+03
 138.0510092,8.7966289e+03
 138.0714435,8.7979111e+03
 138.0918778,8.7955039e+03
 138.1123119,8.7981719e+03
 138.1327462,8.7905596e+03
 138.1531805,8.7973633e+03
 138.1736146,8.7884209e+03
 138.1940489,8.7635605e+03
 138.2144832,8.7550137e+03
 138.2349175,8.7502051e+03
 138.2553516,8.7569629e+03
 138.2757860,8.7651230e+03
 138.2962202,8.7890811e+03
 138.3166543,8.7958740e+03
 138.3370886,8.7964463e+03
 138.3575229,8.7996650e+03
 138.3779572,8.7913252e+03
 138.3983913,8.7966338e+03
 138.4188257,8.8037949e+03
 138.4392599,8.8001973e+03
 138.4596940,8.7915703e+03
 138.4801283,8.7936025e+03
 138.5005626,8.7978164e+03
 138.5209968,8.7965098e+03
 138.5414310,8.7976367e+03
 138.5618653,8.7949775e+03
 138.5822995,8.8066572e+03
 138.6027338,8.7962334e+03
 138.6231680,8.7902754e+03
 138.6436022,8.7931797e+03
 138.6640365,8.8076133e+03
 138.6844707,8.7935957e+03
 138.7049049,8.7945166e+03
 138.7253392,8.8057363e+03
 138.7457735,8.7927031e+03
 138.7662076,8.7995176e+03
 138.7866419,8.7892705e+03
 138.8070762,8.7973516e+03
 138.8275103,8.7934209e+03
 138.8479446,8.7963096e+03
 138.8683789,8.8067148e+03
 138.8888132,8.8041641e+03
 138.9092473,8.8076504e+03
 138.9296816,8.8006562e+03
 138.9501159,8.7964346e+03
 138.9705500,8.7906045e+03
 138.9909843,8.7983125e+03
 139.0114186,8.8024756e+03
 139.0318527,8.8009912e+03
 139.0522870,8.7978457e+03
 139.0727213,8.8019541e+03
 139.0931555,8.7948330e+03
 139.1135897,8.7989521e+03
 139.1340240,8.7970527e+03
 139.1544582,8.7908467e+03
 139.1748924,8.7931475e+03
 139.1953267,8.7975215e+03
 139.2157608,8.7988271e+03
 139.2361952,8.8037061e+03
 139.2566294,8.7998848e+03
 139.2770635,8.8186934e+03
 139.2974979,8.7989717e+03
 139.3179321,8.7938340e+03
 139.3383664,8.7999131e+03
 139.3588005,8.7933672e+03
 139.3792349,8.7989619e+03
 139.3996691,8.7877637e+03
 139.4201032,8.7981084e+03
 139.4405376,8.7970771e+03
 139.4609718,8.8019170e+03
 139.4814060,8.7967637e+03
 139.5018402,8.7950127e+03
 139.5222745,8.7946719e+03
 139.5427087,8.8007637e+03
 139.5631429,8.8029678e+03
 139.5835773,8.8078887e+03
 139.6040114,8.7891641e+03
 139.6244456,8.7953975e+03
 139.6448799,8.7961895e+03
 139.6653142,8.7999990e+03
 139.6857484,8.8053584e+03
 139.7061826,8.8000293e+03
 139.7266168,8.7972617e+03
 139.7470511,8.7896426e+03
 139.7674853,8.7975537e+03
 139.7879196,8.7953447e+03
 139.8083538,8.7911836e+03
 139.8287880,8.7904473e+03
 139.8492223,8.7931504e+03
 139.8696565,8.7956875e+03
 139.8900908,8.8028623e+03
 139.9105250,8.8026113e+03
 139.9309592,8.8064336e+03
 139.9513936,8.7979727e+03
 139.9718277,8.7968311e+03
 139.9922620,8.7910732e+03
 140.0126961,8.7920859e+03
 140.0331304,8.7946514e+03
 140.0535647,8.7860146e+03
 140.0739989,8.8059844e+03
 140.0944331,8.8078193e+03
 140.1148674,8.7968594e+03
 140.1353016,8.7999766e+03
 140.1557358,8.7996270e+03
 140.1761701,8.7991816e+03
 140.1966043,8.7906387e+03
 140.2170385,8.7970869e+03
 140.2374728,8.8051211e+03
 140.2579071,8.7950010e+03
 140.2783412,8.7934795e+03
 140.2987754,8.8013008e+03
 140.3192098,8.7985146e+03
 140.3396439,8.7883525e+03
 140.3600781,         null
 140.3805124,8.8056562e+03
 140.4009467,8.8021172e+03
 140.4213809,8.7951758e+03
 140.4418151,8.8019775e+03
 140.4622494,8.7943896e+03
 140.4826836,8.7885566e+03
 140.5031178,8.8006885e+03
 140.5235519,8.7936670e+03
 140.5439863,8.7950645e+03
 140.5644205,8.8004990e+03
 140.5848548,8.7934355e+03
 140.6052890,8.8070195e+03
 140.6257232,8.7985039e+03
 140.6461575,8.7949912e+03
 140.6665916,8.8004893e+03
 140.6870259,8.7985527e+03
 140.7074602,8.7964062e+03
 140.7278943,8.8082500e+03
 140.7483287,8.7955928e+03
 140.7687629,8.7889346e+03
 140.7891970,8.7960391e+03
 140.8096313,8.7896865e+03
 140.8300656,8.7909795e+03
 140.8504998,8.7958525e+03
 140.8709340,8.7947715e+03
 140.8913682,8.8059658e+03
 140.9118025,8.7989131e+03
 140.9322367,8.8091279e+03
 140.9526709,8.7967598e+03
 140.9731053,8.7873311e+03
 140.9935394,8.7880898e+03
 141.0139736,8.8047705e+03
 141.0344079,8.7990332e+03
 141.0548421,8.7972100e+03
 141.0752763,8.7903213e+03
 141.0957106,8.8026250e+03
 141.1161448,8.7994258e+03
 141.1365790,8.7920498e+03
 141.1570133,8.7899326e+03
 141.1774474,8.7995430e+03
 141.1978817,8.7944004e+03
 141.2183160,8.7970068e+03
 141.2387501,8.7980947e+03
 141.2591844,8.7967373e+03
 141.2796187,8.7942744e+03
 141.3000528,8.8056680e+03
 141.3204871,8.7965723e+03
 141.3409214,8.8047793e+03
 141.3613556,8.7931455e+03
 141.3817898,8.7911543e+03
 141.4022240,8.7957891e+03
 141.4226583,8.8023193e+03
 141.4430926,8.7948203e+03
 141.4635267,8.7932197e+03
 141.4839610,8.7952119e+03
 141.5043953,8.7931816e+03
 141.5248294,8.7999248e+03
 141.5452636,8.7903418e+03
 141.5656979,8.8083594e+03
 141.5861322,8.7872324e+03
 141.6065663,8.7978496e+03
 141.6270007,8.7954785e+03
 141.6474349,8.7960830e+03
 141.6678690,8.7881328e+03
 141.6883033,8.7903975e+03
 141.7087376,8.7984404e+03
 141.7291717,8.7914092e+03
 141.7496060,8.7949033e+03
 141.7700403,8.7961885e+03
 141.7904744,8.8029922e+03
 141.8109087,8.7974883e+03
 141.8313429,8.7896064e+03
 141.8517771,8.7955615e+03
 141.8722114,8.7966094e+03
 141.8926456,8.7926260e+03
 141.9130799,8.7780791e+03
 141.9335141,8.7515000e+03
 141.9539483,8.7584814e+03
 141.9743824,8.7534463e+03
 141.9948168,8.7521484e+03
 142.0152510,8.7888174e+03
 142.0356851,8.7963311e+03
 142.0561194,8.7943857e+03
 142.0765537,8.8045742e+03
 142.0969879,8.7973174e+03
 142.1174221,8.7896992e+03
 142.1378564,8.7982207e+03
 142.1582906,8.7991094e+03
 142.1787248,8.8045898e+03
 142.1991590,8.7926172e+03
 142.2195933,8.7853486e+03
 142.2400275,8.7884326e+03
 142.2604617,8.8043867e+03
 142.2808960,8.7918662e+03
 142.3013301,8.7968232e+03
 142.3217644,8.7988770e+03
 142.3421986,8.7975039e+03
 142.3626329,8.8018271e+03
 142.3830671,8.7958936e+03
 142.4035013,8.8010908e+03
 142.4239356,8.7966416e+03
 142.4443698,8.7928975e+03
 142.4648040,8.7891572e+03
 142.4852381,8.7968096e+03
 142.5056725,8.7959355e+03
 142.5261067,8.7893564e+03
 142.5465409,8.7931035e+03
 142.5669751,8.8010967e+03
 142.5874094,8.7905693e+03
 142.6078436,8.7980059e+03
 142.6282777,8.7972529e+03
 142.6487121,8.7967305e+03
 142.6691463,8.8009971e+03
 142.6895804,8.7936934e+03
 142.7100147,8.7916006e+03
 142.7304490,8.7922178e+03
 142.7508831,8.7920205e+03
 142.7713174,8.7904492e+03
 142.7917517,8.7982422e+03
 142.8121858,8.8020205e+03
 142.8326200,8.7994580e+03
 142.8530543,8.7902158e+03
 142.8734886,8.7970869e+03
 142.8939227,8.8028467e+03
 142.9143570,8.7967861e+03
 142.9347913,8.7899297e+03
 142.9552254,8.7896426e+03
 142.9756596,8.7841738e+03
 142.9960938,8.8024678e+03
 143.0165281,8.7934287e+03
 143.0369623,8.7939492e+03
 143.0573966,8.7901680e+03
 143.0778308,8.7954346e+03
 143.0982650,8.7893887e+03
 143.1186992,8.8029365e+03
 143.1391335,8.7927744e+03
 143.1595677,8.7938438e+03
 143.1800019,8.7938184e+03
 143.2004361,8.8014307e+03
 143.2208703,8.7921904e+03
 143.2413046,8.7910801e+03
 143.2617388,8.8005166e+03
 143.2821731,8.7937588e+03
 143.3026073,8.7944053e+03
 143.3230415,8.7988711e+03
 143.3434758,         null
 143.3639099,8.7948242e+03
 143.3843442,8.7885400e+03
 143.4047784,8.7958965e+03
 143.4252126,8.8017744e+03
 143.4456469,8.7911562e+03
 143.4660811,8.7964229e+03
 143.4865153,8.7991729e+03
 143.5069495,8.7971260e+03
 143.5273838,8.7931709e+03
 143.5478180,8.8050869e+03
 143.5682522,8.7911250e+03
 143.5886865,8.8041104e+03
 143.6091207,8.7961973e+03
 143.6295548,8.7935732e+03
 143.6499891,8.7918398e+03
 143.6704234,8.7906445e+03
 143.6908575,8.8000859e+03
 143.7112917,8.7896328e+03
 143.7317260,8.7944941e+03
 143.7521602,8.7985664e+03
 143.7725944,8.7933545e+03
 143.7930287,8.7897549e+03
 143.8134629,8.7916123e+03
 143.8338971,8.7917656e+03
 143.8543313,8.7896982e+03
 143.8747655,8.7826514e+03
 143.8951998,8.7900059e+03
 143.9156340,8.7927285e+03
 143.9360681,8.7877070e+03
 143.9565025,8.7958721e+03
 143.9769367,8.7951670e+03
 143.9973708,8.7937139e+03
 144.0178050,8.7987256e+03
 144.0382394,8.7863008e+03
 144.0586736,8.7911562e+03
 144.0791077,8.7989922e+03
 144.0995420,8.7916865e+03
 144.1199763,8.8030537e+03
 144.1404104,8.7926191e+03
 144.1608446,8.8018623e+03
 144.1812789,8.7937520e+03
 144.2017131,8.7960059e+03
 144.2221473,8.7911475e+03
 144.2425816,8.7989189e+03
 144.2630157,8.8012520e+03
 144.2834500,8.7900732e+03
 144.3038842,8.7919805e+03
 144.3243184,8.8029521e+03
 144.3447526,8.7960674e+03
 144.3651869,8.7922803e+03
 144.3856210,8.7974307e+03
 144.4060553,8.7941328e+03
 144.4264895,8.7897246e+03
 144.4469237,8.7907041e+03
 144.4673580,8.7890107e+03
 144.4877922,8.7943018e+03
 144.5082263,8.7948916e+03
 144.5286605,8.7997949e+03
 144.5490949,8.7953584e+03
 144.5695291,8.7945605e+03
 144.5899632,8.7930674e+03
 144.6103975,8.7922783e+03
 144.6308318,8.7895771e+03
 144.6512659,8.7918135e+03
 144.6717001,8.7897012e+03
 144.6921344,8.7971943e+03
 144.7125686,8.7983652e+03
 144.7330028,8.7916768e+03
 144.7534371,8.7900674e+03
 144.7738712,8.8010361e+03
 144.7943054,8.8020000e+03
 144.8147397,8.7959219e+03
 144.8351740,8.7959971e+03
 144.8556081,8.7965869e+03
 144.8760423,8.7976436e+03
 144.8964766,8.7943047e+03
 144.9169108,8.7934443e+03
 144.9373450,8.7951279e+03
 144.9577792,8.7969570e+03
 144.9782135,8.7876738e+03
 144.9986477,8.8010869e+03
 145.0190819,8.7979805e+03
 145.0395161,8.7940723e+03
 145.0599503,8.7923232e+03
 145.0803845,8.7948047e+03
 145.1008188,8.7918721e+03
 145.1212531,8.7988467e+03
 145.1416872,8.7917754e+03
 145.1621214,8.7980918e+03
 145.1825556,8.7996523e+03
 145.2029899,8.7964111e+03
 145.2234241,8.7832939e+03
 145.2438582,8.7849453e+03
 145.2642925,8.7929297e+03
 145.2847268,8.7895342e+03
 145.3051610,8.8048721e+03
 145.3255951,8.7985596e+03
 145.3460294,8.7886982e+03
 145.3664636,8.7964473e+03
 145.3868978,8.7910742e+03
 145.4073321,8.7925850e+03
 145.4277663,8.7880332e+03
 145.4482004,8.7990303e+03
 145.4686346,8.7947119e+03
 145.4890690,8.7928438e+03
 145.5095031,8.7854717e+03
 145.5299373,8.8006631e+03
 145.5503715,8.7886650e+03
 145.5708058,8.7962129e+03
 145.5912400,8.7938809e+03
 145.6116742,8.8089297e+03
 145.6321085,8.7937666e+03
 145.6525426,8.7664756e+03
 145.6729768,8.7483652e+03
 145.6934110,8.7533555e+03
 145.7138453,8.7509785e+03
 145.7342795,8.7634619e+03
 145.7547137,8.7861924e+03
 145.7751479,8.8029502e+03
 145.7955821,8.7969551e+03
 145.8160164,8.7952393e+03
 145.8364505,8.7914697e+03
 145.8568848,8.7906904e+03
 145.8773190,8.8032441e+03
 145.8977531,8.8002139e+03
 145.9181875,8.7930859e+03
 145.9386217,8.7930967e+03
 145.9590558,8.7909150e+03
 145.9794900,8.7876357e+03
 145.9999243,8.7853428e+03
 146.0203585,8.7919092e+03
 146.0407927,8.7932783e+03
 146.0612270,8.7943164e+03
 146.0816612,8.7914209e+03
 146.1020953,8.7943428e+03
 146.1225295,8.8013682e+03
 146.1429638,8.7974629e+03
 146.1633980,8.7897637e+03
 146.1838322,8.8007324e+03
 146.2042664,8.7967090e+03
 146.2247006,8.7955947e+03
 146.2451348,8.7986514e+03
 146.2655690,8.7839473e+03
 146.2860033,8.7934395e+03
 146.3064375,8.7912197e+03
 146.3268717,         null
 146.3473058,8.7967383e+03
 146.3677401,8.7967852e+03
 146.3881743,8.7942227e+03
 146.4086085,8.8018057e+03
 146.4290428,8.7985830e+03
 146.4494770,8.7906494e+03
 146.4699111,8.7991270e+03
 146.4903454,8.7890488e+03
 146.5107796,8.8064043e+03
 146.5312139,8.7968066e+03
 146.5516480,8.7961602e+03
 146.5720823,8.8015391e+03
 146.5925165,8.7995166e+03
 146.6129507,8.8005586e+03
 146.6333848,8.7933398e+03
 146.6538191,8.7973867e+03
 146.6742534,8.7922275e+03
 146.6946875,8.8171816e+03
 146.7151218,8.7914150e+03
 146.7355560,8.7958574e+03
 146.7559902,8.7967021e+03
 146.7764243,8.8071182e+03
 146.7968586,8.8006670e+03
 146.8172929,8.7924131e+03
 146.8377270,8.7891045e+03
 146.8581612,8.7944111e+03
 146.8785955,8.8023057e+03
 146.8990296,8.7968369e+03
 146.9194638,8.7893438e+03
 146.9398981,8.7894980e+03
 146.9603323,8.7922100e+03
 146.9807665,8.8032354e+03
 147.0012007,8.7892734e+03
 147.0216349,8.7899551e+03
 147.0420691,8.7931934e+03
 147.0625033,8.8008379e+03
 147.0829376,8.7814980e+03
 147.1033718,8.7932412e+03
 147.1238060,8.8029727e+03
 147.1442401,8.7953184e+03
 147.1646744,8.7941719e+03
 147.1851086,8.7942812e+03
 147.2055427,8.7969561e+03
 147.2259770,8.7954531e+03
 147.2464112,8.7970088e+03
 147.2668455,8.7999180e+03
 147.2872796,8.7999316e+03
 147.3077139,8.7946289e+03
 147.3281481,8.8071533e+03
 147.3485822,8.7981729e+03
 147.3690164,8.7975811e+03
 147.3894507,8.8075342e+03
 147.4098848,8.7990439e+03
 147.4303190,8.8003213e+03
 147.4507534,8.7993428e+03
 147.4711875,8.7907939e+03
 147.4916217,8.8009492e+03
 147.5120559,8.8030166e+03
 147.5324902,8.7975586e+03
 147.5529243,8.7941846e+03
 147.5733585,8.7981709e+03
 147.5937928,8.7925283e+03
 147.6142269,8.7915537e+03
 147.6346612,8.7931680e+03
 147.6550953,8.8031631e+03
 147.6755296,8.7936152e+03
 147.6959638,8.7970732e+03
 147.7163979,8.7978311e+03
 147.7368322,8.7957920e+03
 147.7572664,8.8019941e+03
 147.7777006,8.8000488e+03
 147.7981347,8.7937568e+03
 147.8185691,8.7935977e+03
 147.8390033,8.7951689e+03
 147.8594374,8.7951621e+03
 147.8798716,8.7885449e+03
 147.9003059,         null
 147.9207400,8.8003389e+03
 147.9411742,8.7944453e+03
 147.9616085,8.8036426e+03
 147.9820426,8.8072607e+03
 148.0024768,8.8063828e+03
 148.0229110,8.8000566e+03
 148.0433454,8.7921211e+03
 148.0637795,8.7928125e+03
 148.0842137,8.7939512e+03
 148.1046480,8.7928389e+03
 148.1250821,8.8005322e+03
 148.1455163,8.7908164e+03
 148.1659505,8.7984531e+03
 148.1863847,8.7971299e+03
 148.2068189,8.8061543e+03
 148.2272531,8.7995703e+03
 148.2476874,8.7896914e+03
 148.2681216,8.7983730e+03
 148.2885558,8.7925029e+03
 148.3089900,8.7900342e+03
 148.3294242,8.7900957e+03
 148.3498584,8.8031973e+03
 148.3702926,8.7981758e+03
 148.3907267,8.7946133e+03
 148.4111610,8.7927402e+03
 148.4315952,8.7923701e+03
 148.4520294,8.7919688e+03
 148.4724636,8.8042314e+03
 148.4928978,8.8041455e+03
 148.5133320,8.7976699e+03
 148.5337661,8.8023047e+03
 148.5542005,8.7985781e+03
 148.5746347,8.7983809e+03
 148.5950688,8.7867471e+03
 148.6155031,8.7955674e+03
 148.6359373,8.7961523e+03
 148.6563714,8.7933994e+03
 148.6768056,8.8011807e+03
 148.6972399,8.8020586e+03
 148.7176740,8.8044824e+03
 148.7381082,8.7930820e+03
 148.7585425,8.7840029e+03
 148.7789767,8.7924834e+03
 148.7994108,8.7932314e+03
 148.8198450,8.7956729e+03
 148.8402793,8.7882559e+03
 148.8607134,8.7987148e+03
 148.8811476,8.7980615e+03
 148.9015820,8.7989365e+03
 148.9220161,8.7966729e+03
 148.9424503,8.7938867e+03
 148.9628845,8.7975635e+03
 148.9833187,8.8039707e+03
 149.0037529,8.8032246e+03
 149.0241871,8.7914990e+03
 149.0446212,8.7941660e+03
 149.0650555,8.7996943e+03
 149.0854897,8.8012002e+03
 149.1059238,8.7938701e+03
 149.1263581,8.8006162e+03
 149.1467923,8.7870518e+03
 149.1672264,8.7953271e+03
 149.1876606,8.7942744e+03
 149.2080949,8.7952090e+03
 149.2285291,8.7983750e+03
 149.2489632,8.7940303e+03
 149.2693975,8.7982422e+03
 149.2898317,8.8004043e+03
 149.3102658,         null
 149.3307000,8.7931904e+03
 149.3511343,8.7953984e+03
 149.3715684,8.7867998e+03
 149.3920027,8.7492939e+03
 149.4124370,8.7488125e+03
 149.4328711,8.7490977e+03
 149.4533053,8.7512471e+03
 149.4737395,8.7816631e+03
 149.4941737,8.7992627e+03
 149.5146079,8.7967324e+03
 149.5350421,8.7982568e+03
 149.5554764,8.8033691e+03
 149.5759105,8.7984238e+03
 149.5963447,8.8007539e+03
 149.6167788,8.7953262e+03
 149.6372131,8.7887061e+03
 149.6576473,8.7871299e+03
 149.6780814,8.7947852e+03
 149.6985156,8.8031904e+03
 149.7189499,8.7986260e+03
 149.7393841,8.8043252e+03
 149.7598182,8.7982139e+03
 149.7802525,8.7926299e+03
 149.8006867,8.7970840e+03
 149.8211208,8.7920010e+03
 149.8415550,8.8023887e+03
 149.8619893,8.7955713e+03
 149.8824235,8.7991328e+03
 149.9028576,8.7959717e+03
 149.9232919,8.8026797e+03
 149.9437261,8.8007529e+03
 149.9641603,8.7922373e+03
 149.9845944,8.7988213e+03
 150.0050287,8.8016113e+03
 150.0254629,8.8008662e+03
 150.0458970,8.7936191e+03
 150.0663313,8.7973408e+03
 150.0867655,8.7986045e+03
 150.1071996,8.8025527e+03
 150.1276338,8.7914580e+03
 150.1480681,8.8050781e+03
 150.1685022,8.7943115e+03
 150.1889364,8.8059580e+03
 150.2093707,8.7965889e+03
 150.2298048,8.7919863e+03
 150.2502390,8.7911240e+03
 150.2706732,8.7976924e+03
 150.2911075,8.8013369e+03
 150.3115416,8.7930781e+03
 150.3319758,8.7969580e+03
 150.3524099,8.7915508e+03
 150.3728442,8.8129590e+03
 150.3932784,8.7866660e+03
 150.4137125,8.8014727e+03
 150.4341468,8.8009570e+03
 150.4545810,8.7959053e+03
 150.4750152,8.7925801e+03
 150.4954493,8.7994004e+03
 150.5158836,8.8024092e+03
 150.5363178,8.7894053e+03
 150.5567519,8.7968184e+03
 150.5771862,8.7920547e+03
 150.5976204,8.8061074e+03
 150.6180545,8.7992256e+03
 150.6384887,8.7979395e+03
 150.6589229,8.8017031e+03
 150.6793570,8.7984590e+03
 150.6997912,8.8042100e+03
 150.7202255,8.7968350e+03
 150.7406597,8.7907549e+03
 150.7610938,8.8018975e+03
 150.7815280,8.7997119e+03
 150.8019623,8.8042031e+03
 150.8223964,8.8039170e+03
 150.8428306,8.8011162e+03
 150.8632649,8.7968867e+03
 150.8836990,8.8032607e+03
 150.9041332,8.7994375e+03
 150.9245674,8.7946064e+03
 150.9450016,8.8028818e+03
 150.9654358,8.7948115e+03
 150.9858700,8.7991963e+03
 151.0063041,8.8058984e+03
 151.0267384,8.7931660e+03
 151.0471726,8.8005732e+03
 151.0676067,8.7966562e+03
 151.0880410,8.8032588e+03
 151.1084752,8.8079092e+03
 151.1289093,8.7983320e+03
 151.1493434,8.7988623e+03
 151.1697777,8.7970391e+03
 151.1902118,8.7993379e+03
 151.2106460,8.7984111e+03
 151.2310803,8.8008135e+03
 151.2515145,8.7905938e+03
 151.2719486,8.7940469e+03
 151.2923828,8.7995449e+03
 151.3128171,8.7943398e+03
 151.3332512,8.7872568e+03
 151.3536854,8.8095439e+03
 151.3741197,8.7967939e+03
 151.3945538,8.8006953e+03
 151.4149880,8.8069893e+03
 151.4354222,8.8121025e+03
 151.4558564,8.7952246e+03
 151.4762905,8.8012178e+03
 151.4967247,8.8107100e+03
 151.5171589,8.7967607e+03
 151.5375931,8.7994746e+03
 151.5580273,8.7948926e+03
 151.5784615,8.7968896e+03
 151.5988958,8.8070420e+03
 151.6193299,8.8007627e+03
 151.6397641,8.7971719e+03
 151.6601983,         null
 151.6806325,8.7963838e+03
 151.7010667,8.8009775e+03
 151.7215009,8.8060908e+03
 151.7419350,8.7902432e+03
 151.7623692,8.7976436e+03
 151.7828034,8.7948516e+03
 151.8032375,8.8071250e+03
 151.8236718,8.7975762e+03
 151.8441060,8.7906924e+03
 151.8645401,8.7915107e+03
 151.8849744,8.7976641e+03
 151.9054086,8.8013408e+03
 151.9258427,8.8001113e+03
 151.9462769,8.7973223e+03
 151.9667111,8.7965449e+03
 151.9871453,8.7986455e+03
 152.0075794,8.7942246e+03
 152.0280137,8.8000029e+03
 152.0484479,8.8049570e+03
 152.0688820,8.7923008e+03
 152.0893162,8.7897168e+03
 152.1097505,8.7926816e+03
 152.1301846,8.7975703e+03
 152.1506188,8.7938945e+03
 152.1710530,8.8070938e+03
 152.1914871,8.7952158e+03
 152.2119213,8.7911016e+03
 152.2323555,8.8032334e+03
 152.2527898,8.7874580e+03
 152.2732239,8.7957490e+03
 152.2936581,         null
 152.3140922,8.8036406e+03
 152.3345265,8.7869854e+03
 152.3549607,8.8010498e+03
 152.3753947,8.7930332e+03
 152.3958290,8.7918525e+03
 152.4162632,8.7946133e+03
 152.4366974,8.8018506e+03
 152.4571315,8.7925527e+03
 152.4775658,8.7983389e+03
 152.4980000,8.7953184e+03
 152.5184341,8.7953203e+03
 152.5388683,8.7942744e+03
 152.5593025,8.8068408e+03
 152.5797366,8.7919248e+03
 152.6001708,8.7953916e+03
 152.6206051,8.7987168e+03
 152.6410392,8.7900244e+03
 152.6614734,         null
 152.6819076,8.7871416e+03
 152.7023417,8.7988418e+03
 152.7227759,8.7943193e+03
 152.7432101,8.7904346e+03
 152.7636444,8.7968398e+03
 152.7840785,8.8133965e+03
 152.8045127,8.8010781e+03
 152.8249468,8.7961836e+03
 152.8453810,8.7957637e+03
 152.8658152,8.7975420e+03
 152.8862493,8.7967041e+03
 152.9066836,8.8002461e+03
 152.9271178,8.7909385e+03
 152.9475520,8.7952881e+03
 152.9679861,8.7972656e+03
 152.9884203,8.7871006e+03
 153.0088545,8.7910781e+03
 153.0292886,8.8024365e+03
 153.0497229,8.7861445e+03
 153.0701571,8.8037686e+03
 153.0905912,8.7937607e+03
 153.1110254,8.7585049e+03
 153.1314596,8.7560430e+03
 153.1518937,8.7534795e+03
 153.1723279,8.7590879e+03
 153.1927621,8.7733076e+03
 153.2131964,8.7964062e+03
 153.2336306,8.8052383e+03
 153.2540647,8.8057783e+03
 153.2744989,8.8015254e+03
 153.2949331,8.7980635e+03
 153.3153672,8.7983496e+03
 153.3358014,8.7944521e+03
 153.3562356,8.7941143e+03
 153.3766698,8.8063623e+03
 153.3971039,8.8039678e+03
 153.4175382,8.7873799e+03
 153.4379724,8.7860312e+03
 153.4584065,8.8001357e+03
 153.4788407,8.7928828e+03
 153.4992750,8.7981709e+03
 153.5197090,8.8060020e+03
 153.5401432,8.7971309e+03
 153.5605775,8.7938857e+03
 153.5810116,8.7928623e+03
 153.6014458,8.8047207e+03
 153.6218799,8.7998867e+03
 153.6423141,8.7948896e+03
 153.6627483,8.8064209e+03
 153.6831825,8.7955752e+03
 153.7036166,8.8012842e+03
 153.7240509,8.8003340e+03
 153.7444850,8.7986787e+03
 153.7649191,8.7999102e+03
 153.7853534,8.8071318e+03
 153.8057876,8.7991553e+03
 153.8262217,8.7923613e+03
 153.8466558,8.7981270e+03
 153.8670901,8.8026475e+03
 153.8875242,8.7949463e+03
 153.9079584,8.7969053e+03
 153.9283927,8.7972666e+03
 153.9488268,8.7962129e+03
 153.9692609,8.8004150e+03
 153.9896951,8.8018193e+03
 154.0101294,8.8015615e+03
 154.0305635,8.7901055e+03
 154.0509976,8.7955127e+03
 154.0714319,8.7909736e+03
 154.0918660,8.7845342e+03
 154.1123002,8.8011035e+03
 154.1327344,8.8160244e+03
 154.1531685,8.7906777e+03
 154.1736027,8.7949561e+03
 154.1940369,8.8078945e+03
 154.2144711,8.7918359e+03
 154.2349053,8.7901250e+03
 154.2553394,8.7944014e+03
 154.2757735,8.7863467e+03
 154.2962078,8.7926641e+03
 154.3166420,8.7960566e+03
 154.3370761,8.7986064e+03
 154.3575102,8.7875488e+03
 154.3779445,8.7979297e+03
 154.3983786,8.7979131e+03
 154.4188128,8.8010586e+03
 154.4392470,8.7922373e+03
 154.4596812,8.7990186e+03
 154.4801153,8.8030264e+03
 154.5005495,8.8013896e+03
 154.5209838,8.7886143e+03
 154.5414178,8.7999395e+03
 154.5618520,8.7988652e+03
 154.5822863,8.7934365e+03
 154.6027204,8.8006367e+03
 154.6231545,8.7989375e+03
 154.6435887,8.7947168e+03
 154.6640229,8.7969951e+03
 154.6844571,8.7885352e+03
 154.7048912,8.8000322e+03
 154.7253255,8.7912129e+03
 154.7457596,8.7924697e+03
 154.7661938,8.7998652e+03
 154.7866279,8.8103936e+03
 154.8070621,8.7978457e+03
 154.8274963,8.7971641e+03
 154.8479304,8.7933389e+03
 154.8683647,8.7980400e+03
 154.8887988,8.7984629e+03
 154.9092330,8.7891699e+03
 154.9296672,8.7987275e+03
 154.9501014,8.8050498e+03
 154.9705355,8.7905244e+03
 154.9909697,8.7973418e+03
 155.0114038,8.7969307e+03
 155.0318381,8.7923984e+03
 155.0522722,8.8019990e+03
 155.0727063,8.7921572e+03
 155.0931406,8.8040742e+03
 155.1135747,8.8060664e+03
 155.1340088,8.7962852e+03
 155.1544430,8.8059600e+03
 155.1748773,8.8007168e+03
 155.1953114,8.7974590e+03
 155.2157455,8.7959219e+03
 155.2361797,8.7944316e+03
 155.2566140,8.7974404e+03
 155.2770480,         null
 155.2974822,8.7997734e+03
 155.3179165,8.7952266e+03
 155.3383506,8.7971709e+03
 155.3587847,8.7965420e+03
 155.3792189,8.8012578e+03
 155.3996531,8.7994160e+03
 155.4200872,8.7916963e+03
 155.4405214,8.8030098e+03
 155.4609557,8.7954932e+03
 155.4813898,8.7995312e+03
 155.5018239,8.8023838e+03
 155.5222580,8.7989834e+03
 155.5426923,8.7945117e+03
 155.5631265,         null
 155.5835605,8.7991875e+03
 155.6039948,8.7920586e+03
 155.6244290,8.7947939e+03
 155.6448631,8.7939492e+03
 155.6652972,8.7920391e+03
 155.6857315,8.7951670e+03
 155.7061657,8.8052432e+03
 155.7265997,8.8021699e+03
 155.7470339,8.8017324e+03
 155.7674682,8.7951484e+03
 155.7879022,8.7987061e+03
 155.8083364,8.7924648e+03
 155.8287707,8.7988076e+03
 155.8492047,8.7982646e+03
 155.8696389,8.8025771e+03
 155.8900731,8.7906348e+03
 155.9105074,8.7976611e+03
 155.9309414,8.8011689e+03
 155.9513756,8.7907285e+03
 155.9718099,8.7918945e+03
 155.9922439,8.7920674e+03
 156.0126781,8.7889229e+03
 156.0331122,8.7995732e+03
 156.0535464,8.7948828e+03
 156.0739806,8.7902275e+03
 156.0944148,8.7925684e+03
 156.1148489,8.8022812e+03
 156.1352831,8.8011592e+03
 156.1557173,8.8000234e+03
 156.1761514,8.7956738e+03
 156.1965856,8.7885059e+03
 156.2170198,8.7835928e+03
 156.2374539,8.7819434e+03
 156.2578880,8.7931631e+03
 156.2783223,8.7999717e+03
 156.2987564,8.7964307e+03
 156.3191905,8.7999502e+03
 156.3396248,8.7952812e+03
 156.3600589,8.8023174e+03
 156.3804930,8.7937119e+03
 156.4009272,8.7900918e+03
 156.4213615,8.7982158e+03
 156.4417955,8.7929141e+03
 156.4622297,8.8001260e+03
 156.4826640,8.7980059e+03
 156.5030980,8.7900918e+03
 156.5235322,8.7955635e+03
 156.5439664,8.7933750e+03
 156.5644005,8.7998594e+03
 156.5848347,8.7974932e+03
 156.6052689,8.8044922e+03
 156.6257030,8.7993516e+03
 156.6461372,8.7898857e+03
 156.6665714,8.8028486e+03
 156.6870055,8.7923623e+03
 156.7074397,8.7953691e+03
 156.7278739,8.7919639e+03
 156.7483080,8.7959805e+03
 156.7687421,8.7924863e+03
 156.7891763,8.7990225e+03
 156.8096105,8.7945576e+03
 156.8300447,8.7739248e+03
 156.8504788,8.7550195e+03
 156.8709130,8.7603965e+03
 156.8913472,8.7502070e+03
 156.9117812,8.7512617e+03
 156.9322155,8.7787705e+03
 156.9526497,8.7882266e+03
 156.9730837,8.7948926e+03
 156.9935180,8.7897871e+03
 157.0139522,8.7853799e+03
 157.0343862,8.7892432e+03
 157.0548204,8.7956934e+03
 157.0752546,8.7938730e+03
 157.0956887,8.7905615e+03
 157.1161229,8.7910566e+03
 157.1365571,8.8002939e+03
 157.1569913,8.7955947e+03
 157.1774254,8.7918066e+03
 157.1978595,8.8047139e+03
 157.2182938,8.7969600e+03
 157.2387278,8.7912393e+03
 157.2591620,8.7953516e+03
 157.2795962,8.7992275e+03
 157.3000303,8.8037441e+03
 157.3204645,8.7969619e+03
 157.3408987,8.7960928e+03
 157.3613328,8.7873096e+03
 157.3817670,8.7948564e+03
 157.4022011,8.7921523e+03
 157.4226352,8.7832275e+03
 157.4430695,8.8003535e+03
 157.4635036,8.8026143e+03
 157.4839377,8.7966719e+03
 157.5043719,8.7954531e+03
 157.5248061,8.7949170e+03
 157.5452402,8.7899004e+03
 157.5656743,8.7970225e+03
 157.5861086,8.8004287e+03
 157.6065426,8.7951182e+03
 157.6269768,8.8024932e+03
 157.6474111,8.7875205e+03
 157.6678452,8.7914482e+03
 157.6882793,8.7982988e+03
 157.7087134,8.7923389e+03
 157.7291477,8.7936504e+03
 157.7495818,8.7915684e+03
 157.7700159,8.7939512e+03
 157.7904502,8.7944043e+03
 157.8108842,8.7991211e+03
 157.8313184,8.7960684e+03
 157.8517526,8.7926758e+03
 157.8721867,8.7961260e+03
 157.8926209,8.8030674e+03
 157.9130550,8.8072705e+03
 157.9334891,8.7902832e+03
 157.9539233,8.7996221e+03
 157.9743575,8.7879102e+03
 157.9947916,8.7980410e+03
 158.0152258,8.7913379e+03
 158.0356600,8.7932158e+03
 158.0560940,8.7837959e+03
 158.0765282,8.7927891e+03
 158.0969625,8.7965801e+03
 158.1173966,8.7936484e+03
 158.1378307,8.7933535e+03
 158.1582649,8.7928291e+03
 158.1786991,8.7964893e+03
 158.1991331,8.7877666e+03
 158.2195673,8.7999434e+03
 158.2400015,8.8005176e+03
 158.2604356,         null
 158.2808698,8.8021250e+03
 158.3013040,8.7994092e+03
 158.3217382,8.8021201e+03
 158.3421722,8.7965078e+03
 158.3626064,8.7952100e+03
 158.3830406,8.8002197e+03
 158.4034748,8.7959180e+03
 158.4239088,8.7931055e+03
 158.4443430,8.7930664e+03
 158.4647773,8.7965137e+03
 158.4852113,8.7923916e+03
 158.5056455,8.7952002e+03
 158.5260797,8.7882178e+03
 158.5465138,8.7935039e+03
 158.5669479,8.7965537e+03
 158.5873821,8.7996074e+03
 158.6078162,8.7940059e+03
 158.6282504,8.7925898e+03
 158.6486845,8.7930430e+03
 158.6691188,8.8051201e+03
 158.6895529,8.7992646e+03
 158.7099870,8.7938447e+03
 158.7304211,8.7908477e+03
 158.7508553,8.7973018e+03
 158.7712895,8.7992900e+03
 158.7917236,8.7929844e+03
 158.8121578,8.8001533e+03
 158.8325919,8.7957100e+03
 158.8530261,8.8012686e+03
 158.8734601,8.7897197e+03
 158.8938944,8.7965645e+03
 158.9143285,8.8000059e+03
 158.9347626,8.7938135e+03
 158.9551968,8.7966553e+03
 158.9756310,8.7896328e+03
 158.9960650,8.7900283e+03
 159.0164992,8.7918691e+03
 159.0369335,8.7954619e+03
 159.0573675,8.7939414e+03
 159.0778017,8.7906982e+03
 159.0982358,8.7914326e+03
 159.1186701,8.7829160e+03
 159.1391041,8.7922373e+03
 159.1595383,8.7900322e+03
 159.1799725,8.7967539e+03
 159.2004066,8.7984912e+03
 159.2208407,8.7916553e+03
 159.2412748,8.7913955e+03
 159.2617090,8.7904629e+03
 159.2821432,8.7869502e+03
 159.3025773,8.7976406e+03
 159.3230115,8.7882646e+03
 159.3434456,8.7956074e+03
 159.3638798,8.7974805e+03
 159.3843138,8.7957344e+03
 159.4047481,8.7986172e+03
 159.4251822,8.7917451e+03
 159.4456163,8.7953916e+03
 159.4660505,8.7930791e+03
 159.4864847,8.7978896e+03
 159.5069187,8.7924629e+03
 159.5273529,8.8033672e+03
 159.5477871,8.7938682e+03
 159.5682212,8.7837812e+03
 159.5886553,8.7968164e+03
 159.6090894,8.7856562e+03
 159.6295237,8.7903193e+03
 159.6499577,8.8007930e+03
 159.6703919,8.7941914e+03
 159.6908261,8.7941143e+03
 159.7112602,8.7892461e+03
 159.7316943,8.7906875e+03
 159.7521285,8.7938486e+03
 159.7725626,8.7945713e+03
 159.7929968,8.7930186e+03
 159.8134309,8.7891943e+03
 159.8338651,8.7970283e+03
 159.8542992,8.7983779e+03
 159.8747334,8.7880684e+03
 159.8951674,8.7977314e+03
 159.9156017,8.7998047e+03
 159.9360358,8.7897920e+03
 159.9564699,8.8019033e+03
 159.9769041,8.7942783e+03
 159.9973382,8.7948457e+03
 160.0177724,8.7972627e+03
 160.0382065,8.8032842e+03
 160.0586407,8.7890986e+03
 160.0790748,8.7939346e+03
 160.0995090,8.7988457e+03
 160.1199430,8.7975986e+03
 160.1403773,8.7896064e+03
 160.1608114,8.7897598e+03
 160.1812454,8.7887910e+03
 160.2016797,8.7923047e+03
 160.2221138,8.7843545e+03
 160.2425479,8.7887197e+03
 160.2629820,8.7944795e+03
 160.2834163,8.7885586e+03
 160.3038503,8.7891436e+03
 160.3242845,8.7956963e+03
 160.3447187,8.7971846e+03
 160.3651528,8.7963789e+03
 160.3855869,8.7964863e+03
 160.4060210,8.7917979e+03
 160.4264553,8.7887344e+03
 160.4468893,8.7955566e+03
 160.4673235,8.7849805e+03
 160.4877577,8.7871553e+03
 160.5081917,8.7910195e+03
 160.5286259,8.7966719e+03
 160.5490600,8.7801992e+03
 160.5694942,8.7550088e+03
 160.5899283,8.7474229e+03
 160.6103625,8.7649092e+03
 160.6307965,8.7515693e+03
 160.6512307,8.7633916e+03
 160.6716649,8.8018262e+03
 160.6920989,8.7911025e+03
 160.7125332,8.7960479e+03
 160.7329673,8.7934297e+03
 160.7534013,8.7902764e+03
 160.7738355,8.7872568e+03
 160.7942697,8.7869238e+03
 160.8147039,8.7885850e+03
 160.8351379,8.7889727e+03
 160.8555721,8.8023574e+03
 160.8760063,8.7936318e+03
 160.8964403,8.7862939e+03
 160.9168745,8.7961768e+03
 160.9373087,8.7886934e+03
 160.9577427,8.7981074e+03
 160.9781769,8.7997031e+03
 160.9986111,8.7880029e+03
 161.0190452,8.7951523e+03
 161.0394793,8.7934033e+03
 161.0599134,8.7898008e+03
 161.0803476,8.7886602e+03
 161.1007817,8.7884316e+03
 161.1212159,8.7978164e+03
 161.1416501,8.7941523e+03
 161.1620841,8.8061729e+03
 161.1825183,8.7999951e+03
 161.2029523,8.7933936e+03
 161.2233866,8.7828379e+03
 161.2438207,         null
 161.2642548,8.7804883e+03
 161.2846889,8.7869404e+03
 161.3051231,8.7947939e+03
 161.3255572,8.7851113e+03
 161.3459913,8.7925781e+03
 161.3664255,8.7852588e+03
 161.3868597,8.7915273e+03
 161.4072937,8.7956582e+03
 161.4277278,8.7924541e+03
 161.4481621,8.7903281e+03
 161.4685961,8.8027598e+03
 161.4890302,8.7860107e+03
 161.5094645,8.7937412e+03
 161.5298985,8.7849785e+03
 161.5503326,8.7925850e+03
 161.5707668,8.7907705e+03
 161.5912010,8.7947295e+03
 161.6116351,8.7967324e+03
 161.6320692,8.7907881e+03
 161.6525034,8.7889395e+03
 161.6729376,8.7960420e+03
 161.6933716,8.7951426e+03
 161.7138057,8.7933857e+03
 161.7342400,8.7957256e+03
 161.7546740,8.7882979e+03
 161.7751081,8.7951387e+03
 161.7955423,8.7830479e+03
 161.8159764,8.7936816e+03
 161.8364105,8.7930518e+03
 161.8568447,8.7882812e+03
 161.8772789,8.7957061e+03
 161.8977129,8.7959824e+03
 161.9181471,8.7928105e+03
 161.9385811,8.8003818e+03
 161.9590153,8.7869824e+03
 161.9794495,8.7892734e+03
 161.9998836,8.7883945e+03
 162.0203177,8.7939307e+03
 162.0407519,8.7909814e+03
 162.0611860,8.7925830e+03
 162.0816200,8.7906387e+03
 162.1020543,8.7950635e+03
 162.1224884,8.8042559e+03
 162.1429224,8.7906836e+03
 162.1633567,8.7909590e+03
 162.1837908,8.7845000e+03
 162.2042248,8.7869932e+03
 162.2246590,8.7955127e+03
 162.2450932,8.7868164e+03
 162.2655272,8.7957676e+03
 162.2859614,8.7874951e+03
 162.3063956,8.8021924e+03
 162.3268297,8.7952070e+03
 162.3472637,8.7865117e+03
 162.3676979,8.7851846e+03
 162.3881321,8.7841602e+03
 162.4085661,8.7776201e+03
 162.4290003,8.7905439e+03
 162.4494343,8.7868105e+03
 162.4698685,8.7889746e+03
 162.4903027,8.7920371e+03
 162.5107362,8.8152422e+03
 162.5311704,8.7901104e+03
 162.5516045,8.7875859e+03
 162.5720386,8.7848906e+03
 162.5924727,8.7874814e+03
 162.6129069,8.7858799e+03
 162.6333410,8.7952568e+03
 162.6537751,8.7879805e+03
 162.6742093,8.7833838e+03
 162.6946434,8.7919268e+03
 162.7150775,8.7903330e+03
 162.7355116,8.7890410e+03
 162.7559457,8.7859941e+03
 162.7763799,8.7930146e+03
 162.7968140,8.7890391e+03
 162.8172481,8.7802451e+03
 162.8376823,8.7917148e+03
 162.8581164,8.7951104e+03
 162.8785504,8.7902891e+03
 162.8989846,8.7921660e+03
 162.9194188,8.7910010e+03
 162.9398528,8.7856455e+03
 162.9602869,8.7921377e+03
 162.9807211,8.7939482e+03
 163.0011552,8.7850283e+03
 163.0215893,8.7854287e+03
 163.0420235,8.7878965e+03
 163.0624576,8.7861895e+03
 163.0828917,8.7827832e+03
 163.1033258,8.7938779e+03
 163.1237600,8.7919619e+03
 163.1441941,8.7851201e+03
 163.1646282,8.7870215e+03
 163.1850624,8.7866377e+03
 163.2054964,8.7887529e+03
 163.2259306,8.7926924e+03
 163.2463647,8.7963848e+03
 163.2667988,8.7848857e+03
 163.2872329,8.7884004e+03
 163.3076671,8.7966768e+03
 163.3281013,8.7798799e+03
 163.3485353,8.7897314e+03
 163.3689694,8.7895791e+03
 163.3894034,8.7934619e+03
 163.4098377,8.7949141e+03
 163.4302718,8.7854658e+03
 163.4507058,8.7852285e+03
 163.4711400,8.7920723e+03
 163.4915742,8.7986484e+03
 163.5120083,8.7935596e+03
 163.5324423,8.7878779e+03
 163.5528765,8.7843018e+03
 163.5733107,8.7944795e+03
 163.5937447,8.7867539e+03
 163.6141788,8.7878291e+03
 163.6346130,8.7952070e+03
 163.6550470,8.7958389e+03
 163.6754812,8.7880195e+03
 163.6959154,8.7927041e+03
 163.7163494,8.7922734e+03
 163.7367835,8.7968037e+03
 163.7572177,8.7963379e+03
 163.7776518,8.7852334e+03
 163.7980859,8.7783799e+03
 163.8185200,8.7927920e+03
 163.8389542,8.7863857e+03
 163.8593883,8.7944453e+03
 163.8798224,8.7823896e+03
 163.9002564,8.7938486e+03
 163.9206906,8.7844629e+03
 163.9411247,8.7913408e+03
 163.9615589,8.7827354e+03
 163.9819930,8.7942080e+03
 164.0024271,8.7886572e+03
 164.0228612,8.8022549e+03
 164.0432952,8.7921055e+03
 164.0637295,8.7923467e+03
 164.0841636,8.7876553e+03
 164.1045977,8.7887119e+03
 164.1250317,8.7928379e+03
 164.1454659,8.7886631e+03
 164.1659000,8.7909766e+03
 164.1863341,8.7784629e+03
 164.2067683,8.7866309e+03
 164.2272024,         null
 164.2476364,8.7829795e+03
 164.2680706,8.7892061e+03
 164.2885047,8.7601299e+03
 164.3089388,8.7460342e+03
 164.3293729,8.7441045e+03
 164.3498071,8.7480107e+03
 164.3702412,8.7527852e+03
 164.3906753,8.7753984e+03
 164.4111094,8.8006943e+03
 164.4315435,8.7835674e+03
 164.4519776,8.7728838e+03
 164.4724117,8.7881709e+03
 164.4928459,8.7857852e+03
 164.5132800,8.7765938e+03
 164.5337141,8.7796748e+03
 164.5541482,8.7875430e+03
 164.5745823,8.7857266e+03
 164.5950164,8.7932529e+03
 164.6154505,8.7852539e+03
 164.6358846,8.7855312e+03
 164.6563188,8.7890850e+03
 164.6767529,8.7953418e+03
 164.6971870,8.7939199e+03
 164.7176211,8.7817275e+03
 164.7380552,8.7929639e+03
 164.7584894,8.8044248e+03
 164.7789234,8.7927725e+03
 164.7993576,8.7823701e+03
 164.8197917,8.7943164e+03
 164.8402257,8.7895791e+03
 164.8606599,8.7957822e+03
 164.8810940,8.7873418e+03
 164.9015281,8.7840391e+03
 164.9219622,8.7822178e+03
 164.9423964,8.7851514e+03
 164.9628304,8.7858838e+03
 164.9832645,8.7935615e+03
