        TIME,  PDCSAP_FLUX
 131.5122338,1.7462148e+04
 131.5326683,1.7463498e+04
 131.5531027,1.7462232e+04
 131.5735371,1.7453314e+04
 131.5939715,1.7457920e+04
 131.6144060,1.7456459e+04
 131.6348403,1.7460572e+04
 131.6552747,1.7459105e+04
 131.6757093,1.7451559e+04
 131.6961437,1.7456887e+04
 131.7165780,1.7464998e+04
 131.7370124,1.7460682e+04
 131.7574469,1.7456814e+04
 131.7778813,1.7464717e+04
 131.7983157,1.7452299e+04
 131.8187502,1.7451084e+04
 131.8391845,1.7455707e+04
 131.8596189,1.7448014e+04
 131.8800534,1.7462736e+04
 131.9004878,1.7449850e+04
 131.9209222,1.7458141e+04
 131.9413566,1.7462135e+04
 131.9617910,1.7462852e+04
 131.9822255,1.7467354e+04
 132.0026599,1.7464969e+04
 132.0230942,1.7456949e+04
 132.0435287,1.7452576e+04
 132.0639631,1.7457951e+04
 132.0843975,1.7458820e+04
 132.1048319,1.7453730e+04
 132.1252664,1.7453146e+04
 132.1457007,1.7449180e+04
 132.1661351,1.7454184e+04
 132.1865697,1.7448775e+04
 132.2070041,1.7463822e+04
 132.2274384,1.7465342e+04
 132.2478728,1.7461506e+04
 132.2683073,1.7462289e+04
 132.2887416,1.7458551e+04
 132.3091761,1.7460975e+04
 132.3296106,1.7468383e+04
 132.3500449,1.7457420e+04
 132.3704793,1.7457303e+04
 132.3909137,1.7461967e+04
 132.4113482,1.7451822e+04
 132.4317826,1.7460914e+04
 132.4522170,1.7459602e+04
 132.4726515,1.7463664e+04
 132.4930858,1.7457553e+04
 132.5135202,1.7455666e+04
 132.5339546,1.7469117e+04
 132.5543891,1.7445826e+04
 132.5748235,1.7453918e+04
 132.5952578,1.7460543e+04
 132.6156923,1.7464008e+04
 132.6361267,1.7474316e+04
 132.6565612,1.7463914e+04
 132.6769955,1.7458229e+04
 132.6974300,1.7454271e+04
 132.7178644,1.7458178e+04
 132.7382987,1.7464193e+04
 132.7587333,1.7459309e+04
 132.7791677,1.7450627e+04
 132.7996020,1.7453270e+04
 132.8200364,1.7462668e+04
 132.8404709,1.7461025e+04
 132.8609052,1.7450977e+04
 132.8813397,1.7456750e+04
 132.9017742,1.7458170e+04
 132.9222085,1.7453959e+04
 132.9426429,1.7450863e+04
 132.9630773,1.7458076e+04
 132.9835118,1.7459053e+04
 133.0039461,1.7451164e+04
 133.0243806,1.7454861e+04
 133.0448150,1.7471826e+04
 133.0652494,1.7456342e+04
 133.0856838,1.7464059e+04
 133.1061182,1.7449814e+04
 133.1265526,1.7460178e+04
 133.1469871,1.7456654e+04
 133.1674215,1.7460342e+04
 133.1878559,1.7459912e+04
 133.2082904,1.7461117e+04
 133.2287247,1.7461291e+04
 133.2491591,1.7462336e+04
 133.2695936,1.7454932e+04
 133.2900280,1.7459574e+04
 133.3104624,1.7460422e+04
 133.3308967,1.7459643e+04
 133.3513312,1.7454182e+04
 133.3717656,1.7463928e+04
 133.3922000,1.7459289e+04
 133.4126345,1.7455236e+04
 133.4330689,1.7452641e+04
 133.4535033,1.7456924e+04
 133.4739376,1.7459916e+04
 133.4943721,1.7454643e+04
 133.5148065,1.7465535e+04
 133.5352409,1.7465029e+04
 133.5556754,1.7458004e+04
 133.5761098,1.7454588e+04
 133.5965441,1.7463922e+04
 133.6169785,1.7453662e+04
 133.6374130,1.7465344e+04
 133.6578474,1.7467377e+04
 133.6782818,1.7461812e+04
 133.6987163,1.7457428e+04
 133.7191507,1.7456311e+04
 133.7395850,1.7459537e+04
 133.7600194,1.7461824e+04
 133.7804539,1.7470352e+04
 133.8008882,1.7453617e+04
 133.8213226,1.7458455e+04
 133.8417571,1.7457230e+04
 133.8621915,1.7459002e+04
 133.8826259,1.7455062e+04
 133.9030603,1.7467053e+04
 133.9234947,1.7474418e+04
 133.9439291,1.7466156e+04
 133.9643635,1.7458404e+04
 133.9847979,1.7458809e+04
 134.0052324,1.7470959e+04
 134.0256668,1.7453920e+04
 134.0461011,1.7458182e+04
 134.0665356,1.7459252e+04
 134.0869700,1.7465494e+04
 134.1074043,1.7461723e+04
 134.1278387,1.7466840e+04
 134.1482733,1.7459020e+04
 134.1687077,1.7457023e+04
 134.1891420,1.7452656e+04
 134.2095765,1.7454752e+04
 134.2300109,1.7457598e+04
 134.2504452,1.7457191e+04
 134.2708796,1.7458297e+04
 134.2913141,1.7453121e+04
 134.3117485,1.7466213e+04
 134.3321829,1.7463232e+04
 134.3526174,1.7456771e+04
 134.3730517,1.7461197e+04
 134.3934861,         null
 134.4139205,1.7464768e+04
 134.4343549,1.7468980e+04
 134.4547893,1.7453668e+04
 134.4752238,1.7455943e+04
 134.4956583,1.7460309e+04
 134.5160926,1.7456512e+04
 134.5365270,1.7461012e+04
 134.5569613,1.7466936e+04
 134.5773958,1.7452934e+04
 134.5978302,1.7450236e+04
 134.6182645,1.7454738e+04
 134.6386989,1.7466350e+04
 134.6591335,1.7467418e+04
 134.6795679,1.7457307e+04
 134.7000023,1.7461082e+04
 134.7204367,1.7456504e+04
 134.7408711,1.7455016e+04
 134.7613054,1.7461832e+04
 134.7817398,1.7461219e+04
 134.8021743,1.7460201e+04
 134.8226087,1.7458988e+04
 134.8430430,1.7457086e+04
 134.8634776,1.7466027e+04
 134.8839120,1.7450574e+04
 134.9043464,1.7460557e+04
 134.9247807,1.7461477e+04
 134.9452152,1.7463295e+04
 134.9656496,1.7459910e+04
 134.9860839,1.7468879e+04
 135.0065184,1.7459588e+04
 135.0269528,1.7469852e+04
 135.0473871,1.7462592e+04
 135.0678216,1.7460492e+04
 135.0882561,1.7469090e+04
 135.1086904,1.7464504e+04
 135.1291248,1.7470867e+04
 135.1495593,1.7464248e+04
 135.1699937,1.7466066e+04
 135.1904280,1.7460227e+04
 135.2108624,1.7470330e+04
 135.2312969,1.7474145e+04
 135.2517312,1.7467684e+04
 135.2721656,1.7455148e+04
 135.2926000,1.7466426e+04
 135.3130345,1.7461240e+04
 135.3334689,1.7461732e+04
 135.3539032,1.7457439e+04
 135.3743377,1.7455191e+04
 135.3947721,1.7466273e+04
 135.4152065,1.7458727e+04
 135.4356408,1.7467680e+04
 135.4560753,1.7466828e+04
 135.4765097,1.7470766e+04
 135.4969440,1.7450721e+04
 135.5173785,1.7456502e+04
 135.5378130,1.7464402e+04
 135.5582473,1.7459100e+04
 135.5786817,1.7467727e+04
 135.5991162,1.7469072e+04
 135.6195505,1.7466592e+04
 135.6399849,1.7454123e+04
 135.6604194,1.7464361e+04
 135.6808538,1.7469451e+04
 135.7012881,1.7457457e+04
 135.7217225,1.7464094e+04
 135.7421570,1.7459471e+04
 135.7625913,1.7469721e+04
 135.7830257,1.7463240e+04
 135.8034603,1.7477270e+04
 135.8238946,1.7462168e+04
 135.8443290,1.7462836e+04
 135.8647634,1.7468594e+04
 135.8851978,1.7468127e+04
 135.9056322,1.7467850e+04
 135.9260666,1.7460938e+04
 135.9465009,1.7460674e+04
 135.9669354,1.7457422e+04
 135.9873698,1.7461086e+04
 136.0078041,1.7457377e+04
 136.0282386,1.7462854e+04
 136.0486730,1.7468078e+04
 136.0691073,1.7459256e+04
 136.0895417,1.7471639e+04
 136.1099762,1.7466248e+04
 136.1304107,1.7462422e+04
 136.1508450,1.7471150e+04
 136.1712795,1.7471324e+04
 136.1917139,1.7468994e+04
 136.2121482,1.7465512e+04
 136.2325826,1.7456521e+04
 136.2530171,1.7461135e+04
 136.2734514,1.7467467e+04
 136.2938858,1.7461033e+04
 136.3143203,1.7460322e+04
 136.3347546,1.7459916e+04
 136.3551890,1.7463582e+04
 136.3756234,1.7456570e+04
 136.3960578,1.7455049e+04
 136.4164922,1.7461520e+04
 136.4369266,1.7460041e+04
 136.4573611,1.7465172e+04
 136.4777954,1.7465602e+04
 136.4982298,1.7458959e+04
 136.5186642,1.7463428e+04
 136.5390987,1.7449299e+04
 136.5595331,1.7443395e+04
 136.5799675,1.7448881e+04
 136.6004019,1.7445654e+04
 136.6208363,1.7458242e+04
 136.6412707,1.7476803e+04
 136.6617051,1.7465555e+04
 136.6821395,1.7466877e+04
 136.7025739,1.7463781e+04
 136.7230083,1.7461666e+04
 136.7434426,1.7455820e+04
 136.7638771,1.7464230e+04
 136.7843115,1.7456281e+04
 136.8047458,1.7468812e+04
 136.8251803,1.7449977e+04
 136.8456147,1.7460596e+04
 136.8660491,1.7469303e+04
 136.8864834,1.7471760e+04
 136.9069179,1.7461992e+04
 136.9273523,1.7469619e+04
 136.9477866,1.7468029e+04
 136.9682211,1.7471318e+04
 136.9886555,1.7470070e+04
 137.0090898,1.7468289e+04
 137.0295242,1.7464717e+04
 137.0499587,1.7454219e+04
 137.0703930,1.7461537e+04
 137.0908274,1.7471779e+04
 137.1112619,1.7470037e+04
 137.1316962,1.7458988e+04
 137.1521306,1.7452867e+04
 137.1725650,1.7468682e+04
 137.1929995,1.7470127e+04
 137.2134338,1.7464268e+04
 137.2338682,1.7465305e+04
 137.2543025,1.7479729e+04
 137.2747370,1.7459701e+04
 137.2951715,1.7476121e+04
 137.3156058,1.7465975e+04
 137.3360403,1.7471404e+04
 137.3564747,1.7465824e+04
 137.3769091,         null
 137.3973434,1.7472699e+04
 137.4177779,1.7459121e+04
 137.4382123,1.7457209e+04
 137.4586466,1.7463975e+04
 137.4790811,1.7463156e+04
 137.4995155,1.7468967e+04
 137.5199498,1.7457170e+04
 137.5403842,1.7459775e+04
 137.5608187,1.7462250e+04
 137.5812530,1.7473162e+04
 137.6016874,1.7472682e+04
 137.6221219,1.7468725e+04
 137.6425563,1.7469033e+04
 137.6629906,1.7462654e+04
 137.6834250,1.7464848e+04
 137.7038595,1.7461014e+04
 137.7242938,1.7469809e+04
 137.7447282,1.7464553e+04
 137.7651627,1.7474598e+04
 137.7855970,1.7472549e+04
 137.8060314,1.7462781e+04
 137.8264657,1.7468703e+04
 137.8469002,1.7464031e+04
 137.8673346,1.7460932e+04
 137.8877690,1.7473057e+04
 137.9082033,1.7459414e+04
 137.9286377,1.7465016e+04
 137.9490721,1.7463912e+04
 137.9695064,1.7461182e+04
 137.9899409,1.7460783e+04
 138.0103753,1.7456918e+04
 138.0308096,1.7459854e+04
 138.0512440,1.7472076e+04
 138.0716785,1.7470381e+04
 138.0921129,1.7470061e+04
 138.1125472,1.7465695e+04
 138.1329817,1.7463299e+04
 138.1534161,1.7460662e+04
 138.1738504,1.7453922e+04
 138.1942848,1.7459432e+04
 138.2147193,1.7472725e+04
 138.2351537,1.7458816e+04
 138.2555880,1.7466436e+04
 138.2760225,1.7465219e+04
 138.2964569,1.7471645e+04
 138.3168912,1.7464061e+04
 138.3373256,1.7466625e+04
 138.3577601,1.7462594e+04
 138.3781945,1.7474441e+04
 138.3986288,1.7486047e+04
 138.4190633,1.7462746e+04
 138.4394977,1.7453748e+04
 138.4599320,1.7468152e+04
 138.4803664,1.7468514e+04
 138.5008009,1.7466881e+04
 138.5212352,1.7463674e+04
 138.5416696,1.7472236e+04
 138.5621040,1.7473719e+04
 138.5825384,1.7458184e+04
 138.6029728,1.7471016e+04
 138.6234072,1.7470340e+04
 138.6438415,1.7470303e+04
 138.6642759,1.7463500e+04
 138.6847103,1.7460393e+04
 138.7051446,1.7464328e+04
 138.7255791,1.7467457e+04
 138.7460135,1.7466562e+04
 138.7664478,1.7469074e+04
 138.7868823,1.7465496e+04
 138.8073167,1.7465559e+04
 138.8277510,1.7469141e+04
 138.8481854,1.7459754e+04
 138.8686199,1.7469498e+04
 138.8890543,1.7456234e+04
 138.9094886,1.7464430e+04
 138.9299231,1.7463732e+04
 138.9503575,1.7466857e+04
 138.9707918,1.7469943e+04
 138.9912262,1.7472783e+04
 139.0116607,1.7469396e+04
 139.0320950,1.7466637e+04
 139.0525293,1.7474311e+04
 139.0729638,1.7468297e+04
 139.0933981,1.7471973e+04
 139.1138325,1.7475951e+04
 139.1342669,1.7462846e+04
 139.1547013,1.7459180e+04
 139.1751357,1.7469434e+04
 139.1955701,1.7464471e+04
 139.2160044,1.7462193e+04
 139.2364389,1.7463086e+04
 139.2568733,1.7460656e+04
 139.2773076,1.7463057e+04
 139.2977421,1.7467361e+04
 139.3181765,1.7466682e+04
 139.3386109,1.7462795e+04
 139.3590451,1.7461086e+04
 139.3794796,1.7467443e+04
 139.3999140,1.7460707e+04
 139.4203483,1.7453781e+04
 139.4407828,1.7466803e+04
 139.4612172,1.7465664e+04
 139.4816515,1.7455961e+04
 139.5020859,1.7460635e+04
 139.5225204,1.7456854e+04
 139.5429547,1.7464523e+04
 139.5633891,1.7463133e+04
 139.5838236,1.7455807e+04
 139.6042578,1.7466486e+04
 139.6246922,1.7472738e+04
 139.6451266,1.7460988e+04
 139.6655611,1.7466160e+04
 139.6859954,1.7460367e+04
 139.7064298,1.7469072e+04
 139.7268642,1.7466016e+04
 139.7472986,1.7461715e+04
 139.7677330,1.7461117e+04
 139.7881674,1.7473635e+04
 139.8086018,1.7457766e+04
 139.8290361,1.7467045e+04
 139.8494705,1.7464547e+04
 139.8699049,1.7453836e+04
 139.8903393,1.7464701e+04
 139.9107737,1.7473762e+04
 139.9312081,1.7466602e+04
 139.9516426,1.7466814e+04
 139.9720769,1.7472732e+04
 139.9925113,1.7474096e+04
 140.0129456,1.7469568e+04
 140.0333801,1.7467768e+04
 140.0538144,1.7463736e+04
 140.0742488,1.7463762e+04
 140.0946832,1.7461305e+04
 140.1151176,1.7459822e+04
 140.1355520,1.7459248e+04
 140.1559863,1.7468213e+04
 140.1764208,1.7462291e+04
 140.1968552,1.7464443e+04
 140.2172895,1.7471197e+04
 140.2377239,1.7459818e+04
 140.2581583,1.7459049e+04
 140.2785926,1.7473357e+04
 140.2990270,1.7461889e+04
 140.3194615,1.7466775e+04
 140.3398958,1.7466289e+04
 140.3603302,         null
 140.3807646,1.7467309e+04
 140.4011990,1.7455217e+04
 140.4216333,1.7464725e+04
 140.4420677,1.7468420e+04
 140.4625022,1.7472436e+04
 140.4829365,1.7461264e+04
 140.5033709,1.7462566e+04
 140.5238052,1.7466158e+04
 140.5442397,1.7473791e+04
 140.5646740,1.7463932e+04
 140.5851084,1.7461830e+04
 140.6055428,1.7467770e+04
 140.6259772,1.7468035e+04
 140.6464116,1.7472273e+04
 140.6668459,1.7467932e+04
 140.6872804,1.7461623e+04
 140.7077148,1.7466924e+04
 140.7281490,1.7466014e+04
 140.7485835,1.7460783e+04
 140.7690179,1.7459654e+04
 140.7894522,1.7467918e+04
 140.8098866,1.7467135e+04
 140.8303211,1.7469539e+04
 140.8507555,1.7471395e+04
 140.8711897,1.7462250e+04
 140.8916241,1.7482820e+04
 140.9120586,1.7469262e+04
 140.9324929,1.7464053e+04
 140.9529273,1.7461016e+04
 140.9733618,1.7467842e+04
 140.9937961,1.7469600e+04
 141.0142304,1.7478383e+04
 141.0346648,1.7467537e+04
 141.0550992,1.7471629e+04
 141.0755336,1.7462438e+04
 141.0959680,1.7473914e+04
 141.1164024,1.7456021e+04
 141.1368368,1.7465186e+04
 141.1572711,1.7468314e+04
 141.1777054,1.7467148e+04
 141.1981399,1.7457596e+04
 141.2185743,1.7471850e+04
 141.2390086,1.7470553e+04
 141.2594431,1.7480023e+04
 141.2798774,1.7468092e+04
 141.3003117,1.7469705e+04
 141.3207461,1.7463684e+04
 141.3411806,1.7466270e+04
 141.3616150,1.7469176e+04
 141.3820493,1.7459752e+04
 141.4024836,1.7470314e+04
 141.4229181,1.7468541e+04
 141.4433525,1.7460600e+04
 141.4637868,1.7465471e+04
 141.4842213,1.7475045e+04
 141.5046557,1.7468787e+04
 141.5250899,1.7464074e+04
 141.5455243,1.7473977e+04
 141.5659587,1.7471822e+04
 141.5863932,1.7463549e+04
 141.6068275,1.7462953e+04
 141.6272619,1.7470186e+04
 141.6476963,1.7470320e+04
 141.6681306,1.7465566e+04
 141.6885650,1.7468549e+04
 141.7089995,1.7466502e+04
 141.7294338,1.7466088e+04
 141.7498681,1.7487240e+04
 141.7703026,1.7471396e+04
 141.7907369,1.7463648e+04
 141.8111713,1.7467002e+04
 141.8316057,1.7471398e+04
 141.8520400,1.7461918e+04
 141.8724744,1.7473998e+04
 141.8929088,1.7466926e+04
 141.9133433,1.7478184e+04
 141.9337776,1.7472332e+04
 141.9542120,1.7492990e+04
 141.9746462,1.7471408e+04
 141.9950807,1.7469938e+04
 142.0155151,1.7467285e+04
 142.0359494,1.7472008e+04
 142.0563838,1.7473061e+04
 142.0768182,1.7463852e+04
 142.0972526,1.7471770e+04
 142.1176869,1.7464943e+04
 142.1381214,1.7480633e+04
 142.1585558,1.7472256e+04
 142.1789900,1.7473957e+04
 142.1994244,1.7468932e+04
 142.2198589,1.7479588e+04
 142.2402932,1.7473379e+04
 142.2607275,1.7469193e+04
 142.2811620,1.7474121e+04
 142.3015963,1.7467676e+04
 142.3220307,1.7468746e+04
 142.3424651,1.7469562e+04
 142.3628995,1.7472873e+04
 142.3833338,1.7470676e+04
 142.4037682,1.7472232e+04
 142.4242027,1.7467193e+04
 142.4446370,1.7472234e+04
 142.4650713,1.7472838e+04
 142.4855056,1.7466961e+04
 142.5059401,1.7478041e+04
 142.5263745,1.7469904e+04
 142.5468088,1.7469293e+04
 142.5672431,1.7472006e+04
 142.5876776,1.7472785e+04
 142.6081120,1.7470842e+04
 142.6285463,1.7469527e+04
 142.6489807,1.7465289e+04
 142.6694151,1.7471604e+04
 142.6898494,1.7475574e+04
 142.7102838,1.7468857e+04
 142.7307182,1.7460316e+04
 142.7511525,1.7468070e+04
 142.7715869,1.7459547e+04
 142.7920214,1.7470494e+04
 142.8124556,1.7477973e+04
 142.8328900,1.7471951e+04
 142.8533244,1.7466309e+04
 142.8737589,1.7470496e+04
 142.8941931,1.7476789e+04
 142.9146275,1.7464467e+04
 142.9350620,1.7471305e+04
 142.9554963,1.7472732e+04
 142.9759306,1.7467047e+04
 142.9963649,1.7467234e+04
 143.0167994,1.7465957e+04
 143.0372338,1.7464666e+04
 143.0576681,1.7459572e+04
 143.0781025,1.7447271e+04
 143.0985369,1.7465055e+04
 143.1189713,1.7464801e+04
 143.1394056,1.7459781e+04
 143.1598400,1.7458438e+04
 143.1802744,1.7472990e+04
 143.2007087,1.7468752e+04
 143.2211430,1.7480055e+04
 143.2415775,1.7466012e+04
 143.2620119,1.7473623e+04
 143.2824463,1.7468998e+04
 143.3028806,1.7471945e+04
 143.3233150,1.7465330e+04
 143.3437494,         null
 143.3641837,1.7470117e+04
 143.3846181,1.7464271e+04
 143.4050525,1.7464186e+04
 143.4254868,1.7480139e+04
 143.4459213,1.7481266e+04
 143.4663556,1.7477129e+04
 143.4867899,1.7466801e+04
 143.5072243,1.7467354e+04
 143.5276587,1.7465613e+04
 143.5480931,1.7467686e+04
 143.5685274,1.7482588e+04
 143.5889619,1.7466941e+04
 143.6093962,1.7476449e+04
 143.6298305,1.7466711e+04
 143.6502649,1.7475266e+04
 143.6706994,1.7467330e+04
 143.6911336,1.7471914e+04
 143.7115680,1.7469076e+04
 143.7320024,1.7464727e+04
 143.7524367,1.7466578e+04
 143.7728711,1.7464859e+04
 143.7933055,1.7466189e+04
 143.8137399,1.7468975e+04
 143.8341742,1.7467338e+04
 143.8546086,1.7474098e+04
 143.8750429,1.7466576e+04
 143.8954773,1.7467832e+04
 143.9159117,1.7473344e+04
 143.9363460,1.7478936e+04
 143.9567804,1.7462285e+04
 143.9772148,1.7468357e+04
 143.9976491,1.7476555e+04
 144.0180835,1.7462564e+04
 144.0385179,1.7463533e+04
 144.0589523,1.7460191e+04
 144.0793866,1.7462797e+04
 144.0998210,1.7470221e+04
 144.1202554,1.7468959e+04
 144.1406897,1.7462732e+04
 144.1611240,1.7467852e+04
 144.1815585,1.7470797e+04
 144.2019928,1.7476447e+04
 144.2224271,1.7460682e+04
 144.2428616,1.7470553e+04
 144.2632959,1.7467674e+04
 144.2837303,1.7468389e+04
 144.3041646,1.7464361e+04
 144.3245990,1.7468215e+04
 144.3450334,1.7475420e+04
 144.3654677,1.7470080e+04
 144.3859020,1.7469543e+04
 144.4063365,1.7466875e+04
 144.4267708,1.7465377e+04
 144.4472051,1.7474820e+04
 144.4676396,1.7472660e+04
 144.4880739,1.7478094e+04
 144.5085082,1.7469654e+04
 144.5289426,1.7466602e+04
 144.5493770,1.7469289e+04
 144.5698114,1.7471754e+04
 144.5902457,1.7467943e+04
 144.6106801,1.7470623e+04
 144.6311145,1.7480797e+04
 144.6515488,1.7470035e+04
 144.6719831,1.7472871e+04
 144.6924176,1.7465209e+04
 144.7128519,1.7474725e+04
 144.7332862,1.7477848e+04
 144.7537207,1.7465383e+04
 144.7741550,1.7468967e+04
 144.7945893,1.7471555e+04
 144.8150237,1.7468754e+04
 144.8354582,1.7475496e+04
 144.8558924,1.7459896e+04
 144.8763268,1.7465516e+04
 144.8967612,1.7472686e+04
 144.9171955,1.7465361e+04
 144.9376299,1.7478459e+04
 144.9580643,1.7468631e+04
 144.9784987,1.7480314e+04
 144.9989330,1.7475061e+04
 145.0193673,1.7472879e+04
 145.0398017,1.7471438e+04
 145.0602361,1.7473910e+04
 145.0806704,1.7468900e+04
 145.1011048,1.7476002e+04
 145.1215393,1.7480613e+04
 145.1419735,1.7464777e+04
 145.1624079,1.7472201e+04
 145.1828422,1.7465014e+04
 145.2032766,1.7462852e+04
 145.2237110,1.7464141e+04
 145.2441453,1.7471824e+04
 145.2645797,1.7473133e+04
 145.2850141,1.7469535e+04
 145.3054484,1.7464406e+04
 145.3258827,1.7471838e+04
 145.3463172,1.7470527e+04
 145.3667515,1.7469213e+04
 145.3871858,1.7472955e+04
 145.4076203,1.7467045e+04
 145.4280546,1.7473648e+04
 145.4484889,1.7481758e+04
 145.4689232,1.7461152e+04
 145.4893577,1.7463537e+04
 145.5097920,1.7466461e+04
 145.5302263,1.7479441e+04
 145.5506607,1.7480332e+04
 145.5710951,1.7464820e+04
 145.5915294,1.7480234e+04
 145.6119638,1.7470482e+04
 145.6323982,1.7471037e+04
 145.6528325,1.7473895e+04
 145.6732669,1.7465418e+04
 145.6937011,1.7476256e+04
 145.7141356,1.7472578e+04
 145.7345699,1.7467986e+04
 145.7550043,1.7469383e+04
 145.7754387,1.7461373e+04
 145.7958730,1.7472615e+04
 145.8163074,1.7479875e+04
 145.8367416,1.7466838e+04
 145.8571761,1.7468305e+04
 145.8776105,1.7474588e+04
 145.8980447,1.7473344e+04
 145.9184792,1.7467068e+04
 145.9389135,1.7485471e+04
 145.9593478,1.7470709e+04
 145.9797822,1.7471469e+04
 146.0002166,1.7476266e+04
 146.0206510,1.7473795e+04
 146.0410852,1.7471770e+04
 146.0615197,1.7466402e+04
 146.0819540,1.7481084e+04
 146.1023883,1.7487248e+04
 146.1228227,1.7470154e+04
 146.1432571,1.7467467e+04
 146.1636914,1.7468045e+04
 146.1841257,1.7470742e+04
 146.2045601,1.7468059e+04
 146.2249945,1.7465822e+04
 146.2454288,1.7476426e+04
 146.2658632,1.7473033e+04
 146.2862975,1.7481113e+04
 146.3067319,1.7478775e+04
 146.3271662,         null
 146.3476005,1.7469020e+04
 146.3680350,1.7467324e+04
 146.3884693,1.7465676e+04
 146.4089036,1.7469363e+04
 146.4293380,1.7469266e+04
 146.4497724,1.7470797e+04
 146.4702066,1.7467191e+04
 146.4906411,1.7467512e+04
 146.5110755,1.7461797e+04
 146.5315098,1.7467652e+04
 146.5519441,1.7470277e+04
 146.5723785,1.7470633e+04
 146.5928129,1.7471150e+04
 146.6132472,1.7468572e+04
 146.6336815,1.7488250e+04
 146.6541159,1.7465904e+04
 146.6745503,1.7466938e+04
 146.6949846,1.7461295e+04
 146.7154190,1.7465629e+04
 146.7358534,1.7472277e+04
 146.7562877,1.7462912e+04
 146.7767220,1.7470869e+04
 146.7971564,1.7466932e+04
 146.8175908,1.7471898e+04
 146.8380250,1.7475010e+04
 146.8584594,1.7468820e+04
 146.8788938,1.7465902e+04
 146.8993281,1.7469773e+04
 146.9197624,1.7474332e+04
 146.9401969,1.7470021e+04
 146.9606312,1.7475170e+04
 146.9810655,1.7486945e+04
 147.0014999,1.7464920e+04
 147.0219342,1.7467637e+04
 147.0423686,1.7461434e+04
 147.0628029,1.7469033e+04
 147.0832374,1.7468518e+04
 147.1036716,1.7463266e+04
 147.1241060,1.7471391e+04
 147.1445402,1.7468645e+04
 147.1649747,1.7468592e+04
 147.1854090,1.7470189e+04
 147.2058433,1.7471299e+04
 147.2262777,1.7470990e+04
 147.2467121,1.7478924e+04
 147.2671464,1.7468031e+04
 147.2875807,1.7469072e+04
 147.3080151,1.7466979e+04
 147.3284495,1.7469182e+04
 147.3488837,1.7465492e+04
 147.3693181,1.7468475e+04
 147.3897526,1.7467840e+04
 147.4101868,1.7462312e+04
 147.4306212,1.7466137e+04
 147.4510556,1.7462578e+04
 147.4714899,1.7470422e+04
 147.4919242,1.7467725e+04
 147.5123586,1.7473736e+04
 147.5327930,1.7461684e+04
 147.5532273,1.7473373e+04
 147.5736616,1.7472625e+04
 147.5940961,1.7467553e+04
 147.6145303,1.7471674e+04
 147.6349647,1.7468941e+04
 147.6553989,1.7473748e+04
 147.6758334,1.7463525e+04
 147.6962677,1.7474996e+04
 147.7167019,1.7463518e+04
 147.7371364,1.7474293e+04
 147.7575707,1.7460771e+04
 147.7780051,1.7459611e+04
 147.7984393,1.7461488e+04
 147.8188738,1.7466223e+04
 147.8393081,1.7465578e+04
 147.8597424,1.7465693e+04
 147.8801767,1.7470695e+04
 147.9006112,         null
 147.9210454,1.7467684e+04
 147.9414798,1.7472639e+04
 147.9619142,1.7466197e+04
 147.9823485,1.7476988e+04
 148.0027828,1.7461027e+04
 148.0232172,1.7464879e+04
 148.0436516,1.7464004e+04
 148.0640859,1.7467670e+04
 148.0845202,1.7460811e+04
 148.1049547,1.7467436e+04
 148.1253889,1.7465252e+04
 148.1458232,1.7469443e+04
 148.1662576,1.7470047e+04
 148.1866919,1.7467764e+04
 148.2071263,1.7462322e+04
 148.2275606,1.7464531e+04
 148.2479951,1.7475990e+04
 148.2684293,1.7467520e+04
 148.2888637,1.7462271e+04
 148.3092980,1.7476979e+04
 148.3297324,1.7467436e+04
 148.3501667,1.7460285e+04
 148.3706010,1.7468293e+04
 148.3910353,1.7466363e+04
 148.4114697,1.7473422e+04
 148.4319041,1.7462004e+04
 148.4523384,1.7466633e+04
 148.4727728,1.7465068e+04
 148.4932071,1.7472904e+04
 148.5136415,1.7462980e+04
 148.5340757,1.7466377e+04
 148.5545101,1.7468768e+04
 148.5749445,1.7477826e+04
 148.5953787,1.7469729e+04
 148.6158132,1.7478576e+04
 148.6362475,1.7467584e+04
 148.6566818,1.7467090e+04
 148.6771161,1.7478795e+04
 148.6975506,1.7461021e+04
 148.7179848,1.7471543e+04
 148.7384191,1.7464781e+04
 148.7588536,1.7474176e+04
 148.7792879,1.7468602e+04
 148.7997222,1.7461373e+04
 148.8201565,1.7482385e+04
 148.8405909,1.7466389e+04
 148.8610252,1.7470301e+04
 148.8814595,1.7463137e+04
 148.9018940,1.7475438e+04
 148.9223282,1.7471477e+04
 148.9427626,1.7470633e+04
 148.9631969,1.7464787e+04
 148.9836312,1.7465838e+04
 149.0040656,1.7469758e+04
 149.0244999,1.7468000e+04
 149.0449342,1.7474006e+04
 149.0653686,1.7467893e+04
 149.0858029,1.7474281e+04
 149.1062372,1.7471002e+04
 149.1266716,1.7456889e+04
 149.1471060,1.7459535e+04
 149.1675402,1.7468189e+04
 149.1879745,1.7464209e+04
 149.2084090,1.7459676e+04
 149.2288433,1.7471711e+04
 149.2492776,1.7468170e+04
 149.2697120,1.7470012e+04
 149.2901463,1.7491154e+04
 149.3105806,         null
 149.3310149,1.7469867e+04
 149.3514494,1.7468973e+04
 149.3718836,1.7473184e+04
 149.3923179,1.7466699e+04
 149.4127524,1.7471025e+04
 149.4331866,1.7471209e+04
 149.4536209,1.7471117e+04
 149.4740553,1.7468686e+04
 149.4944896,1.7471867e+04
 149.5149240,1.7474607e+04
 149.5353583,1.7474824e+04
 149.5557927,1.7464484e+04
 149.5762270,1.7467918e+04
 149.5966613,1.7457262e+04
 149.6170955,1.7456148e+04
 149.6375300,1.7451125e+04
 149.6579643,1.7458545e+04
 149.6783986,1.7468010e+04
 149.6988329,1.7474463e+04
 149.7192673,1.7461154e+04
 149.7397017,1.7465053e+04
 149.7601359,1.7461988e+04
 149.7805703,1.7474801e+04
 149.8010047,1.7469932e+04
 149.8214389,1.7465324e+04
 149.8418732,1.7467461e+04
 149.8623077,1.7454666e+04
 149.8827420,1.7466047e+04
 149.9031763,1.7471229e+04
 149.9236107,1.7468576e+04
 149.9440450,1.7464355e+04
 149.9644794,1.7478000e+04
 149.9849136,1.7462383e+04
 150.0053480,1.7465246e+04
 150.0257824,1.7470736e+04
 150.0462166,1.7461182e+04
 150.0666510,1.7461160e+04
 150.0870854,1.7464969e+04
 150.1075196,1.7474379e+04
 150.1279539,1.7463527e+04
 150.1483884,1.7464797e+04
 150.1688226,1.7466742e+04
 150.1892569,1.7463855e+04
 150.2096914,1.7468984e+04
 150.2301256,1.7465615e+04
 150.2505599,1.7471342e+04
 150.2709943,1.7469254e+04
 150.2914287,1.7469494e+04
 150.3118629,1.7460828e+04
 150.3322973,1.7474248e+04
 150.3527315,1.7472031e+04
 150.3731659,1.7465996e+04
 150.3936003,1.7475301e+04
 150.4140345,1.7466322e+04
 150.4344689,1.7463715e+04
 150.4549033,1.7475885e+04
 150.4753376,1.7472547e+04
 150.4957718,1.7467271e+04
 150.5162062,1.7476309e+04
 150.5366406,1.7476584e+04
 150.5570748,1.7475113e+04
 150.5775092,1.7468971e+04
 150.5979436,1.7472881e+04
 150.6183778,1.7469051e+04
 150.6388121,1.7465352e+04
 150.6592466,1.7471092e+04
 150.6796808,1.7471062e+04
 150.7001151,1.7484639e+04
 150.7205496,1.7463543e+04
 150.7409839,1.7453201e+04
 150.7614181,1.7463373e+04
 150.7818524,1.7465088e+04
 150.8022869,1.7461922e+04
 150.8227211,1.7468109e+04
 150.8431554,1.7467809e+04
 150.8635899,1.7469576e+04
 150.8840241,1.7468205e+04
 150.9044584,1.7457254e+04
 150.9248927,1.7469066e+04
 150.9453271,1.7476742e+04
 150.9657614,1.7461748e+04
 150.9861957,1.7465131e+04
 151.0066300,1.7463178e+04
 151.0270644,1.7460291e+04
 151.0474987,1.7463938e+04
 151.0679329,1.7466711e+04
 151.0883674,1.7457592e+04
 151.1088017,1.7459176e+04
 151.1292359,1.7469686e+04
 151.1496703,1.7461211e+04
 151.1701047,1.7456711e+04
 151.1905389,1.7468727e+04
 151.2109732,1.7473721e+04
 151.2314077,1.7462861e+04
 151.2518420,1.7471299e+04
 151.2722762,1.7462230e+04
 151.2927105,1.7461693e+04
 151.3131450,1.7465484e+04
 151.3335792,1.7468014e+04
 151.3540135,1.7465256e+04
 151.3744479,1.7475699e+04
 151.3948822,1.7464541e+04
 151.4153165,1.7468492e+04
 151.4357508,1.7472230e+04
 151.4561851,1.7454938e+04
 151.4766195,1.7464266e+04
 151.4970538,1.7472475e+04
 151.5174881,1.7457635e+04
 151.5379224,1.7458066e+04
 151.5583568,1.7460379e+04
 151.5787911,1.7460789e+04
 151.5992255,1.7465100e+04
 151.6196597,1.7462039e+04
 151.6400941,1.7464877e+04
 151.6605284,         null
 151.6809627,1.7469885e+04
 151.7013970,1.7465588e+04
 151.7218314,1.7462568e+04
 151.7422657,1.7464730e+04
 151.7627000,1.7464742e+04
 151.7831343,1.7471385e+04
 151.8035685,1.7468982e+04
 151.8240030,1.7471176e+04
 151.8444373,1.7467078e+04
 151.8648715,1.7461262e+04
 151.8853059,1.7453285e+04
 151.9057403,1.7466799e+04
 151.9261745,1.7467098e+04
 151.9466088,1.7462203e+04
 151.9670432,1.7461268e+04
 151.9874775,1.7470445e+04
 152.0079118,1.7461895e+04
 152.0283462,1.7464438e+04
 152.0487805,1.7460100e+04
 152.0692147,1.7466768e+04
 152.0896490,1.7464074e+04
 152.1100835,1.7467111e+04
 152.1305177,1.7466289e+04
 152.1509520,1.7464104e+04
 152.1713863,1.7454502e+04
 152.1918206,1.7467443e+04
 152.2122550,1.7457789e+04
 152.2326893,1.7472984e+04
 152.2531237,1.7466104e+04
 152.2735579,1.7462090e+04
 152.2939922,         null
 152.3144265,1.7465957e+04
 152.3348609,1.7476600e+04
 152.3552952,1.7471754e+04
 152.3757294,1.7464160e+04
 152.3961638,1.7471771e+04
 152.4165982,1.7467559e+04
 152.4370325,1.7471424e+04
 152.4574667,1.7475145e+04
 152.4779011,1.7471889e+04
 152.4983354,1.7463238e+04
 152.5187696,1.7464525e+04
 152.5392041,1.7466168e+04
 152.5596384,1.7473727e+04
 152.5800726,1.7471012e+04
 152.6005069,1.7476979e+04
 152.6209413,1.7463281e+04
 152.6413756,1.7465793e+04
 152.6618099,         null
 152.6822442,1.7459225e+04
 152.7026785,1.7468006e+04
 152.7231128,1.7471021e+04
 152.7435471,1.7466932e+04
 152.7639815,1.7468086e+04
 152.7844158,1.7472008e+04
 152.8048501,1.7455764e+04
 152.8252843,1.7467568e+04
 152.8457187,1.7469299e+04
 152.8661530,1.7472248e+04
 152.8865872,1.7470201e+04
 152.9070217,1.7462650e+04
 152.9274560,1.7472369e+04
 152.9478903,1.7471168e+04
 152.9683245,1.7476814e+04
 152.9887589,1.7455674e+04
 153.0091932,1.7456301e+04
 153.0296274,1.7464326e+04
 153.0500619,1.7467121e+04
 153.0704962,1.7456830e+04
 153.0909304,1.7471957e+04
 153.1113647,1.7465457e+04
 153.1317991,1.7462268e+04
 153.1522333,1.7458842e+04
 153.1726676,1.7458732e+04
 153.1931020,1.7465730e+04
 153.2135364,1.7470078e+04
 153.2339707,1.7473227e+04
 153.2544049,1.7462596e+04
 153.2748393,1.7460914e+04
 153.2952736,1.7456084e+04
 153.3157078,1.7471299e+04
 153.3361421,1.7471777e+04
 153.3565764,1.7470898e+04
 153.3770108,1.7466162e+04
 153.3974451,1.7466699e+04
 153.4178795,1.7473193e+04
 153.4383138,1.7464238e+04
 153.4587480,1.7463426e+04
 153.4791823,1.7468418e+04
 153.4996167,1.7461857e+04
 153.5200509,1.7470061e+04
 153.5404852,1.7469760e+04
 153.5609197,1.7463629e+04
 153.5813539,1.7467912e+04
 153.6017882,1.7474527e+04
 153.6222225,1.7464453e+04
 153.6426568,1.7462354e+04
 153.6630911,1.7466498e+04
 153.6835254,1.7469809e+04
 153.7039596,1.7466299e+04
 153.7243940,1.7472633e+04
 153.7448283,1.7464930e+04
 153.7652626,1.7471133e+04
 153.7856970,1.7468420e+04
 153.8061313,1.7459816e+04
 153.8265655,1.7464445e+04
 153.8469998,1.7471896e+04
 153.8674342,1.7465783e+04
 153.8878684,1.7466510e+04
 153.9083027,1.7473240e+04
 153.9287371,1.7453199e+04
 153.9491714,1.7456381e+04
 153.9696056,1.7471590e+04
 153.9900399,1.7466176e+04
 154.0104744,1.7472689e+04
 154.0309086,1.7471646e+04
 154.0513429,1.7465557e+04
 154.0717773,1.7460473e+04
 154.0922115,1.7468219e+04
 154.1126458,1.7468549e+04
 154.1330801,1.7470529e+04
 154.1535144,1.7460746e+04
 154.1739487,1.7473793e+04
 154.1943830,1.7472506e+04
 154.2148173,1.7465123e+04
 154.2352516,1.7470557e+04
 154.2556859,1.7462201e+04
 154.2761201,1.7471254e+04
 154.2965545,1.7464268e+04
 154.3169888,1.7460906e+04
 154.3374230,1.7465287e+04
 154.3578573,1.7467656e+04
 154.3782918,1.7473830e+04
 154.3987260,1.7465178e+04
 154.4191603,1.7471186e+04
 154.4395947,1.7461084e+04
 154.4600290,1.7458621e+04
 154.4804632,1.7469277e+04
 154.5008975,1.7457412e+04
 154.5213319,1.7461670e+04
 154.5417661,1.7457043e+04
 154.5622004,1.7463176e+04
 154.5826348,1.7460730e+04
 154.6030690,1.7470756e+04
 154.6235033,1.7468943e+04
 154.6439376,1.7460537e+04
 154.6643719,1.7464164e+04
 154.6848062,1.7472309e+04
 154.7052405,1.7473537e+04
 154.7256749,1.7458822e+04
 154.7461091,1.7465117e+04
 154.7665434,1.7509656e+04
 154.7869777,1.7462389e+04
 154.8074120,1.7462354e+04
 154.8278463,1.7464770e+04
 154.8482805,1.7465910e+04
 154.8687149,1.7467562e+04
 154.8891492,1.7467594e+04
 154.9095835,1.7462453e+04
 154.9300178,1.7455238e+04
 154.9504521,1.7452926e+04
 154.9708864,1.7449133e+04
 154.9913207,1.7461670e+04
 155.0117549,1.7457820e+04
 155.0321893,1.7463232e+04
 155.0526236,1.7461359e+04
 155.0730578,1.7471816e+04
 155.0934922,1.7466506e+04
 155.1139265,1.7461893e+04
 155.1343607,1.7455896e+04
 155.1547950,1.7468166e+04
 155.1752294,1.7457449e+04
 155.1956637,1.7471133e+04
 155.2160979,1.7466523e+04
 155.2365322,1.7465562e+04
 155.2569666,1.7466023e+04
 155.2774008,         null
 155.2978351,1.7461664e+04
 155.3182695,1.7466131e+04
 155.3387037,1.7471408e+04
 155.3591380,1.7459100e+04
 155.3795723,1.7462342e+04
 155.4000066,1.7468508e+04
 155.4204409,1.7468189e+04
 155.4408752,1.7456033e+04
 155.4613096,1.7463775e+04
 155.4817438,1.7468902e+04
 155.5021781,1.7457729e+04
 155.5226123,1.7462336e+04
 155.5430467,1.7471791e+04
 155.5634810,         null
 155.5839151,1.7459428e+04
 155.6043495,1.7452547e+04
 155.6247838,1.7459850e+04
 155.6452181,1.7466164e+04
 155.6656523,1.7471365e+04
 155.6860867,1.7476957e+04
 155.7065210,1.7473408e+04
 155.7269552,1.7465598e+04
 155.7473895,1.7471334e+04
 155.7678239,1.7466162e+04
 155.7882581,1.7463166e+04
 155.8086924,1.7466320e+04
 155.8291268,1.7470369e+04
 155.8495610,1.7462492e+04
 155.8699953,1.7471209e+04
 155.8904296,1.7457775e+04
 155.9108640,1.7475252e+04
 155.9312981,1.7477314e+04
 155.9517324,1.7460473e+04
 155.9721668,1.7470562e+04
 155.9926010,1.7471086e+04
 156.0130353,1.7467092e+04
 156.0334695,1.7461535e+04
 156.0539039,1.7468928e+04
 156.0743382,1.7468650e+04
 156.0947725,1.7455139e+04
 156.1152068,1.7457400e+04
 156.1356411,1.7456490e+04
 156.1560754,1.7448232e+04
 156.1765096,1.7450381e+04
 156.1969439,1.7451871e+04
 156.2173782,1.7471541e+04
 156.2378124,1.7457445e+04
 156.2582467,1.7467164e+04
 156.2786811,1.7468697e+04
 156.2991153,1.7468721e+04
 156.3195496,1.7460961e+04
 156.3399840,1.7467021e+04
 156.3604182,1.7472426e+04
 156.3808525,1.7470227e+04
 156.4012867,1.7465000e+04
 156.4217211,1.7475133e+04
 156.4421553,1.7465660e+04
 156.4625896,1.7470629e+04
 156.4830240,1.7474939e+04
 156.5034582,1.7467189e+04
 156.5238925,1.7467564e+04
 156.5443268,1.7458939e+04
 156.5647611,1.7470889e+04
 156.5851953,1.7454223e+04
 156.6056296,1.7468559e+04
 156.6260639,1.7468416e+04
 156.6464982,1.7467414e+04
 156.6669325,1.7465062e+04
 156.6873668,1.7470135e+04
 156.7078011,1.7461008e+04
 156.7282354,1.7463605e+04
 156.7486696,1.7484758e+04
 156.7691038,1.7466807e+04
 156.7895382,1.7473062e+04
 156.8099725,1.7463725e+04
 156.8304068,1.7474027e+04
 156.8508411,1.7468414e+04
 156.8712754,1.7478305e+04
 156.8917096,1.7463344e+04
 156.9121438,1.7469455e+04
 156.9325782,1.7468623e+04
 156.9530125,1.7467832e+04
 156.9734467,1.7468785e+04
 156.9938811,1.7461307e+04
 157.0143153,1.7458906e+04
 157.0347495,1.7479789e+04
 157.0551838,1.7465973e+04
 157.0756182,1.7473896e+04
 157.0960524,1.7471381e+04
 157.1164867,1.7474033e+04
 157.1369211,1.7476898e+04
 157.1573553,1.7471020e+04
 157.1777895,1.7468539e+04
 157.1982238,1.7475521e+04
 157.2186582,1.7475434e+04
 157.2390924,1.7471838e+04
 157.2595267,1.7463646e+04
 157.2799609,1.7472137e+04
 157.3003952,1.7474787e+04
 157.3208295,1.7459773e+04
 157.3412638,1.7471617e+04
 157.3616981,1.7466621e+04
 157.3821323,1.7473250e+04
 157.4025666,1.7465059e+04
 157.4230008,1.7462600e+04
 157.4434352,1.7474141e+04
 157.4638695,1.7477725e+04
 157.4843037,1.7469326e+04
 157.5047380,1.7468609e+04
 157.5251723,1.7474936e+04
 157.5456065,1.7471764e+04
 157.5660408,1.7470729e+04
 157.5864752,1.7474158e+04
 157.6069093,1.7471580e+04
 157.6273436,1.7457605e+04
 157.6477780,1.7464361e+04
 157.6682123,1.7473281e+04
 157.6886465,1.7467295e+04
 157.7090807,1.7471527e+04
 157.7295151,1.7475734e+04
 157.7499493,1.7468346e+04
 157.7703836,1.7472531e+04
 157.7908179,1.7461037e+04
 157.8112521,1.7460734e+04
 157.8316864,1.7468773e+04
 157.8521207,1.7464781e+04
 157.8725550,1.7465436e+04
 157.8929892,1.7472174e+04
 157.9134235,1.7475256e+04
 157.9338577,1.7472793e+04
 157.9542921,1.7475857e+04
 157.9747263,1.7471104e+04
 157.9951605,1.7468709e+04
 158.0155949,1.7476672e+04
 158.0360292,1.7464389e+04
 158.0564634,1.7467553e+04
 158.0768976,1.7461861e+04
 158.0973320,1.7456605e+04
 158.1177663,1.7468830e+04
 158.1382005,1.7477264e+04
 158.1586348,1.7461830e+04
 158.1790691,1.7463834e+04
 158.1995033,1.7458949e+04
 158.2199376,1.7458779e+04
 158.2403719,1.7459381e+04
 158.2608061,         null
 158.2812404,1.7462438e+04
 158.3016748,1.7470834e+04
 158.3221090,1.7459514e+04
 158.3425432,1.7459830e+04
 158.3629775,1.7472719e+04
 158.3834119,1.7472805e+04
 158.4038461,1.7463875e+04
 158.4242803,1.7473084e+04
 158.4447146,1.7474537e+04
 158.4651489,1.7464553e+04
 158.4855831,1.7462094e+04
 158.5060174,1.7459918e+04
 158.5264518,1.7470170e+04
 158.5468859,1.7463135e+04
 158.5673202,1.7463133e+04
 158.5877545,1.7461332e+04
 158.6081888,1.7471797e+04
 158.6286230,1.7463443e+04
 158.6490573,1.7470254e+04
 158.6694917,1.7466414e+04
 158.6899258,1.7476537e+04
 158.7103601,1.7467074e+04
 158.7307943,1.7455502e+04
 158.7512287,1.7468113e+04
 158.7716629,1.7475695e+04
 158.7920972,1.7470510e+04
 158.8125315,1.7466924e+04
 158.8329657,1.7466682e+04
 158.8534000,1.7466084e+04
 158.8738342,1.7469018e+04
 158.8942685,1.7461305e+04
 158.9147028,1.7464594e+04
 158.9351370,1.7470410e+04
 158.9555714,1.7473404e+04
 158.9760056,1.7466459e+04
 158.9964398,1.7468893e+04
 159.0168741,1.7467127e+04
 159.0373084,1.7466473e+04
 159.0577426,1.7472475e+04
 159.0781769,1.7475355e+04
 159.0986111,1.7469160e+04
 159.1190455,1.7465754e+04
 159.1394797,1.7472090e+04
 159.1599139,1.7462568e+04
 159.1803483,1.7473361e+04
 159.2007825,1.7472436e+04
 159.2212167,1.7476812e+04
 159.2416509,1.7471664e+04
 159.2620853,1.7469998e+04
 159.2825195,1.7470277e+04
 159.3029538,1.7465105e+04
 159.3233881,1.7470285e+04
 159.3438223,1.7469449e+04
 159.3642566,1.7463180e+04
 159.3846908,1.7465986e+04
 159.4051251,1.7471600e+04
 159.4255594,1.7464457e+04
 159.4459936,1.7467998e+04
 159.4664279,1.7470014e+04
 159.4868622,1.7462883e+04
 159.5072964,1.7460479e+04
 159.5277306,1.7460393e+04
 159.5481650,1.7463979e+04
 159.5685992,1.7472512e+04
 159.5890334,1.7468738e+04
 159.6094677,1.7476225e+04
 159.6299020,1.7465145e+04
 159.6503362,1.7468646e+04
 159.6707705,1.7466273e+04
 159.6912048,1.7473510e+04
 159.7116390,1.7478043e+04
 159.7320733,1.7466988e+04
 159.7525075,1.7460951e+04
 159.7729418,1.7475604e+04
 159.7933760,1.7478516e+04
 159.8138103,1.7470299e+04
 159.8342446,1.7468199e+04
 159.8546788,1.7469338e+04
 159.8751131,1.7464787e+04
 159.8955473,1.7460652e+04
 159.9159816,1.7464395e+04
 159.9364159,1.7460465e+04
 159.9568501,1.7469818e+04
 159.9772844,1.7461014e+04
 159.9977187,1.7455676e+04
 160.0181529,1.7467078e+04
 160.0385872,1.7463988e+04
 160.0590214,1.7461355e+04
 160.0794557,1.7469186e+04
 160.0998900,1.7473449e+04
 160.1203241,1.7460838e+04
 160.1407585,1.7475025e+04
 160.1611927,1.7462609e+04
 160.1816269,1.7472217e+04
 160.2020613,1.7465111e+04
 160.2224955,1.7466270e+04
 160.2429297,1.7466529e+04
 160.2633639,1.7468670e+04
 160.2837983,1.7479576e+04
 160.3042324,1.7474680e+04
 160.3246667,1.7472184e+04
 160.3451011,1.7463512e+04
 160.3655353,1.7462273e+04
 160.3859695,1.7465816e+04
 160.4064037,1.7478541e+04
 160.4268381,1.7472250e+04
 160.4472723,1.7467137e+04
 160.4677065,1.7466895e+04
 160.4881409,1.7465900e+04
 160.5085750,1.7472203e+04
 160.5290093,1.7469061e+04
 160.5494435,1.7466396e+04
 160.5698778,1.7466396e+04
 160.5903120,1.7471461e+04
 160.6107463,1.7467479e+04
 160.6311805,1.7468477e+04
 160.6516148,1.7463180e+04
 160.6720491,1.7469479e+04
 160.6924832,1.7463199e+04
 160.7129176,1.7468787e+04
 160.7333518,1.7473277e+04
 160.7537860,1.7467209e+04
 160.7742202,1.7468664e+04
 160.7946546,1.7462451e+04
 160.8150888,1.7469652e+04
 160.8355230,1.7459621e+04
 160.8559574,1.7466533e+04
 160.8763916,1.7477957e+04
 160.8968258,1.7467793e+04
 160.9172600,1.7464863e+04
 160.9376944,1.7470600e+04
 160.9581285,1.7476334e+04
 160.9785628,1.7461031e+04
 160.9989971,1.7470021e+04
 161.0194313,1.7470629e+04
 161.0398655,1.7471533e+04
 161.0602998,1.7476416e+04
 161.0807340,1.7467146e+04
 161.1011683,1.7470330e+04
 161.1216025,1.7466184e+04
 161.1420369,1.7471029e+04
 161.1624710,1.7468699e+04
 161.1829053,1.7473744e+04
 161.2033394,1.7467789e+04
 161.2237738,1.7468748e+04
 161.2442080,         null
 161.2646423,1.7469514e+04
 161.2850764,1.7473736e+04
 161.3055108,1.7466719e+04
 161.3259450,1.7468549e+04
 161.3463792,1.7470680e+04
 161.3668135,1.7471600e+04
 161.3872478,1.7479428e+04
 161.4076819,1.7465674e+04
 161.4281162,1.7459256e+04
 161.4485505,1.7476088e+04
 161.4689847,1.7477062e+04
 161.4894189,1.7474193e+04
 161.5098533,1.7470248e+04
 161.5302874,1.7467742e+04
 161.5507217,1.7462783e+04
 161.5711559,1.7468303e+04
 161.5915903,1.7463137e+04
 161.6120244,1.7467689e+04
 161.6324587,1.7456102e+04
 161.6528930,1.7471490e+04
 161.6733273,1.7471686e+04
 161.6937614,1.7459201e+04
 161.7141956,1.7470268e+04
 161.7346300,1.7464021e+04
 161.7550641,1.7467738e+04
 161.7754984,1.7470355e+04
 161.7959326,1.7466627e+04
 161.8163669,1.7460061e+04
 161.8368011,1.7466062e+04
 161.8572354,1.7471693e+04
 161.8776697,1.7467893e+04
 161.8981039,1.7472998e+04
 161.9185381,1.7474762e+04
 161.9389722,1.7466365e+04
 161.9594066,1.7482348e+04
 161.9798408,1.7459945e+04
 162.0002751,1.7471482e+04
 162.0207093,1.7468195e+04
 162.0411436,1.7471797e+04
 162.0615778,1.7472973e+04
 162.0820119,1.7469330e+04
 162.1024463,1.7476926e+04
 162.1228805,1.7470498e+04
 162.1433147,1.7467686e+04
 162.1637490,1.7478125e+04
 162.1841833,1.7474787e+04
 162.2046174,1.7466225e+04
 162.2250516,1.7470453e+04
 162.2454860,1.7463223e+04
 162.2659201,1.7463346e+04
 162.2863544,1.7468115e+04
 162.3067887,1.7470189e+04
 162.3272229,1.7468963e+04
 162.3476571,1.7463424e+04
 162.3680913,1.7463947e+04
 162.3885257,1.7465348e+04
 162.4089598,1.7451055e+04
 162.4293941,1.7475285e+04
 162.4498282,1.7465053e+04
 162.4702625,1.7479506e+04
 162.4906968,1.7484754e+04
 162.5111304,1.7475715e+04
 162.5315647,1.7458379e+04
 162.5519989,1.7471309e+04
 162.5724331,1.7471102e+04
 162.5928674,1.7463920e+04
 162.6133017,1.7459275e+04
 162.6337358,1.7457072e+04
 162.6541701,1.7451436e+04
 162.6746044,1.7451596e+04
 162.6950386,1.7462859e+04
 162.7154728,1.7456771e+04
 162.7359070,1.7471908e+04
 162.7563413,1.7470742e+04
 162.7767755,1.7475576e+04
 162.7972097,1.7474711e+04
 162.8176440,1.7466047e+04
 162.8380782,1.7468797e+04
 162.8585125,1.7472156e+04
 162.8789466,1.7460740e+04
 162.8993809,1.7472010e+04
 162.9198152,1.7473240e+04
 162.9402493,1.7470871e+04
 162.9606835,1.7472117e+04
 162.9811179,1.7475268e+04
 163.0015520,1.7482543e+04
 163.0219862,1.7476162e+04
 163.0424206,1.7460344e+04
 163.0628548,1.7467859e+04
 163.0832889,1.7470645e+04
 163.1037232,1.7472986e+04
 163.1241575,1.7476006e+04
 163.1445916,1.7459811e+04
 163.1650259,1.7471574e+04
 163.1854602,1.7475543e+04
 163.2058943,1.7466883e+04
 163.2263286,1.7466596e+04
 163.2467628,1.7459967e+04
 163.2671970,1.7456645e+04
 163.2876313,1.7471465e+04
 163.3080655,1.7466762e+04
 163.3284998,1.7469045e+04
 163.3489340,1.7465174e+04
 163.3693682,1.7473699e+04
 163.3898023,1.7477844e+04
 163.4102367,1.7461969e+04
 163.4306709,1.7464135e+04
 163.4511050,1.7467514e+04
 163.4715394,1.7469049e+04
 163.4919736,1.7474195e+04
 163.5124078,1.7472801e+04
 163.5328419,1.7464352e+04
 163.5532763,1.7471299e+04
 163.5737105,1.7473424e+04
 163.5941446,1.7476404e+04
 163.6145789,1.7465352e+04
 163.6350132,1.7466963e+04
 163.6554473,1.7469408e+04
 163.6758816,1.7476783e+04
 163.6963159,1.7475178e+04
 163.7167500,1.7467748e+04
 163.7371842,1.7472057e+04
 163.7576185,1.7470506e+04
 163.7780527,1.7474125e+04
 163.7984869,1.7474145e+04
 163.8189212,1.7476836e+04
 163.8393555,1.7461289e+04
 163.8597896,1.7467684e+04
 163.8802238,1.7478682e+04
 163.9006580,1.7467035e+04
 163.9210923,1.7474770e+04
 163.9415265,1.7471283e+04
 163.9619607,1.7475867e+04
 163.9823950,1.7474309e+04
 164.0028292,1.7473830e+04
 164.0232634,1.7484352e+04
 164.0436975,1.7471963e+04
 164.0641319,1.7472932e+04
 164.0845661,1.7470674e+04
 164.1050003,1.7468076e+04
 164.1254344,1.7460662e+04
 164.1458688,1.7469516e+04
 164.1663029,1.7473428e+04
 164.1867371,1.7462213e+04
 164.2071714,1.7473797e+04
 164.2276057,         null
 164.2480398,1.7474701e+04
 164.2684740,1.7470662e+04
 164.2889082,1.7463662e+04
 164.3093425,1.7469309e+04
 164.3297767,1.7472629e+04
 164.3502110,1.7467771e+04
 164.3706452,1.7468957e+04
 164.3910794,1.7475162e+04
 164.4115136,1.7470424e+04
 164.4319478,1.7490121e+04
 164.4523820,1.7471406e+04
 164.4728162,1.7470088e+04
 164.4932506,1.7470473e+04
 164.5136847,1.7475139e+04
 164.5341189,1.7474883e+04
 164.5545531,1.7469428e+04
 164.5749874,1.7459242e+04
 164.5954216,1.7473650e+04
 164.6158558,1.7473480e+04
 164.6362899,1.7467119e+04
 164.6567242,1.7470561e+04
 164.6771585,1.7470629e+04
 164.6975927,1.7477812e+04
 164.7180269,1.7468619e+04
 164.7384611,1.7469551e+04
 164.7588953,1.7468883e+04
 164.7793295,1.7468205e+04
 164.7997638,1.7483777e+04
 164.8201980,1.7480471e+04
 164.8406321,1.7477129e+04
 164.8610664,1.7471615e+04
 164.8815006,1.7477248e+04
 164.9019348,1.7474557e+04
 164.9223690,1.7475258e+04
 164.9428033,1.7469834e+04
 164.9632374,1.7475275e+04
 164.9836716,1.7470219e+04
