        TIME,  PDCSAP_FLUX
 131.5120404,4.8750250e+04
 131.5324749,4.8748176e+04
 131.5529093,4.8782758e+04
 131.5733436,4.8770984e+04
 131.5937780,4.8763520e+04
 131.6142125,4.8756434e+04
 131.6346469,4.8783715e+04
 131.6550813,4.8787387e+04
 131.6755158,4.8790758e+04
 131.6959502,4.8797492e+04
 131.7163845,4.8792734e+04
 131.7368189,4.8788492e+04
 131.7572534,4.8805004e+04
 131.7776877,4.8805559e+04
 131.7981221,4.8818332e+04
 131.8185566,4.8823723e+04
 131.8389909,4.8836859e+04
 131.8594253,4.8825047e+04
 131.8798598,4.8835984e+04
 131.9002942,4.8831961e+04
 131.9207286,4.8865215e+04
 131.9411630,4.8859844e+04
 131.9615974,4.8861332e+04
 131.9820318,4.8858879e+04
 132.0024662,4.8860273e+04
 132.0229005,4.8864293e+04
 132.0433350,4.8877367e+04
 132.0637694,4.8872273e+04
 132.0842037,4.8879016e+04
 132.1046381,4.8882199e+04
 132.1250726,4.8884484e+04
 132.1455070,4.8889957e+04
 132.1659414,4.8894730e+04
 132.1863759,4.8894121e+04
 132.2068103,4.8921355e+04
 132.2272446,4.8912988e+04
 132.2476790,4.8917477e+04
 132.2681135,4.8917309e+04
 132.2885478,4.8919672e+04
 132.3089822,4.8929922e+04
 132.3294167,4.8944082e+04
 132.3498510,4.8937539e+04
 132.3702854,4.8943457e+04
 132.3907198,4.8946707e+04
 132.4111542,4.8947906e+04
 132.4315887,4.8957281e+04
 132.4520231,4.8954832e+04
 132.4724576,4.8948539e+04
 132.4928919,4.8972234e+04
 132.5133263,4.8973660e+04
 132.5337606,4.8970848e+04
 132.5541951,4.8981590e+04
 132.5746295,4.8979633e+04
 132.5950638,4.8976117e+04
 132.6154983,4.8978023e+04
 132.6359327,4.8976035e+04
 132.6563671,4.8987359e+04
 132.6768014,4.8994281e+04
 132.6972359,4.9010605e+04
 132.7176703,4.8980281e+04
 132.7381046,4.9003672e+04
 132.7585392,4.8996391e+04
 132.7789736,4.9002531e+04
 132.7994079,4.8990742e+04
 132.8198423,4.8987168e+04
 132.8402768,4.9000469e+04
 132.8607111,4.9008789e+04
 132.8811455,4.9005695e+04
 132.9015800,4.8996285e+04
 132.9220143,4.9010844e+04
 132.9424487,4.9006379e+04
 132.9628831,4.9007742e+04
 132.9833176,4.9006457e+04
 133.0037519,4.9018859e+04
 133.0241863,4.9017363e+04
 133.0446207,4.9000477e+04
 133.0650551,4.9012570e+04
 133.0854895,4.9021973e+04
 133.1059240,4.9004750e+04
 133.1263584,4.9005090e+04
 133.1467928,4.9006699e+04
 133.1672272,4.9016684e+04
 133.1876616,4.9016148e+04
 133.2080961,4.9008949e+04
 133.2285304,4.9003484e+04
 133.2489648,4.9012344e+04
 133.2693992,4.9008648e+04
 133.2898336,4.9010184e+04
 133.3102680,4.9020914e+04
 133.3307023,4.9022398e+04
 133.3511368,4.9021500e+04
 133.3715712,4.9011535e+04
 133.3920056,4.8989066e+04
 133.4124400,4.8994129e+04
 133.4328744,4.8979242e+04
 133.4533088,4.9004586e+04
 133.4737431,4.9010453e+04
 133.4941777,4.9005051e+04
 133.5146121,4.9014230e+04
 133.5350464,4.9016961e+04
 133.5554809,4.9005891e+04
 133.5759153,4.9019492e+04
 133.5963496,4.9006664e+04
 133.6167840,4.9005891e+04
 133.6372185,4.9003926e+04
 133.6576529,4.9014879e+04
 133.6780872,4.9010336e+04
 133.6985217,4.8999504e+04
 133.7189561,4.9001758e+04
 133.7393904,4.9015207e+04
 133.7598248,4.9003410e+04
 133.7802593,4.9006586e+04
 133.8006936,4.8998066e+04
 133.8211280,4.9019117e+04
 133.8415624,4.9006574e+04
 133.8619968,4.8993137e+04
 133.8824312,4.8983312e+04
 133.9028656,4.8997270e+04
 133.9233000,4.9009195e+04
 133.9437344,4.9015914e+04
 133.9641688,4.8996160e+04
 133.9846032,4.8984664e+04
 134.0050377,4.8991770e+04
 134.0254721,4.8994438e+04
 134.0459064,4.8992086e+04
 134.0663409,4.8980414e+04
 134.0867753,4.8968953e+04
 134.1072096,4.8974957e+04
 134.1276440,4.8998641e+04
 134.1480785,4.9004645e+04
 134.1685129,4.8986000e+04
 134.1889472,4.8980441e+04
 134.2093817,4.8989578e+04
 134.2298161,4.8989629e+04
 134.2502504,4.8980234e+04
 134.2706848,4.8996324e+04
 134.2911193,4.8981996e+04
 134.3115536,4.8996344e+04
 134.3319880,4.8977262e+04
 134.3524225,4.8979656e+04
 134.3728568,4.8974746e+04
 134.3932912,         null
 134.4137256,4.8992770e+04
 134.4341600,4.8986766e+04
 134.4545944,4.8987230e+04
 134.4750288,4.8975383e+04
 134.4954633,4.8977375e+04
 134.5158976,4.8975090e+04
 134.5363320,4.8968301e+04
 134.5567663,4.8981285e+04
 134.5772008,4.8959891e+04
 134.5976352,4.8961551e+04
 134.6180695,4.8960770e+04
 134.6385039,4.8972332e+04
 134.6589384,4.8957090e+04
 134.6793729,4.8964070e+04
 134.6998073,4.8954891e+04
 134.7202417,4.8963207e+04
 134.7406761,4.8936836e+04
 134.7611104,4.8951824e+04
 134.7815448,4.8945160e+04
 134.8019793,4.8933949e+04
 134.8224137,4.8946809e+04
 134.8428480,4.8938500e+04
 134.8632825,4.8936902e+04
 134.8837169,4.8942293e+04
 134.9041513,4.8933359e+04
 134.9245856,4.8931199e+04
 134.9450201,4.8934848e+04
 134.9654545,4.8936465e+04
 134.9858888,4.8939484e+04
 135.0063233,4.8934039e+04
 135.0267577,4.8930406e+04
 135.0471920,4.8934004e+04
 135.0676264,4.8933738e+04
 135.0880609,4.8926504e+04
 135.1084952,4.8930055e+04
 135.1289296,4.8945828e+04
 135.1493641,4.8931664e+04
 135.1697985,4.8927930e+04
 135.1902328,4.8929645e+04
 135.2106672,4.8918891e+04
 135.2311017,4.8918023e+04
 135.2515360,4.8915758e+04
 135.2719704,4.8922629e+04
 135.2924047,4.8921746e+04
 135.3128392,4.8923242e+04
 135.3332736,4.8920953e+04
 135.3537079,4.8935715e+04
 135.3741424,4.8913535e+04
 135.3945768,4.8907430e+04
 135.4150112,4.8912000e+04
 135.4354455,4.8907602e+04
 135.4558800,4.8919090e+04
 135.4763144,4.8906668e+04
 135.4967487,4.8890801e+04
 135.5171832,4.8916492e+04
 135.5376176,4.8894727e+04
 135.5580519,4.8896621e+04
 135.5784863,4.8902859e+04
 135.5989208,4.8885414e+04
 135.6193551,4.8898695e+04
 135.6397895,4.8893289e+04
 135.6602240,4.8886637e+04
 135.6806584,4.8895484e+04
 135.7010927,4.8877496e+04
 135.7215271,4.8901844e+04
 135.7419616,4.8902234e+04
 135.7623959,4.8903074e+04
 135.7828303,4.8902723e+04
 135.8032648,4.8898887e+04
 135.8236991,4.8898035e+04
 135.8441335,4.8899926e+04
 135.8645679,4.8906926e+04
 135.8850023,4.8906762e+04
 135.9054367,4.8906254e+04
 135.9258711,4.8908969e+04
 135.9463054,4.8894477e+04
 135.9667399,4.8917285e+04
 135.9871743,4.8911531e+04
 136.0076086,4.8901156e+04
 136.0280431,4.8901961e+04
 136.0484775,4.8912395e+04
 136.0689118,4.8909898e+04
 136.0893462,4.8911480e+04
 136.1097807,4.8911359e+04
 136.1302151,4.8888305e+04
 136.1506494,4.8916680e+04
 136.1710839,4.8895121e+04
 136.1915183,4.8899016e+04
 136.2119526,4.8923336e+04
 136.2323870,4.8912477e+04
 136.2528215,4.8909066e+04
 136.2732558,4.8901871e+04
 136.2936902,4.8892414e+04
 136.3141247,4.8915961e+04
 136.3345590,4.8918234e+04
 136.3549934,4.8906227e+04
 136.3754278,4.8910484e+04
 136.3958622,4.8924617e+04
 136.4162966,4.8903359e+04
 136.4367310,4.8913730e+04
 136.4571654,4.8917801e+04
 136.4775997,4.8923000e+04
 136.4980341,4.8923168e+04
 136.5184685,4.8922891e+04
 136.5389029,4.8932535e+04
 136.5593373,4.8930258e+04
 136.5797717,4.8934621e+04
 136.6002061,4.8931645e+04
 136.6206405,4.8921805e+04
 136.6410749,4.8938508e+04
 136.6615093,4.8951625e+04
 136.6819437,4.8947801e+04
 136.7023781,4.8952977e+04
 136.7228125,4.8949836e+04
 136.7432468,4.8947684e+04
 136.7636813,4.8957125e+04
 136.7841157,4.8958734e+04
 136.8045500,4.8968918e+04
 136.8249845,4.8955969e+04
 136.8454189,4.8958625e+04
 136.8658533,4.8970660e+04
 136.8862876,4.8986051e+04
 136.9067221,4.8968492e+04
 136.9271565,4.8965805e+04
 136.9475908,4.8977574e+04
 136.9680253,4.8963219e+04
 136.9884597,4.8973297e+04
 137.0088940,4.8985750e+04
 137.0293284,4.8992316e+04
 137.0497629,4.8995445e+04
 137.0701972,4.8985082e+04
 137.0906316,4.8982250e+04
 137.1110660,4.8995891e+04
 137.1315003,4.9003391e+04
 137.1519347,4.8995953e+04
 137.1723691,4.8999578e+04
 137.1928036,4.9000469e+04
 137.2132379,4.9012762e+04
 137.2336723,4.9010430e+04
 137.2541066,4.9003648e+04
 137.2745411,4.9016816e+04
 137.2949755,4.9019496e+04
 137.3154098,4.9034645e+04
 137.3358443,4.9018645e+04
 137.3562787,4.9022930e+04
 137.3767131,         null
 137.3971474,4.9036793e+04
 137.4175819,4.9052133e+04
 137.4380163,4.9037234e+04
 137.4584506,4.9025188e+04
 137.4788851,4.9045484e+04
 137.4993195,4.9043121e+04
 137.5197538,4.9052602e+04
 137.5401881,4.9042004e+04
 137.5606226,4.9056824e+04
 137.5810569,4.9057402e+04
 137.6014913,4.9060805e+04
 137.6219258,4.9051879e+04
 137.6423602,4.9048461e+04
 137.6627945,4.9053461e+04
 137.6832289,4.9057680e+04
 137.7036634,4.9044043e+04
 137.7240977,4.9064051e+04
 137.7445321,4.9065789e+04
 137.7649666,4.9060641e+04
 137.7854009,4.9070777e+04
 137.8058353,4.9067652e+04
 137.8262696,4.9070242e+04
 137.8467041,4.9062727e+04
 137.8671385,4.9067094e+04
 137.8875728,4.9073246e+04
 137.9080071,4.9071836e+04
 137.9284416,4.9058605e+04
 137.9488760,4.9058977e+04
 137.9693103,4.9085418e+04
 137.9897448,4.9077082e+04
 138.0101792,4.9077137e+04
 138.0306135,4.9069941e+04
 138.0510479,4.9095914e+04
 138.0714824,4.9087680e+04
 138.0919168,4.9088797e+04
 138.1123511,4.9087449e+04
 138.1327856,4.9086836e+04
 138.1532200,4.9086547e+04
 138.1736543,4.9077762e+04
 138.1940886,4.9090211e+04
 138.2145231,4.9082340e+04
 138.2349575,4.9077516e+04
 138.2553918,4.9088648e+04
 138.2758263,4.9072480e+04
 138.2962607,4.9090352e+04
 138.3166950,4.9073352e+04
 138.3371294,4.9075094e+04
 138.3575639,4.9072859e+04
 138.3779983,4.9073305e+04
 138.3984326,4.9082930e+04
 138.4188671,4.9065809e+04
 138.4393015,4.9068203e+04
 138.4597357,4.9058105e+04
 138.4801701,4.9044629e+04
 138.5006046,4.9036109e+04
 138.5210389,4.9065453e+04
 138.5414733,4.9042688e+04
 138.5619077,4.9052672e+04
 138.5823421,4.9036227e+04
 138.6027765,4.9046305e+04
 138.6232109,4.9013473e+04
 138.6436453,4.9016078e+04
 138.6640797,4.9012008e+04
 138.6845141,4.8999957e+04
 138.7049483,4.9017582e+04
 138.7253828,4.9029055e+04
 138.7458172,4.9018906e+04
 138.7662515,4.9011531e+04
 138.7866860,4.9001059e+04
 138.8071204,4.9010078e+04
 138.8275547,4.9006402e+04
 138.8479891,4.9013664e+04
 138.8684236,4.8996785e+04
 138.8888580,4.8998582e+04
 138.9092923,4.8985312e+04
 138.9297267,4.8966453e+04
 138.9501611,4.8976703e+04
 138.9705954,4.8964074e+04
 138.9910298,4.8971211e+04
 139.0114643,4.8962613e+04
 139.0318986,4.8953973e+04
 139.0523330,4.8935762e+04
 139.0727675,4.8935082e+04
 139.0932018,4.8928016e+04
 139.1136362,4.8945812e+04
 139.1340705,4.8940809e+04
 139.1545049,4.8931590e+04
 139.1749393,4.8921754e+04
 139.1953737,4.8929406e+04
 139.2158080,4.8922586e+04
 139.2362425,4.8918477e+04
 139.2566769,4.8908316e+04
 139.2771112,4.8895875e+04
 139.2975457,4.8882867e+04
 139.3179801,4.8891469e+04
 139.3384144,4.8879633e+04
 139.3588487,4.8898016e+04
 139.3792832,4.8875266e+04
 139.3997176,4.8867820e+04
 139.4201519,4.8857051e+04
 139.4405864,4.8872137e+04
 139.4610208,4.8849340e+04
 139.4814551,4.8859863e+04
 139.5018895,4.8853965e+04
 139.5223239,4.8833551e+04
 139.5427582,4.8826336e+04
 139.5631926,4.8824930e+04
 139.5836271,4.8818211e+04
 139.6040614,4.8819031e+04
 139.6244958,4.8829094e+04
 139.6449302,4.8812570e+04
 139.6653647,4.8818574e+04
 139.6857989,4.8799680e+04
 139.7062333,4.8796754e+04
 139.7266677,4.8793043e+04
 139.7471021,4.8785227e+04
 139.7675365,4.8776285e+04
 139.7879709,4.8783125e+04
 139.8084053,4.8793840e+04
 139.8288397,4.8778820e+04
 139.8492740,4.8764422e+04
 139.8697084,4.8762980e+04
 139.8901428,4.8782277e+04
 139.9105772,4.8763715e+04
 139.9310116,4.8741316e+04
 139.9514461,4.8749031e+04
 139.9718804,4.8753879e+04
 139.9923148,4.8746191e+04
 140.0127490,4.8730789e+04
 140.0331835,4.8724902e+04
 140.0536179,4.8734820e+04
 140.0740523,4.8735754e+04
 140.0944867,4.8739828e+04
 140.1149211,4.8727906e+04
 140.1353555,4.8693992e+04
 140.1557897,4.8698898e+04
 140.1762242,4.8696676e+04
 140.1966586,4.8693578e+04
 140.2170929,4.8716035e+04
 140.2375274,4.8711332e+04
 140.2579618,4.8696508e+04
 140.2783961,4.8686301e+04
 140.2988305,4.8701121e+04
 140.3192649,4.8692875e+04
 140.3396992,4.8671750e+04
 140.3601336,         null
 140.3805680,4.8669590e+04
 140.4010025,4.8667324e+04
 140.4214368,4.8674309e+04
 140.4418712,4.8662117e+04
 140.4623056,4.8669539e+04
 140.4827399,4.8662242e+04
 140.5031743,4.8663805e+04
 140.5236086,4.8656613e+04
 140.5440431,4.8656688e+04
 140.5644775,4.8650320e+04
 140.5849118,4.8659281e+04
 140.6053462,4.8653488e+04
 140.6257806,4.8661660e+04
 140.6462150,4.8663441e+04
 140.6666493,4.8654836e+04
 140.6870838,4.8642484e+04
 140.7075182,4.8664211e+04
 140.7279524,4.8651762e+04
 140.7483869,4.8653762e+04
 140.7688213,4.8653688e+04
 140.7892556,4.8668223e+04
 140.8096900,4.8655688e+04
 140.8301245,4.8658535e+04
 140.8505588,4.8658684e+04
 140.8709931,4.8654391e+04
 140.8914275,4.8645121e+04
 140.9118620,4.8660852e+04
 140.9322963,4.8660098e+04
 140.9527307,4.8670516e+04
 140.9731651,4.8653613e+04
 140.9935994,4.8666590e+04
 141.0140338,4.8667355e+04
 141.0344682,4.8687250e+04
 141.0549026,4.8668195e+04
 141.0753370,4.8684160e+04
 141.0957713,4.8675000e+04
 141.1162057,4.8691113e+04
 141.1366401,4.8678680e+04
 141.1570745,4.8681938e+04
 141.1775088,4.8673074e+04
 141.1979433,4.8699594e+04
 141.2183776,4.8691344e+04
 141.2388119,4.8694711e+04
 141.2592464,4.8690922e+04
 141.2796808,4.8708176e+04
 141.3001151,4.8690902e+04
 141.3205495,4.8708883e+04
 141.3409839,4.8708203e+04
 141.3614183,4.8702184e+04
 141.3818526,4.8693551e+04
 141.4022870,4.8714039e+04
 141.4227215,4.8706414e+04
 141.4431558,4.8765898e+04
 141.4635901,4.8707332e+04
 141.4840246,4.8719945e+04
 141.5044590,4.8718465e+04
 141.5248933,4.8732914e+04
 141.5453277,4.8728637e+04
 141.5657620,4.8723840e+04
 141.5861965,4.8729949e+04
 141.6066308,4.8744969e+04
 141.6270653,4.8740672e+04
 141.6474997,4.8750570e+04
 141.6679339,4.8749633e+04
 141.6883683,4.8749949e+04
 141.7088028,4.8758422e+04
 141.7292371,4.8754895e+04
 141.7496715,4.8766453e+04
 141.7701059,4.8764023e+04
 141.7905402,4.8764289e+04
 141.8109746,4.8760680e+04
 141.8314090,4.8763059e+04
 141.8518434,4.8753656e+04
 141.8722777,4.8759918e+04
 141.8927121,4.8746500e+04
 141.9131466,4.8748223e+04
 141.9335809,4.8768285e+04
 141.9540153,4.8764922e+04
 141.9744495,4.8770309e+04
 141.9948840,4.8774328e+04
 142.0153184,4.8768148e+04
 142.0357527,4.8784418e+04
 142.0561871,4.8772504e+04
 142.0766215,4.8771270e+04
 142.0970559,4.8767922e+04
 142.1174902,4.8774438e+04
 142.1379247,4.8780434e+04
 142.1583591,4.8781859e+04
 142.1787933,4.8780980e+04
 142.1992277,4.8780492e+04
 142.2196622,4.8772523e+04
 142.2400965,4.8780250e+04
 142.2605309,4.8793758e+04
 142.2809653,4.8799426e+04
 142.3013996,4.8787129e+04
 142.3218340,4.8781910e+04
 142.3422684,4.8793641e+04
 142.3627028,4.8786328e+04
 142.3831371,4.8793094e+04
 142.4035715,4.8781824e+04
 142.4240060,4.8775641e+04
 142.4444403,4.8777590e+04
 142.4648746,4.8790996e+04
 142.4853089,4.8791320e+04
 142.5057434,4.8796242e+04
 142.5261778,4.8800840e+04
 142.5466121,4.8806766e+04
 142.5670464,4.8789129e+04
 142.5874809,4.8802352e+04
 142.6079153,4.8805566e+04
 142.6283496,4.8808758e+04
 142.6487840,4.8808879e+04
 142.6692184,4.8801918e+04
 142.6896527,4.8794410e+04
 142.7100871,4.8808172e+04
 142.7305215,4.8822176e+04
 142.7509558,4.8836156e+04
 142.7713902,4.8828984e+04
 142.7918247,4.8832660e+04
 142.8122589,4.8819348e+04
 142.8326933,4.8833285e+04
 142.8531277,4.8828781e+04
 142.8735622,4.8803699e+04
 142.8939965,4.8823207e+04
 142.9144308,4.8836156e+04
 142.9348653,4.8841188e+04
 142.9552996,4.8832738e+04
 142.9757340,4.8845965e+04
 142.9961682,4.8843176e+04
 143.0166027,4.8855605e+04
 143.0370371,4.8846480e+04
 143.0574715,4.8850359e+04
 143.0779058,4.8853227e+04
 143.0983402,4.8847473e+04
 143.1187746,4.8852625e+04
 143.1392090,4.8862281e+04
 143.1596433,4.8865844e+04
 143.1800777,4.8870152e+04
 143.2005120,4.8856070e+04
 143.2209464,4.8843082e+04
 143.2413808,4.8860047e+04
 143.2618152,4.8866770e+04
 143.2822496,4.8871348e+04
 143.3026840,4.8899129e+04
 143.3231183,4.8889141e+04
 143.3435527,         null
 143.3639870,4.8898004e+04
 143.3844215,4.8877969e+04
 143.4048558,4.8893402e+04
 143.4252901,4.8907996e+04
 143.4457246,4.8915234e+04
 143.4661590,4.8925062e+04
 143.4865932,4.8926699e+04
 143.5070276,4.8917348e+04
 143.5274621,4.8933035e+04
 143.5478964,4.8928742e+04
 143.5683307,4.8919367e+04
 143.5887652,4.8931980e+04
 143.6091996,4.8922906e+04
 143.6296338,4.8936285e+04
 143.6500682,4.8936691e+04
 143.6705027,4.8942195e+04
 143.6909370,4.8966730e+04
 143.7113713,4.8947539e+04
 143.7318057,4.8958660e+04
 143.7522401,4.8953387e+04
 143.7726745,4.8974926e+04
 143.7931088,4.8960996e+04
 143.8135432,4.8972051e+04
 143.8339776,4.8974207e+04
 143.8544119,4.8988230e+04
 143.8748462,4.8980672e+04
 143.8952807,4.8997035e+04
 143.9157151,4.8978289e+04
 143.9361493,4.8997633e+04
 143.9565838,4.8998074e+04
 143.9770182,4.8999504e+04
 143.9974524,4.8984441e+04
 144.0178868,4.8994594e+04
 144.0383213,4.9002859e+04
 144.0587557,4.9015250e+04
 144.0791899,4.9009715e+04
 144.0996244,4.9027672e+04
 144.1200588,4.9017227e+04
 144.1404930,4.9019461e+04
 144.1609274,4.9028219e+04
 144.1813619,4.9035492e+04
 144.2017962,4.9045480e+04
 144.2222305,4.9055840e+04
 144.2426650,4.9045598e+04
 144.2630993,4.9060023e+04
 144.2835336,4.9053129e+04
 144.3039680,4.9051926e+04
 144.3244024,4.9047906e+04
 144.3448368,4.9058621e+04
 144.3652711,4.9059836e+04
 144.3857054,4.9062750e+04
 144.4061399,4.9074562e+04
 144.4265742,4.9063598e+04
 144.4470085,4.9067512e+04
 144.4674430,4.9090461e+04
 144.4878773,4.9095141e+04
 144.5083116,4.9084359e+04
 144.5287460,4.9082457e+04
 144.5491804,4.9082527e+04
 144.5696148,4.9084609e+04
 144.5900491,4.9081809e+04
 144.6104836,4.9093188e+04
 144.6309179,4.9077344e+04
 144.6513522,4.9086211e+04
 144.6717866,4.9072379e+04
 144.6922210,4.9077789e+04
 144.7126553,4.9093215e+04
 144.7330897,4.9093484e+04
 144.7535241,4.9096230e+04
 144.7739584,4.9095059e+04
 144.7943928,4.9103125e+04
 144.8148271,4.9102156e+04
 144.8352616,4.9091531e+04
 144.8556959,4.9099520e+04
 144.8761302,4.9099164e+04
 144.8965646,4.9102094e+04
 144.9169990,4.9106332e+04
 144.9374333,4.9100641e+04
 144.9578677,4.9118664e+04
 144.9783022,4.9109770e+04
 144.9987364,4.9116262e+04
 145.0191708,4.9112477e+04
 145.0396052,4.9121664e+04
 145.0600396,4.9127664e+04
 145.0804739,4.9119129e+04
 145.1009083,4.9115266e+04
 145.1213428,4.9115684e+04
 145.1417770,4.9121938e+04
 145.1622114,4.9117707e+04
 145.1826457,4.9110523e+04
 145.2030801,4.9110043e+04
 145.2235145,4.9129543e+04
 145.2439487,4.9125914e+04
 145.2643832,4.9102484e+04
 145.2848176,4.9117484e+04
 145.3052519,4.9104238e+04
 145.3256862,4.9109371e+04
 145.3461207,4.9107871e+04
 145.3665550,4.9102969e+04
 145.3869893,4.9113820e+04
 145.4074238,4.9106711e+04
 145.4278581,4.9113684e+04
 145.4482924,4.9107789e+04
 145.4687268,4.9121742e+04
 145.4891612,4.9099113e+04
 145.5095955,4.9109418e+04
 145.5300299,4.9091059e+04
 145.5504642,4.9095602e+04
 145.5708987,4.9091512e+04
 145.5913330,4.9106695e+04
 145.6117673,4.9107102e+04
 145.6322018,4.9100977e+04
 145.6526361,4.9098867e+04
 145.6730704,4.9096914e+04
 145.6935047,4.9088113e+04
 145.7139391,4.9099672e+04
 145.7343735,4.9090652e+04
 145.7548079,4.9080992e+04
 145.7752422,4.9092105e+04
 145.7956766,4.9082492e+04
 145.8161110,4.9091684e+04
 145.8365452,4.9085031e+04
 145.8569797,4.9094492e+04
 145.8774141,4.9078855e+04
 145.8978483,4.9087152e+04
 145.9182828,4.9090508e+04
 145.9387171,4.9078871e+04
 145.9591514,4.9082465e+04
 145.9795858,4.9084859e+04
 146.0000202,4.9069359e+04
 146.0204546,4.9076375e+04
 146.0408889,4.9077496e+04
 146.0613233,4.9080117e+04
 146.0817577,4.9080199e+04
 146.1021919,4.9085617e+04
 146.1226263,4.9076566e+04
 146.1430608,4.9084555e+04
 146.1634950,4.9076297e+04
 146.1839294,4.9083410e+04
 146.2043638,4.9083223e+04
 146.2247981,4.9095707e+04
 146.2452325,4.9083582e+04
 146.2656668,4.9083980e+04
 146.2861012,4.9089773e+04
 146.3065356,4.9086762e+04
 146.3269699,         null
 146.3474042,4.9091367e+04
 146.3678386,4.9087887e+04
 146.3882730,4.9088457e+04
 146.4087073,4.9089020e+04
 146.4291417,4.9092691e+04
 146.4495761,4.9082543e+04
 146.4700104,4.9096309e+04
 146.4904448,4.9099465e+04
 146.5108792,4.9085707e+04
 146.5313135,4.9077742e+04
 146.5517478,4.9095547e+04
 146.5721823,4.9088617e+04
 146.5926166,4.9084547e+04
 146.6130510,4.9080715e+04
 146.6334852,4.9092469e+04
 146.6539197,4.9107699e+04
 146.6743541,4.9106109e+04
 146.6947883,4.9119879e+04
 146.7152228,4.9116754e+04
 146.7356571,4.9108988e+04
 146.7560915,4.9110711e+04
 146.7765258,4.9127457e+04
 146.7969602,4.9123316e+04
 146.8173946,4.9116422e+04
 146.8378288,4.9112598e+04
 146.8582632,4.9141883e+04
 146.8786976,4.9119004e+04
 146.8991319,4.9105367e+04
 146.9195663,4.9110637e+04
 146.9400007,4.9121176e+04
 146.9604350,4.9132188e+04
 146.9808693,4.9128465e+04
 147.0013037,4.9134504e+04
 147.0217381,4.9127789e+04
 147.0421724,4.9160750e+04
 147.0626068,4.9131680e+04
 147.0830412,4.9141227e+04
 147.1034755,4.9146340e+04
 147.1239098,4.9145316e+04
 147.1443441,4.9136148e+04
 147.1647786,4.9144512e+04
 147.1852129,4.9153637e+04
 147.2056472,4.9148516e+04
 147.2260816,4.9137516e+04
 147.2465160,4.9173387e+04
 147.2669503,4.9152711e+04
 147.2873846,4.9156816e+04
 147.3078191,4.9150191e+04
 147.3282534,4.9141598e+04
 147.3486877,4.9151395e+04
 147.3691220,4.9142098e+04
 147.3895565,4.9145121e+04
 147.4099907,4.9152410e+04
 147.4304251,4.9169055e+04
 147.4508595,4.9149719e+04
 147.4712938,4.9143910e+04
 147.4917282,4.9145754e+04
 147.5121625,4.9156977e+04
 147.5325970,4.9156504e+04
 147.5530312,4.9150859e+04
 147.5734656,4.9146730e+04
 147.5939000,4.9147398e+04
 147.6143343,4.9145949e+04
 147.6347686,4.9148922e+04
 147.6552029,4.9133621e+04
 147.6756374,4.9134840e+04
 147.6960717,4.9123426e+04
 147.7165060,4.9128633e+04
 147.7369404,4.9102719e+04
 147.7573748,4.9127449e+04
 147.7778091,4.9115484e+04
 147.7982434,4.9093508e+04
 147.8186778,4.9110598e+04
 147.8391122,4.9101930e+04
 147.8595464,4.9106383e+04
 147.8799808,4.9114945e+04
 147.9004153,         null
 147.9208495,4.9103238e+04
 147.9412839,4.9093785e+04
 147.9617183,4.9091578e+04
 147.9821526,4.9089551e+04
 148.0025869,4.9096457e+04
 148.0230213,4.9091461e+04
 148.0434557,4.9089316e+04
 148.0638900,4.9087418e+04
 148.0843243,4.9073766e+04
 148.1047588,4.9076750e+04
 148.1251930,4.9067094e+04
 148.1456274,4.9078477e+04
 148.1660617,4.9066609e+04
 148.1864961,4.9055711e+04
 148.2069304,4.9040000e+04
 148.2273648,4.9058113e+04
 148.2477992,4.9047262e+04
 148.2682335,4.9033820e+04
 148.2886679,4.9026652e+04
 148.3091022,4.9022348e+04
 148.3295366,4.9025422e+04
 148.3499709,4.9013977e+04
 148.3704053,4.9023195e+04
 148.3908395,4.9006688e+04
 148.4112740,4.9014777e+04
 148.4317083,4.9018195e+04
 148.4521427,4.8997848e+04
 148.4725770,4.8992879e+04
 148.4930114,4.9001688e+04
 148.5134457,4.8983660e+04
 148.5338800,4.8970117e+04
 148.5543144,4.8971691e+04
 148.5747488,4.8972031e+04
 148.5951830,4.8960418e+04
 148.6156175,4.8946473e+04
 148.6360518,4.8943785e+04
 148.6564861,4.8938043e+04
 148.6769204,4.8937988e+04
 148.6973549,4.8929828e+04
 148.7177891,4.8917516e+04
 148.7382235,4.8908879e+04
 148.7586579,4.8914840e+04
 148.7790923,4.8887516e+04
 148.7995265,4.8898375e+04
 148.8199609,4.8899379e+04
 148.8403953,4.8886645e+04
 148.8608296,4.8873660e+04
 148.8812639,4.8867336e+04
 148.9016984,4.8849691e+04
 148.9221326,4.8853406e+04
 148.9425670,4.8842484e+04
 148.9630013,4.8836348e+04
 148.9834356,4.8834715e+04
 149.0038700,4.8817746e+04
 149.0243043,4.8815535e+04
 149.0447386,4.8813922e+04
 149.0651730,4.8786266e+04
 149.0856074,4.8789125e+04
 149.1060416,4.8763207e+04
 149.1264761,4.8756418e+04
 149.1469104,4.8750098e+04
 149.1673447,4.8741578e+04
 149.1877790,4.8730316e+04
 149.2082135,4.8726000e+04
 149.2286478,4.8732703e+04
 149.2490821,4.8716766e+04
 149.2695165,4.8713637e+04
 149.2899509,4.8702078e+04
 149.3103851,         null
 149.3308194,4.8693113e+04
 149.3512539,4.8685383e+04
 149.3716881,4.8685043e+04
 149.3921225,4.8665176e+04
 149.4125569,4.8649270e+04
 149.4329912,4.8659242e+04
 149.4534255,4.8657352e+04
 149.4738599,4.8658234e+04
 149.4942942,4.8640961e+04
 149.5147286,4.8648902e+04
 149.5351629,4.8630109e+04
 149.5555974,4.8619711e+04
 149.5760316,4.8627605e+04
 149.5964659,4.8604777e+04
 149.6169002,4.8610332e+04
 149.6373346,4.8615664e+04
 149.6577690,4.8599922e+04
 149.6782032,4.8595719e+04
 149.6986376,4.8577508e+04
 149.7190720,4.8559547e+04
 149.7395064,4.8567027e+04
 149.7599406,4.8568984e+04
 149.7803750,4.8560137e+04
 149.8008094,4.8540801e+04
 149.8212436,4.8543062e+04
 149.8416780,4.8546719e+04
 149.8621124,4.8538074e+04
 149.8825468,4.8541719e+04
 149.9029810,4.8529957e+04
 149.9234154,4.8532234e+04
 149.9438498,4.8523945e+04
 149.9642841,4.8509785e+04
 149.9847184,4.8519289e+04
 150.0051528,4.8507660e+04
 150.0255872,4.8521578e+04
 150.0460214,4.8510207e+04
 150.0664558,4.8512191e+04
 150.0868902,4.8497559e+04
 150.1073244,4.8499672e+04
 150.1277588,4.8496797e+04
 150.1481932,4.8483930e+04
 150.1686275,4.8472793e+04
 150.1890618,4.8489043e+04
 150.2094962,4.8490039e+04
 150.2299305,4.8478578e+04
 150.2503648,4.8477473e+04
 150.2707992,4.8484703e+04
 150.2912336,4.8485969e+04
 150.3116678,4.8478859e+04
 150.3321022,4.8473391e+04
 150.3525364,4.8482836e+04
 150.3729709,4.8464816e+04
 150.3934052,4.8461984e+04
 150.4138394,4.8487719e+04
 150.4342739,4.8469719e+04
 150.4547082,4.8471777e+04
 150.4751426,4.8458828e+04
 150.4955768,4.8459809e+04
 150.5160112,4.8471914e+04
 150.5364456,4.8463309e+04
 150.5568798,4.8459855e+04
 150.5773143,4.8445535e+04
 150.5977486,4.8457312e+04
 150.6181828,4.8471586e+04
 150.6386172,4.8454867e+04
 150.6590516,4.8451594e+04
 150.6794859,4.8456016e+04
 150.6999202,4.8457754e+04
 150.7203546,4.8441438e+04
 150.7407890,4.8457016e+04
 150.7612232,4.8463820e+04
 150.7816576,4.8454266e+04
 150.8020920,4.8447414e+04
 150.8225262,4.8468703e+04
 150.8429606,4.8455898e+04
 150.8633950,4.8457863e+04
 150.8838292,4.8457852e+04
 150.9042636,4.8458543e+04
 150.9246979,4.8469492e+04
 150.9451323,4.8458699e+04
 150.9655666,4.8454625e+04
 150.9860009,4.8453488e+04
 151.0064352,4.8449172e+04
 151.0268696,4.8455637e+04
 151.0473039,4.8456445e+04
 151.0677382,4.8458676e+04
 151.0881726,4.8444070e+04
 151.1086070,4.8477703e+04
 151.1290412,4.8451695e+04
 151.1494755,4.8452398e+04
 151.1699100,4.8462309e+04
 151.1903442,4.8463520e+04
 151.2107785,4.8468254e+04
 151.2312130,4.8471543e+04
 151.2516473,4.8458246e+04
 151.2720815,4.8453117e+04
 151.2925159,4.8448477e+04
 151.3129503,4.8461492e+04
 151.3333846,4.8461762e+04
 151.3538189,4.8456027e+04
 151.3742533,4.8464891e+04
 151.3946876,4.8443551e+04
 151.4151219,4.8453812e+04
 151.4355562,4.8449727e+04
 151.4559906,4.8453586e+04
 151.4764249,4.8474160e+04
 151.4968592,4.8475504e+04
 151.5172936,4.8461922e+04
 151.5377279,4.8477996e+04
 151.5581622,4.8468676e+04
 151.5785966,4.8465020e+04
 151.5990310,4.8476160e+04
 151.6194652,4.8473359e+04
 151.6398996,4.8469914e+04
 151.6603339,         null
 151.6807682,4.8500465e+04
 151.7012026,4.8490836e+04
 151.7216369,4.8489527e+04
 151.7420712,4.8477641e+04
 151.7625056,4.8496250e+04
 151.7829399,4.8484262e+04
 151.8033741,4.8492027e+04
 151.8238086,4.8495906e+04
 151.8442429,4.8494164e+04
 151.8646771,4.8505512e+04
 151.8851116,4.8524516e+04
 151.9055459,4.8509879e+04
 151.9259801,4.8522961e+04
 151.9464145,4.8520105e+04
 151.9668489,4.8518430e+04
 151.9872832,4.8523719e+04
 152.0077175,4.8520062e+04
 152.0281519,4.8534961e+04
 152.0485862,4.8544031e+04
 152.0690204,4.8532086e+04
 152.0894548,4.8538426e+04
 152.1098892,4.8548098e+04
 152.1303234,4.8545027e+04
 152.1507578,4.8543559e+04
 152.1711921,4.8552414e+04
 152.1916264,4.8563488e+04
 152.2120608,4.8553777e+04
 152.2324951,4.8571449e+04
 152.2529295,4.8573320e+04
 152.2733638,4.8572316e+04
 152.2937981,         null
 152.3142323,4.8585914e+04
 152.3346667,4.8581578e+04
 152.3551011,4.8589371e+04
 152.3755353,4.8581992e+04
 152.3959697,4.8575281e+04
 152.4164041,4.8590137e+04
 152.4368384,4.8598637e+04
 152.4572726,4.8616801e+04
 152.4777070,4.8613422e+04
 152.4981414,4.8611469e+04
 152.5185756,4.8608969e+04
 152.5390100,4.8636453e+04
 152.5594444,4.8633992e+04
 152.5798786,4.8633824e+04
 152.6003129,4.8641773e+04
 152.6207473,4.8646457e+04
 152.6411816,4.8647469e+04
 152.6616159,         null
 152.6820502,4.8649953e+04
 152.7024846,4.8666223e+04
 152.7229189,4.8667297e+04
 152.7433532,4.8674699e+04
 152.7637876,4.8652715e+04
 152.7842219,4.8679988e+04
 152.8046562,4.8686137e+04
 152.8250904,4.8684383e+04
 152.8455248,4.8697031e+04
 152.8659592,4.8711078e+04
 152.8863934,4.8708145e+04
 152.9068278,4.8705184e+04
 152.9272621,4.8715098e+04
 152.9476965,4.8706496e+04
 152.9681307,4.8727273e+04
 152.9885651,4.8722371e+04
 153.0089995,4.8716258e+04
 153.0294337,4.8737633e+04
 153.0498681,4.8739855e+04
 153.0703024,4.8729418e+04
 153.0907367,4.8752258e+04
 153.1111710,4.8753633e+04
 153.1316054,4.8746000e+04
 153.1520396,4.8751406e+04
 153.1724740,4.8771816e+04
 153.1929083,4.8764332e+04
 153.2133427,4.8783477e+04
 153.2337770,4.8787113e+04
 153.2542113,4.8792250e+04
 153.2746457,4.8788539e+04
 153.2950800,4.8796531e+04
 153.3155142,4.8801539e+04
 153.3359485,4.8816875e+04
 153.3563829,4.8816109e+04
 153.3768172,4.8829805e+04
 153.3972515,4.8830195e+04
 153.4176859,4.8826508e+04
 153.4381203,4.8838113e+04
 153.4585545,4.8847438e+04
 153.4789888,4.8832898e+04
 153.4994232,4.8862340e+04
 153.5198575,4.8858820e+04
 153.5402918,4.8862621e+04
 153.5607262,4.8851414e+04
 153.5811604,4.8863754e+04
 153.6015947,4.8877875e+04
 153.6220291,4.8892516e+04
 153.6424634,4.8877027e+04
 153.6628977,4.8880203e+04
 153.6833320,4.8898305e+04
 153.7037663,4.8898926e+04
 153.7242007,4.8904496e+04
 153.7446350,4.8914559e+04
 153.7650692,4.8936457e+04
 153.7855036,4.9027094e+04
 153.8059380,4.8929227e+04
 153.8263722,4.8938852e+04
 153.8468065,4.8946789e+04
 153.8672409,4.8940688e+04
 153.8876751,4.8952457e+04
 153.9081095,4.8951879e+04
 153.9285439,4.8970211e+04
 153.9489782,4.8967051e+04
 153.9694124,4.8988531e+04
 153.9898467,4.8976164e+04
 154.0102812,4.8989332e+04
 154.0307154,4.8976609e+04
 154.0511497,4.8982719e+04
 154.0715841,4.8995500e+04
 154.0920183,4.9007863e+04
 154.1124527,4.9006562e+04
 154.1328870,4.9003867e+04
 154.1533213,4.9008688e+04
 154.1737556,4.9005012e+04
 154.1941899,4.9022543e+04
 154.2146242,4.9022254e+04
 154.2350586,4.9025258e+04
 154.2554929,4.9037137e+04
 154.2759271,4.9035602e+04
 154.2963615,4.9048098e+04
 154.3167958,4.9026082e+04
 154.3372301,4.9043102e+04
 154.3576644,4.9045113e+04
 154.3780988,4.9049891e+04
 154.3985330,4.9055309e+04
 154.4189673,4.9050840e+04
 154.4394017,4.9057902e+04
 154.4598361,4.9058281e+04
 154.4802703,4.9062961e+04
 154.5007046,4.9065379e+04
 154.5211390,4.9052262e+04
 154.5415732,4.9068375e+04
 154.5620075,4.9061391e+04
 154.5824420,4.9066898e+04
 154.6028762,4.9072414e+04
 154.6233105,4.9083039e+04
 154.6437448,4.9066496e+04
 154.6641791,4.9065102e+04
 154.6846134,4.9065586e+04
 154.7050477,4.9077602e+04
 154.7254822,4.9065016e+04
 154.7459164,4.9069168e+04
 154.7663507,4.9075105e+04
 154.7867850,4.9050062e+04
 154.8072193,4.9061902e+04
 154.8276536,4.9054812e+04
 154.8480879,4.9062164e+04
 154.8685223,4.9048312e+04
 154.8889566,4.9062008e+04
 154.9093909,4.9062703e+04
 154.9298252,4.9067445e+04
 154.9502595,4.9069980e+04
 154.9706938,4.9046344e+04
 154.9911281,4.9048414e+04
 155.0115624,4.9051047e+04
 155.0319968,4.9053566e+04
 155.0524311,4.9060141e+04
 155.0728653,4.9052426e+04
 155.0932997,4.9058562e+04
 155.1137340,4.9055629e+04
 155.1341682,4.9059324e+04
 155.1546025,4.9046902e+04
 155.1750370,4.9054312e+04
 155.1954713,4.9047094e+04
 155.2159055,4.9038742e+04
 155.2363398,4.9029250e+04
 155.2567742,4.9033395e+04
 155.2772084,         null
 155.2976427,4.9056961e+04
 155.3180771,4.9045430e+04
 155.3385114,4.9047152e+04
 155.3589457,4.9030910e+04
 155.3793800,4.9043781e+04
 155.3998143,4.9040859e+04
 155.4202486,4.9035641e+04
 155.4406829,4.9031359e+04
 155.4611173,4.9018512e+04
 155.4815515,4.9019086e+04
 155.5019858,4.9038066e+04
 155.5224201,4.9039480e+04
 155.5428545,4.9030793e+04
 155.5632888,         null
 155.5837230,4.9032535e+04
 155.6041574,4.9039137e+04
 155.6245917,4.9026711e+04
 155.6450260,4.9024812e+04
 155.6654602,4.9035980e+04
 155.6858946,4.9040438e+04
 155.7063289,4.9021395e+04
 155.7267631,4.9044117e+04
 155.7471975,4.9037352e+04
 155.7676319,4.9035512e+04
 155.7880661,4.9028539e+04
 155.8085004,4.9048098e+04
 155.8289348,4.9053363e+04
 155.8493690,4.9036512e+04
 155.8698033,4.9028199e+04
 155.8902376,4.9019113e+04
 155.9106720,4.9027773e+04
 155.9311062,4.9044789e+04
 155.9515405,4.9043367e+04
 155.9719749,4.9044500e+04
 155.9924091,4.9036508e+04
 156.0128435,4.9048758e+04
 156.0332777,4.9042699e+04
 156.0537121,4.9049445e+04
 156.0741464,4.9046770e+04
 156.0945807,4.9038062e+04
 156.1150150,4.9050934e+04
 156.1354493,4.9048262e+04
 156.1558836,4.9078113e+04
 156.1763178,4.9042590e+04
 156.1967522,4.9065758e+04
 156.2171865,4.9066668e+04
 156.2376207,4.9067824e+04
 156.2580550,4.9065641e+04
 156.2784894,4.9062344e+04
 156.2989236,4.9065480e+04
 156.3193579,4.9069430e+04
 156.3397923,4.9075922e+04
 156.3602265,4.9089500e+04
 156.3806609,4.9080176e+04
 156.4010952,4.9079719e+04
 156.4215296,4.9072406e+04
 156.4419638,4.9083668e+04
 156.4623981,4.9092348e+04
 156.4828325,4.9083164e+04
 156.5032667,4.9101625e+04
 156.5237010,4.9102570e+04
 156.5441353,4.9084500e+04
 156.5645696,4.9094770e+04
 156.5850039,4.9091324e+04
 156.6054382,4.9088125e+04
 156.6258725,4.9104602e+04
 156.6463068,4.9107766e+04
 156.6667411,4.9098355e+04
 156.6871754,4.9101945e+04
 156.7076097,4.9101340e+04
 156.7280440,4.9110781e+04
 156.7484783,4.9101117e+04
 156.7689125,4.9107859e+04
 156.7893469,4.9114418e+04
 156.8097812,4.9131266e+04
 156.8302155,4.9132957e+04
 156.8506498,4.9107527e+04
 156.8710841,4.9133293e+04
 156.8915184,4.9110762e+04
 156.9119526,4.9104090e+04
 156.9323870,4.9110348e+04
 156.9528213,4.9105680e+04
 156.9732555,4.9120023e+04
 156.9936899,4.9110383e+04
 157.0141242,4.9119176e+04
 157.0345584,4.9120211e+04
 157.0549927,4.9144367e+04
 157.0754271,4.9130516e+04
 157.0958613,4.9130754e+04
 157.1162956,4.9145484e+04
 157.1367300,4.9127531e+04
 157.1571643,4.9119293e+04
 157.1775985,4.9133062e+04
 157.1980328,4.9121855e+04
 157.2184672,4.9133559e+04
 157.2389014,4.9126188e+04
 157.2593357,4.9117375e+04
 157.2797700,4.9125871e+04
 157.3002043,4.9103746e+04
 157.3206386,4.9106691e+04
 157.3410729,4.9117660e+04
 157.3615072,4.9088109e+04
 157.3819415,4.9109789e+04
 157.4023758,4.9070832e+04
 157.4228100,4.9104395e+04
 157.4432444,4.9100188e+04
 157.4636787,4.9092125e+04
 157.4841129,4.9096758e+04
 157.5045473,4.9104270e+04
 157.5249816,4.9086027e+04
 157.5454158,4.9086258e+04
 157.5658501,4.9098863e+04
 157.5862845,4.9070844e+04
 157.6067187,4.9080488e+04
 157.6271530,4.9067824e+04
 157.6475874,4.9072969e+04
 157.6680217,4.9059336e+04
 157.6884559,4.9060113e+04
 157.7088902,4.9059609e+04
 157.7293245,4.9040672e+04
 157.7497587,4.9054613e+04
 157.7701930,4.9051176e+04
 157.7906274,4.9033648e+04
 157.8110616,4.9026562e+04
 157.8314959,4.9027633e+04
 157.8519302,4.9003648e+04
 157.8723645,4.9018547e+04
 157.8927988,4.8998617e+04
 157.9132331,4.9006781e+04
 157.9336673,4.8995395e+04
 157.9541017,4.8982379e+04
 157.9745360,4.9007891e+04
 157.9949702,4.8968828e+04
 158.0154046,4.8964523e+04
 158.0358389,4.8971664e+04
 158.0562731,4.8955070e+04
 158.0767073,4.8940371e+04
 158.0971417,4.8931883e+04
 158.1175760,4.8925141e+04
 158.1380102,4.8913391e+04
 158.1584446,4.8901645e+04
 158.1788789,4.8892297e+04
 158.1993131,4.8881480e+04
 158.2197474,4.8891398e+04
 158.2401818,4.8866676e+04
 158.2606160,         null
 158.2810503,4.8868543e+04
 158.3014847,4.8835645e+04
 158.3219190,4.8853320e+04
 158.3423531,4.8835859e+04
 158.3627874,4.8841074e+04
 158.3832218,4.8827172e+04
 158.4036561,4.8805711e+04
 158.4240903,4.8817750e+04
 158.4445246,4.8779129e+04
 158.4649590,4.8785098e+04
 158.4853932,4.8778828e+04
 158.5058275,4.8772605e+04
 158.5262619,4.8766184e+04
 158.5466960,4.8755512e+04
 158.5671303,4.8745992e+04
 158.5875646,4.8721930e+04
 158.6079989,4.8736426e+04
 158.6284332,4.8716504e+04
 158.6488675,4.8708469e+04
 158.6693019,4.8697082e+04
 158.6897361,4.8683379e+04
 158.7101704,4.8672344e+04
 158.7306045,4.8661527e+04
 158.7510389,4.8659934e+04
 158.7714732,4.8648164e+04
 158.7919075,4.8639812e+04
 158.8123418,4.8628355e+04
 158.8327761,4.8611746e+04
 158.8532104,4.8596082e+04
 158.8736446,4.8600203e+04
 158.8940790,4.8599141e+04
 158.9145132,4.8591234e+04
 158.9349474,4.8575055e+04
 158.9553818,4.8555570e+04
 158.9758161,4.8560699e+04
 158.9962503,4.8545488e+04
 159.0166846,4.8539676e+04
 159.0371190,4.8524473e+04
 159.0575531,4.8512977e+04
 159.0779874,4.8517684e+04
 159.0984217,4.8501379e+04
 159.1188561,4.8481938e+04
 159.1392903,4.8474613e+04
 159.1597246,4.8470004e+04
 159.1801590,4.8459910e+04
 159.2005931,4.8461594e+04
 159.2210274,4.8441605e+04
 159.2414616,4.8430047e+04
 159.2618960,4.8431004e+04
 159.2823303,4.8415215e+04
 159.3027646,4.8429691e+04
 159.3231989,4.8406098e+04
 159.3436331,4.8392578e+04
 159.3640674,4.8396480e+04
 159.3845016,4.8390426e+04
 159.4049360,4.8375938e+04
 159.4253703,4.8368301e+04
 159.4458045,4.8373570e+04
 159.4662388,4.8375129e+04
 159.4866731,4.8368309e+04
 159.5071073,4.8361652e+04
 159.5275416,4.8342496e+04
 159.5479760,4.8336898e+04
 159.5684102,4.8333523e+04
 159.5888444,4.8336496e+04
 159.6092787,4.8338637e+04
 159.6297131,4.8340629e+04
 159.6501473,4.8330285e+04
 159.6705816,4.8326023e+04
 159.6910159,4.8312398e+04
 159.7114501,4.8317461e+04
 159.7318844,4.8313809e+04
 159.7523187,4.8312812e+04
 159.7727530,4.8316055e+04
 159.7931873,4.8304445e+04
 159.8136215,4.8300250e+04
 159.8340558,4.8296387e+04
 159.8544901,4.8296633e+04
 159.8749244,4.8296062e+04
 159.8953586,4.8285566e+04
 159.9157929,4.8284781e+04
 159.9362272,4.8281574e+04
 159.9566615,4.8297898e+04
 159.9770958,4.8285340e+04
 159.9975301,4.8292562e+04
 160.0179643,4.8290195e+04
 160.0383986,4.8289336e+04
 160.0588329,4.8276379e+04
 160.0792672,4.8281758e+04
 160.0997014,4.8291223e+04
 160.1201356,4.8296121e+04
 160.1405700,4.8283082e+04
 160.1610043,4.8292816e+04
 160.1814385,4.8292035e+04
 160.2018728,4.8287871e+04
 160.2223071,4.8300926e+04
 160.2427413,4.8299922e+04
 160.2631756,4.8313199e+04
 160.2836099,4.8306406e+04
 160.3040441,4.8308875e+04
 160.3244784,4.8310664e+04
 160.3449128,4.8298488e+04
 160.3653471,4.8301219e+04
 160.3857812,4.8292180e+04
 160.4062155,4.8283098e+04
 160.4266499,4.8289957e+04
 160.4470841,4.8310344e+04
 160.4675183,4.8301383e+04
 160.4879527,4.8315340e+04
 160.5083869,4.8312059e+04
 160.5288212,4.8309227e+04
 160.5492554,4.8309773e+04
 160.5696897,4.8311590e+04
 160.5901240,4.8316598e+04
 160.6105583,4.8306859e+04
 160.6309924,4.8311152e+04
 160.6514268,4.8309465e+04
 160.6718611,4.8327438e+04
 160.6922953,4.8325289e+04
 160.7127296,4.8325859e+04
 160.7331639,4.8324465e+04
 160.7535981,4.8322297e+04
 160.7740324,4.8326148e+04
 160.7944667,4.8331879e+04
 160.8149010,4.8331523e+04
 160.8353352,4.8331480e+04
 160.8557696,4.8339281e+04
 160.8762038,4.8325285e+04
 160.8966380,4.8340582e+04
 160.9170723,4.8327566e+04
 160.9375066,4.8344160e+04
 160.9579408,4.8340230e+04
 160.9783751,4.8348117e+04
 160.9988095,4.8356473e+04
 161.0192436,4.8355125e+04
 161.0396779,4.8335605e+04
 161.0601122,4.8347383e+04
 161.0805465,4.8351918e+04
 161.1009807,4.8357020e+04
 161.1214150,4.8369797e+04
 161.1418494,4.8355254e+04
 161.1622835,4.8363414e+04
 161.1827178,4.8364195e+04
 161.2031520,4.8361582e+04
 161.2235863,4.8367902e+04
 161.2440206,         null
 161.2644549,4.8377652e+04
 161.2848891,4.8378277e+04
 161.3053234,4.8380945e+04
 161.3257577,4.8381379e+04
 161.3461919,4.8363824e+04
 161.3666262,4.8377324e+04
 161.3870605,4.8370883e+04
 161.4074947,4.8364516e+04
 161.4279289,4.8395043e+04
 161.4483633,4.8392133e+04
 161.4687975,4.8403746e+04
 161.4892317,4.8380395e+04
 161.5096661,4.8400016e+04
 161.5301003,4.8380102e+04
 161.5505346,4.8395020e+04
 161.5709688,4.8379887e+04
 161.5914032,4.8391461e+04
 161.6118374,4.8404715e+04
 161.6322716,4.8409988e+04
 161.6527060,4.8405414e+04
 161.6731403,4.8414988e+04
 161.6935744,4.8415051e+04
 161.7140087,4.8448426e+04
 161.7344431,4.8431668e+04
 161.7548772,4.8427395e+04
 161.7753115,4.8428379e+04
 161.7957458,4.8460812e+04
 161.8161800,4.8447816e+04
 161.8366143,4.8452699e+04
 161.8570486,4.8452785e+04
 161.8774829,4.8455246e+04
 161.8979171,4.8478082e+04
 161.9183514,4.8465031e+04
 161.9387855,4.8482316e+04
 161.9592199,4.8491172e+04
 161.9796541,4.8482051e+04
 162.0000884,4.8485418e+04
 162.0205227,4.8492820e+04
 162.0409569,4.8506926e+04
 162.0613912,4.8501215e+04
 162.0818254,4.8533801e+04
 162.1022597,4.8532883e+04
 162.1226940,4.8514918e+04
 162.1431282,4.8526453e+04
 162.1635625,4.8524098e+04
 162.1839968,4.8527844e+04
 162.2044309,4.8556852e+04
 162.2248652,4.8548195e+04
 162.2452996,4.8555539e+04
 162.2657337,4.8554961e+04
 162.2861680,4.8570887e+04
 162.3066024,4.8567422e+04
 162.3270366,4.8568742e+04
 162.3474708,4.8582113e+04
 162.3679050,4.8572418e+04
 162.3883394,4.8603074e+04
 162.4087736,4.8589484e+04
 162.4292078,4.8613285e+04
 162.4496420,4.8615254e+04
 162.4700764,4.8613086e+04
 162.4905106,4.8615480e+04
 162.5109443,4.8628293e+04
 162.5313786,4.8652027e+04
 162.5518128,4.8649828e+04
 162.5722471,4.8656035e+04
 162.5926813,4.8649512e+04
 162.6131157,4.8646621e+04
 162.6335498,4.8644473e+04
 162.6539841,4.8655777e+04
 162.6744185,4.8667137e+04
 162.6948526,4.8691309e+04
 162.7152869,4.8684246e+04
 162.7357211,4.8693164e+04
 162.7561554,4.8712520e+04
 162.7765897,4.8696453e+04
 162.7970239,4.8721898e+04
 162.8174582,4.8725141e+04
 162.8378924,4.8720094e+04
 162.8583267,4.8737816e+04
 162.8787608,4.8736691e+04
 162.8991952,4.8742895e+04
 162.9196295,4.8768820e+04
 162.9400636,4.8759754e+04
 162.9604979,4.8761188e+04
 162.9809322,4.8765371e+04
 163.0013664,4.8763055e+04
 163.0218006,4.8782703e+04
 163.0422350,4.8795789e+04
 163.0626693,4.8794855e+04
 163.0831034,4.8798910e+04
 163.1035377,4.8790199e+04
 163.1239720,4.8802941e+04
 163.1444062,4.8816027e+04
 163.1648404,4.8822230e+04
 163.1852748,4.8813902e+04
 163.2057089,4.8816965e+04
 163.2261432,4.8838906e+04
 163.2465775,4.8824930e+04
 163.2670117,4.8837715e+04
 163.2874460,4.8831750e+04
 163.3078802,4.8850547e+04
 163.3283146,4.8867238e+04
 163.3487487,4.8849375e+04
 163.3691830,4.8855309e+04
 163.3896171,4.8866527e+04
 163.4100515,4.8862488e+04
 163.4304857,4.8870445e+04
 163.4509199,4.8871598e+04
 163.4713543,4.8872836e+04
 163.4917885,4.8884301e+04
 163.5122228,4.8897184e+04
 163.5326569,4.8903613e+04
 163.5530913,4.8911914e+04
 163.5735255,4.8909906e+04
 163.5939597,4.8915828e+04
 163.6143939,4.8927223e+04
 163.6348283,4.8919332e+04
 163.6552624,4.8921664e+04
 163.6756967,4.8913098e+04
 163.6961310,4.8930195e+04
 163.7165652,4.8938309e+04
 163.7369994,4.8936793e+04
 163.7574337,4.8948230e+04
 163.7778679,4.8949664e+04
 163.7983022,4.8960398e+04
 163.8187364,4.8958223e+04
 163.8391708,4.8968523e+04
 163.8596049,4.8966609e+04
 163.8800392,4.8979516e+04
 163.9004733,4.8972102e+04
 163.9209077,4.8965918e+04
 163.9413419,4.8979750e+04
 163.9617762,4.8984988e+04
 163.9822104,4.8990113e+04
 164.0026447,4.8993871e+04
 164.0230789,4.8981762e+04
 164.0435131,4.8995871e+04
 164.0639474,4.8989898e+04
 164.0843817,4.8994434e+04
 164.1048159,4.8993750e+04
 164.1252501,4.8989082e+04
 164.1456844,4.9015848e+04
 164.1661186,4.9002066e+04
 164.1865528,4.9005344e+04
 164.2069872,4.9020125e+04
 164.2274214,         null
 164.2478556,4.9012746e+04
 164.2682898,4.9010418e+04
 164.2887241,4.9001191e+04
 164.3091583,4.8999586e+04
 164.3295925,4.9011219e+04
 164.3500269,4.9006562e+04
 164.3704611,4.9006570e+04
 164.3908953,4.9006043e+04
 164.4113295,4.9009754e+04
 164.4317638,4.9000082e+04
 164.4521980,4.9014191e+04
 164.4726323,4.9006301e+04
 164.4930666,4.9010141e+04
 164.5135008,4.9039656e+04
 164.5339350,4.9031199e+04
 164.5543692,4.9008387e+04
 164.5748035,4.8999918e+04
 164.5952377,4.9017125e+04
 164.6156720,4.9006625e+04
 164.6361061,4.9013141e+04
 164.6565405,4.9008254e+04
 164.6769747,4.9012758e+04
 164.6974090,4.9015109e+04
 164.7178432,4.9023195e+04
 164.7382774,4.8999488e+04
 164.7587117,4.9006758e+04
 164.7791458,4.8996469e+04
 164.7995802,4.9006262e+04
 164.8200144,4.9021055e+04
 164.8404486,4.8997496e+04
 164.8608829,4.9006121e+04
 164.8813171,4.8988398e+04
 164.9017513,4.8995668e+04
 164.9221855,4.8995441e+04
 164.9426199,4.9002312e+04
 164.9630540,4.8981320e+04
 164.9834882,4.9000281e+04
