        TIME,  PDCSAP_FLUX
 131.5122954,1.3045358e+04
 131.5327300,1.3036679e+04
 131.5531645,1.3053461e+04
 131.5735988,1.3046577e+04
 131.5940333,1.3051351e+04
 131.6144679,1.3049633e+04
 131.6349022,1.3046231e+04
 131.6553367,1.3042758e+04
 131.6757713,1.3048843e+04
 131.6962058,1.3054765e+04
 131.7166401,1.3050023e+04
 131.7370746,1.3049661e+04
 131.7575092,1.3055920e+04
 131.7779436,1.3052342e+04
 131.7983780,1.3048391e+04
 131.8188126,1.3057068e+04
 131.8392470,1.3040842e+04
 131.8596815,1.3045176e+04
 131.8801159,1.3043104e+04
 131.9005504,1.3048656e+04
 131.9209849,1.3046689e+04
 131.9414193,1.3052700e+04
 131.9618538,1.3046546e+04
 131.9822883,1.3051621e+04
 132.0027228,1.3043951e+04
 132.0231571,1.3056713e+04
 132.0435917,1.3047476e+04
 132.0640262,1.3049853e+04
 132.0844606,1.3052872e+04
 132.1048950,1.3052414e+04
 132.1253296,1.3044681e+04
 132.1457640,1.3051961e+04
 132.1661984,1.3044803e+04
 132.1866330,1.3049258e+04
 132.2070675,1.3036999e+04
 132.2275019,1.3048825e+04
 132.2479363,1.3054783e+04
 132.2683709,1.3051121e+04
 132.2888053,1.3046057e+04
 132.3092397,1.3042926e+04
 132.3296743,1.3051343e+04
 132.3501087,1.3046946e+04
 132.3705432,1.3046584e+04
 132.3909776,1.3046728e+04
 132.4114121,1.3056192e+04
 132.4318466,1.3059896e+04
 132.4522810,1.3047662e+04
 132.4727156,1.3043271e+04
 132.4931500,1.3045168e+04
 132.5135845,1.3048455e+04
 132.5340188,1.3050292e+04
 132.5544534,1.3054585e+04
 132.5748879,1.3045636e+04
 132.5953222,1.3047377e+04
 132.6157568,1.3047963e+04
 132.6361913,1.3053661e+04
 132.6566258,1.3048531e+04
 132.6770601,1.3046733e+04
 132.6974947,1.3040808e+04
 132.7179292,1.3048010e+04
 132.7383635,1.3052061e+04
 132.7587981,1.3044234e+04
 132.7792326,1.3047691e+04
 132.7996669,1.3049892e+04
 132.8201014,1.3051598e+04
 132.8405360,1.3049417e+04
 132.8609704,1.3056871e+04
 132.8814048,1.3046598e+04
 132.9018394,1.3046695e+04
 132.9222738,1.3039339e+04
 132.9427082,1.3046399e+04
 132.9631427,1.3047586e+04
 132.9835773,1.3050597e+04
 133.0040116,1.3051632e+04
 133.0244461,1.3049002e+04
 133.0448806,1.3060115e+04
 133.0653150,1.3040333e+04
 133.0857495,1.3050713e+04
 133.1061840,1.3047764e+04
 133.1266185,1.3055818e+04
 133.1470529,1.3046531e+04
 133.1674874,1.3052070e+04
 133.1879219,1.3047624e+04
 133.2083564,1.3052794e+04
 133.2287908,1.3046318e+04
 133.2492253,1.3049711e+04
 133.2696597,1.3047292e+04
 133.2900942,1.3044700e+04
 133.3105287,1.3053373e+04
 133.3309630,1.3042574e+04
 133.3513976,1.3043479e+04
 133.3718321,1.3056048e+04
 133.3922665,1.3052275e+04
 133.4127010,1.3048445e+04
 133.4331355,1.3053038e+04
 133.4535700,1.3051062e+04
 133.4740043,1.3053923e+04
 133.4944389,1.3049468e+04
 133.5148734,1.3057686e+04
 133.5353077,1.3041439e+04
 133.5557423,1.3044979e+04
 133.5761768,1.3046856e+04
 133.5966111,1.3052818e+04
 133.6170456,1.3056994e+04
 133.6374802,1.3052607e+04
 133.6579146,1.3049692e+04
 133.6783490,1.3045877e+04
 133.6987836,1.3046212e+04
 133.7192180,1.3051668e+04
 133.7396524,1.3050367e+04
 133.7600869,1.3054314e+04
 133.7805214,1.3049574e+04
 133.8009558,1.3049032e+04
 133.8213903,1.3053169e+04
 133.8418247,1.3055135e+04
 133.8622592,1.3048088e+04
 133.8826937,1.3048583e+04
 133.9031281,1.3047369e+04
 133.9235626,1.3050192e+04
 133.9439971,1.3052122e+04
 133.9644315,1.3046262e+04
 133.9848659,1.3038743e+04
 134.0053005,1.3044074e+04
 134.0257349,1.3051197e+04
 134.0461693,1.3051878e+04
 134.0666039,1.3050469e+04
 134.0870383,1.3057224e+04
 134.1074727,1.3046544e+04
 134.1279072,1.3051826e+04
 134.1483417,1.3052909e+04
 134.1687762,1.3051415e+04
 134.1892105,1.3048186e+04
 134.2096451,1.3051243e+04
 134.2300796,1.3045612e+04
 134.2505139,1.3045442e+04
 134.2709484,1.3049146e+04
 134.2913830,1.3044297e+04
 134.3118173,1.3045617e+04
 134.3322518,1.3049594e+04
 134.3526864,1.3047010e+04
 134.3731207,1.3052251e+04
 134.3935552,         null
 134.4139897,1.3049059e+04
 134.4344241,1.3054205e+04
 134.4548586,1.3048036e+04
 134.4752931,1.3050580e+04
 134.4957276,1.3045502e+04
 134.5161620,1.3062051e+04
 134.5365964,1.3053022e+04
 134.5570308,1.3058898e+04
 134.5774654,1.3046229e+04
 134.5978998,1.3049292e+04
 134.6183342,1.3046124e+04
 134.6387687,1.3053747e+04
 134.6592032,1.3048758e+04
 134.6796377,1.3053076e+04
 134.7000722,1.3055720e+04
 134.7205066,1.3050804e+04
 134.7409411,1.3051979e+04
 134.7613754,1.3043470e+04
 134.7818099,1.3047322e+04
 134.8022445,1.3054083e+04
 134.8226789,1.3052359e+04
 134.8431133,1.3046278e+04
 134.8635479,1.3050282e+04
 134.8839823,1.3052730e+04
 134.9044168,1.3047963e+04
 134.9248511,1.3053833e+04
 134.9452857,1.3048770e+04
 134.9657202,1.3048044e+04
 134.9861545,1.3049518e+04
 135.0065891,1.3051846e+04
 135.0270236,1.3041592e+04
 135.0474579,1.3047244e+04
 135.0678924,1.3046102e+04
 135.0883269,1.3050651e+04
 135.1087613,1.3051205e+04
 135.1291958,1.3039109e+04
 135.1496303,1.3053657e+04
 135.1700648,1.3049720e+04
 135.1904992,1.3047518e+04
 135.2109336,1.3058663e+04
 135.2313682,1.3053632e+04
 135.2518025,1.3059871e+04
 135.2722370,1.3049016e+04
 135.2926714,1.3051924e+04
 135.3131059,1.3053790e+04
 135.3335404,1.3052474e+04
 135.3539747,1.3047850e+04
 135.3744093,1.3047823e+04
 135.3948438,1.3061752e+04
 135.4152782,1.3056166e+04
 135.4357126,1.3051551e+04
 135.4561471,1.3043297e+04
 135.4765816,1.3054806e+04
 135.4970160,1.3049649e+04
 135.5174505,1.3062648e+04
 135.5378850,1.3059075e+04
 135.5583193,1.3051807e+04
 135.5787538,1.3055620e+04
 135.5991884,1.3064182e+04
 135.6196227,1.3052138e+04
 135.6400572,1.3062563e+04
 135.6604917,1.3048562e+04
 135.6809262,1.3044987e+04
 135.7013606,1.3043248e+04
 135.7217950,1.3054859e+04
 135.7422296,1.3044916e+04
 135.7626639,1.3048542e+04
 135.7830984,1.3058404e+04
 135.8035330,1.3052271e+04
 135.8239673,1.3047312e+04
 135.8444018,1.3055487e+04
 135.8648362,1.3046033e+04
 135.8852707,1.3051669e+04
 135.9057052,1.3047871e+04
 135.9261396,1.3047771e+04
 135.9465740,1.3054836e+04
 135.9670085,1.3049879e+04
 135.9874430,1.3050426e+04
 136.0078774,1.3048981e+04
 136.0283119,1.3053842e+04
 136.0487464,1.3053614e+04
 136.0691807,1.3051292e+04
 136.0896152,1.3055380e+04
 136.1100497,1.3053821e+04
 136.1304842,1.3049389e+04
 136.1509186,1.3053146e+04
 136.1713531,1.3054344e+04
 136.1917876,1.3040691e+04
 136.2122219,1.3048447e+04
 136.2326564,1.3047622e+04
 136.2530909,1.3047738e+04
 136.2735253,1.3050982e+04
 136.2939598,1.3045229e+04
 136.3143943,1.3049021e+04
 136.3348287,1.3050651e+04
 136.3552631,1.3049800e+04
 136.3756976,1.3058281e+04
 136.3961320,1.3052544e+04
 136.4165665,1.3058253e+04
 136.4370010,1.3047896e+04
 136.4574355,1.3052146e+04
 136.4778699,1.3048194e+04
 136.4983043,1.3053497e+04
 136.5187388,1.3044753e+04
 136.5391732,1.3054051e+04
 136.5596077,1.3051768e+04
 136.5800422,1.3057561e+04
 136.6004766,1.3056586e+04
 136.6209111,1.3051327e+04
 136.6413455,1.3043628e+04
 136.6617800,1.3049135e+04
 136.6822144,1.3050196e+04
 136.7026489,1.3051448e+04
 136.7230833,1.3042899e+04
 136.7435177,1.3044297e+04
 136.7639523,1.3049862e+04
 136.7843867,1.3034809e+04
 136.8048211,1.3043488e+04
 136.8252556,1.3047698e+04
 136.8456901,1.3051776e+04
 136.8661245,1.3048631e+04
 136.8865589,1.3052270e+04
 136.9069934,1.3048836e+04
 136.9274279,1.3050913e+04
 136.9478622,1.3058441e+04
 136.9682968,1.3055241e+04
 136.9887313,1.3058294e+04
 137.0091656,1.3052199e+04
 137.0296001,1.3051655e+04
 137.0500346,1.3055233e+04
 137.0704690,1.3058881e+04
 137.0909034,1.3050207e+04
 137.1113380,1.3050226e+04
 137.1317723,1.3048897e+04
 137.1522068,1.3052356e+04
 137.1726412,1.3053104e+04
 137.1930758,1.3050809e+04
 137.2135101,1.3054816e+04
 137.2339446,1.3050022e+04
 137.2543790,1.3061697e+04
 137.2748135,1.3048433e+04
 137.2952480,1.3044452e+04
 137.3156823,1.3052540e+04
 137.3361169,1.3052942e+04
 137.3565513,1.3054206e+04
 137.3769858,         null
 137.3974201,1.3051632e+04
 137.4178547,1.3049252e+04
 137.4382891,1.3046075e+04
 137.4587235,1.3054827e+04
 137.4791580,1.3051371e+04
 137.4995925,1.3054197e+04
 137.5200268,1.3054105e+04
 137.5404613,1.3052366e+04
 137.5608958,1.3050704e+04
 137.5813302,1.3045279e+04
 137.6017646,1.3055634e+04
 137.6221992,1.3051284e+04
 137.6426336,1.3056250e+04
 137.6630680,1.3045720e+04
 137.6835025,1.3047798e+04
 137.7039370,1.3054533e+04
 137.7243714,1.3052735e+04
 137.7448058,1.3043262e+04
 137.7652404,1.3052962e+04
 137.7856747,1.3059234e+04
 137.8061092,1.3060017e+04
 137.8265435,1.3050419e+04
 137.8469781,1.3051276e+04
 137.8674125,1.3058412e+04
 137.8878470,1.3052096e+04
 137.9082813,1.3052269e+04
 137.9287159,1.3051144e+04
 137.9491503,1.3056043e+04
 137.9695847,1.3052084e+04
 137.9900192,1.3046907e+04
 138.0104537,1.3053615e+04
 138.0308880,1.3049729e+04
 138.0513225,1.3049331e+04
 138.0717570,1.3049617e+04
 138.0921915,1.3058842e+04
 138.1126258,1.3051086e+04
 138.1330604,1.3050391e+04
 138.1534948,1.3050848e+04
 138.1739292,1.3057212e+04
 138.1943636,1.3053204e+04
 138.2147982,1.3046312e+04
 138.2352326,1.3056763e+04
 138.2556670,1.3050979e+04
 138.2761015,1.3050240e+04
 138.2965359,1.3049937e+04
 138.3169703,1.3054994e+04
 138.3374047,1.3050125e+04
 138.3578393,1.3053486e+04
 138.3782737,1.3046313e+04
 138.3987081,1.3049257e+04
 138.4191426,1.3049684e+04
 138.4395771,1.3054853e+04
 138.4600114,1.3044092e+04
 138.4804459,1.3053037e+04
 138.5008804,1.3046129e+04
 138.5213148,1.3043806e+04
 138.5417492,1.3040767e+04
 138.5621837,1.3045474e+04
 138.5826181,1.3048594e+04
 138.6030526,1.3049033e+04
 138.6234870,1.3056171e+04
 138.6439215,1.3048893e+04
 138.6643559,1.3055130e+04
 138.6847904,1.3052346e+04
 138.7052247,1.3048466e+04
 138.7256592,1.3047816e+04
 138.7460937,1.3040365e+04
 138.7665280,1.3050809e+04
 138.7869626,1.3039323e+04
 138.8073970,1.3051379e+04
 138.8278314,1.3054581e+04
 138.8482658,1.3047140e+04
 138.8687004,1.3047428e+04
 138.8891348,1.3048879e+04
 138.9095692,1.3049747e+04
 138.9300037,1.3051357e+04
 138.9504382,1.3043903e+04
 138.9708725,1.3046943e+04
 138.9913069,1.3046364e+04
 139.0117415,1.3047556e+04
 139.0321758,1.3046539e+04
 139.0526103,1.3050961e+04
 139.0730448,1.3041851e+04
 139.0934792,1.3044187e+04
 139.1139136,1.3046505e+04
 139.1343481,1.3052927e+04
 139.1547825,1.3053576e+04
 139.1752169,1.3044528e+04
 139.1956514,1.3048021e+04
 139.2160857,1.3051933e+04
 139.2365203,1.3045062e+04
 139.2569547,1.3046440e+04
 139.2773891,1.3050738e+04
 139.2978236,1.3052800e+04
 139.3182581,1.3051481e+04
 139.3386925,1.3050351e+04
 139.3591268,1.3057649e+04
 139.3795614,1.3045552e+04
 139.3999958,1.3050597e+04
 139.4204302,1.3045147e+04
 139.4408647,1.3047604e+04
 139.4612992,1.3051489e+04
 139.4817335,1.3049572e+04
 139.5021679,1.3052015e+04
 139.5226025,1.3053520e+04
 139.5430368,1.3049963e+04
 139.5634713,1.3052882e+04
 139.5839058,1.3047565e+04
 139.6043402,1.3045391e+04
 139.6247746,1.3051772e+04
 139.6452090,1.3045844e+04
 139.6656436,1.3041549e+04
 139.6860779,1.3050623e+04
 139.7065124,1.3042475e+04
 139.7269468,1.3048461e+04
 139.7473813,1.3050225e+04
 139.7678157,1.3044993e+04
 139.7882501,1.3048317e+04
 139.8086846,1.3047965e+04
 139.8291190,1.3049673e+04
 139.8495535,1.3049280e+04
 139.8699879,1.3050994e+04
 139.8904223,1.3051531e+04
 139.9108568,1.3053584e+04
 139.9312912,1.3050306e+04
 139.9517258,1.3046191e+04
 139.9721601,1.3045305e+04
 139.9925946,1.3056854e+04
 140.0130289,1.3041099e+04
 140.0334634,1.3056509e+04
 140.0538979,1.3045342e+04
 140.0743323,1.3048226e+04
 140.0947668,1.3056881e+04
 140.1152012,1.3043084e+04
 140.1356356,1.3044729e+04
 140.1560700,1.3047516e+04
 140.1765045,1.3048237e+04
 140.1969390,1.3047982e+04
 140.2173733,1.3043099e+04
 140.2378078,1.3039700e+04
 140.2582423,1.3040062e+04
 140.2786766,1.3047687e+04
 140.2991110,1.3050694e+04
 140.3195456,1.3043685e+04
 140.3399799,1.3046056e+04
 140.3604144,         null
 140.3808488,1.3041212e+04
 140.4012833,1.3060532e+04
 140.4217177,1.3041393e+04
 140.4421521,1.3055838e+04
 140.4625867,1.3049583e+04
 140.4830210,1.3045560e+04
 140.5034554,1.3048054e+04
 140.5238898,1.3048360e+04
 140.5443243,1.3049236e+04
 140.5647587,1.3045294e+04
 140.5851932,1.3045440e+04
 140.6056276,1.3049751e+04
 140.6260621,1.3053761e+04
 140.6464965,1.3041625e+04
 140.6669308,1.3058946e+04
 140.6873654,1.3052626e+04
 140.7077998,1.3047904e+04
 140.7282341,1.3043953e+04
 140.7486687,1.3054904e+04
 140.7691031,1.3045597e+04
 140.7895375,1.3049028e+04
 140.8099719,1.3052657e+04
 140.8304064,1.3048737e+04
 140.8508409,1.3043933e+04
 140.8712752,1.3047850e+04
 140.8917096,1.3045495e+04
 140.9121442,1.3039328e+04
 140.9325785,1.3048497e+04
 140.9530129,1.3049880e+04
 140.9734475,1.3050071e+04
 140.9938818,1.3049072e+04
 141.0143163,1.3053709e+04
 141.0347507,1.3048912e+04
 141.0551851,1.3051844e+04
 141.0756196,1.3043533e+04
 141.0960540,1.3051754e+04
 141.1164884,1.3044421e+04
 141.1369229,1.3051469e+04
 141.1573573,1.3043023e+04
 141.1777916,1.3032225e+04
 141.1982262,1.3023448e+04
 141.2186606,1.3020925e+04
 141.2390949,1.3027398e+04
 141.2595295,1.3019836e+04
 141.2799639,1.3027603e+04
 141.3003982,1.3028944e+04
 141.3208327,1.3042650e+04
 141.3412672,1.3041664e+04
 141.3617016,1.3055300e+04
 141.3821360,1.3055353e+04
 141.4025704,1.3046351e+04
 141.4230049,1.3052558e+04
 141.4434394,1.3048679e+04
 141.4638737,1.3052264e+04
 141.4843082,1.3044292e+04
 141.5047427,1.3041239e+04
 141.5251770,1.3045405e+04
 141.5456114,1.3047874e+04
 141.5660459,1.3042862e+04
 141.5864804,1.3049792e+04
 141.6069147,1.3045576e+04
 141.6273493,1.3044849e+04
 141.6477837,1.3046161e+04
 141.6682180,1.3038821e+04
 141.6886525,1.3048413e+04
 141.7090870,1.3050136e+04
 141.7295213,1.3048794e+04
 141.7499558,1.3056060e+04
 141.7703903,1.3044737e+04
 141.7908246,1.3060335e+04
 141.8112591,1.3039237e+04
 141.8316935,1.3043483e+04
 141.8521279,1.3046350e+04
 141.8725623,1.3053166e+04
 141.8929968,1.3045081e+04
 141.9134313,1.3038230e+04
 141.9338656,1.3050897e+04
 141.9543001,1.3045789e+04
 141.9747344,1.3049245e+04
 141.9951689,1.3052433e+04
 142.0156034,1.3040799e+04
 142.0360377,1.3049506e+04
 142.0564721,1.3044435e+04
 142.0769067,1.3038850e+04
 142.0973411,1.3061204e+04
 142.1177754,1.3041877e+04
 142.1382099,1.3047256e+04
 142.1586444,1.3046068e+04
 142.1790787,1.3048899e+04
 142.1995131,1.3045530e+04
 142.2199477,1.3053410e+04
 142.2403820,1.3042338e+04
 142.2608164,1.3044013e+04
 142.2812509,1.3052743e+04
 142.3016853,1.3046294e+04
 142.3221197,1.3047458e+04
 142.3425541,1.3040688e+04
 142.3629887,1.3040979e+04
 142.3834230,1.3046817e+04
 142.4038574,1.3046343e+04
 142.4242919,1.3051049e+04
 142.4447263,1.3050504e+04
 142.4651607,1.3047052e+04
 142.4855950,1.3036867e+04
 142.5060296,1.3048471e+04
 142.5264640,1.3048027e+04
 142.5468984,1.3046865e+04
 142.5673327,1.3049313e+04
 142.5877673,1.3046440e+04
 142.6082017,1.3046744e+04
 142.6286360,1.3037814e+04
 142.6490705,1.3039215e+04
 142.6695050,1.3039171e+04
 142.6899393,1.3041453e+04
 142.7103737,1.3048475e+04
 142.7308083,1.3034721e+04
 142.7512426,1.3047090e+04
 142.7716770,1.3040947e+04
 142.7921115,1.3050471e+04
 142.8125459,1.3045470e+04
 142.8329803,1.3044596e+04
 142.8534147,1.3045077e+04
 142.8738492,1.3046479e+04
 142.8942836,1.3041368e+04
 142.9147180,1.3045691e+04
 142.9351525,1.3054635e+04
 142.9555868,1.3049035e+04
 142.9760213,1.3053092e+04
 142.9964556,1.3046051e+04
 143.0168901,1.3046129e+04
 143.0373245,1.3051977e+04
 143.0577590,1.3045569e+04
 143.0781934,1.3047215e+04
 143.0986278,1.3047241e+04
 143.1190622,1.3046734e+04
 143.1394967,1.3043907e+04
 143.1599311,1.3048653e+04
 143.1803655,1.3041878e+04
 143.2007998,1.3035531e+04
 143.2212343,1.3037866e+04
 143.2416688,1.3042787e+04
 143.2621032,1.3050671e+04
 143.2825376,1.3046809e+04
 143.3029720,1.3045640e+04
 143.3234065,1.3043422e+04
 143.3438409,         null
 143.3642752,1.3049233e+04
 143.3847097,1.3048083e+04
 143.4051442,1.3042356e+04
 143.4255785,1.3049705e+04
 143.4460130,1.3045377e+04
 143.4664474,1.3045071e+04
 143.4868818,1.3052004e+04
 143.5073162,1.3044423e+04
 143.5277507,1.3052335e+04
 143.5481851,1.3038022e+04
 143.5686194,1.3045039e+04
 143.5890540,1.3044388e+04
 143.6094884,1.3042281e+04
 143.6299227,1.3047366e+04
 143.6503571,1.3052706e+04
 143.6707916,1.3037383e+04
 143.6912260,1.3044846e+04
 143.7116604,1.3051238e+04
 143.7320948,1.3042398e+04
 143.7525292,1.3045597e+04
 143.7729637,1.3050225e+04
 143.7933981,1.3043734e+04
 143.8138325,1.3030592e+04
 143.8342669,1.3044000e+04
 143.8547013,1.3044130e+04
 143.8751357,1.3046428e+04
 143.8955702,1.3056483e+04
 143.9160046,1.3041882e+04
 143.9364389,1.3040338e+04
 143.9568734,1.3045527e+04
 143.9773079,1.3042788e+04
 143.9977422,1.3039006e+04
 144.0181766,1.3037645e+04
 144.0386111,1.3044088e+04
 144.0590455,1.3040629e+04
 144.0794798,1.3039176e+04
 144.0999144,1.3041128e+04
 144.1203488,1.3048814e+04
 144.1407831,1.3037647e+04
 144.1612175,1.3044803e+04
 144.1816520,1.3041478e+04
 144.2020864,1.3045399e+04
 144.2225208,1.3039896e+04
 144.2429553,1.3047100e+04
 144.2633896,1.3046871e+04
 144.2838240,1.3047687e+04
 144.3042584,1.3040370e+04
 144.3246929,1.3045128e+04
 144.3451273,1.3039784e+04
 144.3655617,1.3044261e+04
 144.3859960,1.3044355e+04
 144.4064305,1.3047240e+04
 144.4268649,1.3040762e+04
 144.4472993,1.3046699e+04
 144.4677338,1.3040567e+04
 144.4881682,1.3038866e+04
 144.5086025,1.3041705e+04
 144.5290369,1.3045446e+04
 144.5494714,1.3049844e+04
 144.5699059,1.3039582e+04
 144.5903402,1.3046151e+04
 144.6107747,1.3029070e+04
 144.6312091,1.3038386e+04
 144.6516434,1.3041499e+04
 144.6720778,1.3042645e+04
 144.6925124,1.3042370e+04
 144.7129467,1.3043748e+04
 144.7333811,1.3043677e+04
 144.7538156,1.3043825e+04
 144.7742499,1.3044890e+04
 144.7946843,1.3036848e+04
 144.8151187,1.3041615e+04
 144.8355533,1.3050848e+04
 144.8559876,1.3046261e+04
 144.8764220,1.3038539e+04
 144.8968564,1.3042466e+04
 144.9172908,1.3041255e+04
 144.9377252,1.3052128e+04
 144.9581596,1.3037546e+04
 144.9785942,1.3038572e+04
 144.9990285,1.3046979e+04
 145.0194629,1.3046071e+04
 145.0398973,1.3048592e+04
 145.0603317,1.3037506e+04
 145.0807661,1.3038345e+04
 145.1012005,1.3048041e+04
 145.1216350,1.3047923e+04
 145.1420694,1.3049059e+04
 145.1625038,1.3041572e+04
 145.1829381,1.3044305e+04
 145.2033726,1.3044270e+04
 145.2238070,1.3042893e+04
 145.2442413,1.3049384e+04
 145.2646758,1.3040696e+04
 145.2851102,1.3047476e+04
 145.3055447,1.3044358e+04
 145.3259790,1.3037065e+04
 145.3464135,1.3038576e+04
 145.3668479,1.3037578e+04
 145.3872822,1.3037375e+04
 145.4077167,1.3046682e+04
 145.4281511,1.3045604e+04
 145.4485854,1.3040844e+04
 145.4690198,1.3042111e+04
 145.4894544,1.3044925e+04
 145.5098887,1.3037249e+04
 145.5303231,1.3039836e+04
 145.5507575,1.3041396e+04
 145.5711920,1.3036521e+04
 145.5916263,1.3036850e+04
 145.6120607,1.3053381e+04
 145.6324952,1.3044015e+04
 145.6529295,1.3033360e+04
 145.6733639,1.3038766e+04
 145.6937983,1.3049586e+04
 145.7142328,1.3039996e+04
 145.7346672,1.3040596e+04
 145.7551016,1.3043576e+04
 145.7755360,1.3039878e+04
 145.7959704,1.3040023e+04
 145.8164048,1.3038674e+04
 145.8368391,1.3039849e+04
 145.8572736,1.3038955e+04
 145.8777080,1.3042526e+04
 145.8981423,1.3039309e+04
 145.9185768,1.3032491e+04
 145.9390113,1.3043009e+04
 145.9594456,1.3051949e+04
 145.9798800,1.3043130e+04
 146.0003145,1.3043885e+04
 146.0207489,1.3035896e+04
 146.0411832,1.3048631e+04
 146.0616177,1.3042148e+04
 146.0820521,1.3037938e+04
 146.1024864,1.3047216e+04
 146.1229208,1.3044406e+04
 146.1433553,1.3040043e+04
 146.1637896,1.3040909e+04
 146.1842240,1.3049075e+04
 146.2046584,1.3040643e+04
 146.2250929,1.3045104e+04
 146.2455273,1.3043712e+04
 146.2659617,1.3045841e+04
 146.2863961,1.3043342e+04
 146.3068305,1.3043004e+04
 146.3272649,         null
 146.3476992,1.3048550e+04
 146.3681337,1.3033779e+04
 146.3885681,1.3048618e+04
 146.4090024,1.3035874e+04
 146.4294369,1.3032612e+04
 146.4498713,1.3048076e+04
 146.4703056,1.3040425e+04
 146.4907401,1.3045981e+04
 146.5111745,1.3046689e+04
 146.5316089,1.3040122e+04
 146.5520432,1.3046051e+04
 146.5724777,1.3044669e+04
 146.5929121,1.3044048e+04
 146.6133465,1.3035743e+04
 146.6337808,1.3049889e+04
 146.6542153,1.3048197e+04
 146.6746498,1.3044918e+04
 146.6950841,1.3046125e+04
 146.7155186,1.3037674e+04
 146.7359530,1.3036811e+04
 146.7563874,1.3042739e+04
 146.7768217,1.3045685e+04
 146.7972562,1.3042665e+04
 146.8176906,1.3043989e+04
 146.8381249,1.3043817e+04
 146.8585593,1.3038771e+04
 146.8789938,1.3047605e+04
 146.8994281,1.3044484e+04
 146.9198625,1.3045458e+04
 146.9402970,1.3043768e+04
 146.9607313,1.3039314e+04
 146.9811657,1.3040865e+04
 147.0016001,1.3035336e+04
 147.0220345,1.3044620e+04
 147.0424689,1.3041571e+04
 147.0629033,1.3041253e+04
 147.0833378,1.3037432e+04
 147.1037721,1.3041618e+04
 147.1242065,1.3043087e+04
 147.1446408,1.3042890e+04
 147.1650753,1.3043118e+04
 147.1855097,1.3043520e+04
 147.2059440,1.3041106e+04
 147.2263785,1.3041700e+04
 147.2468129,1.3045888e+04
 147.2672473,1.3037217e+04
 147.2876816,1.3037557e+04
 147.3081161,1.3051346e+04
 147.3285505,1.3044812e+04
 147.3489848,1.3038165e+04
 147.3694192,1.3033376e+04
 147.3898537,1.3049415e+04
 147.4102880,1.3044276e+04
 147.4307224,1.3038920e+04
 147.4511569,1.3044595e+04
 147.4715912,1.3040279e+04
 147.4920256,1.3042186e+04
 147.5124600,1.3043746e+04
 147.5328945,1.3041797e+04
 147.5533288,1.3041861e+04
 147.5737632,1.3046420e+04
 147.5941977,1.3054831e+04
 147.6146320,1.3046463e+04
 147.6350664,1.3043048e+04
 147.6555006,1.3038073e+04
 147.6759351,1.3047462e+04
 147.6963695,1.3044908e+04
 147.7168038,1.3036124e+04
 147.7372383,1.3037947e+04
 147.7576727,1.3044927e+04
 147.7781071,1.3038907e+04
 147.7985414,1.3049137e+04
 147.8189759,1.3037446e+04
 147.8394103,1.3041764e+04
 147.8598446,1.3038206e+04
 147.8802790,1.3038561e+04
 147.9007135,         null
 147.9211478,1.3036186e+04
 147.9415822,1.3037188e+04
 147.9620167,1.3039994e+04
 147.9824510,1.3040112e+04
 148.0028854,1.3051021e+04
 148.0233198,1.3048363e+04
 148.0437543,1.3039315e+04
 148.0641886,1.3033276e+04
 148.0846230,1.3048483e+04
 148.1050574,1.3038094e+04
 148.1254917,1.3036999e+04
 148.1459261,1.3045669e+04
 148.1663605,1.3057376e+04
 148.1867949,1.3032062e+04
 148.2072293,1.3040142e+04
 148.2276637,1.3050175e+04
 148.2480982,1.3036926e+04
 148.2685325,1.3041028e+04
 148.2889669,1.3031308e+04
 148.3094013,1.3046202e+04
 148.3298357,1.3041650e+04
 148.3502701,1.3046658e+04
 148.3707045,1.3043328e+04
 148.3911387,1.3033738e+04
 148.4115732,1.3040248e+04
 148.4320076,1.3044817e+04
 148.4524420,1.3048206e+04
 148.4728764,1.3040549e+04
 148.4933108,1.3044874e+04
 148.5137452,1.3049942e+04
 148.5341795,1.3028940e+04
 148.5546140,1.3040539e+04
 148.5750484,1.3037260e+04
 148.5954827,1.3037242e+04
 148.6159172,1.3034517e+04
 148.6363515,1.3035146e+04
 148.6567858,1.3040711e+04
 148.6772202,1.3049506e+04
 148.6976547,1.3036951e+04
 148.7180890,1.3043702e+04
 148.7385234,1.3044941e+04
 148.7589579,1.3048133e+04
 148.7793923,1.3036479e+04
 148.7998266,1.3040721e+04
 148.8202609,1.3043894e+04
 148.8406954,1.3042957e+04
 148.8611297,1.3036604e+04
 148.8815641,1.3051566e+04
 148.9019986,1.3036971e+04
 148.9224329,1.3045183e+04
 148.9428673,1.3046930e+04
 148.9633017,1.3045030e+04
 148.9837361,1.3039110e+04
 149.0041704,1.3040273e+04
 149.0246048,1.3050921e+04
 149.0450391,1.3035902e+04
 149.0654736,1.3041377e+04
 149.0859080,1.3037737e+04
 149.1063423,1.3040757e+04
 149.1267768,1.3035258e+04
 149.1472112,1.3040285e+04
 149.1676454,1.3056843e+04
 149.1880798,1.3045139e+04
 149.2085143,1.3063461e+04
 149.2289487,1.3046854e+04
 149.2493830,1.3046389e+04
 149.2698175,1.3043155e+04
 149.2902519,1.3044350e+04
 149.3106861,         null
 149.3311205,1.3038093e+04
 149.3515550,1.3037379e+04
 149.3719893,1.3041863e+04
 149.3924237,1.3032343e+04
 149.4128582,1.3038429e+04
 149.4332925,1.3046133e+04
 149.4537268,1.3044314e+04
 149.4741612,1.3039168e+04
 149.4945956,1.3032414e+04
 149.5150300,1.3049530e+04
 149.5354644,1.3038003e+04
 149.5558989,1.3041293e+04
 149.5763332,1.3037445e+04
 149.5967675,1.3050615e+04
 149.6172018,1.3036823e+04
 149.6376363,1.3040133e+04
 149.6580707,1.3041552e+04
 149.6785050,1.3042653e+04
 149.6989394,1.3049104e+04
 149.7193738,1.3041395e+04
 149.7398082,1.3032654e+04
 149.7602425,1.3042126e+04
 149.7806770,1.3049096e+04
 149.8011114,1.3045083e+04
 149.8215456,1.3047618e+04
 149.8419800,1.3038160e+04
 149.8624145,1.3042817e+04
 149.8828489,1.3036311e+04
 149.9032832,1.3045489e+04
 149.9237177,1.3053175e+04
 149.9441520,1.3051493e+04
 149.9645864,1.3043373e+04
 149.9850207,1.3039566e+04
 150.0054552,1.3041974e+04
 150.0258896,1.3051871e+04
 150.0463238,1.3040146e+04
 150.0667583,1.3040356e+04
 150.0871927,1.3035075e+04
 150.1076270,1.3047234e+04
 150.1280614,1.3044046e+04
 150.1484958,1.3044903e+04
 150.1689301,1.3045375e+04
 150.1893645,1.3046799e+04
 150.2097990,1.3052520e+04
 150.2302333,1.3037781e+04
 150.2506676,1.3046759e+04
 150.2711020,1.3039573e+04
 150.2915365,1.3049313e+04
 150.3119708,1.3043273e+04
 150.3324052,1.3048653e+04
 150.3528394,1.3044961e+04
 150.3732739,1.3045191e+04
 150.3937083,1.3051177e+04
 150.4141426,1.3054735e+04
 150.4345770,1.3042531e+04
 150.4550114,1.3045696e+04
 150.4754458,1.3038975e+04
 150.4958801,1.3041145e+04
 150.5163146,1.3039148e+04
 150.5367489,1.3050469e+04
 150.5571832,1.3045638e+04
 150.5776177,1.3040763e+04
 150.5980521,1.3045561e+04
 150.6184863,1.3038467e+04
 150.6389207,1.3041735e+04
 150.6593552,1.3036282e+04
 150.6797895,1.3116839e+04
 150.7002239,1.3048032e+04
 150.7206583,1.3042254e+04
 150.7410927,1.3045874e+04
 150.7615270,1.3046825e+04
 150.7819614,1.3043746e+04
 150.8023958,1.3052714e+04
 150.8228301,1.3044258e+04
 150.8432645,1.3042069e+04
 150.8636990,1.3040825e+04
 150.8841332,1.3033890e+04
 150.9045676,1.3040822e+04
 150.9250020,1.3040248e+04
 150.9454364,1.3033024e+04
 150.9658707,1.3046092e+04
 150.9863051,1.3052815e+04
 151.0067394,1.3035672e+04
 151.0271738,1.3040590e+04
 151.0476082,1.3050767e+04
 151.0680425,1.3039352e+04
 151.0884770,1.3048381e+04
 151.1089113,1.3041832e+04
 151.1293456,1.3041671e+04
 151.1497800,1.3037748e+04
 151.1702145,1.3045907e+04
 151.1906487,1.3036031e+04
 151.2110831,1.3040860e+04
 151.2315176,1.3035415e+04
 151.2519519,1.3051305e+04
 151.2723862,1.3044651e+04
 151.2928206,1.3045599e+04
 151.3132551,1.3042641e+04
 151.3336893,1.3045088e+04
 151.3541237,1.3037180e+04
 151.3745582,1.3051446e+04
 151.3949925,1.3063528e+04
 151.4154268,1.3045460e+04
 151.4358612,1.3039679e+04
 151.4562956,1.3042940e+04
 151.4767299,1.3050256e+04
 151.4971643,1.3045755e+04
 151.5175987,1.3042543e+04
 151.5380330,1.3042715e+04
 151.5584674,1.3043328e+04
 151.5789018,1.3046269e+04
 151.5993363,1.3042239e+04
 151.6197705,1.3033667e+04
 151.6402049,1.3043158e+04
 151.6606393,         null
 151.6810736,1.3036910e+04
 151.7015080,1.3038581e+04
 151.7219424,1.3043707e+04
 151.7423767,1.3041866e+04
 151.7628111,1.3044784e+04
 151.7832455,1.3037443e+04
 151.8036797,1.3041727e+04
 151.8241142,1.3043550e+04
 151.8445486,1.3049037e+04
 151.8649828,1.3049840e+04
 151.8854173,1.3044336e+04
 151.9058517,1.3041574e+04
 151.9262859,1.3035213e+04
 151.9467203,1.3043994e+04
 151.9671548,1.3045159e+04
 151.9875891,1.3048559e+04
 152.0080234,1.3035184e+04
 152.0284579,1.3042059e+04
 152.0488922,1.3054900e+04
 152.0693265,1.3051414e+04
 152.0897609,1.3048953e+04
 152.1101953,1.3040330e+04
 152.1306296,1.3042830e+04
 152.1510640,1.3034283e+04
 152.1714983,1.3039258e+04
 152.1919327,1.3049979e+04
 152.2123671,1.3044940e+04
 152.2328014,1.3037866e+04
 152.2532359,1.3044966e+04
 152.2736702,1.3040378e+04
 152.2941045,         null
 152.3145388,1.3046322e+04
 152.3349733,1.3046582e+04
 152.3554076,1.3047028e+04
 152.3758419,1.3050567e+04
 152.3962764,1.3039923e+04
 152.4167107,1.3038941e+04
 152.4371451,1.3046048e+04
 152.4575793,1.3050830e+04
 152.4780138,1.3047879e+04
 152.4984482,1.3046270e+04
 152.5188824,1.3043975e+04
 152.5393169,1.3050907e+04
 152.5597513,1.3036123e+04
 152.5801855,1.3047137e+04
 152.6006199,1.3044745e+04
 152.6210543,1.3041137e+04
 152.6414886,1.3047168e+04
 152.6619230,         null
 152.6823573,1.3044959e+04
 152.7027917,1.3036315e+04
 152.7232261,1.3038359e+04
 152.7436604,1.3043455e+04
 152.7640949,1.3045456e+04
 152.7845291,1.3050400e+04
 152.8049635,1.3052780e+04
 152.8253978,1.3045237e+04
 152.8458322,1.3043534e+04
 152.8662666,1.3039569e+04
 152.8867008,1.3042884e+04
 152.9071353,1.3040043e+04
 152.9275697,1.3048609e+04
 152.9480040,1.3047143e+04
 152.9684383,1.3034071e+04
 152.9888727,1.3049839e+04
 153.0093071,1.3045936e+04
 153.0297414,1.3044334e+04
 153.0501758,1.3041961e+04
 153.0706102,1.3042471e+04
 153.0910444,1.3047731e+04
 153.1114788,1.3055406e+04
 153.1319132,1.3041765e+04
 153.1523475,1.3045267e+04
 153.1727819,1.3047476e+04
 153.1932162,1.3040945e+04
 153.2136507,1.3045599e+04
 153.2340850,1.3050420e+04
 153.2545193,1.3039885e+04
 153.2749537,1.3056656e+04
 153.2953881,1.3045243e+04
 153.3158224,1.3040643e+04
 153.3362567,1.3043343e+04
 153.3566911,1.3049766e+04
 153.3771254,1.3042853e+04
 153.3975598,1.3044310e+04
 153.4179942,1.3044364e+04
 153.4384286,1.3044099e+04
 153.4588629,1.3046795e+04
 153.4792972,1.3040879e+04
 153.4997317,1.3040976e+04
 153.5201659,1.3044258e+04
 153.5406003,1.3044387e+04
 153.5610347,1.3040626e+04
 153.5814690,1.3046056e+04
 153.6019033,1.3051584e+04
 153.6223377,1.3041836e+04
 153.6427720,1.3049993e+04
 153.6632064,1.3039407e+04
 153.6836408,1.3046819e+04
 153.7040750,1.3042641e+04
 153.7245095,1.3046507e+04
 153.7449438,1.3056265e+04
 153.7653781,1.3045031e+04
 153.7858125,1.3036667e+04
 153.8062469,1.3051701e+04
 153.8266811,1.3042819e+04
 153.8471155,1.3041821e+04
 153.8675499,1.3045608e+04
 153.8879842,1.3046354e+04
 153.9084185,1.3048152e+04
 153.9288530,1.3036530e+04
 153.9492873,1.3045802e+04
 153.9697216,1.3046253e+04
 153.9901559,1.3050965e+04
 154.0105904,1.3044800e+04
 154.0310247,1.3045906e+04
 154.0514590,1.3047638e+04
 154.0718935,1.3050066e+04
 154.0923277,1.3049070e+04
 154.1127621,1.3041785e+04
 154.1331964,1.3041038e+04
 154.1536308,1.3043264e+04
 154.1740651,1.3038150e+04
 154.1944995,1.3054024e+04
 154.2149338,1.3047054e+04
 154.2353682,1.3041506e+04
 154.2558025,1.3046890e+04
 154.2762368,1.3050718e+04
 154.2966712,1.3055664e+04
 154.3171056,1.3051921e+04
 154.3375398,1.3051199e+04
 154.3579741,1.3046038e+04
 154.3784086,1.3052032e+04
 154.3988428,1.3050542e+04
 154.4192772,1.3050979e+04
 154.4397116,1.3043213e+04
 154.4601460,1.3035840e+04
 154.4805802,1.3035223e+04
 154.5010146,1.3034646e+04
 154.5214490,1.3040711e+04
 154.5418833,1.3042537e+04
 154.5623176,1.3043486e+04
 154.5827521,1.3054188e+04
 154.6031863,1.3042483e+04
 154.6236207,1.3041160e+04
 154.6440550,1.3052510e+04
 154.6644894,1.3047854e+04
 154.6849237,1.3043861e+04
 154.7053581,1.3049540e+04
 154.7257925,1.3049754e+04
 154.7462267,1.3042888e+04
 154.7666611,1.3050050e+04
 154.7870954,1.3042976e+04
 154.8075298,1.3051291e+04
 154.8279641,1.3046104e+04
 154.8483984,1.3051082e+04
 154.8688328,1.3053060e+04
 154.8892672,1.3046716e+04
 154.9097015,1.3052881e+04
 154.9301358,1.3050362e+04
 154.9505702,1.3049848e+04
 154.9710045,1.3057688e+04
 154.9914389,1.3048343e+04
 155.0118731,1.3054120e+04
 155.0323076,1.3047858e+04
 155.0527419,1.3049157e+04
 155.0731762,1.3056098e+04
 155.0936106,1.3046465e+04
 155.1140449,1.3050761e+04
 155.1344792,1.3050378e+04
 155.1549135,1.3045128e+04
 155.1753480,1.3045968e+04
 155.1957823,1.3059431e+04
 155.2162165,1.3050665e+04
 155.2366509,1.3054126e+04
 155.2570853,1.3050722e+04
 155.2775196,         null
 155.2979539,1.3044363e+04
 155.3183884,1.3054001e+04
 155.3388226,1.3042593e+04
 155.3592569,1.3054706e+04
 155.3796913,1.3049108e+04
 155.4001256,1.3050175e+04
 155.4205600,1.3049039e+04
 155.4409943,1.3048206e+04
 155.4614287,1.3047771e+04
 155.4818630,1.3042179e+04
 155.5022973,1.3043908e+04
 155.5227316,1.3039525e+04
 155.5431660,1.3043358e+04
 155.5636003,         null
 155.5840346,1.3047126e+04
 155.6044690,1.3049120e+04
 155.6249034,1.3048352e+04
 155.6453377,1.3039820e+04
 155.6657719,1.3056529e+04
 155.6862064,1.3051540e+04
 155.7066407,1.3049687e+04
 155.7270749,1.3045361e+04
 155.7475093,1.3052840e+04
 155.7679437,1.3044747e+04
 155.7883780,1.3047792e+04
 155.8088123,1.3053106e+04
 155.8292467,1.3051897e+04
 155.8496810,1.3046379e+04
 155.8701153,1.3046649e+04
 155.8905496,1.3062427e+04
 155.9109841,1.3049971e+04
 155.9314183,1.3051504e+04
 155.9518526,1.3050864e+04
 155.9722871,1.3050409e+04
 155.9927213,1.3048479e+04
 156.0131557,1.3050443e+04
 156.0335899,1.3052682e+04
 156.0540243,1.3044319e+04
 156.0744587,1.3050454e+04
 156.0948930,1.3049740e+04
 156.1153273,1.3048973e+04
 156.1357617,1.3050826e+04
 156.1561960,1.3045859e+04
 156.1766302,1.3046349e+04
 156.1970647,1.3043278e+04
 156.2174990,1.3047800e+04
 156.2379332,1.3045281e+04
 156.2583676,1.3051576e+04
 156.2788020,1.3052549e+04
 156.2992362,1.3044438e+04
 156.3196706,1.3049829e+04
 156.3401050,1.3053081e+04
 156.3605392,1.3045750e+04
 156.3809736,1.3040813e+04
 156.4014079,1.3047140e+04
 156.4218423,1.3050279e+04
 156.4422766,1.3052919e+04
 156.4627109,1.3043215e+04
 156.4831453,1.3046437e+04
 156.5035796,1.3052110e+04
 156.5240139,1.3045101e+04
 156.5444482,1.3046937e+04
 156.5648826,1.3046984e+04
 156.5853169,1.3053241e+04
 156.6057512,1.3046611e+04
 156.6261855,1.3050671e+04
 156.6466199,1.3040730e+04
 156.6670542,1.3043363e+04
 156.6874885,1.3051166e+04
 156.7079229,1.3049298e+04
 156.7283572,1.3050188e+04
 156.7487915,1.3045354e+04
 156.7692258,1.3052626e+04
 156.7896602,1.3047316e+04
 156.8100945,1.3045735e+04
 156.8305288,1.3046545e+04
 156.8509632,1.3049882e+04
 156.8713975,1.3072129e+04
 156.8918318,1.3053188e+04
 156.9122661,1.3044267e+04
 156.9327005,1.3049587e+04
 156.9531348,1.3046658e+04
 156.9735690,1.3050497e+04
 156.9940035,1.3047341e+04
 157.0144378,1.3045507e+04
 157.0348720,1.3048900e+04
 157.0553063,1.3050258e+04
 157.0757408,1.3044343e+04
 157.0961750,1.3072593e+04
 157.1166093,1.3050717e+04
 157.1370437,1.3050712e+04
 157.1574781,1.3052587e+04
 157.1779123,1.3041132e+04
 157.1983466,1.3053419e+04
 157.2187811,1.3048041e+04
 157.2392153,1.3053511e+04
 157.2596496,1.3047822e+04
 157.2800839,1.3050955e+04
 157.3005183,1.3052440e+04
 157.3209526,1.3055314e+04
 157.3413869,1.3050098e+04
 157.3618212,1.3053591e+04
 157.3822556,1.3051524e+04
 157.4026899,1.3048703e+04
 157.4231241,1.3053251e+04
 157.4435585,1.3048188e+04
 157.4639928,1.3053545e+04
 157.4844271,1.3044825e+04
 157.5048615,1.3050005e+04
 157.5252958,1.3051244e+04
 157.5457300,1.3041771e+04
 157.5661644,1.3050735e+04
 157.5865988,1.3057943e+04
 157.6070330,1.3048353e+04
 157.6274673,1.3044743e+04
 157.6479017,1.3051646e+04
 157.6683361,1.3048238e+04
 157.6887703,1.3053808e+04
 157.7092046,1.3060734e+04
 157.7296390,1.3077055e+04
 157.7500733,1.3048776e+04
 157.7705076,1.3052176e+04
 157.7909420,1.3054345e+04
 157.8113762,1.3051931e+04
 157.8318105,1.3053319e+04
 157.8522449,1.3051067e+04
 157.8726792,1.3043508e+04
 157.8931135,1.3046639e+04
 157.9135478,1.3046040e+04
 157.9339820,1.3052650e+04
 157.9544165,1.3041458e+04
 157.9748508,1.3051563e+04
 157.9952850,1.3044066e+04
 158.0157194,1.3044179e+04
 158.0361537,1.3053421e+04
 158.0565880,1.3044825e+04
 158.0770223,1.3055965e+04
 158.0974567,1.3048352e+04
 158.1178910,1.3049634e+04
 158.1383252,1.3045751e+04
 158.1587596,1.3050288e+04
 158.1791940,1.3048788e+04
 158.1996282,1.3052524e+04
 158.2200625,1.3042504e+04
 158.2404969,1.3050102e+04
 158.2609311,         null
 158.2813654,1.3044120e+04
 158.3017999,1.3049653e+04
 158.3222342,1.3046451e+04
 158.3426684,1.3046745e+04
 158.3631027,1.3047254e+04
 158.3835371,1.3051703e+04
 158.4039714,1.3051510e+04
 158.4244057,1.3047866e+04
 158.4448400,1.3060726e+04
 158.4652744,1.3045275e+04
 158.4857086,1.3052148e+04
 158.5061429,1.3052062e+04
 158.5265773,1.3053504e+04
 158.5470115,1.3055215e+04
 158.5674459,1.3045272e+04
 158.5878802,1.3046158e+04
 158.6083145,1.3046166e+04
 158.6287488,1.3051346e+04
 158.6491831,1.3050264e+04
 158.6696175,1.3049250e+04
 158.6900517,1.3044760e+04
 158.7104860,1.3055917e+04
 158.7309203,1.3052451e+04
 158.7513547,1.3045392e+04
 158.7717890,1.3040549e+04
 158.7922233,1.3056086e+04
 158.8126576,1.3047702e+04
 158.8330919,1.3104022e+04
 158.8535262,1.3051889e+04
 158.8739604,1.3043363e+04
 158.8943949,1.3046813e+04
 158.9148292,1.3042114e+04
 158.9352634,1.3049387e+04
 158.9556978,1.3055271e+04
 158.9761321,1.3046374e+04
 158.9965663,1.3054642e+04
 159.0170006,1.3049892e+04
 159.0374350,1.3049046e+04
 159.0578692,1.3045029e+04
 159.0783035,1.3056843e+04
 159.0987379,1.3039859e+04
 159.1191723,1.3046980e+04
 159.1396065,1.3047461e+04
 159.1600408,1.3050198e+04
 159.1804752,1.3049879e+04
 159.2009094,1.3054280e+04
 159.2213437,1.3051317e+04
 159.2417779,1.3047630e+04
 159.2622123,1.3042536e+04
 159.2826466,1.3053935e+04
 159.3030809,1.3047727e+04
 159.3235152,1.3052404e+04
 159.3439496,1.3057824e+04
 159.3643839,1.3049319e+04
 159.3848181,1.3050396e+04
 159.4052525,1.3039564e+04
 159.4256868,1.3046152e+04
 159.4461210,1.3046795e+04
 159.4665554,1.3046929e+04
 159.4869897,1.3052241e+04
 159.5074239,1.3050572e+04
 159.5278582,1.3046182e+04
 159.5482926,1.3051911e+04
 159.5687268,1.3050261e+04
 159.5891611,1.3040237e+04
 159.6095954,1.3048776e+04
 159.6300298,1.3046444e+04
 159.6504640,1.3054764e+04
 159.6708983,1.3051476e+04
 159.6913328,1.3046080e+04
 159.7117670,1.3044160e+04
 159.7322013,1.3042740e+04
 159.7526356,1.3049139e+04
 159.7730699,1.3040664e+04
 159.7935042,1.3043623e+04
 159.8139385,1.3043942e+04
 159.8343728,1.3048279e+04
 159.8548071,1.3046163e+04
 159.8752414,1.3050084e+04
 159.8956756,1.3047859e+04
 159.9161100,1.3043428e+04
 159.9365443,1.3046582e+04
 159.9569786,1.3043546e+04
 159.9774129,1.3040983e+04
 159.9978472,1.3043846e+04
 160.0182815,1.3041050e+04
 160.0387158,1.3044120e+04
 160.0591501,1.3044530e+04
 160.0795844,1.3049676e+04
 160.1000187,1.3051626e+04
 160.1204529,1.3051947e+04
 160.1408873,1.3041382e+04
 160.1613216,1.3050354e+04
 160.1817558,1.3051319e+04
 160.2021902,1.3048819e+04
 160.2226245,1.3050225e+04
 160.2430587,1.3044270e+04
 160.2634930,1.3042436e+04
 160.2839274,1.3042897e+04
 160.3043616,1.3049432e+04
 160.3247959,1.3044577e+04
 160.3452303,1.3047184e+04
 160.3656646,1.3037129e+04
 160.3860988,1.3037213e+04
 160.4065331,1.3031108e+04
 160.4269675,1.3040661e+04
 160.4474017,1.3045210e+04
 160.4678360,1.3041854e+04
 160.4882704,1.3041409e+04
 160.5087046,1.3046264e+04
 160.5291389,1.3051789e+04
 160.5495732,1.3045475e+04
 160.5700075,1.3041864e+04
 160.5904418,1.3042938e+04
 160.6108761,1.3041672e+04
 160.6313103,1.3044201e+04
 160.6517446,1.3045387e+04
 160.6721789,1.3050889e+04
 160.6926131,1.3052925e+04
 160.7130475,1.3051348e+04
 160.7334818,1.3038547e+04
 160.7539160,1.3044354e+04
 160.7743503,1.3041868e+04
 160.7947847,1.3047528e+04
 160.8152190,1.3048897e+04
 160.8356532,1.3046934e+04
 160.8560876,1.3049161e+04
 160.8765219,1.3047896e+04
 160.8969561,1.3044377e+04
 160.9173904,1.3044226e+04
 160.9378248,1.3049592e+04
 160.9582590,1.3044429e+04
 160.9786933,1.3044251e+04
 160.9991276,1.3045318e+04
 161.0195618,1.3047666e+04
 161.0399961,1.3055567e+04
 161.0604304,1.3047587e+04
 161.0808647,1.3044458e+04
 161.1012990,1.3042688e+04
 161.1217333,1.3054580e+04
 161.1421677,1.3046084e+04
 161.1626019,1.3050511e+04
 161.1830362,1.3053071e+04
 161.2034704,1.3041357e+04
 161.2239048,1.3048252e+04
 161.2443390,         null
 161.2647733,1.3051873e+04
 161.2852075,1.3048976e+04
 161.3056419,1.3046068e+04
 161.3260762,1.3043317e+04
 161.3465104,1.3052554e+04
 161.3669448,1.3048689e+04
 161.3873791,1.3049004e+04
 161.4078133,1.3050069e+04
 161.4282475,1.3050693e+04
 161.4486819,1.3044610e+04
 161.4691161,1.3050308e+04
 161.4895504,1.3042979e+04
 161.5099848,1.3051891e+04
 161.5304190,1.3050308e+04
 161.5508533,1.3054307e+04
 161.5712876,1.3042502e+04
 161.5917219,1.3044150e+04
 161.6121561,1.3045697e+04
 161.6325904,1.3046837e+04
 161.6530248,1.3055687e+04
 161.6734591,1.3055781e+04
 161.6938933,1.3047907e+04
 161.7143276,1.3052489e+04
 161.7347620,1.3049522e+04
 161.7551961,1.3047899e+04
 161.7756304,1.3041000e+04
 161.7960647,1.3073958e+04
 161.8164990,1.3040086e+04
 161.8369333,1.3051114e+04
 161.8573676,1.3049199e+04
 161.8778019,1.3045145e+04
 161.8982361,1.3051942e+04
 161.9186704,1.3052439e+04
 161.9391046,1.3051748e+04
 161.9595390,1.3048292e+04
 161.9799733,1.3040265e+04
 162.0004076,1.3048314e+04
 162.0208418,1.3048269e+04
 162.0412761,1.3052912e+04
 162.0617104,1.3053092e+04
 162.0821446,1.3055535e+04
 162.1025790,1.3047188e+04
 162.1230132,1.3039528e+04
 162.1434474,1.3054194e+04
 162.1638818,1.3045916e+04
 162.1843161,1.3048415e+04
 162.2047503,1.3046572e+04
 162.2251846,1.3044988e+04
 162.2456189,1.3046984e+04
 162.2660531,1.3057683e+04
 162.2864874,1.3053847e+04
 162.3069218,1.3048498e+04
 162.3273561,1.3046607e+04
 162.3477902,1.3061150e+04
 162.3682245,1.3049812e+04
 162.3886589,1.3051704e+04
 162.4090931,1.3049568e+04
 162.4295274,1.3050255e+04
 162.4499615,1.3051750e+04
 162.4703959,1.3048184e+04
 162.4908302,1.3050993e+04
 162.5112639,1.3054777e+04
 162.5316983,1.3045097e+04
 162.5521324,1.3044841e+04
 162.5725667,1.3053632e+04
 162.5930010,1.3045861e+04
 162.6134354,1.3051102e+04
 162.6338695,1.3041648e+04
 162.6543038,1.3046739e+04
 162.6747382,1.3049193e+04
 162.6951724,1.3049858e+04
 162.7156066,1.3051239e+04
 162.7360409,1.3051635e+04
 162.7564752,1.3050197e+04
 162.7769095,1.3049021e+04
 162.7973438,1.3049828e+04
 162.8177780,1.3043002e+04
 162.8382123,1.3042490e+04
 162.8586466,1.3050265e+04
 162.8790808,1.3045319e+04
 162.8995151,1.3047592e+04
 162.9199494,1.3054344e+04
 162.9403836,1.3045914e+04
 162.9608179,1.3049691e+04
 162.9812522,1.3053221e+04
 163.0016864,1.3046697e+04
 163.0221207,1.3045414e+04
 163.0425550,1.3045410e+04
 163.0629893,1.3044908e+04
 163.0834235,1.3053798e+04
 163.1038578,1.3040540e+04
 163.1242921,1.3051969e+04
 163.1447263,1.3051776e+04
 163.1651606,1.3046439e+04
 163.1855950,1.3056427e+04
 163.2060291,1.3050888e+04
 163.2264634,1.3056180e+04
 163.2468977,1.3043909e+04
 163.2673319,1.3054282e+04
 163.2877662,1.3045136e+04
 163.3082005,1.3052839e+04
 163.3286349,1.3052303e+04
 163.3490690,1.3048061e+04
 163.3695033,1.3049711e+04
 163.3899375,1.3047196e+04
 163.4103718,1.3050889e+04
 163.4308061,1.3054810e+04
 163.4512403,1.3052402e+04
 163.4716747,1.3050589e+04
 163.4921089,1.3053499e+04
 163.5125432,1.3045163e+04
 163.5329774,1.3048655e+04
 163.5534117,1.3057493e+04
 163.5738460,1.3054877e+04
 163.5942802,1.3050665e+04
 163.6147144,1.3061463e+04
 163.6351488,1.3050007e+04
 163.6555830,1.3046046e+04
 163.6760172,1.3046091e+04
 163.6964516,1.3048959e+04
 163.7168858,1.3045862e+04
 163.7373200,1.3053549e+04
 163.7577543,1.3049290e+04
 163.7781886,1.3050794e+04
 163.7986228,1.3052996e+04
 163.8190571,1.3047145e+04
 163.8394915,1.3046190e+04
 163.8599256,1.3043839e+04
 163.8803599,1.3049696e+04
 163.9007941,1.3057517e+04
 163.9212284,1.3043652e+04
 163.9416627,1.3053809e+04
 163.9620970,1.3051633e+04
 163.9825312,1.3050613e+04
 164.0029655,1.3048005e+04
 164.0233998,1.3048643e+04
 164.0438339,1.3054643e+04
 164.0642683,1.3047703e+04
 164.0847025,1.3052146e+04
 164.1051368,1.3044993e+04
 164.1255710,1.3052876e+04
 164.1460053,1.3046806e+04
 164.1664395,1.3060938e+04
 164.1868738,1.3053617e+04
 164.2073081,1.3056435e+04
 164.2277424,         null
 164.2481765,1.3051589e+04
 164.2686108,1.3045419e+04
 164.2890451,1.3050561e+04
 164.3094793,1.3053742e+04
 164.3299136,1.3060304e+04
 164.3503480,1.3050372e+04
 164.3707822,1.3058930e+04
 164.3912164,1.3059983e+04
 164.4116506,1.3045863e+04
 164.4320849,1.3049631e+04
 164.4525192,1.3050447e+04
 164.4729534,1.3043952e+04
 164.4933878,1.3049029e+04
 164.5138219,1.3058375e+04
 164.5342562,1.3055200e+04
 164.5546905,1.3052556e+04
 164.5751247,1.3052045e+04
 164.5955590,1.3054713e+04
 164.6159932,1.3044400e+04
 164.6364274,1.3046293e+04
 164.6568618,1.3051062e+04
 164.6772960,1.3054063e+04
 164.6977303,1.3045396e+04
 164.7181645,1.3059525e+04
 164.7385988,1.3051381e+04
 164.7590330,1.3051926e+04
 164.7794672,1.3053321e+04
 164.7999016,1.3055219e+04
 164.8203358,1.3056263e+04
 164.8407700,1.3049081e+04
 164.8612043,1.3055438e+04
 164.8816386,1.3057007e+04
 164.9020727,1.3047658e+04
 164.9225070,1.3055284e+04
 164.9429413,1.3052933e+04
 164.9633755,1.3048698e+04
 164.9838098,1.3043338e+04
