        TIME,  PDCSAP_FLUX
 131.5118164,1.9946578e+04
 131.5322509,1.9936760e+04
 131.5526853,1.9951266e+04
 131.5731196,1.9948172e+04
 131.5935540,1.9952035e+04
 131.6139885,1.9956576e+04
 131.6344228,1.9947863e+04
 131.6548572,1.9952771e+04
 131.6752917,1.9946656e+04
 131.6957261,1.9958342e+04
 131.7161603,1.9949393e+04
 131.7365947,1.9956848e+04
 131.7570292,1.9955256e+04
 131.7774635,1.9955113e+04
 131.7978979,1.9949938e+04
 131.8183324,1.9946207e+04
 131.8387667,1.9945607e+04
 131.8592011,1.9941934e+04
 131.8796355,1.9943062e+04
 131.9000699,1.9943314e+04
 131.9205043,1.9957844e+04
 131.9409386,1.9949219e+04
 131.9613730,1.9940684e+04
 131.9818074,1.9957396e+04
 132.0022418,1.9954037e+04
 132.0226761,1.9951285e+04
 132.0431106,1.9949893e+04
 132.0635450,1.9942830e+04
 132.0839793,1.9951721e+04
 132.1044137,1.9954801e+04
 132.1248482,2.0000395e+04
 132.1452824,1.9952266e+04
 132.1657168,1.9961564e+04
 132.1861513,1.9943957e+04
 132.2065857,1.9959803e+04
 132.2270200,1.9950529e+04
 132.2474544,1.9937660e+04
 132.2678889,1.9948371e+04
 132.2883232,1.9951260e+04
 132.3087576,1.9955207e+04
 132.3291921,1.9948389e+04
 132.3496263,1.9954717e+04
 132.3700607,1.9954531e+04
 132.3904951,1.9950188e+04
 132.4109295,1.9952090e+04
 132.4313639,1.9956477e+04
 132.4517983,1.9963545e+04
 132.4722328,1.9945646e+04
 132.4926671,1.9949152e+04
 132.5131015,1.9955871e+04
 132.5335358,1.9949562e+04
 132.5539702,1.9952898e+04
 132.5744046,1.9949869e+04
 132.5948389,1.9957623e+04
 132.6152734,1.9961506e+04
 132.6357078,1.9950303e+04
 132.6561422,1.9947293e+04
 132.6765765,1.9950104e+04
 132.6970110,1.9956830e+04
 132.7174454,1.9952908e+04
 132.7378797,1.9952168e+04
 132.7583141,1.9954557e+04
 132.7787485,1.9949979e+04
 132.7991828,1.9952646e+04
 132.8196172,1.9944195e+04
 132.8400517,1.9949133e+04
 132.8604860,1.9950467e+04
 132.8809204,1.9951191e+04
 132.9013549,1.9944646e+04
 132.9217892,1.9949588e+04
 132.9422236,1.9947494e+04
 132.9626579,1.9952129e+04
 132.9830924,1.9948381e+04
 133.0035267,1.9944873e+04
 133.0239611,1.9962301e+04
 133.0443955,1.9945998e+04
 133.0648299,1.9956537e+04
 133.0852643,1.9950699e+04
 133.1056987,1.9947887e+04
 133.1261331,1.9949141e+04
 133.1465675,1.9945855e+04
 133.1670018,1.9951838e+04
 133.1874362,1.9947621e+04
 133.2078707,1.9939383e+04
 133.2283050,1.9954510e+04
 133.2487394,1.9949676e+04
 133.2691738,1.9944893e+04
 133.2896082,1.9949096e+04
 133.3100426,1.9948223e+04
 133.3304769,1.9949258e+04
 133.3509113,1.9952838e+04
 133.3713457,1.9946686e+04
 133.3917801,1.9935803e+04
 133.4122145,1.9941328e+04
 133.4326489,1.9945129e+04
 133.4530833,1.9958418e+04
 133.4735176,1.9952062e+04
 133.4939521,1.9952248e+04
 133.5143865,1.9947406e+04
 133.5348208,1.9947311e+04
 133.5552552,1.9945457e+04
 133.5756896,1.9950852e+04
 133.5961239,1.9941697e+04
 133.6165583,1.9946318e+04
 133.6369928,1.9942795e+04
 133.6574272,1.9943119e+04
 133.6778615,1.9954617e+04
 133.6982960,1.9947117e+04
 133.7187304,1.9951744e+04
 133.7391646,1.9953064e+04
 133.7595990,1.9954564e+04
 133.7800335,1.9940787e+04
 133.8004678,1.9946725e+04
 133.8209022,1.9943803e+04
 133.8413366,1.9950082e+04
 133.8617710,1.9934398e+04
 133.8822054,1.9942674e+04
 133.9026398,1.9945404e+04
 133.9230741,1.9956736e+04
 133.9435085,1.9945162e+04
 133.9639429,1.9949225e+04
 133.9843772,1.9950189e+04
 134.0048117,1.9947170e+04
 134.0252461,1.9948703e+04
 134.0456804,1.9940885e+04
 134.0661149,1.9952350e+04
 134.0865493,1.9948725e+04
 134.1069835,1.9952176e+04
 134.1274179,1.9948197e+04
 134.1478524,1.9946945e+04
 134.1682868,1.9945811e+04
 134.1887211,1.9937689e+04
 134.2091556,1.9948320e+04
 134.2295900,1.9942734e+04
 134.2500243,1.9942438e+04
 134.2704587,1.9940004e+04
 134.2908931,1.9951678e+04
 134.3113274,1.9948584e+04
 134.3317618,1.9954068e+04
 134.3521963,1.9942535e+04
 134.3726306,1.9934172e+04
 134.3930650,         null
 134.4134994,1.9948223e+04
 134.4339338,1.9950477e+04
 134.4543682,1.9938240e+04
 134.4748025,1.9944434e+04
 134.4952370,1.9939467e+04
 134.5156713,1.9931908e+04
 134.5361057,1.9934580e+04
 134.5565400,1.9948232e+04
 134.5769745,1.9937193e+04
 134.5974089,1.9933318e+04
 134.6178432,1.9931000e+04
 134.6382775,1.9934746e+04
 134.6587120,1.9944656e+04
 134.6791464,1.9928023e+04
 134.6995808,1.9937496e+04
 134.7200152,1.9942957e+04
 134.7404496,1.9940740e+04
 134.7608839,1.9944770e+04
 134.7813183,1.9942918e+04
 134.8017528,1.9946994e+04
 134.8221871,1.9946209e+04
 134.8426214,1.9931539e+04
 134.8630559,1.9949369e+04
 134.8834903,1.9945863e+04
 134.9039247,1.9942934e+04
 134.9243590,1.9951971e+04
 134.9447935,1.9941084e+04
 134.9652279,1.9950885e+04
 134.9856621,1.9944752e+04
 135.0060966,1.9942727e+04
 135.0265310,1.9947475e+04
 135.0469653,1.9952545e+04
 135.0673997,1.9950273e+04
 135.0878342,1.9936078e+04
 135.1082685,1.9946250e+04
 135.1287029,1.9945971e+04
 135.1491373,1.9945512e+04
 135.1695717,1.9945621e+04
 135.1900060,1.9942584e+04
 135.2104404,1.9942764e+04
 135.2308749,1.9938951e+04
 135.2513092,1.9946832e+04
 135.2717436,1.9952396e+04
 135.2921779,1.9954043e+04
 135.3126124,1.9942781e+04
 135.3330467,1.9951326e+04
 135.3534810,1.9945123e+04
 135.3739155,1.9943061e+04
 135.3943499,1.9951385e+04
 135.4147843,1.9943078e+04
 135.4352186,1.9943865e+04
 135.4556531,1.9942988e+04
 135.4760875,1.9950902e+04
 135.4965217,1.9948105e+04
 135.5169562,1.9946398e+04
 135.5373906,1.9940488e+04
 135.5578249,1.9932979e+04
 135.5782593,1.9945055e+04
 135.5986938,1.9949619e+04
 135.6191281,1.9939324e+04
 135.6395624,1.9951689e+04
 135.6599969,1.9944314e+04
 135.6804313,1.9942107e+04
 135.7008656,1.9946604e+04
 135.7213000,1.9940844e+04
 135.7417345,1.9939152e+04
 135.7621688,1.9948652e+04
 135.7826032,1.9947428e+04
 135.8030376,1.9944324e+04
 135.8234719,1.9941584e+04
 135.8439063,1.9948951e+04
 135.8643407,1.9949184e+04
 135.8847751,1.9944271e+04
 135.9052095,1.9946836e+04
 135.9256439,1.9947330e+04
 135.9460782,1.9946512e+04
 135.9665126,1.9940738e+04
 135.9869470,1.9944742e+04
 136.0073813,1.9945342e+04
 136.0278158,1.9941545e+04
 136.0482502,1.9948596e+04
 136.0686845,1.9946424e+04
 136.0891189,1.9956084e+04
 136.1095533,1.9946256e+04
 136.1299877,1.9945648e+04
 136.1504220,1.9943332e+04
 136.1708565,1.9944299e+04
 136.1912909,1.9946104e+04
 136.2117252,1.9938418e+04
 136.2321596,2.0040596e+04
 136.2525941,1.9948176e+04
 136.2730283,1.9941350e+04
 136.2934627,1.9938490e+04
 136.3138972,1.9946463e+04
 136.3343315,1.9943092e+04
 136.3547659,1.9941375e+04
 136.3752003,1.9949973e+04
 136.3956347,1.9936721e+04
 136.4160690,1.9934676e+04
 136.4365034,1.9943594e+04
 136.4569379,1.9953945e+04
 136.4773722,1.9947918e+04
 136.4978066,1.9950707e+04
 136.5182410,1.9955898e+04
 136.5386754,1.9950113e+04
 136.5591097,1.9947154e+04
 136.5795441,1.9943555e+04
 136.5999785,1.9946289e+04
 136.6204129,1.9946820e+04
 136.6408473,1.9947699e+04
 136.6612817,1.9946473e+04
 136.6817161,1.9940227e+04
 136.7021504,1.9947660e+04
 136.7225848,1.9944447e+04
 136.7430191,1.9952289e+04
 136.7634536,1.9937074e+04
 136.7838880,1.9939365e+04
 136.8043223,1.9948205e+04
 136.8247568,1.9942195e+04
 136.8451911,1.9949264e+04
 136.8656255,1.9946125e+04
 136.8860598,1.9940812e+04
 136.9064943,1.9954309e+04
 136.9269287,1.9944305e+04
 136.9473630,1.9948938e+04
 136.9677975,1.9934832e+04
 136.9882318,1.9949275e+04
 137.0086661,1.9952957e+04
 137.0291005,1.9950533e+04
 137.0495350,1.9953252e+04
 137.0699693,1.9947139e+04
 137.0904037,1.9937514e+04
 137.1108382,1.9957943e+04
 137.1312724,1.9950148e+04
 137.1517068,1.9954961e+04
 137.1721412,1.9953865e+04
 137.1925757,1.9946783e+04
 137.2130100,1.9944729e+04
 137.2334444,1.9955906e+04
 137.2538786,1.9949873e+04
 137.2743131,1.9953129e+04
 137.2947475,1.9949789e+04
 137.3151818,1.9947289e+04
 137.3356163,1.9957414e+04
 137.3560507,1.9951900e+04
 137.3764851,         null
 137.3969193,1.9952096e+04
 137.4173538,1.9971871e+04
 137.4377882,1.9953178e+04
 137.4582225,1.9947332e+04
 137.4786570,1.9945738e+04
 137.4990914,1.9952709e+04
 137.5195257,1.9942611e+04
 137.5399600,1.9943879e+04
 137.5603945,1.9940242e+04
 137.5808288,1.9945133e+04
 137.6012632,1.9955166e+04
 137.6216977,1.9952066e+04
 137.6421321,1.9950873e+04
 137.6625663,1.9952270e+04
 137.6830007,1.9950240e+04
 137.7034352,1.9957627e+04
 137.7238695,1.9955438e+04
 137.7443039,1.9950246e+04
 137.7647384,1.9957076e+04
 137.7851726,1.9954359e+04
 137.8056070,1.9952195e+04
 137.8260413,1.9952654e+04
 137.8464758,1.9941824e+04
 137.8669102,1.9946891e+04
 137.8873446,1.9954182e+04
 137.9077788,1.9947137e+04
 137.9282133,1.9955801e+04
 137.9486477,1.9947045e+04
 137.9690820,1.9954354e+04
 137.9895165,1.9944109e+04
 138.0099509,1.9947660e+04
 138.0303852,1.9900855e+04
 138.0508195,1.9883664e+04
 138.0712540,1.9892809e+04
 138.0916884,1.9879482e+04
 138.1121227,1.9874484e+04
 138.1325572,1.9867391e+04
 138.1529916,1.9875479e+04
 138.1734258,1.9873137e+04
 138.1938602,1.9877162e+04
 138.2142947,1.9888633e+04
 138.2347291,1.9887949e+04
 138.2551634,1.9898080e+04
 138.2755979,1.9899658e+04
 138.2960322,1.9952564e+04
 138.3164665,1.9971133e+04
 138.3369009,1.9966338e+04
 138.3573354,1.9965516e+04
 138.3777698,1.9950232e+04
 138.3982041,1.9955090e+04
 138.4186385,1.9965570e+04
 138.4390729,1.9956977e+04
 138.4595072,1.9958059e+04
 138.4799416,1.9955549e+04
 138.5003761,1.9956783e+04
 138.5208103,1.9966170e+04
 138.5412447,1.9968188e+04
 138.5616791,1.9946785e+04
 138.5821135,1.9957801e+04
 138.6025479,1.9953832e+04
 138.6229823,1.9961141e+04
 138.6434166,1.9961734e+04
 138.6638510,1.9951422e+04
 138.6842854,1.9946652e+04
 138.7047197,1.9952039e+04
 138.7251542,1.9959299e+04
 138.7455886,1.9960752e+04
 138.7660228,1.9960809e+04
 138.7864573,1.9960062e+04
 138.8068917,1.9962447e+04
 138.8273260,1.9959176e+04
 138.8477604,1.9970002e+04
 138.8681948,1.9971148e+04
 138.8886292,1.9967008e+04
 138.9090635,1.9953594e+04
 138.9294980,1.9959377e+04
 138.9499324,1.9956146e+04
 138.9703667,1.9962709e+04
 138.9908010,1.9958082e+04
 139.0112355,1.9954143e+04
 139.0316698,1.9966166e+04
 139.0521042,1.9958492e+04
 139.0725387,1.9967953e+04
 139.0929730,1.9959686e+04
 139.1134073,1.9957105e+04
 139.1338417,1.9960248e+04
 139.1542761,1.9964018e+04
 139.1747105,1.9955521e+04
 139.1951449,1.9962723e+04
 139.2155791,1.9968877e+04
 139.2360136,1.9953422e+04
 139.2564480,1.9970160e+04
 139.2768823,1.9969760e+04
 139.2973168,1.9965783e+04
 139.3177511,1.9959152e+04
 139.3381855,1.9960389e+04
 139.3586198,1.9961002e+04
 139.3790543,1.9964430e+04
 139.3994887,1.9961838e+04
 139.4199230,1.9952543e+04
 139.4403574,1.9977871e+04
 139.4607918,1.9962131e+04
 139.4812261,1.9962424e+04
 139.5016605,1.9963244e+04
 139.5220950,1.9958000e+04
 139.5425292,1.9960244e+04
 139.5629636,1.9963756e+04
 139.5833981,1.9954754e+04
 139.6038324,1.9949264e+04
 139.6242668,1.9959965e+04
 139.6447011,1.9959635e+04
 139.6651356,1.9956143e+04
 139.6855699,1.9950979e+04
 139.7060043,1.9964295e+04
 139.7264387,1.9961695e+04
 139.7468730,1.9955529e+04
 139.7673074,1.9949750e+04
 139.7877418,1.9965557e+04
 139.8081762,1.9960154e+04
 139.8286106,1.9961193e+04
 139.8490449,1.9965633e+04
 139.8694793,1.9968057e+04
 139.8899137,1.9970436e+04
 139.9103481,1.9956816e+04
 139.9307825,1.9955373e+04
 139.9512169,1.9958898e+04
 139.9716512,1.9962541e+04
 139.9920856,1.9954812e+04
 140.0125199,1.9962639e+04
 140.0329544,1.9954402e+04
 140.0533887,1.9962086e+04
 140.0738231,1.9969150e+04
 140.0942575,1.9962906e+04
 140.1146919,1.9956766e+04
 140.1351263,1.9968383e+04
 140.1555605,1.9965816e+04
 140.1759950,1.9961963e+04
 140.1964294,1.9960973e+04
 140.2168637,1.9960225e+04
 140.2372982,1.9965750e+04
 140.2577325,1.9968115e+04
 140.2781668,1.9955250e+04
 140.2986012,1.9964109e+04
 140.3190357,1.9960602e+04
 140.3394700,1.9958508e+04
 140.3599043,         null
 140.3803387,1.9960182e+04
 140.4007732,1.9957992e+04
 140.4212075,1.9956424e+04
 140.4416418,1.9956973e+04
 140.4620763,1.9961881e+04
 140.4825106,1.9959389e+04
 140.5029450,1.9958445e+04
 140.5233793,1.9960262e+04
 140.5438137,1.9956434e+04
 140.5642481,1.9961508e+04
 140.5846825,1.9959131e+04
 140.6051169,1.9956982e+04
 140.6255513,1.9960562e+04
 140.6459856,1.9968896e+04
 140.6664199,1.9963967e+04
 140.6868544,1.9963834e+04
 140.7072888,1.9958943e+04
 140.7277230,1.9957053e+04
 140.7481575,1.9956264e+04
 140.7685919,1.9949299e+04
 140.7890262,1.9957256e+04
 140.8094606,1.9955613e+04
 140.8298950,1.9958469e+04
 140.8503294,1.9960305e+04
 140.8707637,1.9969281e+04
 140.8911981,1.9967926e+04
 140.9116325,1.9965273e+04
 140.9320668,1.9957105e+04
 140.9525012,1.9957324e+04
 140.9729357,1.9953061e+04
 140.9933700,1.9957266e+04
 141.0138043,1.9950229e+04
 141.0342387,1.9961377e+04
 141.0546731,1.9955572e+04
 141.0751075,1.9956195e+04
 141.0955418,1.9957160e+04
 141.1159762,1.9954154e+04
 141.1364106,1.9960688e+04
 141.1568450,1.9951887e+04
 141.1772793,1.9963945e+04
 141.1977137,1.9955375e+04
 141.2181481,1.9965344e+04
 141.2385824,1.9965775e+04
 141.2590169,1.9955500e+04
 141.2794512,1.9956951e+04
 141.2998855,1.9954490e+04
 141.3203199,1.9952814e+04
 141.3407544,1.9958977e+04
 141.3611887,1.9958080e+04
 141.3816230,1.9952951e+04
 141.4020574,1.9968197e+04
 141.4224919,1.9965729e+04
 141.4429263,1.9958117e+04
 141.4633605,1.9952785e+04
 141.4837950,1.9956576e+04
 141.5042294,1.9947814e+04
 141.5246637,1.9961037e+04
 141.5450980,1.9972475e+04
 141.5655324,1.9953146e+04
 141.5859669,1.9961086e+04
 141.6064012,1.9970119e+04
 141.6268356,1.9961945e+04
 141.6472700,1.9966473e+04
 141.6677043,1.9960490e+04
 141.6881387,1.9961350e+04
 141.7085731,1.9962396e+04
 141.7290074,1.9967484e+04
 141.7494418,1.9961602e+04
 141.7698763,1.9960346e+04
 141.7903105,1.9961797e+04
 141.8107449,1.9964867e+04
 141.8311793,1.9962762e+04
 141.8516137,1.9969234e+04
 141.8720481,1.9957240e+04
 141.8924824,1.9954652e+04
 141.9129169,1.9958430e+04
 141.9333512,1.9968037e+04
 141.9537856,1.9967445e+04
 141.9742198,1.9967090e+04
 141.9946543,1.9955521e+04
 142.0150887,1.9961688e+04
 142.0355230,1.9966771e+04
 142.0559573,1.9961486e+04
 142.0763918,1.9972701e+04
 142.0968262,1.9956373e+04
 142.1172605,1.9961184e+04
 142.1376949,1.9963320e+04
 142.1581293,1.9957891e+04
 142.1785636,1.9969768e+04
 142.1989980,1.9960736e+04
 142.2194324,1.9963605e+04
 142.2398667,1.9967965e+04
 142.2603011,1.9963760e+04
 142.2807355,1.9960656e+04
 142.3011698,1.9972281e+04
 142.3216042,1.9959701e+04
 142.3420386,1.9964545e+04
 142.3624730,1.9962201e+04
 142.3829073,1.9985158e+04
 142.4033417,1.9964430e+04
 142.4237762,1.9962258e+04
 142.4442104,1.9958826e+04
 142.4646448,1.9960512e+04
 142.4850791,1.9962293e+04
 142.5055136,1.9955719e+04
 142.5259479,1.9955529e+04
 142.5463823,1.9959137e+04
 142.5668166,1.9967764e+04
 142.5872511,1.9958922e+04
 142.6076854,1.9968672e+04
 142.6281197,1.9958652e+04
 142.6485542,1.9961613e+04
 142.6689886,1.9965887e+04
 142.6894228,1.9955500e+04
 142.7098572,1.9962133e+04
 142.7302917,1.9959883e+04
 142.7507259,1.9960393e+04
 142.7711603,1.9964572e+04
 142.7915948,1.9972828e+04
 142.8120291,1.9967488e+04
 142.8324634,1.9960707e+04
 142.8528978,1.9963320e+04
 142.8733323,1.9958889e+04
 142.8937666,1.9961137e+04
 142.9142009,1.9966979e+04
 142.9346354,1.9964877e+04
 142.9550697,1.9959793e+04
 142.9755040,1.9962727e+04
 142.9959383,1.9961037e+04
 143.0163728,1.9961617e+04
 143.0368072,1.9962096e+04
 143.0572415,1.9962988e+04
 143.0776759,1.9967930e+04
 143.0981103,1.9956965e+04
 143.1185447,1.9962750e+04
 143.1389790,1.9957066e+04
 143.1594134,1.9963668e+04
 143.1798478,1.9970904e+04
 143.2002820,1.9961461e+04
 143.2207164,1.9958104e+04
 143.2411509,1.9959775e+04
 143.2615853,1.9963207e+04
 143.2820196,1.9962193e+04
 143.3024540,1.9966273e+04
 143.3228884,1.9967219e+04
 143.3433227,         null
 143.3637570,1.9961754e+04
 143.3841915,1.9960111e+04
 143.4046259,1.9966223e+04
 143.4250601,1.9963664e+04
 143.4454946,1.9969396e+04
 143.4659290,1.9976305e+04
 143.4863632,1.9967352e+04
 143.5067976,1.9960012e+04
 143.5272321,1.9964086e+04
 143.5476665,1.9972455e+04
 143.5681007,1.9963641e+04
 143.5885352,1.9966807e+04
 143.6089696,1.9963902e+04
 143.6294038,1.9970146e+04
 143.6498382,1.9967625e+04
 143.6702727,1.9961529e+04
 143.6907070,1.9966783e+04
 143.7111413,1.9961768e+04
 143.7315757,1.9970277e+04
 143.7520101,1.9965938e+04
 143.7724444,1.9972070e+04
 143.7928788,1.9988934e+04
 143.8133132,1.9964445e+04
 143.8337475,1.9973271e+04
 143.8541819,1.9964139e+04
 143.8746162,1.9968303e+04
 143.8950507,1.9968775e+04
 143.9154850,1.9964895e+04
 143.9359193,1.9962686e+04
 143.9563538,1.9967783e+04
 143.9767881,1.9967875e+04
 143.9972224,1.9959982e+04
 144.0176568,1.9956398e+04
 144.0380912,1.9962836e+04
 144.0585256,1.9974449e+04
 144.0789599,1.9960781e+04
 144.0993944,1.9962705e+04
 144.1198287,1.9962998e+04
 144.1402630,1.9975258e+04
 144.1606974,1.9965883e+04
 144.1811318,1.9970592e+04
 144.2015661,1.9959973e+04
 144.2220005,1.9974869e+04
 144.2424349,1.9962283e+04
 144.2628692,1.9966342e+04
 144.2833036,1.9965480e+04
 144.3037379,1.9968648e+04
 144.3241723,1.9957115e+04
 144.3446067,1.9981172e+04
 144.3650410,1.9983080e+04
 144.3854753,1.9969615e+04
 144.4059098,1.9969031e+04
 144.4263442,1.9970156e+04
 144.4467784,1.9970486e+04
 144.4672129,1.9968562e+04
 144.4876473,1.9970602e+04
 144.5080815,1.9969818e+04
 144.5285159,1.9968715e+04
 144.5489504,1.9964660e+04
 144.5693847,1.9970143e+04
 144.5898190,1.9969707e+04
 144.6102535,1.9963688e+04
 144.6306878,1.9970992e+04
 144.6511221,1.9962631e+04
 144.6715565,1.9966121e+04
 144.6919909,1.9973549e+04
 144.7124252,1.9966727e+04
 144.7328596,1.9962988e+04
 144.7532940,1.9961365e+04
 144.7737283,1.9964502e+04
 144.7941627,1.9960434e+04
 144.8145970,1.9953279e+04
 144.8350315,1.9965037e+04
 144.8554658,1.9960920e+04
 144.8759001,1.9955117e+04
 144.8963345,1.9927568e+04
 144.9167689,1.9907902e+04
 144.9372032,1.9911783e+04
 144.9576376,1.9894354e+04
 144.9780721,1.9899486e+04
 144.9985063,1.9896328e+04
 145.0189407,1.9892674e+04
 145.0393751,1.9896465e+04
 145.0598094,1.9891477e+04
 145.0802438,1.9886547e+04
 145.1006782,1.9899824e+04
 145.1211126,1.9905010e+04
 145.1415469,1.9916828e+04
 145.1619813,1.9941494e+04
 145.1824155,1.9971543e+04
 145.2028500,1.9967691e+04
 145.2232844,1.9975703e+04
 145.2437186,1.9976715e+04
 145.2641531,1.9964816e+04
 145.2845875,1.9973861e+04
 145.3050218,1.9966215e+04
 145.3254561,1.9972301e+04
 145.3458906,1.9968002e+04
 145.3663249,1.9967266e+04
 145.3867592,1.9976955e+04
 145.4071937,1.9974096e+04
 145.4276280,1.9976488e+04
 145.4480623,1.9966332e+04
 145.4684967,1.9964477e+04
 145.4889311,1.9973180e+04
 145.5093654,1.9966189e+04
 145.5297998,1.9967684e+04
 145.5502341,1.9969014e+04
 145.5706686,1.9969148e+04
 145.5911028,1.9958869e+04
 145.6115372,1.9962807e+04
 145.6319717,1.9974773e+04
 145.6524059,1.9965430e+04
 145.6728403,1.9958146e+04
 145.6932746,1.9973420e+04
 145.7137090,1.9963641e+04
 145.7341434,1.9964461e+04
 145.7545778,1.9977373e+04
 145.7750121,1.9951232e+04
 145.7954465,1.9964059e+04
 145.8158809,1.9962240e+04
 145.8363151,1.9966396e+04
 145.8567496,1.9967162e+04
 145.8771839,1.9965783e+04
 145.8976182,1.9968666e+04
 145.9180527,1.9974061e+04
 145.9384870,1.9970715e+04
 145.9589213,1.9955955e+04
 145.9793557,1.9968488e+04
 145.9997901,1.9966840e+04
 146.0202245,1.9965910e+04
 146.0406588,1.9971262e+04
 146.0610932,1.9960053e+04
 146.0815276,1.9959268e+04
 146.1019618,1.9966090e+04
 146.1223962,1.9961133e+04
 146.1428307,1.9962727e+04
 146.1632649,1.9960340e+04
 146.1836993,1.9963639e+04
 146.2041337,1.9957119e+04
 146.2245680,1.9967877e+04
 146.2450024,1.9965119e+04
 146.2654367,1.9962422e+04
 146.2858711,1.9964506e+04
 146.3063055,1.9960713e+04
 146.3267398,         null
 146.3471741,1.9965561e+04
 146.3676086,1.9953193e+04
 146.3880429,1.9964426e+04
 146.4084772,1.9952357e+04
 146.4289116,1.9949682e+04
 146.4493460,1.9963107e+04
 146.4697803,1.9958721e+04
 146.4902147,1.9951584e+04
 146.5106491,1.9960869e+04
 146.5310834,1.9953586e+04
 146.5515177,1.9962320e+04
 146.5719522,1.9958242e+04
 146.5923865,1.9952957e+04
 146.6128209,1.9969398e+04
 146.6332552,1.9970621e+04
 146.6536896,1.9960773e+04
 146.6741240,1.9957400e+04
 146.6945582,1.9964891e+04
 146.7149927,1.9964266e+04
 146.7354271,1.9959111e+04
 146.7558614,1.9968154e+04
 146.7762957,1.9966693e+04
 146.7967301,1.9965430e+04
 146.8171645,1.9968330e+04
 146.8375988,1.9965666e+04
 146.8580331,1.9971553e+04
 146.8784676,1.9960414e+04
 146.8989018,1.9958535e+04
 146.9193362,1.9962766e+04
 146.9397707,1.9953736e+04
 146.9602049,1.9974189e+04
 146.9806393,1.9973857e+04
 147.0010736,1.9954734e+04
 147.0215080,1.9960332e+04
 147.0419424,1.9974201e+04
 147.0623767,1.9964291e+04
 147.0828112,1.9958227e+04
 147.1032454,1.9950631e+04
 147.1236798,1.9963391e+04
 147.1441141,1.9964965e+04
 147.1645485,1.9958400e+04
 147.1849829,1.9961383e+04
 147.2054171,1.9961066e+04
 147.2258516,1.9958027e+04
 147.2462860,1.9961295e+04
 147.2667203,1.9962113e+04
 147.2871546,1.9959520e+04
 147.3075890,1.9974273e+04
 147.3280234,1.9967930e+04
 147.3484577,1.9950809e+04
 147.3688920,1.9955857e+04
 147.3893265,1.9958965e+04
 147.4097607,1.9960064e+04
 147.4301951,1.9972949e+04
 147.4506295,1.9962506e+04
 147.4710638,1.9963057e+04
 147.4914982,1.9952379e+04
 147.5119325,1.9945438e+04
 147.5323670,1.9957500e+04
 147.5528012,1.9962141e+04
 147.5732356,1.9948568e+04
 147.5936701,1.9957199e+04
 147.6141043,1.9952652e+04
 147.6345387,1.9963635e+04
 147.6549729,1.9955230e+04
 147.6754074,1.9963986e+04
 147.6958417,1.9956873e+04
 147.7162760,1.9951234e+04
 147.7367105,1.9953311e+04
 147.7571448,1.9950371e+04
 147.7775792,1.9952672e+04
 147.7980134,1.9959885e+04
 147.8184479,1.9962508e+04
 147.8388822,1.9954717e+04
 147.8593165,1.9949213e+04
 147.8797509,1.9955023e+04
 147.9001853,         null
 147.9206196,1.9958062e+04
 147.9410539,1.9945602e+04
 147.9614884,1.9954127e+04
 147.9819226,1.9952787e+04
 148.0023570,1.9955881e+04
 148.0227913,1.9951623e+04
 148.0432258,1.9956371e+04
 148.0636601,1.9942982e+04
 148.0840944,1.9945521e+04
 148.1045289,1.9953619e+04
 148.1249631,1.9951297e+04
 148.1453975,1.9943311e+04
 148.1658318,1.9954676e+04
 148.1862662,1.9955852e+04
 148.2067005,1.9958178e+04
 148.2271349,1.9950590e+04
 148.2475694,1.9947691e+04
 148.2680036,1.9946320e+04
 148.2884380,1.9957160e+04
 148.3088723,1.9955439e+04
 148.3293067,1.9958385e+04
 148.3497410,1.9948312e+04
 148.3701754,1.9945572e+04
 148.3906096,1.9955346e+04
 148.4110441,1.9951791e+04
 148.4314785,1.9959213e+04
 148.4519128,1.9952803e+04
 148.4723472,1.9955279e+04
 148.4927815,1.9948922e+04
 148.5132159,1.9951035e+04
 148.5336501,1.9958537e+04
 148.5540846,1.9951668e+04
 148.5745189,1.9949223e+04
 148.5949532,1.9950730e+04
 148.6153876,1.9960152e+04
 148.6358220,1.9952912e+04
 148.6562563,1.9954398e+04
 148.6766906,1.9952129e+04
 148.6971251,1.9958393e+04
 148.7175593,1.9948049e+04
 148.7379937,1.9945727e+04
 148.7584281,1.9945596e+04
 148.7788625,1.9950434e+04
 148.7992967,1.9964010e+04
 148.8197311,1.9951527e+04
 148.8401655,1.9954750e+04
 148.8605998,1.9953070e+04
 148.8810341,1.9948906e+04
 148.9014686,1.9961592e+04
 148.9219028,1.9951051e+04
 148.9423372,1.9953221e+04
 148.9627715,1.9948094e+04
 148.9832059,1.9955840e+04
 149.0036403,1.9954102e+04
 149.0240746,1.9955604e+04
 149.0445089,1.9949406e+04
 149.0649433,1.9944270e+04
 149.0853777,1.9950117e+04
 149.1058119,1.9947635e+04
 149.1262464,1.9955176e+04
 149.1466807,1.9952443e+04
 149.1671150,1.9963709e+04
 149.1875493,1.9948121e+04
 149.2079838,1.9952875e+04
 149.2284181,1.9950932e+04
 149.2488524,1.9957512e+04
 149.2692868,1.9945824e+04
 149.2897212,1.9958924e+04
 149.3101554,         null
 149.3305898,1.9956732e+04
 149.3510242,1.9960156e+04
 149.3714585,1.9958215e+04
 149.3918928,1.9956490e+04
 149.4123273,1.9956836e+04
 149.4327615,1.9955619e+04
 149.4531959,1.9955898e+04
 149.4736302,1.9949148e+04
 149.4940646,1.9963133e+04
 149.5144989,1.9957602e+04
 149.5349333,1.9956447e+04
 149.5553677,1.9960014e+04
 149.5758020,1.9963885e+04
 149.5962363,1.9966684e+04
 149.6166706,1.9969836e+04
 149.6371050,1.9958061e+04
 149.6575394,1.9956301e+04
 149.6779736,1.9966285e+04
 149.6984080,1.9961510e+04
 149.7188424,1.9956016e+04
 149.7392768,1.9956680e+04
 149.7597110,1.9955498e+04
 149.7801455,1.9945006e+04
 149.8005798,1.9953176e+04
 149.8210141,1.9947020e+04
 149.8414484,1.9955926e+04
 149.8618829,1.9955891e+04
 149.8823172,1.9955279e+04
 149.9027515,1.9965357e+04
 149.9231859,1.9947646e+04
 149.9436203,1.9963180e+04
 149.9640546,1.9950039e+04
 149.9844889,1.9950230e+04
 150.0049233,1.9955578e+04
 150.0253577,1.9966205e+04
 150.0457919,1.9960764e+04
 150.0662264,1.9953646e+04
 150.0866607,1.9948480e+04
 150.1070950,1.9954258e+04
 150.1275293,1.9964074e+04
 150.1479638,1.9945281e+04
 150.1683980,1.9956066e+04
 150.1888324,1.9956098e+04
 150.2092668,1.9955004e+04
 150.2297010,1.9955736e+04
 150.2501354,1.9960803e+04
 150.2705697,1.9952172e+04
 150.2910042,1.9954412e+04
 150.3114384,1.9954916e+04
 150.3318728,1.9951154e+04
 150.3523070,1.9960064e+04
 150.3727415,1.9947975e+04
 150.3931758,1.9957902e+04
 150.4136101,1.9946889e+04
 150.4340445,1.9957605e+04
 150.4544789,1.9956393e+04
 150.4749132,1.9955621e+04
 150.4953475,1.9953164e+04
 150.5157819,1.9947053e+04
 150.5362163,1.9947936e+04
 150.5566505,1.9960730e+04
 150.5770849,1.9954373e+04
 150.5975193,1.9953842e+04
 150.6179535,1.9954604e+04
 150.6383879,1.9950287e+04
 150.6588223,1.9961057e+04
 150.6792566,1.9950305e+04
 150.6996909,1.9945957e+04
 150.7201254,1.9947219e+04
 150.7405597,1.9947959e+04
 150.7609940,1.9949912e+04
 150.7814283,1.9948133e+04
 150.8018627,1.9945701e+04
 150.8222970,1.9953703e+04
 150.8427313,1.9963146e+04
 150.8631658,1.9953293e+04
 150.8836000,1.9949203e+04
 150.9040344,1.9948910e+04
 150.9244687,1.9951750e+04
 150.9449031,1.9962041e+04
 150.9653374,1.9954789e+04
 150.9857717,1.9950234e+04
 151.0062060,1.9954660e+04
 151.0266404,1.9958342e+04
 151.0470748,1.9960461e+04
 151.0675090,1.9944250e+04
 151.0879435,1.9953379e+04
 151.1083778,1.9950074e+04
 151.1288121,1.9950465e+04
 151.1492464,1.9940709e+04
 151.1696808,1.9952098e+04
 151.1901151,1.9947061e+04
 151.2105494,1.9950426e+04
 151.2309839,1.9944186e+04
 151.2514182,1.9946096e+04
 151.2718525,1.9949346e+04
 151.2922868,1.9946502e+04
 151.3127212,1.9944557e+04
 151.3331555,1.9955662e+04
 151.3535898,1.9952322e+04
 151.3740243,1.9938889e+04
 151.3944585,1.9948518e+04
 151.4148929,1.9940441e+04
 151.4353272,1.9979643e+04
 151.4557615,1.9944500e+04
 151.4761959,1.9932844e+04
 151.4966302,1.9945156e+04
 151.5170646,1.9955502e+04
 151.5374989,1.9948402e+04
 151.5579332,1.9952545e+04
 151.5783676,1.9952455e+04
 151.5988020,1.9945156e+04
 151.6192363,1.9947500e+04
 151.6396706,1.9943439e+04
 151.6601050,         null
 151.6805393,1.9947658e+04
 151.7009736,1.9953660e+04
 151.7214080,1.9953816e+04
 151.7418423,1.9945256e+04
 151.7622767,1.9930846e+04
 151.7827110,1.9889678e+04
 151.8031452,1.9889082e+04
 151.8235797,1.9879199e+04
 151.8440140,1.9879383e+04
 151.8644483,1.9876623e+04
 151.8848827,1.9870672e+04
 151.9053170,1.9873006e+04
 151.9257513,1.9878961e+04
 151.9461856,1.9874398e+04
 151.9666201,1.9892104e+04
 151.9870544,1.9882893e+04
 152.0074886,1.9891668e+04
 152.0279231,1.9908219e+04
 152.0483574,1.9963271e+04
 152.0687917,1.9959418e+04
 152.0892260,1.9952418e+04
 152.1096604,1.9955518e+04
 152.1300947,1.9953553e+04
 152.1505290,1.9950967e+04
 152.1709634,1.9955301e+04
 152.1913977,1.9946996e+04
 152.2118320,1.9948375e+04
 152.2322664,1.9951764e+04
 152.2527008,1.9949740e+04
 152.2731351,1.9948039e+04
 152.2935694,         null
 152.3140036,1.9957797e+04
 152.3344381,1.9951186e+04
 152.3548724,1.9954590e+04
 152.3753066,1.9951824e+04
 152.3957411,1.9953744e+04
 152.4161754,1.9949168e+04
 152.4366098,1.9961678e+04
 152.4570440,1.9944965e+04
 152.4774784,1.9961697e+04
 152.4979128,1.9937746e+04
 152.5183470,1.9950260e+04
 152.5387814,1.9962467e+04
 152.5592158,1.9957945e+04
 152.5796500,1.9951926e+04
 152.6000844,1.9957045e+04
 152.6205188,1.9958658e+04
 152.6409530,1.9952711e+04
 152.6613874,         null
 152.6818217,1.9956703e+04
 152.7022560,1.9962316e+04
 152.7226904,1.9949529e+04
 152.7431247,1.9949195e+04
 152.7635591,1.9955842e+04
 152.7839934,1.9959400e+04
 152.8044277,1.9958791e+04
 152.8248620,1.9961285e+04
 152.8452964,1.9947281e+04
 152.8657307,1.9960225e+04
 152.8861650,1.9958805e+04
 152.9065994,1.9951873e+04
 152.9270337,1.9950035e+04
 152.9474681,1.9957756e+04
 152.9679023,1.9947666e+04
 152.9883367,1.9949363e+04
 153.0087711,1.9958027e+04
 153.0292053,1.9955516e+04
 153.0496397,1.9955236e+04
 153.0700741,1.9955193e+04
 153.0905083,1.9949197e+04
 153.1109426,1.9952547e+04
 153.1313771,1.9949422e+04
 153.1518113,1.9950938e+04
 153.1722457,1.9952152e+04
 153.1926800,1.9947494e+04
 153.2131144,1.9949301e+04
 153.2335488,1.9953334e+04
 153.2539830,1.9952186e+04
 153.2744174,1.9946232e+04
 153.2948518,1.9945639e+04
 153.3152860,1.9952496e+04
 153.3357203,1.9956738e+04
 153.3561547,1.9950457e+04
 153.3765890,1.9956438e+04
 153.3970233,1.9957332e+04
 153.4174578,1.9948871e+04
 153.4378921,1.9958508e+04
 153.4583263,1.9954484e+04
 153.4787607,1.9958396e+04
 153.4991951,1.9966018e+04
 153.5196293,1.9955328e+04
 153.5400637,1.9951730e+04
 153.5604981,1.9952246e+04
 153.5809323,1.9963637e+04
 153.6013667,1.9960074e+04
 153.6218010,1.9955832e+04
 153.6422353,1.9946514e+04
 153.6626696,1.9967943e+04
 153.6831040,1.9962363e+04
 153.7035382,1.9961111e+04
 153.7239726,1.9952396e+04
 153.7444070,1.9955240e+04
 153.7648412,1.9955951e+04
 153.7852756,1.9957158e+04
 153.8057100,1.9950816e+04
 153.8261442,1.9959219e+04
 153.8465785,1.9969736e+04
 153.8670130,1.9962693e+04
 153.8874472,1.9957277e+04
 153.9078815,1.9960998e+04
 153.9283160,1.9960918e+04
 153.9487503,1.9972271e+04
 153.9691845,1.9963385e+04
 153.9896188,1.9956803e+04
 154.0100533,1.9952053e+04
 154.0304875,1.9960746e+04
 154.0509218,1.9954129e+04
 154.0713563,1.9960213e+04
 154.0917905,1.9952918e+04
 154.1122248,1.9966783e+04
 154.1326592,1.9958053e+04
 154.1530935,1.9966268e+04
 154.1735278,1.9956207e+04
 154.1939621,1.9960646e+04
 154.2143965,1.9956104e+04
 154.2348308,1.9961434e+04
 154.2552651,1.9959932e+04
 154.2756994,1.9959154e+04
 154.2961338,1.9960350e+04
 154.3165681,1.9959863e+04
 154.3370023,1.9961125e+04
 154.3574367,1.9962938e+04
 154.3778711,1.9960432e+04
 154.3983053,1.9962832e+04
 154.4187397,1.9953984e+04
 154.4391741,1.9959162e+04
 154.4596084,1.9957139e+04
 154.4800426,1.9965430e+04
 154.5004770,1.9960141e+04
 154.5209114,1.9959410e+04
 154.5413456,1.9963480e+04
 154.5617800,1.9953467e+04
 154.5822144,1.9958246e+04
 154.6026486,1.9952539e+04
 154.6230829,1.9959477e+04
 154.6435173,1.9951654e+04
 154.6639516,1.9966549e+04
 154.6843859,1.9961568e+04
 154.7048202,1.9964938e+04
 154.7252547,1.9961697e+04
 154.7456889,1.9957064e+04
 154.7661232,1.9959344e+04
 154.7865576,1.9956752e+04
 154.8069919,1.9964426e+04
 154.8274262,1.9958398e+04
 154.8478604,1.9952064e+04
 154.8682949,1.9960342e+04
 154.8887292,1.9953104e+04
 154.9091635,1.9955375e+04
 154.9295978,1.9965635e+04
 154.9500322,1.9958867e+04
 154.9704665,1.9952553e+04
 154.9909008,1.9970232e+04
 155.0113350,1.9946979e+04
 155.0317695,1.9957674e+04
 155.0522038,1.9952809e+04
 155.0726380,1.9959885e+04
 155.0930724,1.9956795e+04
 155.1135068,1.9949904e+04
 155.1339410,1.9957402e+04
 155.1543753,1.9960367e+04
 155.1748097,1.9959369e+04
 155.1952441,1.9954631e+04
 155.2156783,1.9951268e+04
 155.2361126,1.9958588e+04
 155.2565470,1.9961152e+04
 155.2769813,         null
 155.2974156,1.9965506e+04
 155.3178500,1.9955385e+04
 155.3382842,1.9963969e+04
 155.3587186,1.9949947e+04
 155.3791529,1.9956553e+04
 155.3995872,1.9963639e+04
 155.4200215,1.9966502e+04
 155.4404558,1.9954262e+04
 155.4608903,1.9956287e+04
 155.4813245,1.9952996e+04
 155.5017588,1.9959439e+04
 155.5221930,1.9960318e+04
 155.5426275,1.9956201e+04
 155.5630618,         null
 155.5834960,1.9956586e+04
 155.6039304,1.9961861e+04
 155.6243647,1.9952875e+04
 155.6447991,1.9951242e+04
 155.6652333,1.9963793e+04
 155.6856677,1.9957736e+04
 155.7061020,1.9956863e+04
 155.7265363,1.9956170e+04
 155.7469706,1.9965867e+04
 155.7674050,1.9952523e+04
 155.7878392,1.9956098e+04
 155.8082735,1.9963504e+04
 155.8287080,1.9951422e+04
 155.8491422,1.9951143e+04
 155.8695765,1.9967148e+04
 155.8900108,1.9961660e+04
 155.9104452,1.9953773e+04
 155.9308795,1.9960545e+04
 155.9513138,1.9959551e+04
 155.9717482,1.9970170e+04
 155.9921824,1.9960186e+04
 156.0126168,1.9950676e+04
 156.0330510,1.9948230e+04
 156.0534854,1.9965727e+04
 156.0739197,1.9957680e+04
 156.0943540,1.9957557e+04
 156.1147884,1.9963762e+04
 156.1352227,1.9949918e+04
 156.1556570,1.9951316e+04
 156.1760912,1.9951004e+04
 156.1965256,1.9951512e+04
 156.2169599,1.9952432e+04
 156.2373942,1.9950059e+04
 156.2578285,1.9956359e+04
 156.2782629,1.9947932e+04
 156.2986971,1.9958299e+04
 156.3191314,1.9948838e+04
 156.3395659,1.9958578e+04
 156.3600001,1.9946076e+04
 156.3804344,1.9954818e+04
 156.4008687,1.9957348e+04
 156.4213031,1.9960148e+04
 156.4417373,1.9945410e+04
 156.4621717,1.9948977e+04
 156.4826061,1.9954533e+04
 156.5030403,1.9955834e+04
 156.5234746,1.9947887e+04
 156.5439089,1.9956383e+04
 156.5643433,1.9948736e+04
 156.5847776,1.9946213e+04
 156.6052119,1.9949488e+04
 156.6256462,1.9944684e+04
 156.6460805,1.9953035e+04
 156.6665148,1.9959908e+04
 156.6869492,1.9953863e+04
 156.7073835,1.9949438e+04
 156.7278178,1.9951623e+04
 156.7482521,1.9961652e+04
 156.7686863,1.9955795e+04
 156.7891207,1.9960527e+04
 156.8095551,1.9960484e+04
 156.8299894,1.9954045e+04
 156.8504237,1.9956990e+04
 156.8708580,1.9967883e+04
 156.8912923,1.9959061e+04
 156.9117265,1.9961428e+04
 156.9321609,1.9958129e+04
 156.9525953,1.9957535e+04
 156.9730295,1.9951133e+04
 156.9934639,1.9956643e+04
 157.0138982,1.9957867e+04
 157.0343324,1.9949705e+04
 157.0547667,1.9963150e+04
 157.0752011,1.9957092e+04
 157.0956354,1.9958541e+04
 157.1160697,1.9964312e+04
 157.1365041,1.9957715e+04
 157.1569384,1.9957186e+04
 157.1773726,1.9964807e+04
 157.1978069,1.9959129e+04
 157.2182413,1.9955066e+04
 157.2386756,1.9950461e+04
 157.2591099,1.9956932e+04
 157.2795442,1.9951646e+04
 157.2999785,1.9959600e+04
 157.3204128,1.9964740e+04
 157.3408471,1.9959457e+04
 157.3612814,1.9960193e+04
 157.3817158,1.9958705e+04
 157.4021501,1.9963426e+04
 157.4225843,1.9963543e+04
 157.4430187,1.9961352e+04
 157.4634530,1.9950742e+04
 157.4838872,1.9955330e+04
 157.5043216,1.9951594e+04
 157.5247559,1.9954268e+04
 157.5451901,1.9958848e+04
 157.5656245,1.9961123e+04
 157.5860589,1.9957637e+04
 157.6064931,1.9956650e+04
 157.6269274,1.9960984e+04
 157.6473618,1.9955549e+04
 157.6677961,1.9958340e+04
 157.6882303,1.9956045e+04
 157.7086646,1.9953412e+04
 157.7290991,1.9960348e+04
 157.7495333,1.9954777e+04
 157.7699676,1.9961098e+04
 157.7904020,1.9957287e+04
 157.8108362,1.9962439e+04
 157.8312705,1.9954938e+04
 157.8517048,1.9961193e+04
 157.8721391,1.9964943e+04
 157.8925734,1.9967279e+04
 157.9130077,1.9947826e+04
 157.9334420,1.9954760e+04
 157.9538764,1.9967699e+04
 157.9743107,1.9955525e+04
 157.9947449,1.9954078e+04
 158.0151793,1.9956273e+04
 158.0356136,1.9959861e+04
 158.0560478,1.9955699e+04
 158.0764821,1.9957816e+04
 158.0969165,1.9952207e+04
 158.1173508,1.9957678e+04
 158.1377850,1.9956434e+04
 158.1582195,1.9952002e+04
 158.1786538,1.9948258e+04
 158.1990880,1.9951967e+04
 158.2195223,1.9945682e+04
 158.2399567,1.9950361e+04
 158.2603909,         null
 158.2808252,1.9958975e+04
 158.3012596,1.9948725e+04
 158.3216939,1.9952113e+04
 158.3421281,1.9940629e+04
 158.3625624,1.9956830e+04
 158.3829968,1.9952459e+04
 158.4034311,1.9954801e+04
 158.4238653,1.9975611e+04
 158.4442997,1.9950930e+04
 158.4647341,1.9960477e+04
 158.4851683,1.9957578e+04
 158.5056026,1.9950238e+04
 158.5260370,1.9957539e+04
 158.5464712,1.9954236e+04
 158.5669055,1.9955336e+04
 158.5873398,1.9949990e+04
 158.6077741,1.9958701e+04
 158.6282084,1.9960150e+04
 158.6486427,1.9910410e+04
 158.6690771,1.9893865e+04
 158.6895113,1.9883461e+04
 158.7099456,1.9878771e+04
 158.7303798,1.9880330e+04
 158.7508142,1.9884701e+04
 158.7712485,1.9880969e+04
 158.7916829,1.9882510e+04
 158.8121172,1.9879984e+04
 158.8325515,1.9888572e+04
 158.8529858,1.9891264e+04
 158.8734200,1.9896209e+04
 158.8938544,1.9909756e+04
 158.9142887,1.9939633e+04
 158.9347229,1.9956373e+04
 158.9551573,1.9955732e+04
 158.9755916,1.9955811e+04
 158.9960258,1.9955373e+04
 159.0164601,1.9951199e+04
 159.0368945,1.9949467e+04
 159.0573287,1.9956047e+04
 159.0777630,1.9958910e+04
 159.0981973,1.9957447e+04
 159.1186317,1.9948588e+04
 159.1390659,1.9955311e+04
 159.1595002,1.9958639e+04
 159.1799346,1.9957424e+04
 159.2003688,1.9962096e+04
 159.2208031,1.9958738e+04
 159.2412373,1.9956035e+04
 159.2616717,1.9943020e+04
 159.2821060,1.9949127e+04
 159.3025403,1.9954121e+04
 159.3229746,1.9955570e+04
 159.3434089,1.9954863e+04
 159.3638432,1.9953619e+04
 159.3842774,1.9955930e+04
 159.4047118,1.9950785e+04
 159.4251461,1.9952748e+04
 159.4455803,1.9958625e+04
 159.4660147,1.9955555e+04
 159.4864490,1.9944609e+04
 159.5068832,1.9953070e+04
 159.5273175,1.9952432e+04
 159.5477519,1.9950230e+04
 159.5681861,1.9953328e+04
 159.5886204,1.9950746e+04
 159.6090547,1.9953098e+04
 159.6294891,1.9960406e+04
 159.6499233,1.9953053e+04
 159.6703576,1.9954398e+04
 159.6907920,1.9954131e+04
 159.7112262,1.9942670e+04
 159.7316605,1.9944463e+04
 159.7520948,1.9947105e+04
 159.7725291,1.9950039e+04
 159.7929634,1.9956242e+04
 159.8133977,1.9949426e+04
 159.8338320,1.9949217e+04
 159.8542663,1.9957123e+04
 159.8747006,1.9942395e+04
 159.8951348,1.9947160e+04
 159.9155692,1.9955330e+04
 159.9360035,1.9946297e+04
 159.9564378,1.9945990e+04
 159.9768721,1.9951158e+04
 159.9973064,1.9954695e+04
 160.0177407,1.9944211e+04
 160.0381750,1.9954850e+04
 160.0586093,1.9945697e+04
 160.0790436,1.9942561e+04
 160.0994779,1.9940521e+04
 160.1199121,1.9956094e+04
 160.1403465,1.9945979e+04
 160.1607808,1.9948469e+04
 160.1812150,1.9950467e+04
 160.2016494,1.9959041e+04
 160.2220837,1.9954389e+04
 160.2425179,1.9946766e+04
 160.2629522,1.9943695e+04
 160.2833866,1.9948965e+04
 160.3038208,1.9951043e+04
 160.3242551,1.9949514e+04
 160.3446895,1.9959580e+04
 160.3651238,1.9956766e+04
 160.3855580,1.9942504e+04
 160.4059923,1.9939949e+04
 160.4264266,1.9952158e+04
 160.4468608,1.9951545e+04
 160.4672951,1.9948854e+04
 160.4877295,1.9949135e+04
 160.5081637,1.9946883e+04
 160.5285980,1.9948951e+04
 160.5490323,1.9945537e+04
 160.5694666,1.9951725e+04
 160.5899009,1.9955197e+04
 160.6103352,1.9949389e+04
 160.6307694,1.9950779e+04
 160.6512038,1.9958629e+04
 160.6716381,1.9950656e+04
 160.6920723,1.9944936e+04
 160.7125067,1.9954695e+04
 160.7329410,1.9953627e+04
 160.7533752,1.9942447e+04
 160.7738094,1.9950889e+04
 160.7942438,1.9952354e+04
 160.8146781,1.9949486e+04
 160.8351123,1.9955738e+04
 160.8555467,1.9948863e+04
 160.8759810,1.9944869e+04
 160.8964152,1.9946945e+04
 160.9168495,1.9952586e+04
 160.9372839,1.9949156e+04
 160.9577181,1.9951633e+04
 160.9781524,1.9956639e+04
 160.9985868,1.9948316e+04
 161.0190210,1.9949539e+04
 161.0394552,1.9947279e+04
 161.0598895,1.9941732e+04
 161.0803238,1.9946607e+04
 161.1007581,1.9955498e+04
 161.1211924,1.9960824e+04
 161.1416268,1.9951311e+04
 161.1620610,1.9941363e+04
 161.1824953,1.9945783e+04
 161.2029295,1.9945342e+04
 161.2233639,1.9961945e+04
 161.2437981,         null
 161.2642324,1.9943707e+04
 161.2846666,1.9957109e+04
 161.3051010,1.9950520e+04
 161.3255353,1.9952619e+04
 161.3459695,1.9957645e+04
 161.3664039,1.9958941e+04
 161.3868382,1.9945797e+04
 161.4072724,1.9943844e+04
 161.4277067,1.9951121e+04
 161.4481410,1.9948527e+04
 161.4685752,1.9949486e+04
 161.4890095,1.9947656e+04
 161.5094439,1.9948451e+04
 161.5298781,1.9951469e+04
 161.5503124,1.9947293e+04
 161.5707467,1.9941273e+04
 161.5911811,1.9942568e+04
 161.6116152,1.9954357e+04
 161.6320495,1.9942771e+04
 161.6524839,1.9949312e+04
 161.6729182,1.9947115e+04
 161.6933524,1.9953396e+04
 161.7137867,1.9943543e+04
 161.7342211,1.9951389e+04
 161.7546553,1.9947887e+04
 161.7750895,1.9951225e+04
 161.7955238,1.9949709e+04
 161.8159581,1.9943420e+04
 161.8363924,1.9950604e+04
 161.8568267,1.9951609e+04
 161.8772611,1.9952008e+04
 161.8976953,1.9950443e+04
 161.9181295,1.9951893e+04
 161.9385637,1.9951594e+04
 161.9589981,1.9955721e+04
 161.9794324,1.9951668e+04
 161.9998667,1.9958846e+04
 162.0203010,1.9949543e+04
 162.0407353,1.9946297e+04
 162.0611695,1.9949855e+04
 162.0816037,1.9946605e+04
 162.1020381,1.9955602e+04
 162.1224724,1.9947879e+04
 162.1429066,1.9954201e+04
 162.1633410,1.9956617e+04
 162.1837753,1.9952781e+04
 162.2042094,1.9939377e+04
 162.2246437,1.9948154e+04
 162.2450781,1.9956025e+04
 162.2655123,1.9953754e+04
 162.2859466,1.9952521e+04
 162.3063810,1.9941041e+04
 162.3268152,1.9944562e+04
 162.3472494,1.9950588e+04
 162.3676837,1.9952152e+04
 162.3881181,1.9949877e+04
 162.4085523,1.9953076e+04
 162.4289866,1.9945588e+04
 162.4494207,1.9955752e+04
 162.4698551,1.9939703e+04
 162.4902894,1.9940793e+04
 162.5107231,1.9940895e+04
 162.5311575,1.9942840e+04
 162.5515916,1.9940908e+04
 162.5720259,1.9957830e+04
 162.5924602,1.9947658e+04
 162.6128946,1.9946588e+04
 162.6333288,1.9944705e+04
 162.6537631,1.9959500e+04
 162.6741974,1.9945455e+04
 162.6946316,1.9944965e+04
 162.7150659,1.9946189e+04
 162.7355002,1.9941033e+04
 162.7559345,1.9944125e+04
 162.7763687,1.9949828e+04
 162.7968030,1.9952969e+04
 162.8172373,1.9944822e+04
 162.8376716,1.9952984e+04
 162.8581059,1.9935514e+04
 162.8785400,1.9945695e+04
 162.8989744,1.9949389e+04
 162.9194087,1.9948832e+04
 162.9398429,1.9948338e+04
 162.9602772,1.9952643e+04
 162.9807115,1.9943568e+04
 163.0011457,1.9943090e+04
 163.0215800,1.9939096e+04
 163.0420144,1.9944008e+04
 163.0624486,1.9941256e+04
 163.0828828,1.9950160e+04
 163.1033171,1.9942002e+04
 163.1237515,1.9949555e+04
 163.1441857,1.9939355e+04
 163.1646199,1.9946117e+04
 163.1850543,1.9946760e+04
 163.2054885,1.9939635e+04
 163.2259228,1.9951945e+04
 163.2463570,1.9947396e+04
 163.2667913,1.9948512e+04
 163.2872256,1.9940920e+04
 163.3076599,1.9942479e+04
 163.3280943,1.9942867e+04
 163.3485284,1.9943348e+04
 163.3689627,1.9942785e+04
 163.3893969,1.9944672e+04
 163.4098313,1.9948754e+04
 163.4302655,1.9938551e+04
 163.4506997,1.9934359e+04
 163.4711341,1.9936906e+04
 163.4915684,1.9945412e+04
 163.5120026,1.9945447e+04
 163.5324368,1.9947441e+04
 163.5528712,1.9945041e+04
 163.5733055,1.9945088e+04
 163.5937396,1.9940730e+04
 163.6141739,1.9941713e+04
 163.6346083,1.9947064e+04
 163.6550425,1.9951809e+04
 163.6754767,1.9946379e+04
 163.6959111,1.9959805e+04
 163.7163453,1.9949592e+04
 163.7367796,1.9947229e+04
 163.7572138,1.9938471e+04
 163.7776481,1.9951896e+04
 163.7980824,1.9943754e+04
 163.8185167,1.9960996e+04
 163.8389510,1.9952014e+04
 163.8593852,1.9935828e+04
 163.8798195,1.9958688e+04
 163.9002536,1.9951070e+04
 163.9206880,1.9952941e+04
 163.9411223,1.9953410e+04
 163.9615566,1.9954238e+04
 163.9819908,1.9946639e+04
 164.0024251,1.9947896e+04
 164.0228594,1.9949285e+04
 164.0432936,1.9942031e+04
 164.0637279,1.9947117e+04
 164.0841622,1.9953588e+04
 164.1045965,1.9945582e+04
 164.1250306,1.9951715e+04
 164.1454650,1.9951891e+04
 164.1658992,1.9950055e+04
 164.1863335,1.9951803e+04
 164.2067678,1.9945404e+04
 164.2272021,         null
 164.2476363,1.9949234e+04
 164.2680705,1.9954203e+04
 164.2885048,1.9949365e+04
 164.3089391,1.9945176e+04
 164.3293733,1.9948834e+04
 164.3498077,1.9948637e+04
 164.3702420,1.9948484e+04
 164.3906762,1.9953213e+04
 164.4111104,1.9950520e+04
 164.4315447,1.9959137e+04
 164.4519790,1.9949619e+04
 164.4724132,1.9947395e+04
 164.4928476,1.9950502e+04
 164.5132818,1.9944775e+04
 164.5337160,1.9944236e+04
 164.5541503,1.9950959e+04
 164.5745846,1.9953922e+04
 164.5950188,1.9953939e+04
 164.6154531,1.9944391e+04
 164.6358873,1.9943023e+04
 164.6563216,1.9955609e+04
 164.6767559,1.9954883e+04
 164.6971902,1.9947832e+04
 164.7176245,1.9946379e+04
 164.7380587,1.9946219e+04
 164.7584930,1.9951061e+04
 164.7789272,1.9943721e+04
 164.7993615,1.9956289e+04
 164.8197958,1.9943613e+04
 164.8402300,1.9949576e+04
 164.8606643,1.9948986e+04
 164.8810986,1.9950473e+04
 164.9015328,1.9957211e+04
 164.9219670,1.9943516e+04
 164.9424014,1.9945525e+04
 164.9628355,1.9941195e+04
 164.9832698,1.9940156e+04
